3002,46,2.531232,26,430,80.0,-0.476728,9,2410,6.36678,22,940,[0]
3007,63,2.345339,26,530,80.0,-0.524847,9,2280,6.118043,22,890,[0]
3010,42,2.590928,26,410,80.0,-0.458514,9,2430,6.402725,22,960,[0]
3015,42,2.617855,26,410,80.0,-0.459507,9,2430,6.399291,22,960,[0]
3019,46,2.510108,26,430,80.0,-0.477066,9,2410,6.366235,22,940,[0]
3022,42,2.600345,26,410,80.0,-0.459799,9,2430,6.400075,22,960,[0]
3027,73,2.2743,26,610,80.0,-0.552806,9,2190,6.015553,22,820,[0]
3033,41,2.583731,26,400,80.0,-0.457821,9,2440,6.405073,22,970,[0]
3037,69,2.31714,26,590,80.0,-0.537993,9,2220,6.081933,22,840,[0]
3044,62,2.380955,26,520,80.0,-0.518125,9,2290,6.153411,22,890,[0]
3047,59,2.381699,26,500,80.0,-0.510155,9,2310,6.179266,22,910,[0]
3054,49,2.522294,26,450,80.0,-0.492033,9,2400,6.343551,22,920,[0]
3058,62,2.414164,26,520,80.0,-0.516124,9,2290,6.153297,22,880,[0]
3061,69,2.190215,26,570,80.0,-0.537846,9,2210,6.00652,22,880,[0]
3065,42,2.476646,26,390,80.0,-0.459597,9,2430,6.377262,22,980,[0]
3067,59,2.609494,26,530,80.0,-0.507759,9,2320,6.263315,22,840,[0]
3071,60,2.606252,26,550,80.0,-0.51633,9,2310,6.261219,22,830,[0]
3077,75,2.144444,26,590,80.0,-0.554743,9,2170,5.894491,22,870,[-1]
3082,44,2.59781,26,390,80.0,-0.463117,9,2440,6.375999,22,960,[0]
3088,45,2.479278,26,410,80.0,-0.469499,9,2410,6.352662,22,960,[0]
3093,49,2.468136,26,430,80.0,-0.485128,9,2390,6.292969,22,950,[0]
3098,65,2.306729,26,520,80.0,-0.524266,9,2270,6.084395,22,890,[0]
3103,45,2.489452,26,430,80.0,-0.469993,9,2400,6.370735,22,940,[0]
3109,44,2.596325,26,390,80.0,-0.463187,9,2440,6.376058,22,960,[0]
3114,44,2.596053,26,390,80.0,-0.4632,9,2440,6.376071,22,960,[0]
3118,43,2.50753,26,400,80.0,-0.466993,9,2430,6.373472,22,970,[0]
3124,64,2.293188,26,510,80.0,-0.523777,9,2280,6.088022,22,900,[0]
3129,69,2.260721,26,570,80.0,-0.536605,9,2220,6.049,22,860,[0]
3134,44,2.594971,26,390,80.0,-0.463251,9,2440,6.351599,22,980,[0]
3139,74,2.085412,26,560,80.0,-0.553229,9,2190,5.866794,22,910,[0]
3144,43,2.438098,26,390,80.0,-0.46704,9,2430,6.337386,22,1000,[0]
3150,58,2.499054,26,500,80.0,-0.508082,9,2330,6.21535,22,890,[0]
3155,64,2.255049,26,520,80.0,-0.526288,9,2270,6.082451,22,900,[0]
3158,44,2.40827,26,410,80.0,-0.468971,9,2410,6.337564,22,980,[0]
3162,43,2.386274,26,390,80.0,-0.459524,9,2420,6.341654,22,1000,[0]
3166,63,2.526529,26,560,80.0,-0.51899,9,2280,6.215586,22,830,[0]
3169,47,2.448929,26,400,80.0,-0.474566,9,2410,6.30378,22,970,[0]
3175,44,2.526125,26,380,80.0,-0.463354,9,2440,6.339434,22,990,[0]
3180,44,2.400958,26,400,80.0,-0.468226,9,2420,6.338536,22,990,[0]
3185,49,2.368886,26,440,80.0,-0.486081,9,2380,6.299563,22,950,[0]
3191,64,2.489275,26,570,80.0,-0.520095,9,2260,6.169742,22,840,[0]
3197,44,2.436572,26,400,80.0,-0.468129,9,2420,6.335096,22,990,[0]
3201,61,2.424716,26,520,80.0,-0.515993,9,2300,6.1871,22,870,[0]
3208,70,2.088695,26,540,80.0,-0.538022,9,2210,5.936893,22,920,[0]
3211,45,2.441805,26,390,80.0,-0.467056,9,2420,6.320761,22,990,[0]
3215,44,2.448752,26,380,80.0,-0.466468,9,2430,6.320775,22,1000,[0]
3221,68,2.379004,26,590,80.0,-0.536199,9,2230,6.126252,22,820,[0]
3226,64,2.388947,26,550,80.0,-0.526461,9,2270,6.1428,22,860,[0]
3228,58,2.330311,26,480,80.0,-0.510107,9,2320,6.154484,22,930,[0]
3234,45,2.418437,26,370,80.0,-0.465117,9,2430,6.309668,22,1000,[0]
3241,61,2.270429,26,490,80.0,-0.517913,9,2300,6.108659,22,930,[0]
3248,49,2.337548,26,400,80.0,-0.482792,9,2400,6.244051,22,990,[0]
3255,46,2.413369,26,390,80.0,-0.475199,9,2420,6.287067,22,1000,[0]
3258,60,2.344311,26,500,80.0,-0.517536,9,2310,6.176315,22,900,[0]
3268,68,2.163375,26,520,80.0,-0.532404,9,2240,5.946146,22,930,[0]
3274,68,2.158542,26,520,80.0,-0.532643,9,2240,5.964162,22,920,[0]
3278,49,2.382308,26,410,80.0,-0.484175,9,2400,6.270207,22,980,[0]
3285,58,2.253066,26,470,80.0,-0.51015,9,2320,6.128202,22,950,[0]
3291,55,2.307035,26,460,80.0,-0.502108,9,2340,6.18143,22,950,[0]
3298,45,2.404779,26,380,80.0,-0.466522,9,2420,6.281442,22,1010,[0]
3304,55,2.239617,26,440,80.0,-0.501984,9,2350,6.152177,22,980,[0]
3308,49,2.329844,26,400,80.0,-0.484406,9,2400,6.252985,22,990,[0]
3313,68,2.27546,26,540,80.0,-0.532007,9,2250,6.033207,22,890,[0]
3318,69,2.083043,26,500,80.0,-0.533084,9,2240,5.893164,22,960,[0]
3332,46,2.330888,26,380,80.0,-0.481391,9,2430,6.276966,22,1010,[0]
3337,47,2.340365,26,390,80.0,-0.475993,9,2410,6.276474,22,1000,[0]
3340,58,2.19669,26,460,80.0,-0.510553,9,2320,6.115128,22,960,[0]
3346,62,2.300724,26,510,80.0,-0.518351,9,2290,6.129088,22,910,[0]
3350,73,2.039434,26,550,80.0,-0.546882,9,2190,5.85986,22,930,[0]
3356,61,2.301022,26,500,80.0,-0.518281,9,2300,6.13183,22,920,[0]
3362,64,2.186403,26,500,80.0,-0.519994,9,2270,6.043593,22,940,[0]
3366,70,2.290339,26,570,80.0,-0.54289,9,2230,6.033448,22,860,[0]
3373,62,2.301534,26,500,80.0,-0.516942,9,2290,6.112938,22,910,[0]
3378,64,2.244874,26,510,80.0,-0.519752,9,2270,6.088953,22,910,[0]
3381,46,2.30569,26,370,80.0,-0.473897,9,2420,6.234783,22,1030,[0]
3390,47,2.330327,26,380,80.0,-0.480854,9,2420,6.23262,22,1020,[0]
3394,62,2.278699,26,500,80.0,-0.51834,9,2290,6.108804,22,920,[0]
3401,46,2.257488,26,360,80.0,-0.480172,9,2430,6.218982,22,1040,[0]
3413,63,2.225498,26,500,80.0,-0.519404,9,2280,6.077912,22,930,[0]
3418,47,2.328966,26,380,80.0,-0.480916,9,2420,6.232817,22,1020,[0]
3423,51,2.252171,26,400,80.0,-0.49022,9,2390,6.196061,22,1000,[0]
3429,48,2.285473,26,390,80.0,-0.484117,9,2410,6.227826,22,1020,[0]
3433,68,2.247421,26,550,80.0,-0.53572,9,2240,6.026377,22,890,[0]
3439,48,2.239769,26,380,80.0,-0.483654,9,2410,6.211133,22,1030,[0]
3442,70,2.060302,26,510,80.0,-0.541287,9,2230,5.853574,22,960,[0]
3447,65,2.164721,26,510,80.0,-0.52791,9,2260,6.01948,22,930,[0]
3453,47,2.275685,26,390,80.0,-0.483519,9,2410,6.229392,22,1020,[0]
3457,47,2.275492,26,390,80.0,-0.483526,9,2410,6.22942,22,1020,[0]
3466,64,2.177543,26,490,80.0,-0.524291,9,2280,6.030385,22,940,[0]
3510,65,2.16794,26,500,80.0,-0.526581,9,2270,6.036438,22,930,[0]
3516,52,2.170666,26,390,80.0,-0.498282,9,2390,6.127866,22,1030,[0]
3525,49,2.134031,26,380,80.0,-0.49185,9,2400,6.162938,22,1040,[0]
3530,66,2.13334,26,510,80.0,-0.528373,9,2250,5.986255,22,940,[0]
3535,53,2.175582,26,410,80.0,-0.499075,9,2370,6.130299,22,1010,[0]
3539,67,2.168633,26,520,80.0,-0.533648,9,2250,5.980605,22,930,[0]
3543,67,2.104712,26,510,80.0,-0.53541,9,2250,5.965381,22,940,[0]
3546,71,2.186856,26,540,80.0,-0.53478,9,2220,5.959722,22,900,[0]
3549,67,2.101745,26,510,80.0,-0.534949,9,2250,5.968584,22,940,[0]
3554,69,2.144377,26,530,80.0,-0.536061,9,2230,5.95715,22,920,[0]
3560,65,1.997498,26,460,80.0,-0.525343,9,2270,5.908615,22,1000,[0]
3567,71,2.089581,26,530,80.0,-0.543506,9,2220,5.900447,22,930,[0]
3570,61,2.041857,26,450,80.0,-0.518481,9,2300,6.002099,22,1000,[0]
3574,68,2.149116,26,510,80.0,-0.533811,9,2250,5.965737,22,930,[0]
3579,70,2.076581,26,520,80.0,-0.542479,9,2230,5.903094,22,940,[0]
3584,54,2.087371,26,400,80.0,-0.499967,9,2360,6.075616,22,1030,[0]
3590,69,2.039731,26,530,80.0,-0.538827,9,2220,5.94486,22,930,[0]
3596,61,2.009897,26,440,80.0,-0.518611,9,2300,5.962242,22,1020,[0]
3598,70,1.950439,26,480,80.0,-0.535099,9,2230,5.822706,22,990,[0]
3600,68,2.128395,26,510,80.0,-0.532688,9,2250,5.939745,22,950,[0]
3603,68,2.012147,26,480,80.0,-0.533699,9,2250,5.864841,22,990,[0]
3609,50,2.08578,26,370,80.0,-0.490596,9,2400,6.141144,22,1050,[0]
3612,69,2.077358,26,520,80.0,-0.536824,9,2230,5.926472,22,940,[0]
3618,50,2.116235,26,370,80.0,-0.490338,9,2400,6.13203,22,1050,[0]
3621,69,2.055992,26,500,80.0,-0.534268,9,2240,5.898947,22,960,[0]
3623,69,2.103932,26,520,80.0,-0.535113,9,2230,5.925646,22,940,[0]
3626,69,2.094523,26,520,80.0,-0.536147,9,2230,5.926536,22,940,[0]
3633,67,1.87838,26,460,80.0,-0.535591,9,2250,5.806519,22,1030,[0]
3635,68,2.083518,26,500,80.0,-0.532924,9,2250,5.92084,22,960,[0]
3642,70,2.09073,26,520,80.0,-0.534391,9,2220,5.895326,22,940,[0]
3645,70,2.033703,26,510,80.0,-0.536507,9,2220,5.886774,22,950,[0]
3647,69,2.030351,26,510,80.0,-0.537043,9,2230,5.893105,22,960,[0]
3653,53,2.064598,26,390,80.0,-0.498833,9,2370,6.080475,22,1040,[0]
3658,57,2.056551,26,420,80.0,-0.503214,9,2330,6.051382,22,1020,[0]
3661,69,2.019555,26,490,80.0,-0.533823,9,2240,5.881619,22,970,[0]
3668,68,2.048665,26,500,80.0,-0.534161,9,2240,5.901361,22,960,[0]
3675,69,1.987632,26,500,80.0,-0.536948,9,2230,5.892134,22,960,[0]
3679,68,2.001369,26,490,80.0,-0.53525,9,2240,5.893331,22,970,[0]
3681,69,2.006545,26,500,80.0,-0.535992,9,2230,5.891701,22,960,[0]
3684,51,2.08224,26,370,80.0,-0.491097,9,2390,6.09551,22,1060,[0]
3691,69,2.008785,26,490,80.0,-0.534426,9,2240,5.882324,22,970,[0]
3696,69,2.072275,26,510,80.0,-0.534979,9,2230,5.878733,22,960,[0]
3699,69,2.070733,26,500,80.0,-0.534698,9,2240,5.895592,22,960,[0]
3703,69,2.002734,26,500,80.0,-0.535788,9,2230,5.876901,22,970,[0]
3706,69,2.029717,26,500,80.0,-0.533949,9,2230,5.863454,22,970,[0]
3708,70,2.018452,26,510,80.0,-0.54362,9,2230,5.853776,22,970,[0]
3712,69,2.01974,26,490,80.0,-0.534398,9,2240,5.862787,22,980,[0]
3717,69,2.007757,26,500,80.0,-0.536392,9,2230,5.8548,22,980,[0]
3724,69,2.016922,26,500,80.0,-0.535782,9,2230,5.854526,22,980,[0]
3729,69,1.979684,26,480,80.0,-0.533817,9,2240,5.844807,22,990,[0]
3738,70,1.958366,26,500,80.0,-0.543857,9,2230,5.840146,22,980,[0]
3742,70,1.969844,26,500,80.0,-0.543416,9,2230,5.839087,22,980,[0]
3746,67,1.894973,26,460,80.0,-0.534825,9,2250,5.8044,22,1030,[0]
3752,66,1.870803,26,450,80.0,-0.527431,9,2250,5.810863,22,1040,[0]
3758,59,1.9605,26,420,80.0,-0.511065,9,2310,5.969741,22,1040,[0]
3760,72,1.980734,26,510,80.0,-0.542924,9,2210,5.821116,22,960,[0]
3762,69,1.95874,26,490,80.0,-0.536405,9,2230,5.840557,22,990,[0]
3764,71,1.969435,26,500,80.0,-0.542467,9,2220,5.822337,22,970,[0]
3769,62,1.981065,26,430,80.0,-0.523389,9,2310,5.954289,22,1020,[0]
3772,70,1.973393,26,500,80.0,-0.543742,9,2230,5.836903,22,980,[0]
3775,55,1.993668,26,390,80.0,-0.501093,9,2350,6.020774,22,1050,[0]
3777,52,1.957641,26,370,80.0,-0.501071,9,2380,6.035171,22,1080,[0]
3782,62,1.94301,26,440,80.0,-0.519386,9,2290,5.950015,22,1020,[0]
3787,70,1.982803,26,490,80.0,-0.534587,9,2230,5.844471,22,980,[0]
3792,54,1.96828,26,370,80.0,-0.500595,9,2370,6.018507,22,1070,[0]
3797,53,1.999698,26,380,80.0,-0.499201,9,2370,6.045966,22,1060,[0]
3800,70,1.915588,26,480,80.0,-0.535631,9,2220,5.804305,22,990,[0]
3802,70,1.946878,26,490,80.0,-0.535523,9,2220,5.789497,22,1000,[0]
3806,71,1.958178,26,500,80.0,-0.544484,9,2220,5.812443,22,980,[0]
3813,62,1.979145,26,430,80.0,-0.523478,9,2310,5.917521,22,1040,[0]
3820,53,1.945643,26,360,80.0,-0.499402,9,2380,6.021619,22,1080,[0]
3824,56,1.940775,26,390,80.0,-0.502694,9,2340,5.995697,22,1060,[0]
3827,63,1.949258,26,430,80.0,-0.518048,9,2290,5.895443,22,1040,[0]
3831,71,1.894786,26,490,80.0,-0.537752,9,2210,5.786015,22,1000,[0]
3837,72,1.909991,26,500,80.0,-0.544937,9,2210,5.780694,22,990,[0]
3841,71,1.920962,26,490,80.0,-0.542141,9,2220,5.771318,22,1000,[0]
3845,53,1.966675,26,380,80.0,-0.501716,9,2370,6.035269,22,1070,[0]
3849,56,1.887032,26,380,80.0,-0.502967,9,2340,5.958589,22,1080,[0]
3855,71,1.917667,26,480,80.0,-0.534456,9,2220,5.768259,22,1010,[0]
3856,58,1.863274,26,400,80.0,-0.510803,9,2320,5.924202,22,1070,[0]
3862,72,1.867804,26,490,80.0,-0.544854,9,2210,5.764786,22,1000,[0]
3867,63,1.880206,26,430,80.0,-0.520259,9,2280,5.871228,22,1050,[0]
3872,61,1.851664,26,410,80.0,-0.519113,9,2300,5.890834,22,1060,[0]
3877,63,1.809674,26,420,80.0,-0.519085,9,2280,5.838236,22,1070,[0]
3880,65,1.872528,26,450,80.0,-0.527873,9,2260,5.851606,22,1030,[0]
3885,70,1.76954,26,450,80.0,-0.536718,9,2220,5.68771,22,1060,[0]
3888,62,1.890521,26,420,80.0,-0.524076,9,2300,5.880827,22,1050,[0]
3893,61,1.867383,26,410,80.0,-0.517562,9,2300,5.882841,22,1060,[0]
3896,59,1.844938,26,390,80.0,-0.509903,9,2320,5.912891,22,1070,[0]
3912,69,1.690019,26,430,80.0,-0.536425,9,2230,5.655899,22,1090,[0]
3916,61,1.849805,26,410,80.0,-0.519187,9,2300,5.891195,22,1060,[0]
3922,62,1.866988,26,420,80.0,-0.51986,9,2290,5.888889,22,1050,[0]
3927,63,1.864653,26,430,80.0,-0.520494,9,2280,5.874784,22,1050,[0]
3932,63,1.898797,26,430,80.0,-0.524708,9,2290,5.881604,22,1040,[0]
3937,62,1.850184,26,420,80.0,-0.519932,9,2290,5.877517,22,1060,[0]
3941,64,1.841593,26,430,80.0,-0.527008,9,2280,5.854267,22,1050,[0]
3945,56,1.910382,26,380,80.0,-0.50239,9,2340,5.944667,22,1080,[0]
3950,63,1.863701,26,430,80.0,-0.52053,9,2280,5.874996,22,1050,[0]
3955,63,1.863496,26,430,80.0,-0.520538,9,2280,5.875038,22,1050,[0]
3958,68,1.833444,26,460,80.0,-0.536869,9,2240,5.770982,22,1040,[0]
3963,66,1.707323,26,420,80.0,-0.529351,9,2250,5.714981,22,1090,[0]
3968,63,1.850856,26,430,80.0,-0.520626,9,2280,5.877297,22,1050,[0]
3974,63,1.803666,26,410,80.0,-0.524789,9,2290,5.805599,22,1080,[0]
3975,63,1.804044,26,420,80.0,-0.520636,9,2280,5.838626,22,1070,[0]
3977,61,1.830873,26,410,80.0,-0.519748,9,2300,5.856253,22,1080,[0]
3982,62,1.787343,26,400,80.0,-0.523843,9,2300,5.808161,22,1090,[0]
3987,62,1.790772,26,400,80.0,-0.524264,9,2300,5.805667,22,1090,[0]
3992,66,1.814011,26,430,80.0,-0.526025,9,2260,5.783292,22,1060,[0]
3995,63,1.789742,26,410,80.0,-0.520348,9,2280,5.813103,22,1080,[0]
3998,63,1.818815,26,410,80.0,-0.525159,9,2290,5.803624,22,1080,[0]
3999,63,1.754508,26,410,80.0,-0.520674,9,2280,5.819911,22,1080,[0]
3003,42,2.64149,26,410,80.0,-0.465591,9,2440,6.396691,22,960,[0]
3008,71,2.237001,26,580,80.0,-0.544306,9,2210,6.025764,22,850,[0]
3021,44,2.669027,26,400,80.0,-0.462954,9,2440,6.387046,22,950,[0]
3028,73,2.311247,26,620,80.0,-0.553397,9,2190,6.017052,22,820,[0]
3041,43,2.522558,26,400,80.0,-0.466201,9,2430,6.37169,22,970,[0]
3045,42,2.644645,26,390,80.0,-0.463059,9,2450,6.384965,22,970,[0]
3050,44,2.667391,26,400,80.0,-0.463032,9,2440,6.387128,22,950,[0]
3059,39,2.537843,26,380,80.0,-0.255678,7,640,6.039451,22,990,[0]
3065,48,2.506327,26,450,80.0,-0.492472,9,2400,6.346651,22,920,[0]
3070,44,2.598479,26,390,80.0,-0.463085,9,2440,6.375967,22,960,[0]
3075,44,2.5982,26,390,80.0,-0.463098,9,2440,6.375978,22,960,[0]
3079,44,2.597979,26,390,80.0,-0.463109,9,2440,6.375988,22,960,[0]
3083,42,2.475654,26,390,80.0,-0.459171,9,2430,6.378088,22,980,[0]
3096,72,2.235173,26,600,80.0,-0.546776,9,2190,5.99164,22,850,[0]
3111,43,2.456867,26,400,80.0,-0.459435,9,2420,6.378219,22,970,[0]
3116,44,2.517903,26,410,80.0,-0.473886,9,2430,6.356295,22,970,[0]
3127,52,2.391573,26,440,80.0,-0.49985,9,2380,6.244471,22,950,[0]
3132,44,2.398587,26,400,80.0,-0.467645,9,2420,6.339539,22,990,[0]
3142,44,2.594541,26,390,80.0,-0.463271,9,2440,6.351642,22,980,[0]
3149,46,2.49083,26,400,80.0,-0.473423,9,2420,6.319363,22,970,[0]
3154,44,2.527246,26,380,80.0,-0.463302,9,2440,6.339332,22,990,[0]
3158,44,2.40827,26,410,80.0,-0.468971,9,2410,6.337564,22,980,[0]
3166,45,2.42979,26,410,80.0,-0.468814,9,2410,6.33606,22,980,[0]
3169,66,2.239295,26,520,80.0,-0.526782,9,2260,6.049252,22,910,[0]
3173,45,2.43325,26,420,80.0,-0.471067,9,2400,6.33281,22,970,[0]
3182,48,2.375562,26,410,80.0,-0.489909,9,2410,6.284398,22,970,[0]
3187,71,2.069916,26,550,80.0,-0.545121,9,2200,5.917506,22,910,[0]
3193,45,2.420231,26,410,80.0,-0.476224,9,2420,6.33423,22,980,[0]
3202,44,2.445523,26,400,80.0,-0.468567,9,2420,6.334175,22,990,[0]
3209,44,2.524339,26,380,80.0,-0.463437,9,2440,6.339594,22,990,[0]
3213,45,2.409209,26,380,80.0,-0.46632,9,2420,6.308308,22,990,[0]
3217,70,2.064142,26,540,80.0,-0.538114,9,2210,5.9413,22,920,[0]
3223,43,2.510104,26,380,80.0,-0.464122,9,2440,6.340934,22,990,[0]
3227,58,2.318604,26,480,80.0,-0.510042,9,2320,6.158526,22,930,[0]
3242,45,2.418009,26,370,80.0,-0.465738,9,2430,6.309001,22,1000,[0]
3251,45,2.286312,26,390,80.0,-0.476326,9,2420,6.307189,22,1000,[0]
3256,69,2.097778,26,540,80.0,-0.538649,9,2220,5.955654,22,920,[0]
3266,45,2.406421,26,380,80.0,-0.466447,9,2420,6.281225,22,1010,[0]
3272,54,2.316106,26,440,80.0,-0.499214,9,2360,6.188953,22,960,[0]
3276,68,2.19956,26,520,80.0,-0.532145,9,2250,5.982656,22,920,[0]
3287,70,2.158606,26,560,80.0,-0.545187,9,2220,5.969569,22,900,[0]
3292,65,2.266806,26,540,80.0,-0.529219,9,2260,6.095703,22,890,[0]
3306,47,2.354239,26,390,80.0,-0.476085,9,2410,6.273156,22,1000,[0]
3310,65,2.269273,26,550,80.0,-0.535972,9,2260,6.09577,22,880,[0]
3320,48,2.390071,26,400,80.0,-0.476011,9,2400,6.259404,22,990,[0]
3325,62,2.159333,26,480,80.0,-0.518502,9,2290,6.048535,22,960,[0]
3334,65,2.281845,26,520,80.0,-0.524634,9,2270,6.056885,22,910,[0]
3339,72,1.980815,26,530,80.0,-0.546272,9,2200,5.864041,22,940,[0]
3344,46,2.340867,26,380,80.0,-0.481151,9,2430,6.27562,22,1010,[0]
3348,47,2.393844,26,390,80.0,-0.48076,9,2420,6.262703,22,1000,[0]
3351,48,2.313712,26,390,80.0,-0.477698,9,2400,6.254149,22,1000,[0]
3362,52,2.21949,26,410,80.0,-0.499473,9,2380,6.185394,22,990,[0]
3369,56,2.184809,26,430,80.0,-0.500693,9,2340,6.107099,22,990,[0]
3376,46,2.305938,26,370,80.0,-0.473886,9,2420,6.234749,22,1030,[0]
3380,47,2.290066,26,380,80.0,-0.47612,9,2410,6.259317,22,1010,[0]
3398,68,2.046901,26,500,80.0,-0.53523,9,2240,5.910951,22,960,[0]
3403,52,2.278227,26,420,80.0,-0.49809,9,2380,6.193551,22,980,[0]
3408,57,2.172222,26,440,80.0,-0.50976,9,2340,6.098877,22,990,[0]
3420,71,1.985898,26,510,80.0,-0.543608,9,2220,5.816712,22,980,[0]
3422,51,2.25935,26,400,80.0,-0.490801,9,2390,6.19687,22,1000,[0]
3426,49,2.269538,26,390,80.0,-0.484685,9,2400,6.222585,22,1010,[0]
3433,77,1.895722,26,550,80.0,-0.556722,9,2150,5.726884,22,950,[-1]
3440,66,2.020387,26,480,80.0,-0.533976,9,2260,5.894106,22,990,[0]
3445,47,2.28047,26,390,80.0,-0.483738,9,2410,6.228585,22,1020,[0]
3450,48,2.245195,26,380,80.0,-0.483616,9,2410,6.225477,22,1020,[0]
3455,53,2.264804,26,410,80.0,-0.498098,9,2380,6.173879,22,990,[0]
3465,48,2.212524,26,370,80.0,-0.476414,9,2400,6.200883,22,1030,[0]
3470,49,2.241725,26,380,80.0,-0.483514,9,2400,6.197586,22,1020,[0]
3473,48,2.232685,26,380,80.0,-0.484293,9,2410,6.210815,22,1030,[0]
3477,49,2.196319,26,390,80.0,-0.491762,9,2400,6.195457,22,1020,[0]
3486,49,2.232197,26,380,80.0,-0.483209,9,2400,6.198455,22,1020,[0]
3496,55,2.211204,26,430,80.0,-0.500834,9,2350,6.128432,22,990,[0]
3500,48,2.173378,26,380,80.0,-0.48421,9,2400,6.196552,22,1030,[0]
3511,70,2.005122,26,490,80.0,-0.534619,9,2230,5.838098,22,980,[0]
3512,61,2.05669,26,440,80.0,-0.516285,9,2310,6.0083,22,1000,[0]
3525,54,2.097614,26,410,80.0,-0.501726,9,2360,6.122804,22,1010,[0]
3533,68,1.960346,26,470,80.0,-0.53258,9,2250,5.86646,22,990,[0]
3537,49,2.137633,26,380,80.0,-0.492272,9,2400,6.162481,22,1040,[0]
3540,70,1.939085,26,490,80.0,-0.536344,9,2220,5.818871,22,990,[0]
3551,73,1.973324,26,510,80.0,-0.542785,9,2200,5.798435,22,960,[0]
3555,67,1.884932,26,450,80.0,-0.534241,9,2260,5.840673,22,1020,[0]
3561,66,1.944754,26,460,80.0,-0.527997,9,2260,5.880552,22,1010,[0]
3563,67,2.156517,26,510,80.0,-0.527284,9,2250,5.981952,22,940,[0]
3572,70,1.915835,26,510,80.0,-0.545814,9,2220,5.841428,22,980,[0]
3576,55,2.039028,26,400,80.0,-0.508383,9,2360,6.067396,22,1030,[0]
3581,69,2.119723,26,510,80.0,-0.534434,9,2240,5.945073,22,930,[0]
3597,68,2.069927,26,510,80.0,-0.53554,9,2240,5.931752,22,950,[0]
3610,50,2.085833,26,380,80.0,-0.49274,9,2390,6.145194,22,1040,[0]
3614,53,2.084948,26,400,80.0,-0.501015,9,2370,6.089799,22,1040,[0]
3616,57,2.121273,26,430,80.0,-0.509201,9,2340,6.066349,22,1010,[0]
3625,51,2.110708,26,380,80.0,-0.492992,9,2390,6.138278,22,1040,[0]
3628,50,2.08707,26,370,80.0,-0.485963,9,2390,6.123519,22,1060,[0]
3636,48,2.05232,26,360,80.0,-0.485388,9,2400,6.126662,22,1070,[0]
3642,50,2.092285,26,380,80.0,-0.492834,9,2390,6.127128,22,1050,[0]
3649,70,1.84677,26,470,80.0,-0.543234,9,2230,5.764935,22,1020,[0]
3652,70,1.916759,26,480,80.0,-0.53471,9,2220,5.786698,22,1000,[0]
3660,54,2.081584,26,390,80.0,-0.499525,9,2370,6.075818,22,1040,[0]
3670,55,1.967328,26,390,80.0,-0.502171,9,2350,6.036062,22,1050,[0]
3678,57,2.01142,26,420,80.0,-0.510227,9,2330,6.016056,22,1030,[0]
3681,67,1.910439,26,450,80.0,-0.532526,9,2260,5.830542,22,1020,[0]
3686,52,2.038761,26,380,80.0,-0.498718,9,2380,6.079468,22,1050,[0]
3691,70,1.834836,26,470,80.0,-0.53698,9,2220,5.749787,22,1030,[0]
3698,37,2.057457,26,270,80.0,-0.257162,7,660,5.895985,22,1140,[0]
3702,68,1.999099,26,490,80.0,-0.53559,9,2240,5.872383,22,980,[0]
3713,70,1.898085,26,480,80.0,-0.536435,9,2220,5.780792,22,1010,[0]
3718,59,2.003776,26,420,80.0,-0.509553,9,2320,5.985929,22,1030,[0]
3721,70,1.831226,26,470,80.0,-0.543824,9,2230,5.728882,22,1040,[0]
3725,69,1.832607,26,450,80.0,-0.534403,9,2240,5.73646,22,1050,[0]
3732,58,2.001896,26,410,80.0,-0.508777,9,2330,6.001187,22,1030,[0]
3738,53,1.993911,26,370,80.0,-0.499234,9,2380,6.058697,22,1060,[0]
3744,71,1.986521,26,510,80.0,-0.537286,9,2210,5.853182,22,960,[0]
3746,69,1.845702,26,450,80.0,-0.53447,9,2240,5.77071,22,1030,[0]
3753,61,1.925316,26,420,80.0,-0.51704,9,2300,5.900001,22,1050,[0]
3759,52,2.013919,26,380,80.0,-0.501041,9,2380,6.07201,22,1060,[0]
3766,59,1.964686,26,420,80.0,-0.518067,9,2320,5.970244,22,1040,[0]
3775,61,1.953106,26,430,80.0,-0.518945,9,2300,5.945755,22,1030,[0]
3789,63,1.866807,26,420,80.0,-0.518744,9,2280,5.838069,22,1060,[0]
3792,60,1.974592,26,430,80.0,-0.517911,9,2310,5.969215,22,1030,[0]
3797,57,1.946248,26,400,80.0,-0.509874,9,2340,5.997379,22,1050,[0]
3800,53,1.92539,26,370,80.0,-0.501942,9,2370,6.014315,22,1080,[0]
3804,59,1.949509,26,410,80.0,-0.509726,9,2320,5.950193,22,1050,[0]
3809,65,1.83426,26,440,80.0,-0.534513,9,2270,5.812907,22,1050,[0]
3814,53,1.937369,26,360,80.0,-0.499228,9,2380,6.024655,22,1080,[0]
3822,71,1.838724,26,470,80.0,-0.542004,9,2220,5.717655,22,1030,[0]
3826,71,1.750722,26,440,80.0,-0.53598,9,2220,5.673394,22,1060,[0]
3835,60,1.975369,26,420,80.0,-0.51679,9,2320,5.958631,22,1040,[0]
3840,62,1.937061,26,430,80.0,-0.523568,9,2300,5.901563,22,1040,[0]
3846,63,1.93687,26,440,80.0,-0.520103,9,2280,5.887224,22,1040,[0]
3856,63,1.912003,26,440,80.0,-0.526317,9,2290,5.894356,22,1040,[0]
3860,63,1.88314,26,430,80.0,-0.526098,9,2290,5.871532,22,1050,[0]
3865,62,1.929881,26,420,80.0,-0.52358,9,2310,5.89933,22,1050,[0]
3868,64,1.92713,26,440,80.0,-0.525142,9,2280,5.877737,22,1030,[0]
3880,62,1.852577,26,420,80.0,-0.51984,9,2290,5.876996,22,1060,[0]
3883,54,1.872317,26,370,80.0,-0.502698,9,2360,5.997085,22,1080,[0]
3887,62,1.868457,26,420,80.0,-0.519803,9,2290,5.888597,22,1050,[0]
3895,61,1.850686,26,410,80.0,-0.519152,9,2300,5.891024,22,1060,[0]
3900,61,1.902757,26,410,80.0,-0.517268,9,2310,5.903836,22,1060,[0]
3903,62,1.851603,26,420,80.0,-0.519877,9,2290,5.87721,22,1060,[0]
3907,61,1.902466,26,410,80.0,-0.517282,9,2310,5.9039,22,1060,[0]
3911,62,1.8861,26,420,80.0,-0.523707,9,2300,5.883659,22,1050,[0]
3916,62,1.889345,26,420,80.0,-0.524131,9,2300,5.881083,22,1050,[0]
3920,63,1.852841,26,430,80.0,-0.52055,9,2280,5.876859,22,1050,[0]
3926,59,1.857455,26,400,80.0,-0.518343,9,2320,5.915257,22,1070,[0]
3929,63,1.852465,26,430,80.0,-0.520565,9,2280,5.876941,22,1050,[0]
3933,62,1.85035,26,420,80.0,-0.519925,9,2290,5.877478,22,1060,[0]
3938,61,1.85303,26,410,80.0,-0.517514,9,2300,5.883737,22,1060,[0]
3948,55,1.866363,26,370,80.0,-0.502361,9,2350,5.958888,22,1090,[0]
3954,55,1.848354,26,380,80.0,-0.503285,9,2340,5.963534,22,1080,[0]
3958,58,1.890278,26,390,80.0,-0.509204,9,2330,5.909736,22,1080,[0]
3963,61,1.847864,26,410,80.0,-0.519264,9,2300,5.872168,22,1070,[0]
3968,61,1.864276,26,410,80.0,-0.517701,9,2300,5.864363,22,1070,[0]
3973,61,1.752105,26,390,80.0,-0.519139,9,2300,5.814808,22,1100,[0]
3978,62,1.800841,26,410,80.0,-0.519996,9,2290,5.839708,22,1080,[0]
3983,63,1.802307,26,420,80.0,-0.52041,9,2280,5.839011,22,1070,[0]
3988,62,1.827739,26,400,80.0,-0.523811,9,2310,5.843697,22,1080,[0]
3993,62,1.797547,26,410,80.0,-0.519939,9,2290,5.835828,22,1080,[0]
3997,63,1.818796,26,410,80.0,-0.52518,9,2290,5.804078,22,1080,[0]
3999,59,1.793164,26,380,80.0,-0.509738,9,2320,5.875673,22,1090,[0]
