3027,73,1.517296,27,10090,80.0,-0.538739,7,600,-2.171202,25,1110,[0]
3037,69,1.74447,27,10090,80.0,-0.624956,7,600,-1.373424,25,1090,[0]
3061,69,1.482432,27,10090,80.0,-0.6225,7,590,-1.36768,25,1090,[0 1 0]
3077,75,1.77713,27,10090,80.0,-0.523165,7,580,-1.274871,25,1130,[1 0 1 0]
3129,69,1.74528,27,10090,80.0,-0.615962,7,600,-1.369549,25,1090,[0]
3139,74,1.516548,27,10090,80.0,-0.542288,7,590,-2.117568,25,1120,[0 1 0]
3208,70,1.744041,27,10090,80.0,-0.60562,7,600,-1.364997,25,1090,[0]
3221,68,1.747146,27,10090,80.0,-0.633251,7,600,-1.37703,25,1090,[0 -1 1 0]
3268,68,1.745083,27,10090,80.0,-0.630601,7,600,-1.375783,25,1090,[0]
3274,68,1.746994,27,10090,80.0,-0.642035,7,590,-1.376813,25,1090,[0]
3313,68,1.748896,27,10090,80.0,-0.637901,7,610,-1.396639,25,1080,[-1 1 0]
3318,69,1.744704,27,10100,80.0,-0.629879,7,600,-2.234671,25,1080,[0]
3350,73,1.475698,27,10100,80.0,-0.570483,7,590,-2.224167,25,1100,[0]
3366,70,1.742087,27,10090,80.0,-0.614846,7,590,-1.352351,25,1100,[-1 1 0]
3433,68,1.747999,27,10090,80.0,-0.629762,7,610,-1.393245,25,1080,[-1 1 0]
3442,70,1.739618,27,10090,80.0,-0.609816,7,590,-1.35049,25,1100,[0]
3447,65,1.490147,27,10090,80.0,-0.686988,7,600,-1.813316,25,570,[-1 1 0]
3530,66,1.488614,27,10090,80.0,-0.67293,7,600,-1.420224,25,1070,[-1 1 0]
3539,67,1.749668,27,10090,80.0,-0.656622,7,600,-1.400377,25,1080,[0]
3543,67,1.747968,27,10090,80.0,-0.657531,7,600,-1.400902,25,1080,[0]
3546,71,1.479524,27,10100,80.0,-0.611134,7,590,-1.363287,25,1090,[0]
3549,67,1.748197,27,10090,80.0,-0.658577,7,600,-1.40104,25,1080,[0]
3554,69,1.745585,27,10100,80.0,-0.632291,7,590,-1.385159,25,1080,[0]
3560,65,1.491124,27,10090,80.0,-0.697051,7,600,-1.817812,25,570,[0]
3567,71,1.740282,27,10100,80.0,-0.601824,7,590,-1.359139,25,1090,[0]
3574,68,1.744377,27,10100,80.0,-0.654911,7,590,-1.394549,25,1080,[0]
3579,70,1.742188,27,10090,80.0,-0.616419,7,590,-1.353004,25,1100,[0]
3590,69,1.483854,27,10090,80.0,-0.627815,7,600,-1.387767,25,1080,[0]
3598,70,1.481264,27,10100,80.0,-0.627026,7,590,-1.370537,25,1090,[0]
3600,68,1.484935,27,10100,80.0,-0.663782,7,590,-1.398465,25,1080,[0]
3603,68,1.748692,27,10090,80.0,-0.648155,7,600,-1.396765,25,1080,[0]
3612,69,1.746385,27,10090,80.0,-0.637732,7,590,-1.374593,25,1090,[0]
3621,69,1.747167,27,10090,80.0,-0.634483,7,600,-1.390702,25,1080,[0]
3623,69,1.745959,27,10090,80.0,-0.62387,7,600,-1.373352,25,1090,[0]
3626,69,1.746158,27,10090,80.0,-0.625293,7,600,-1.37433,25,1090,[0]
3633,67,1.748063,27,10090,80.0,-0.65864,7,600,-1.401442,25,1080,[0]
3635,68,1.749214,27,10090,80.0,-0.652655,7,600,-1.398651,25,1080,[0]
3642,70,1.741621,27,10100,80.0,-0.613828,7,590,-1.364633,25,1090,[0]
3645,70,1.743914,27,10090,80.0,-0.605422,7,600,-1.365506,25,1090,[0]
3647,69,1.74608,27,10100,80.0,-0.636636,7,590,-1.386837,25,1080,[0]
3661,69,1.74717,27,10090,80.0,-0.63521,7,600,-1.378206,25,1090,[0]
3668,68,1.747516,27,10090,80.0,-0.637914,7,600,-1.392495,25,1080,[0]
3675,69,1.746451,27,10090,80.0,-0.638535,7,590,-1.374968,25,1090,[0]
3679,68,1.747744,27,10090,80.0,-0.639003,7,600,-1.392749,25,1080,[0]
3681,69,1.745929,27,10100,80.0,-0.636433,7,590,-1.386589,25,1080,[0]
3691,69,1.747239,27,10090,80.0,-0.635338,7,600,-1.391121,25,1080,[0]
3696,69,1.482925,27,10090,80.0,-0.629793,7,590,-1.371357,25,1090,[0]
3699,69,1.662782,27,10090,80.0,-0.62913,7,600,-1.375524,25,1090,[0]
3703,69,1.746297,27,10100,80.0,-0.640165,7,590,-1.388358,25,1080,[0]
3706,69,1.745575,27,10090,80.0,-0.621397,7,600,-1.37213,25,1090,[0]
3708,70,1.742462,27,10090,80.0,-0.619392,7,590,-1.354446,25,1100,[0]
3712,69,1.746736,27,10100,80.0,-0.643715,7,590,-1.390205,25,1080,[0]
3717,69,1.74576,27,10100,80.0,-0.634369,7,590,-1.386183,25,1080,[0]
3724,69,1.745837,27,10090,80.0,-0.622998,7,600,-1.373081,25,1090,[0]
3729,69,1.745254,27,10090,80.0,-0.634526,7,600,-1.378357,25,1090,[0]
3738,70,1.742866,27,10100,80.0,-0.625511,7,590,-1.369661,25,1090,[0]
3742,70,1.74279,27,10090,80.0,-0.622304,7,590,-1.355788,25,1100,[0]
3746,67,1.749545,27,10090,80.0,-0.655548,7,600,-1.400117,25,1080,[0]
3752,66,1.488556,27,10090,80.0,-0.662491,7,610,-1.420867,25,1070,[-1 1 0]
3760,72,1.738669,27,10090,80.0,-0.575532,7,600,-1.34054,25,1100,[0]
3762,69,1.746298,27,10090,80.0,-0.626909,7,600,-1.375115,25,1090,[0]
3764,71,1.738099,27,10100,80.0,-0.60887,7,580,-1.345899,25,1100,[0]
3772,70,1.742525,27,10090,80.0,-0.620154,7,590,-1.354797,25,1100,[0]
3787,70,1.745451,27,10090,80.0,-0.619637,7,600,-1.37214,25,1090,[0]
3800,70,1.741595,27,10100,80.0,-0.613797,7,590,-1.364939,25,1090,[0]
3802,70,1.743946,27,10090,80.0,-0.606403,7,600,-1.366005,25,1090,[0]
3806,71,1.738345,27,10100,80.0,-0.611029,7,580,-1.34667,25,1100,[0]
3831,71,1.479577,27,10100,80.0,-0.611444,7,590,-1.363727,25,1090,[0]
3837,72,1.479142,27,10090,80.0,-0.581541,7,600,-1.342904,25,1100,[0]
3841,71,1.74052,27,10090,80.0,-0.592406,7,600,-1.347842,25,1100,[0]
3855,71,1.48001,27,10090,80.0,-0.589185,7,600,-1.357927,25,1090,[0]
3862,72,1.737496,27,10100,80.0,-0.603327,7,580,-1.343408,25,1100,[0]
3880,65,1.489192,27,10100,80.0,-0.704993,7,590,-1.849752,25,550,[0]
3885,70,1.7442,27,10090,80.0,-0.608707,7,600,-1.366817,25,1090,[0 -1 1 0]
3912,69,1.744398,27,10090,80.0,-0.631037,7,600,-1.376614,25,1090,[0 -1 1 0]
3958,68,1.748387,27,10090,80.0,-0.646287,7,600,-1.395685,25,1080,[0]
3963,66,1.488943,27,10090,80.0,-0.676697,7,600,-1.810145,25,560,[0 -1 1 0]
3992,66,1.488463,27,10100,80.0,-0.686559,7,600,-1.427275,25,1070,[-1 1 0]
3008,71,1.738189,27,10090,80.0,-0.597444,7,590,-1.344797,25,1100,[0]
3028,73,1.515814,27,10100,80.0,-0.548068,7,590,-2.170713,25,1110,[0]
3096,72,1.737187,27,10100,80.0,-0.571445,7,590,-1.333997,25,1100,[0]
3169,66,1.491115,27,10080,80.0,-0.682283,7,600,-1.410747,25,1080,[0]
3187,71,1.477513,27,10100,80.0,-0.588907,7,590,-1.341301,25,1100,[0]
3217,70,1.744975,27,10080,80.0,-0.612375,7,600,-1.355494,25,1100,[0]
3256,69,1.74335,27,10100,80.0,-0.620678,7,600,-1.384102,25,1080,[0]
3276,68,1.748524,27,10090,80.0,-0.645536,7,600,-1.395274,25,1080,[0]
3287,70,1.744565,27,10080,80.0,-0.619176,7,590,-1.353938,25,1100,[0]
3292,65,1.491654,27,10090,80.0,-0.70211,7,600,-1.447051,25,1060,[-1 1 0]
3310,65,1.490021,27,10090,80.0,-0.685618,7,600,-1.439344,25,1060,[-1 1 0]
3339,72,1.738726,27,10100,80.0,-0.586133,7,590,-1.340047,25,1100,[0]
3398,68,1.747886,27,10090,80.0,-0.629646,7,610,-1.393296,25,1080,[0]
3420,71,1.74123,27,10090,80.0,-0.608289,7,590,-1.349742,25,1100,[0]
3433,77,1.508819,27,10100,80.0,-0.512882,7,570,-1.267784,25,1130,[0 1 0]
3440,66,1.751341,27,10080,80.0,-0.657371,7,610,-1.78252,25,570,[0]
3511,70,1.742764,27,10100,80.0,-0.623198,7,590,-1.368806,25,1090,[0]
3533,68,1.746932,27,10100,80.0,-0.661462,7,590,-1.397916,25,1080,[0]
3540,70,1.744301,27,10090,80.0,-0.608764,7,600,-1.366564,25,1090,[0]
3551,73,1.476557,27,10090,80.0,-0.565679,7,590,-1.319947,25,1110,[0]
3555,67,1.663515,27,10090,80.0,-0.665944,7,600,-1.403983,25,1080,[0]
3561,66,1.489951,27,10090,80.0,-0.685959,7,600,-1.815764,25,570,[0]
3563,67,1.488073,27,10090,80.0,-0.656805,7,610,-1.418202,25,1070,[0]
3572,70,1.745007,27,10090,80.0,-0.625392,7,590,-1.369221,25,1090,[0]
3581,69,1.662666,27,10090,80.0,-0.627684,7,600,-1.374821,25,1090,[0]
3597,68,1.748112,27,10090,80.0,-0.64287,7,600,-1.394121,25,1080,[0]
3649,70,1.742695,27,10090,80.0,-0.621168,7,590,-1.355265,25,1100,[0]
3652,70,1.741908,27,10090,80.0,-0.604374,7,600,-1.352676,25,1100,[0]
3681,67,1.485792,27,10100,80.0,-0.660923,7,600,-1.414704,25,1070,[0]
3691,70,1.744807,27,10090,80.0,-0.613796,7,600,-1.369056,25,1090,[0]
3702,68,1.747741,27,10090,80.0,-0.638286,7,600,-1.392811,25,1080,[0]
3713,70,1.740179,27,10090,80.0,-0.619035,7,590,-1.354206,25,1100,[0]
3721,70,1.742849,27,10100,80.0,-0.625306,7,590,-1.369562,25,1090,[0 -1 1 0]
3725,69,1.747262,27,10090,80.0,-0.646118,7,590,-1.378623,25,1090,[0]
3744,71,1.480488,27,10090,80.0,-0.605297,7,590,-1.348432,25,1100,[0]
3746,69,1.746769,27,10100,80.0,-0.644111,7,590,-1.3904,25,1080,[0]
3822,71,1.740518,27,10090,80.0,-0.60268,7,590,-1.347548,25,1100,[0]
3826,71,1.743475,27,10090,80.0,-0.602951,7,600,-1.364307,25,1090,[0 -1 1 0]
