3002,46,-7.521118,11,4250,80.0,-4.061779,17,830,-2.399718,8,200,[1]
3007,63,-7.515923,11,4140,80.0,-4.049822,17,830,-0.417304,13,1040,[1]
3010,42,-7.590843,11,4250,80.0,-4.042766,17,850,-2.364534,8,200,[1]
3015,42,-7.590065,11,4250,80.0,-4.023933,17,860,-2.316421,8,200,[1]
3019,46,-7.521342,11,4250,80.0,-4.078514,17,820,-2.448928,8,200,[1]
3022,42,-7.590643,11,4250,80.0,-4.067226,17,840,-2.465047,8,190,[1]
3027,73,-7.491426,11,4140,80.0,-4.04267,17,770,-2.694294,9,1940,[1]
3033,41,-7.593011,11,4250,80.0,-4.060268,17,850,-2.52529,8,180,[1]
3037,69,-7.503034,11,4140,80.0,-4.06989,17,800,-0.674122,13,1070,[1]
3044,62,-7.519993,11,4140,80.0,-4.071001,17,840,-2.522179,8,260,[1]
3047,59,-7.532478,11,4130,80.0,-4.075498,17,860,-2.527432,8,260,[1]
3054,49,-7.551714,11,4130,80.0,-4.045916,17,930,-2.529189,8,210,[1]
3058,62,-7.518626,11,4140,80.0,-4.068204,17,830,-2.549882,8,270,[1]
3061,69,-7.50266,11,4140,80.0,-4.04248,17,800,-2.662536,9,1920,[1]
3065,42,-7.590135,11,4250,80.0,-4.023495,17,860,-2.322591,8,200,[1]
3067,59,-7.526363,11,4140,80.0,-4.069139,17,860,-2.479456,8,250,[1]
3071,60,-7.53062,11,4130,80.0,-4.083942,17,850,-2.555524,8,260,[1]
3077,75,-7.486309,11,4140,80.0,-4.050375,17,750,-2.707615,9,1960,[1]
3082,44,-7.586784,11,4250,80.0,-4.040493,17,850,-2.304926,8,200,[1]
3088,45,-7.529333,11,4240,80.0,-4.059618,17,840,-2.396118,8,210,[1]
3093,49,-7.550546,11,4130,80.0,-4.05448,17,920,-2.489149,8,220,[1]
3098,65,-7.518265,11,4130,80.0,-4.067108,17,820,-0.584788,13,1070,[1]
3103,45,-7.528841,11,4240,80.0,-4.06088,17,840,-2.383353,8,210,[1]
3109,44,-7.586825,11,4250,80.0,-4.040256,17,850,-2.308136,8,200,[1]
3114,44,-7.586831,11,4250,80.0,-4.040211,17,850,-2.308724,8,200,[1]
3118,43,-7.594664,11,4240,80.0,-4.045028,17,860,-2.485093,8,190,[1]
3124,64,-7.520304,11,4130,80.0,-4.090318,17,820,-2.604619,8,280,[1]
3129,69,-7.509248,11,4130,80.0,-4.079881,17,800,-0.716533,13,1080,[1]
3134,44,-7.586874,11,4250,80.0,-4.04004,17,850,-2.311061,8,200,[1]
3139,74,-7.490934,11,4140,80.0,-4.048704,17,770,-2.693997,9,1940,[1]
3144,43,-7.594701,11,4240,80.0,-4.04481,17,860,-2.488183,8,190,[1]
3150,58,-7.5282,11,4140,80.0,-4.077362,17,850,-2.49785,8,260,[1]
3155,64,-7.520576,11,4130,80.0,-4.086697,17,820,-2.608365,8,280,[1]
3158,44,-7.528564,11,4240,80.0,-4.048036,17,840,-2.523198,8,210,[1]
3162,43,-7.594815,11,4240,80.0,-4.033482,17,860,-2.484822,8,200,[1]
3166,63,-7.51847,11,4140,80.0,-4.071967,17,830,-2.5209,8,270,[1]
3169,47,-7.524346,11,4240,80.0,-4.063615,17,840,-2.31449,8,210,[1]
3175,44,-7.586934,11,4250,80.0,-4.039689,17,850,-2.315764,8,200,[1]
3180,44,-7.592058,11,4240,80.0,-4.041487,17,850,-2.571611,8,200,[1]
3185,49,-7.543955,11,4140,80.0,-4.043825,17,920,-2.354952,8,220,[1]
3191,64,-7.514382,11,4140,80.0,-4.063974,17,830,-0.482345,13,1050,[1]
3197,44,-7.592152,11,4240,80.0,-4.047276,17,850,-2.489025,8,200,[1]
3201,61,-7.522391,11,4140,80.0,-4.066939,17,850,-2.441615,8,260,[1]
3208,70,-7.500849,11,4140,80.0,-4.041274,17,790,-2.672946,9,1930,[1]
3211,45,-7.529006,11,4240,80.0,-4.053499,17,840,-2.47984,8,210,[1]
3215,44,-7.524756,11,4250,80.0,-4.064476,17,830,-2.453424,8,200,[1]
3221,68,-7.505787,11,4140,80.0,-4.064043,17,800,-0.695285,13,1080,[1]
3226,64,-7.520738,11,4130,80.0,-4.085893,17,820,-2.616648,8,280,[1]
3228,58,-7.528236,11,4140,80.0,-4.059638,17,860,-2.542452,8,250,[1]
3234,45,-7.528804,11,4240,80.0,-4.048604,17,840,-2.531931,8,210,[1]
3241,61,-7.522337,11,4140,80.0,-4.063916,17,850,-2.465939,8,260,[1]
3248,49,-7.551915,11,4130,80.0,-4.046979,17,930,-2.391443,8,220,[1]
3255,46,-7.527697,11,4240,80.0,-4.073419,17,840,-2.381196,8,200,[1]
3258,60,-7.524915,11,4140,80.0,-4.058603,17,860,-2.499411,8,250,[1]
3268,68,-7.506369,11,4140,80.0,-4.061184,17,800,-0.693256,13,1080,[1]
3274,68,-7.505441,11,4140,80.0,-4.064726,17,800,-0.696866,13,1080,[1]
3278,49,-7.552097,11,4130,80.0,-4.044043,17,930,-2.55548,8,210,[1]
3285,58,-7.528529,11,4140,80.0,-4.055399,17,860,-2.579648,8,250,[1]
3291,55,-7.540382,11,4130,80.0,-4.046985,17,900,-2.575981,8,230,[1]
3298,45,-7.529083,11,4240,80.0,-4.059278,17,840,-2.405341,8,210,[1]
3304,55,-7.535522,11,4140,80.0,-4.077224,17,880,-2.487386,8,230,[1]
3308,49,-7.551818,11,4130,80.0,-4.045219,17,930,-2.410278,8,220,[1]
3313,68,-7.501873,11,4150,80.0,-4.074262,17,790,-0.634158,13,1070,[1]
3318,69,-7.504019,11,4140,80.0,-4.068682,17,800,-0.664981,13,1070,[1]
3332,46,-7.522529,11,4250,80.0,-4.06302,17,830,-2.387803,8,200,[1]
3337,47,-7.52674,11,4240,80.0,-4.053454,17,840,-2.401517,8,210,[1]
3340,58,-7.528288,11,4140,80.0,-4.067623,17,870,-2.482489,8,240,[1]
3346,62,-7.521376,11,4140,80.0,-4.063995,17,840,-2.501212,8,270,[1]
3350,73,-7.50015,11,4130,80.0,-4.07688,17,780,-2.686423,9,1940,[1]
3356,61,-7.528937,11,4130,80.0,-4.072807,17,860,-2.501792,8,260,[1]
3362,64,-7.522669,11,4130,80.0,-4.084067,17,830,-0.459065,13,1050,[1]
3366,70,-7.501347,11,4140,80.0,-4.039698,17,790,-0.773412,13,1090,[1]
3373,62,-7.525188,11,4130,80.0,-4.077184,17,840,-0.388404,13,1040,[1]
3378,64,-7.523246,11,4130,80.0,-4.086744,17,830,-0.457957,13,1050,[1]
3381,46,-7.526567,11,4240,80.0,-4.045759,17,840,-2.464027,8,210,[1]
3390,47,-7.531302,11,4230,80.0,-4.064889,17,840,-2.419873,8,220,[1]
3394,62,-7.526958,11,4130,80.0,-4.071871,17,840,-2.637951,8,270,[1]
3401,46,-7.527056,11,4240,80.0,-4.073424,17,830,-2.541821,8,200,[1]
3413,63,-7.525449,11,4130,80.0,-4.080592,17,840,-2.458852,8,280,[1]
3418,47,-7.531339,11,4230,80.0,-4.064664,17,840,-2.422682,8,220,[1]
3423,51,-7.542023,11,4140,80.0,-4.042766,17,920,-2.424177,8,210,[1]
3429,48,-7.524918,11,4240,80.0,-4.056899,17,830,-2.494755,8,210,[1]
3433,68,-7.500411,11,4150,80.0,-4.076229,17,790,-0.643718,13,1070,[1]
3439,48,-7.525251,11,4240,80.0,-4.05966,17,830,-2.468218,8,210,[1]
3442,70,-7.493351,11,4150,80.0,-4.071249,17,780,-0.747066,13,1080,[1]
3447,65,-7.518783,11,4130,80.0,-4.074958,17,830,-0.543563,13,1060,[1]
3453,47,-7.525322,11,4240,80.0,-4.05359,17,830,-2.415426,8,220,[1]
3457,47,-7.525327,11,4240,80.0,-4.053561,17,830,-2.415816,8,220,[1]
3466,64,-7.527301,11,4120,80.0,-4.095408,17,830,-2.56095,8,290,[1]
3510,65,-7.515374,11,4140,80.0,-4.080504,17,810,-0.519913,13,1060,[1]
3516,52,-7.552989,11,4120,80.0,-4.086562,17,910,-2.50082,8,230,[1]
3525,49,-7.550878,11,4130,80.0,-4.04967,17,920,-2.558083,8,220,[1]
3530,66,-7.504572,11,4150,80.0,-4.045576,17,820,-0.56446,13,1060,[1]
3535,53,-7.539057,11,4140,80.0,-4.039624,17,900,-2.481752,8,230,[1]
3539,67,-7.515388,11,4130,80.0,-4.068823,17,820,-0.622265,13,1070,[1]
3543,67,-7.508676,11,4140,80.0,-4.052275,17,810,-0.627264,13,1070,[1]
3546,71,-7.505994,11,4130,80.0,-4.062871,17,800,-2.671738,9,1930,[1]
3549,67,-7.502859,11,4150,80.0,-4.048948,17,810,-2.486627,8,280,[1]
3554,69,-7.503662,11,4140,80.0,-4.060907,17,790,-0.712187,13,1080,[1]
3560,65,-7.513471,11,4140,80.0,-4.096838,17,820,-2.463965,8,270,[1]
3567,71,-7.505486,11,4130,80.0,-4.056066,17,790,-2.684086,9,1930,[1]
3570,61,-7.529223,11,4130,80.0,-4.094883,17,850,-0.302727,13,1030,[1]
3574,68,-7.506511,11,4140,80.0,-4.062644,17,810,-0.603704,13,1060,[1]
3579,70,-7.501878,11,4140,80.0,-4.065891,17,780,-0.768666,13,1090,[1]
3584,54,-7.542285,11,4130,80.0,-4.0779,17,890,-2.459296,8,240,[1]
3590,69,-7.504872,11,4140,80.0,-4.065483,17,800,-0.663489,13,1070,[1]
3596,61,-7.529416,11,4130,80.0,-4.074346,17,860,-2.489707,8,260,[1]
3598,70,-7.508068,11,4130,80.0,-4.078196,17,800,-0.724614,13,1080,[1]
3600,68,-7.508922,11,4140,80.0,-4.057209,17,810,-0.58719,13,1060,[1]
3603,68,-7.500718,11,4150,80.0,-4.075494,17,790,-0.640517,13,1070,[1]
3609,50,-7.545222,11,4140,80.0,-4.04908,17,920,-2.401322,8,210,[1]
3612,69,-7.516163,11,4120,80.0,-4.102114,17,800,-0.746251,13,1090,[1]
3618,50,-7.54986,11,4130,80.0,-4.058989,17,920,-2.474443,8,220,[1]
3621,69,-7.50475,11,4140,80.0,-4.060989,17,800,-0.699978,13,1080,[1]
3623,69,-7.504677,11,4140,80.0,-4.064078,17,790,-0.746234,13,1090,[1]
3626,69,-7.510223,11,4130,80.0,-4.096302,17,790,-0.747681,13,1090,[1]
3633,67,-7.508853,11,4140,80.0,-4.05141,17,810,-0.625939,13,1070,[1]
3635,68,-7.50841,11,4140,80.0,-4.05629,17,810,-0.670887,13,1080,[1]
3642,70,-7.500242,11,4140,80.0,-4.072489,17,780,-2.67391,9,1930,[1]
3645,70,-7.501869,11,4140,80.0,-4.05195,17,800,-2.661352,9,1920,[1]
3647,69,-7.504324,11,4140,80.0,-4.064508,17,800,-0.705735,13,1080,[1]
3653,53,-7.546006,11,4130,80.0,-4.048194,17,910,-2.498484,8,230,[1]
3658,57,-7.533333,11,4140,80.0,-4.045187,17,880,-2.545894,8,240,[1]
3661,69,-7.511123,11,4130,80.0,-4.101808,17,800,-0.699275,13,1080,[1]
3668,68,-7.506499,11,4140,80.0,-4.060731,17,800,-0.692105,13,1080,[1]
3675,69,-7.516289,11,4120,80.0,-4.101505,17,800,-0.745358,13,1090,[1]
3679,68,-7.506518,11,4140,80.0,-4.057368,17,800,-0.688025,13,1080,[1]
3681,69,-7.504504,11,4140,80.0,-4.058425,17,790,-0.705626,13,1080,[1]
3684,51,-7.542476,11,4140,80.0,-4.069856,17,910,-2.41388,8,210,[1]
3691,69,-7.5049,11,4140,80.0,-4.060312,17,800,-0.698905,13,1080,[1]
3696,69,-7.502518,11,4140,80.0,-4.049842,17,810,-0.720033,13,1080,[1]
3699,69,-7.504695,11,4140,80.0,-4.064363,17,800,-0.663382,13,1070,[1]
3703,69,-7.504617,11,4140,80.0,-4.059494,17,790,-0.704915,13,1080,[1]
3706,69,-7.502904,11,4140,80.0,-4.066856,17,790,-0.716978,13,1080,[1]
3708,70,-7.496001,11,4150,80.0,-4.062335,17,780,-0.729116,13,1080,[1]
3712,69,-7.504985,11,4140,80.0,-4.064647,17,800,-0.661108,13,1070,[1]
3717,69,-7.503969,11,4140,80.0,-4.059343,17,790,-0.709899,13,1080,[1]
3724,69,-7.504515,11,4140,80.0,-4.062428,17,790,-0.708629,13,1080,[1]
3729,69,-7.505006,11,4140,80.0,-4.065619,17,800,-0.660275,13,1070,[1]
3738,70,-7.496657,11,4150,80.0,-4.059286,17,780,-2.667973,9,1910,[1]
3742,70,-7.496069,11,4150,80.0,-4.061976,17,780,-0.72609,13,1080,[1]
3746,67,-7.515016,11,4130,80.0,-4.067622,17,820,-0.66665,13,1080,[1]
3752,66,-7.511311,11,4140,80.0,-4.051772,17,820,-0.603025,13,1070,[1]
3758,59,-7.527506,11,4140,80.0,-4.07352,17,860,-2.368225,8,260,[1]
3760,72,-7.491074,11,4150,80.0,-4.059212,17,780,-2.667735,9,1920,[1]
3762,69,-7.510477,11,4130,80.0,-4.095052,17,790,-0.745806,13,1090,[1]
3764,71,-7.491874,11,4150,80.0,-4.07168,17,770,-0.801389,13,1090,[1]
3769,62,-7.528175,11,4130,80.0,-4.070292,17,850,-2.548974,8,270,[1]
3772,70,-7.496133,11,4150,80.0,-4.061753,17,780,-0.728195,13,1080,[1]
3775,55,-7.541128,11,4130,80.0,-4.084436,17,880,-2.546903,8,240,[1]
3777,52,-7.553099,11,4120,80.0,-4.066523,17,920,-2.492352,8,230,[1]
3782,62,-7.527851,11,4130,80.0,-4.070761,17,850,-2.53368,8,270,[1]
3787,70,-7.496845,11,4150,80.0,-4.042756,17,800,-0.719558,13,1080,[1]
3792,54,-7.538133,11,4140,80.0,-4.041285,17,900,-2.471878,8,230,[1]
3797,53,-7.546007,11,4130,80.0,-4.071105,17,900,-2.510156,8,230,[1]
3800,70,-7.500483,11,4140,80.0,-4.053123,17,800,-2.662125,9,1920,[1]
3802,70,-7.502111,11,4140,80.0,-4.049259,17,800,-2.662038,9,1920,[1]
3806,71,-7.493503,11,4150,80.0,-4.067043,17,770,-0.792902,13,1090,[1]
3813,62,-7.528251,11,4130,80.0,-4.069945,17,850,-2.552609,8,270,[1]
3820,53,-7.540145,11,4140,80.0,-4.035378,17,910,-2.397759,8,230,[1]
3824,56,-7.540959,11,4130,80.0,-4.065689,17,880,-2.645867,8,240,[1]
3827,63,-7.526367,11,4130,80.0,-4.048344,17,850,-2.519193,8,280,[1]
3831,71,-7.499823,11,4140,80.0,-4.062144,17,800,-2.6602,9,1920,[1]
3837,72,-7.497785,11,4140,80.0,-4.063086,17,790,-2.670547,9,1920,[1]
3841,71,-7.499948,11,4140,80.0,-4.056418,17,790,-0.789743,13,1090,[1]
3845,53,-7.545851,11,4130,80.0,-4.072958,17,910,-2.460634,8,220,[1]
3849,56,-7.540747,11,4130,80.0,-4.095765,17,880,-2.585722,8,230,[1]
3855,71,-7.500817,11,4140,80.0,-4.047409,17,790,-2.672449,9,1930,[1]
3856,58,-7.529882,11,4140,80.0,-4.06158,17,870,-2.449886,8,250,[1]
3862,72,-7.491825,11,4150,80.0,-4.052432,17,780,-2.670609,9,1920,[1]
3867,63,-7.519426,11,4140,80.0,-4.053635,17,850,-2.489895,8,260,[1]
3872,61,-7.529904,11,4130,80.0,-4.07213,17,860,-2.513081,8,260,[1]
3877,63,-7.520063,11,4140,80.0,-4.072066,17,840,-0.383567,13,1040,[1]
3880,65,-7.50761,11,4150,80.0,-4.064861,17,820,-2.454043,8,270,[1]
3885,70,-7.508286,11,4130,80.0,-4.075727,17,790,-0.768011,13,1090,[1]
3888,62,-7.526298,11,4130,80.0,-4.071424,17,840,-2.641181,8,270,[1]
3893,61,-7.528393,11,4130,80.0,-4.065536,17,850,-2.578727,8,270,[1]
3896,59,-7.529285,11,4140,80.0,-4.069806,17,870,-2.381728,8,250,[1]
3912,69,-7.511168,11,4130,80.0,-4.094682,17,790,-0.741698,13,1090,[1]
3916,61,-7.529982,11,4130,80.0,-4.071808,17,860,-2.516515,8,260,[1]
3922,62,-7.527549,11,4130,80.0,-4.07218,17,850,-2.600784,8,260,[1]
3927,63,-7.525919,11,4130,80.0,-4.075323,17,840,-2.601591,8,270,[1]
3932,63,-7.524409,11,4130,80.0,-4.085054,17,840,-2.539989,8,270,[1]
3937,62,-7.527881,11,4130,80.0,-4.073718,17,850,-2.610447,8,260,[1]
3941,64,-7.517947,11,4140,80.0,-4.047158,17,830,-2.672114,8,270,[1]
3945,56,-7.539666,11,4130,80.0,-4.067435,17,880,-2.628444,8,240,[1]
3950,63,-7.525946,11,4130,80.0,-4.075152,17,840,-2.603365,8,270,[1]
3955,63,-7.525956,11,4130,80.0,-4.075116,17,840,-2.603747,8,270,[1]
3958,68,-7.506907,11,4140,80.0,-4.057499,17,810,-0.640751,13,1070,[1]
3963,66,-7.51715,11,4130,80.0,-4.076656,17,820,-0.559555,13,1060,[1]
3968,63,-7.525923,11,4130,80.0,-4.072104,17,840,-2.632422,8,270,[1]
3974,63,-7.524479,11,4130,80.0,-4.084737,17,840,-2.54318,8,270,[1]
3975,63,-7.525934,11,4130,80.0,-4.072052,17,840,-2.632954,8,270,[1]
3977,61,-7.530007,11,4130,80.0,-4.065937,17,860,-2.558272,8,260,[1]
3982,62,-7.526427,11,4130,80.0,-4.080093,17,850,-2.574895,8,260,[1]
3987,62,-7.526454,11,4130,80.0,-4.081619,17,850,-2.558384,8,260,[1]
3992,66,-7.512157,11,4140,80.0,-4.076361,17,820,-0.503137,13,1050,[1]
3995,63,-7.526185,11,4130,80.0,-4.080689,17,840,-2.570886,8,270,[1]
3998,63,-7.517992,11,4140,80.0,-4.076881,17,830,-0.401727,13,1040,[1]
3999,63,-7.519875,11,4140,80.0,-4.07188,17,840,-2.543709,8,260,[1]
3003,42,-7.59657,11,4240,80.0,-4.054423,17,850,-2.504502,8,200,[1]
3008,71,-7.498755,11,4140,80.0,-4.057864,17,790,-2.66968,9,1920,[1]
3021,44,-7.586671,11,4250,80.0,-4.041043,17,850,-2.297471,8,200,[1]
3028,73,-7.491374,11,4140,80.0,-4.079217,17,770,-2.682526,9,1930,[1]
3041,43,-7.5948,11,4240,80.0,-4.047324,17,860,-2.472503,8,190,[1]
3045,42,-7.596947,11,4240,80.0,-4.055074,17,850,-2.50415,8,200,[1]
3050,44,-7.586723,11,4250,80.0,-4.040778,17,850,-2.301051,8,200,[1]
3059,39,-7.599431,11,4250,80.0,-4.038038,17,870,-2.389872,8,180,[1]
3065,48,-7.55721,11,4120,80.0,-4.044389,17,930,-2.645741,8,220,[1]
3070,44,-7.586757,11,4250,80.0,-4.0406,17,850,-2.303481,8,200,[1]
3075,44,-7.586767,11,4250,80.0,-4.040556,17,850,-2.304085,8,200,[1]
3079,44,-7.586774,11,4250,80.0,-4.040519,17,850,-2.304566,8,200,[1]
3083,42,-7.591016,11,4250,80.0,-4.021233,17,860,-2.340975,8,200,[1]
3096,72,-7.493982,11,4140,80.0,-4.068095,17,780,-2.67633,9,1930,[1]
3111,43,-7.594749,11,4240,80.0,-4.033917,17,860,-2.478788,8,200,[1]
3116,44,-7.530832,11,4240,80.0,-4.051533,17,850,-2.445276,8,200,[1]
3127,52,-7.546494,11,4130,80.0,-4.061529,17,910,-2.429896,8,230,[1]
3132,44,-7.592032,11,4240,80.0,-4.040436,17,850,-2.581471,8,200,[1]
3142,44,-7.586884,11,4250,80.0,-4.039969,17,850,-2.311988,8,200,[1]
3149,46,-7.527631,11,4240,80.0,-4.075534,17,840,-2.354981,8,200,[1]
3154,44,-7.586901,11,4250,80.0,-4.039866,17,850,-2.31337,8,200,[1]
3158,44,-7.528564,11,4240,80.0,-4.048036,17,840,-2.523198,8,210,[1]
3166,45,-7.528721,11,4240,80.0,-4.049168,17,840,-2.524146,8,210,[1]
3169,66,-7.512021,11,4140,80.0,-4.074911,17,820,-0.549045,13,1060,[1]
3173,45,-7.521194,11,4250,80.0,-4.052768,17,830,-2.376973,8,210,[1]
3182,48,-7.551971,11,4130,80.0,-4.044465,17,930,-2.542238,8,210,[1]
3187,71,-7.491053,11,4150,80.0,-4.060296,17,780,-2.66634,9,1920,[1]
3193,45,-7.528992,11,4240,80.0,-4.047373,17,840,-2.640313,8,200,[1]
3202,44,-7.53031,11,4240,80.0,-4.048679,17,850,-2.474048,8,200,[1]
3209,44,-7.586998,11,4250,80.0,-4.039407,17,850,-2.319576,8,200,[1]
3213,45,-7.528981,11,4240,80.0,-4.059954,17,840,-2.39607,8,210,[1]
3217,70,-7.501736,11,4140,80.0,-4.072691,17,790,-0.72816,13,1080,[1]
3223,43,-7.594134,11,4240,80.0,-4.036521,17,850,-2.592318,8,200,[1]
3227,58,-7.534426,11,4130,80.0,-4.069103,17,870,-2.570818,8,250,[1]
3242,45,-7.528906,11,4240,80.0,-4.049838,17,840,-2.517891,8,210,[1]
3251,45,-7.529064,11,4240,80.0,-4.046898,17,840,-2.646959,8,200,[1]
3256,69,-7.503369,11,4140,80.0,-4.068728,17,800,-0.712427,13,1080,[1]
3266,45,-7.529044,11,4240,80.0,-4.05953,17,840,-2.401904,8,210,[1]
3272,54,-7.537074,11,4140,80.0,-4.047301,17,890,-2.546405,8,230,[1]
3276,68,-7.506366,11,4140,80.0,-4.066254,17,810,-0.643488,13,1070,[1]
3287,70,-7.507395,11,4130,80.0,-4.048434,17,800,-2.678751,9,1920,[1]
3292,65,-7.513286,11,4140,80.0,-4.069907,17,830,-0.491569,13,1050,[1]
3306,47,-7.520662,11,4250,80.0,-4.070958,17,820,-2.367091,8,210,[1]
3310,65,-7.512331,11,4140,80.0,-4.069207,17,820,-2.493575,8,280,[1]
3320,48,-7.523415,11,4240,80.0,-4.063688,17,830,-2.411494,8,210,[1]
3325,62,-7.520868,11,4140,80.0,-4.06382,17,840,-2.490851,8,270,[1]
3334,65,-7.512648,11,4140,80.0,-4.063457,17,820,-0.537164,13,1060,[1]
3339,72,-7.490554,11,4150,80.0,-4.057877,17,780,-2.667993,9,1920,[1]
3344,46,-7.522684,11,4250,80.0,-4.063915,17,830,-2.38906,8,200,[1]
3348,47,-7.531238,11,4230,80.0,-4.065232,17,840,-2.415576,8,220,[1]
3351,48,-7.524899,11,4240,80.0,-4.059245,17,830,-2.444089,8,210,[1]
3362,52,-7.540156,11,4140,80.0,-4.054129,17,900,-2.415804,8,230,[1]
3369,56,-7.538471,11,4130,80.0,-4.047892,17,890,-2.60751,8,240,[1]
3376,46,-7.526561,11,4240,80.0,-4.045797,17,840,-2.463516,8,210,[1]
3380,47,-7.527095,11,4240,80.0,-4.055871,17,840,-2.364742,8,210,[1]
3398,68,-7.505783,11,4140,80.0,-4.059686,17,800,-0.692215,13,1080,[1]
3403,52,-7.540341,11,4140,80.0,-4.055551,17,900,-2.397242,8,230,[1]
3408,57,-7.532203,11,4140,80.0,-4.069029,17,870,-2.52762,8,240,[1]
3420,71,-7.499791,11,4140,80.0,-4.08624,17,790,-2.662231,9,1910,[1]
3422,51,-7.547911,11,4130,80.0,-4.066515,17,910,-2.428773,8,230,[1]
3426,49,-7.552625,11,4130,80.0,-4.046246,17,930,-2.531061,8,210,[1]
3433,77,-7.482887,11,4140,80.0,-4.05472,17,740,-2.71524,9,1970,[1]
3440,66,-7.51041,11,4140,80.0,-4.077807,17,810,-0.566719,13,1060,[1]
3445,47,-7.524818,11,4240,80.0,-4.055073,17,830,-2.401592,8,220,[1]
3450,48,-7.524983,11,4240,80.0,-4.060225,17,830,-2.468263,8,210,[1]
3455,53,-7.546045,11,4130,80.0,-4.064232,17,900,-2.483649,8,240,[1]
3465,48,-7.557957,11,4120,80.0,-4.047102,17,940,-2.620404,8,210,[1]
3470,49,-7.557003,11,4120,80.0,-4.054652,17,930,-2.576497,8,220,[1]
3473,48,-7.525144,11,4240,80.0,-4.057313,17,830,-2.485407,8,210,[1]
3477,49,-7.550812,11,4130,80.0,-4.050007,17,920,-2.553452,8,220,[1]
3486,49,-7.551166,11,4130,80.0,-4.052658,17,930,-2.480267,8,210,[1]
3496,55,-7.536296,11,4140,80.0,-4.063546,17,890,-2.43112,8,230,[1]
3500,48,-7.552199,11,4130,80.0,-4.041372,17,930,-2.575925,8,210,[1]
3511,70,-7.501727,11,4140,80.0,-4.06631,17,790,-0.765764,13,1090,[1]
3512,61,-7.52345,11,4140,80.0,-4.051206,17,850,-2.488317,8,270,[1]
3525,54,-7.54366,11,4130,80.0,-4.078819,17,900,-2.556942,8,220,[1]
3533,68,-7.501102,11,4150,80.0,-4.05115,17,800,-0.637111,13,1070,[1]
3537,49,-7.550932,11,4130,80.0,-4.051443,17,920,-2.534224,8,220,[1]
3540,70,-7.502008,11,4140,80.0,-4.077845,17,790,-0.728891,13,1080,[1]
3551,73,-7.493073,11,4140,80.0,-4.070437,17,770,-2.685222,9,1940,[1]
3555,67,-7.510518,11,4140,80.0,-4.076811,17,810,-2.529624,8,280,[1]
3561,66,-7.513238,11,4140,80.0,-4.066638,17,820,-0.49868,13,1050,[1]
3563,67,-7.51112,11,4140,80.0,-4.052075,17,820,-0.606144,13,1070,[1]
3572,70,-7.508034,11,4130,80.0,-4.052902,17,810,-0.763235,13,1090,[1]
3576,55,-7.542163,11,4130,80.0,-4.060023,17,890,-2.560514,8,240,[1]
3581,69,-7.504441,11,4140,80.0,-4.065512,17,800,-0.665184,13,1070,[1]
3597,68,-7.506527,11,4140,80.0,-4.080542,17,790,-0.685577,13,1080,[1]
3610,50,-7.549506,11,4130,80.0,-4.06393,17,920,-2.436007,8,220,[1]
3614,53,-7.545313,11,4130,80.0,-4.073375,17,910,-2.452715,8,220,[1]
3616,57,-7.538688,11,4130,80.0,-4.079972,17,880,-2.530348,8,240,[1]
3625,51,-7.543463,11,4140,80.0,-4.057396,17,910,-2.493073,8,210,[1]
3628,50,-7.550841,11,4130,80.0,-4.059925,17,930,-2.428072,8,210,[1]
3636,48,-7.552004,11,4130,80.0,-4.048492,17,940,-2.477571,8,200,[1]
3642,50,-7.543571,11,4140,80.0,-4.055036,17,910,-2.54573,8,210,[1]
3649,70,-7.501913,11,4140,80.0,-4.062848,17,780,-0.766659,13,1090,[1]
3652,70,-7.506248,11,4130,80.0,-4.080294,17,790,-0.78087,13,1090,[1]
3660,54,-7.544,11,4130,80.0,-4.076994,17,900,-2.578813,8,220,[1]
3670,55,-7.536185,11,4140,80.0,-4.056625,17,890,-2.492004,8,230,[1]
3678,57,-7.543427,11,4120,80.0,-4.090894,17,880,-2.544879,8,250,[1]
3681,67,-7.509207,11,4140,80.0,-4.059129,17,820,-0.618856,13,1070,[1]
3686,52,-7.540781,11,4140,80.0,-4.053522,17,900,-2.42348,8,230,[1]
3691,70,-7.496407,11,4150,80.0,-4.045276,17,800,-0.723908,13,1080,[1]
3698,37,-7.603621,11,4250,80.0,-4.024211,17,870,1.161112,13,880,[1]
3702,68,-7.499773,11,4150,80.0,-4.083092,17,790,-0.648757,13,1070,[1]
3713,70,-7.502314,11,4140,80.0,-4.074819,17,790,-0.728301,13,1080,[1]
3718,59,-7.528975,11,4140,80.0,-4.071096,17,870,-2.367449,8,250,[1]
3721,70,-7.496627,11,4150,80.0,-4.059443,17,780,-2.66789,9,1910,[1]
3725,69,-7.510825,11,4130,80.0,-4.095866,17,800,-0.699449,13,1080,[1]
3732,58,-7.52989,11,4140,80.0,-4.060545,17,870,-2.457038,8,250,[1]
3738,53,-7.545969,11,4130,80.0,-4.067431,17,910,-2.51252,8,220,[1]
3744,71,-7.50039,11,4140,80.0,-4.048162,17,790,-0.784894,13,1090,[1]
3746,69,-7.505058,11,4140,80.0,-4.06433,17,800,-0.660612,13,1070,[1]
3753,61,-7.527957,11,4130,80.0,-4.067783,17,850,-2.56743,8,270,[1]
3759,52,-7.553071,11,4120,80.0,-4.066642,17,920,-2.490859,8,230,[1]
3766,59,-7.521036,11,4150,80.0,-4.065161,17,850,-2.450824,8,250,[1]
3775,61,-7.529741,11,4130,80.0,-4.072873,17,860,-2.505241,8,260,[1]
3789,63,-7.51756,11,4140,80.0,-4.074335,17,830,-2.525276,8,270,[1]
3792,60,-7.525834,11,4140,80.0,-4.079924,17,850,-2.547555,8,250,[1]
3797,57,-7.539379,11,4130,80.0,-4.078254,17,880,-2.549508,8,240,[1]
3800,53,-7.539347,11,4140,80.0,-4.061784,17,900,-2.452156,8,220,[1]
3804,59,-7.529129,11,4140,80.0,-4.07046,17,870,-2.374507,8,250,[1]
3809,65,-7.513569,11,4140,80.0,-4.066636,17,820,-2.521938,8,280,[1]
3814,53,-7.539943,11,4140,80.0,-4.034278,17,910,-2.408977,8,230,[1]
3822,71,-7.499957,11,4140,80.0,-4.056339,17,790,-2.671711,9,1920,[1]
3826,71,-7.500506,11,4140,80.0,-4.070065,17,780,-2.673922,9,1930,[1]
3835,60,-7.525609,11,4140,80.0,-4.06371,17,850,-2.549556,8,260,[1]
3840,62,-7.532328,11,4120,80.0,-4.081172,17,850,-2.653561,8,270,[1]
3846,63,-7.519853,11,4140,80.0,-4.070728,17,830,-2.55934,8,270,[1]
3856,63,-7.525823,11,4130,80.0,-4.077063,17,840,-2.612308,8,270,[1]
3860,63,-7.525855,11,4130,80.0,-4.080773,17,840,-2.570141,8,270,[1]
3865,62,-7.528338,11,4130,80.0,-4.069547,17,850,-2.556803,8,270,[1]
3868,64,-7.510209,11,4150,80.0,-4.082295,17,820,-2.496494,8,260,[1]
3880,62,-7.527791,11,4130,80.0,-4.07414,17,850,-2.605981,8,260,[1]
3883,54,-7.543993,11,4130,80.0,-4.077075,17,900,-2.553113,8,220,[1]
3887,62,-7.527496,11,4130,80.0,-4.072442,17,850,-2.59804,8,260,[1]
3895,61,-7.529948,11,4130,80.0,-4.071962,17,860,-2.514886,8,260,[1]
3900,61,-7.529975,11,4130,80.0,-4.062772,17,860,-2.488123,8,270,[1]
3903,62,-7.527828,11,4130,80.0,-4.073969,17,850,-2.6078,8,260,[1]
3907,61,-7.529983,11,4130,80.0,-4.062725,17,860,-2.488667,8,270,[1]
3911,62,-7.532444,11,4120,80.0,-4.080624,17,850,-2.659246,8,270,[1]
3916,62,-7.526348,11,4130,80.0,-4.071214,17,840,-2.64339,8,270,[1]
3920,63,-7.525849,11,4130,80.0,-4.072458,17,840,-2.628717,8,270,[1]
3926,59,-7.521303,11,4150,80.0,-4.064034,17,850,-2.463531,8,250,[1]
3929,63,-7.525867,11,4130,80.0,-4.07239,17,840,-2.629419,8,270,[1]
3933,62,-7.527873,11,4130,80.0,-4.073748,17,850,-2.610138,8,260,[1]
3938,61,-7.529757,11,4130,80.0,-4.059948,17,850,-2.600217,8,270,[1]
3948,55,-7.548649,11,4120,80.0,-4.090775,17,890,-2.590885,8,240,[1]
3954,55,-7.541541,11,4130,80.0,-4.088499,17,880,-2.636722,8,230,[1]
3958,58,-7.530281,11,4140,80.0,-4.058935,17,870,-2.475017,8,250,[1]
3963,61,-7.530057,11,4130,80.0,-4.07147,17,860,-2.520102,8,260,[1]
3968,61,-7.528513,11,4130,80.0,-4.064984,17,850,-2.584518,8,270,[1]
3973,61,-7.529795,11,4130,80.0,-4.070255,17,860,-0.301364,13,1030,[1]
3978,62,-7.527944,11,4130,80.0,-4.073423,17,850,-2.613583,8,260,[1]
3983,63,-7.520385,11,4140,80.0,-4.071103,17,840,-2.441251,8,270,[1]
3988,62,-7.528535,11,4130,80.0,-4.068643,17,850,-2.566302,8,270,[1]
3993,62,-7.528406,11,4130,80.0,-4.067741,17,850,-2.640226,8,260,[1]
3997,63,-7.518391,11,4140,80.0,-4.053803,17,840,-0.399171,13,1040,[1]
3999,59,-7.535747,11,4130,80.0,-4.069937,17,870,-2.585107,8,250,[1]
