3002,46,-0.476728,9,2410,80.0,-3.415794,29,240,2.531232,26,430,[0 -1]
3007,63,-0.524847,9,2280,80.0,-3.470935,29,300,2.345339,26,530,[-1 0]
3010,42,-0.458514,9,2430,80.0,-3.343709,29,230,2.590928,26,410,[0 -1]
3015,42,-0.459507,9,2430,80.0,-3.331508,29,230,2.617855,26,410,[0 -1]
3019,46,-0.477066,9,2410,80.0,-3.435029,29,240,2.510108,26,430,[0 -1]
3022,42,-0.459799,9,2430,80.0,-3.341063,29,230,2.600345,26,410,[0 -1]
3027,73,-2.694294,9,1940,80.0,-7.491426,11,4140,-0.552806,9,2190,[0 -1 1 0]
3027,73,-0.552806,9,2190,80.0,-2.694294,9,1940,2.2743,26,610,[-1 0]
3033,41,-0.457821,9,2440,80.0,-3.332112,29,220,2.583731,26,400,[0 -1]
3037,69,-0.537993,9,2220,80.0,-3.484148,29,330,2.31714,26,590,[-1]
3044,62,-0.518125,9,2290,80.0,-3.447427,29,300,2.380955,26,520,[-1 0]
3047,59,-0.510155,9,2310,80.0,-3.434063,29,290,2.381699,26,500,[-1 0]
3054,49,-0.492033,9,2400,80.0,-3.493974,29,240,2.522294,26,450,[0 -1]
3058,62,-0.516124,9,2290,80.0,-3.473499,29,310,2.414164,26,520,[-1]
3061,69,-2.662536,9,1920,80.0,-7.50266,11,4140,-0.537846,9,2210,[0 -1 1 0]
3061,69,-0.537846,9,2210,80.0,-2.662536,9,1920,2.190215,26,570,[-1 0]
3065,42,-0.459597,9,2430,80.0,-3.333699,29,230,2.476646,26,390,[0 -1]
3067,59,-0.507759,9,2320,80.0,-3.446571,29,290,2.609494,26,530,[0 -1]
3071,60,-0.51633,9,2310,80.0,-3.473364,29,290,2.606252,26,550,[0 -1]
3077,75,-2.707615,9,1960,80.0,-7.486309,11,4140,-0.554743,9,2170,[0]
3077,75,-0.554743,9,2170,80.0,-2.707615,9,1960,2.144444,26,590,[-1]
3082,44,-0.463117,9,2440,80.0,-3.358694,29,230,2.59781,26,390,[0 -1]
3088,45,-0.469499,9,2410,80.0,-3.33034,29,240,2.479278,26,410,[0 -1]
3093,49,-0.485128,9,2390,80.0,-3.379106,29,250,2.468136,26,430,[-1]
3098,65,-0.524266,9,2270,80.0,-3.502614,29,320,2.306729,26,520,[-1]
3098,65,-0.641473,9,2160,80.0,-3.579146,29,560,0.0,-1,0,[-1]
3103,45,-0.469993,9,2400,80.0,-3.392403,29,250,2.489452,26,430,[0 -1]
3109,44,-0.463187,9,2440,80.0,-3.359847,29,230,2.596325,26,390,[0 -1]
3114,44,-0.4632,9,2440,80.0,-3.360059,29,230,2.596053,26,390,[0 -1]
3118,43,-0.466993,9,2430,80.0,-3.384346,29,230,2.50753,26,400,[0 -1]
3124,64,-0.523777,9,2280,80.0,-3.490172,29,310,2.293188,26,510,[-1]
3129,69,-0.536605,9,2220,80.0,-3.461187,29,330,2.260721,26,570,[-1]
3134,44,-0.463251,9,2440,80.0,-3.360897,29,230,2.594971,26,390,[0 -1]
3139,74,-2.693997,9,1940,80.0,-7.490934,11,4140,-0.553229,9,2190,[0]
3139,74,-0.553229,9,2190,80.0,-2.693997,9,1940,2.085412,26,560,[-1 0]
3144,43,-0.46704,9,2430,80.0,-3.385442,29,230,2.438098,26,390,[0 -1]
3150,58,-0.508082,9,2330,80.0,-3.494612,29,290,2.499054,26,500,[0 -1]
3155,64,-0.526288,9,2270,80.0,-3.489506,29,310,2.255049,26,520,[-1]
3158,44,-0.468971,9,2410,80.0,-3.378109,29,240,2.40827,26,410,[0 -1]
3162,43,-0.459524,9,2420,80.0,-3.295275,29,230,2.386274,26,390,[0 -1]
3166,63,-0.51899,9,2280,80.0,-3.465314,29,310,2.526529,26,560,[0 -1]
3169,47,-0.474566,9,2410,80.0,-3.40884,29,250,2.448929,26,400,[0 -1]
3175,44,-0.463354,9,2440,80.0,-3.362586,29,230,2.526125,26,380,[0 -1]
3180,44,-0.468226,9,2420,80.0,-3.367949,29,230,2.400958,26,400,[0 -1]
3185,49,-0.486081,9,2380,80.0,-3.410307,29,250,2.368886,26,440,[0 -1]
3191,64,-0.520095,9,2260,80.0,-3.437618,29,320,2.489275,26,570,[-1 0]
3191,64,-0.643572,9,2160,80.0,-3.579347,29,550,0.0,-1,0,[0]
3197,44,-0.468129,9,2420,80.0,-3.407398,29,240,2.436572,26,400,[0 -1]
3201,61,-0.515993,9,2300,80.0,-3.48489,29,300,2.424716,26,520,[0 -1]
3208,70,-2.672946,9,1930,80.0,-7.500849,11,4140,-0.538022,9,2210,[0 -1 1 0]
3208,70,-0.538022,9,2210,80.0,-2.672946,9,1930,2.088695,26,540,[-1 0]
3211,45,-0.467056,9,2420,80.0,-3.353063,29,240,2.441805,26,390,[0 -1]
3215,44,-0.466468,9,2430,80.0,-3.324499,29,230,2.448752,26,380,[0 -1]
3221,68,-0.536199,9,2230,80.0,-3.496803,29,330,2.379004,26,590,[-1]
3226,64,-0.526461,9,2270,80.0,-3.492495,29,310,2.388947,26,550,[0 -1]
3228,58,-0.510107,9,2320,80.0,-3.471132,29,290,2.330311,26,480,[0 -1]
3234,45,-0.465117,9,2430,80.0,-3.38118,29,240,2.418437,26,370,[0 -1]
3241,61,-0.517913,9,2300,80.0,-3.445982,29,290,2.270429,26,490,[-1 0]
3248,49,-0.482792,9,2400,80.0,-3.429127,29,250,2.337548,26,400,[0 -1]
3255,46,-0.475199,9,2420,80.0,-3.410608,29,240,2.413369,26,390,[0 -1]
3258,60,-0.517536,9,2310,80.0,-3.486367,29,290,2.344311,26,500,[0 -1]
3268,68,-0.532404,9,2240,80.0,-3.49153,29,330,2.163375,26,520,[-1]
3274,68,-0.532643,9,2240,80.0,-3.497206,29,330,2.158542,26,520,[-1]
3278,49,-0.484175,9,2400,80.0,-3.443462,29,250,2.382308,26,410,[0 -1]
3285,58,-0.51015,9,2320,80.0,-3.43336,29,280,2.253066,26,470,[-1]
3291,55,-0.502108,9,2340,80.0,-3.468508,29,280,2.307035,26,460,[0 -1]
3298,45,-0.466522,9,2420,80.0,-3.40031,29,250,2.404779,26,380,[0 -1]
3304,55,-0.501984,9,2350,80.0,-3.456791,29,270,2.239617,26,440,[-1]
3308,49,-0.484406,9,2400,80.0,-3.434726,29,250,2.329844,26,400,[0 -1]
3313,68,-0.532007,9,2250,80.0,-3.486597,29,320,2.27546,26,540,[-1 0]
3318,69,-0.533084,9,2240,80.0,-3.488849,29,330,2.083043,26,500,[-1]
3332,46,-0.481391,9,2430,80.0,-3.46432,29,230,2.330888,26,380,[0 -1]
3337,47,-0.475993,9,2410,80.0,-3.366962,29,240,2.340365,26,390,[0 -1]
3340,58,-0.510553,9,2320,80.0,-3.488177,29,290,2.19669,26,460,[0 -1]
3346,62,-0.518351,9,2290,80.0,-3.468649,29,300,2.300724,26,510,[0 -1]
3350,73,-2.686423,9,1940,80.0,-7.50015,11,4130,-0.546882,9,2190,[0 -1 1 0]
3350,73,-0.546882,9,2190,80.0,-2.686423,9,1940,2.039434,26,550,[-1]
3356,61,-0.518281,9,2300,80.0,-3.451395,29,290,2.301022,26,500,[0 -1]
3362,64,-0.519994,9,2270,80.0,-3.438594,29,310,2.186403,26,500,[-1]
3366,70,-0.54289,9,2230,80.0,-3.527531,29,330,2.290339,26,570,[0 -1]
3373,62,-0.516942,9,2290,80.0,-3.484665,29,310,2.301534,26,500,[-1]
3378,64,-0.519752,9,2270,80.0,-3.428166,29,310,2.244874,26,510,[-1]
3381,46,-0.473897,9,2420,80.0,-3.393766,29,240,2.30569,26,370,[0 -1]
3390,47,-0.480854,9,2420,80.0,-3.452474,29,240,2.330327,26,380,[0 -1]
3394,62,-0.51834,9,2290,80.0,-3.452463,29,300,2.278699,26,500,[0 -1]
3401,46,-0.480172,9,2430,80.0,-3.432249,29,230,2.257488,26,360,[0 -1]
3413,63,-0.519404,9,2280,80.0,-3.471614,29,310,2.225498,26,500,[-1]
3418,47,-0.480916,9,2420,80.0,-3.453499,29,240,2.328966,26,380,[0 -1]
3423,51,-0.49022,9,2390,80.0,-3.433587,29,250,2.252171,26,400,[0 -1]
3429,48,-0.484117,9,2410,80.0,-3.443812,29,240,2.285473,26,390,[0 -1]
3433,68,-0.53572,9,2240,80.0,-3.483721,29,320,2.247421,26,550,[-1]
3439,48,-0.483654,9,2410,80.0,-3.433875,29,240,2.239769,26,380,[0 -1]
3442,70,-0.541287,9,2230,80.0,-3.514397,29,330,2.060302,26,510,[-1]
3447,65,-0.52791,9,2260,80.0,-3.507007,29,320,2.164721,26,510,[-1]
3447,65,-0.646017,9,2150,80.0,-3.583352,29,560,0.0,-1,0,[0]
3453,47,-0.483519,9,2410,80.0,-3.455388,29,240,2.275685,26,390,[0 -1]
3457,47,-0.483526,9,2410,80.0,-3.455531,29,240,2.275492,26,390,[0 -1]
3466,64,-0.524291,9,2280,80.0,-3.509176,29,310,2.177543,26,490,[-1]
3510,65,-0.526581,9,2270,80.0,-3.483688,29,310,2.16794,26,500,[-1]
3516,52,-0.498282,9,2390,80.0,-3.504233,29,250,2.170666,26,390,[0 -1]
3525,49,-0.49185,9,2400,80.0,-3.462479,29,240,2.134031,26,380,[0 -1]
3530,66,-0.528373,9,2250,80.0,-3.466742,29,320,2.13334,26,510,[-1]
3535,53,-0.499075,9,2370,80.0,-3.475746,29,260,2.175582,26,410,[0 -1]
3539,67,-0.533648,9,2250,80.0,-3.500197,29,320,2.168633,26,520,[-1]
3543,67,-0.53541,9,2250,80.0,-3.514061,29,320,2.104712,26,510,[-1]
3546,71,-2.671738,9,1930,80.0,-7.505994,11,4130,-0.53478,9,2220,[0 -1 1]
3546,71,-0.53478,9,2220,80.0,-2.671738,9,1930,2.186856,26,540,[0 -1]
3549,67,-0.534949,9,2250,80.0,-3.527592,29,320,2.101745,26,510,[-1]
3554,69,-0.536061,9,2230,80.0,-3.479375,29,330,2.144377,26,530,[-1]
3560,65,-0.525343,9,2270,80.0,-3.473829,29,310,1.997498,26,460,[0 -1]
3560,65,-0.64303,9,2160,80.0,-3.569902,29,550,0.0,-1,0,[-1]
3567,71,-2.684086,9,1930,80.0,-7.505486,11,4130,-0.543506,9,2220,[0 -1 1]
3567,71,-0.543506,9,2220,80.0,-2.684086,9,1930,2.089581,26,530,[0 -1]
3570,61,-0.518481,9,2300,80.0,-3.51257,29,300,2.041857,26,450,[-1]
3574,68,-0.533811,9,2250,80.0,-3.531792,29,330,2.149116,26,510,[-1]
3579,70,-0.542479,9,2230,80.0,-3.527549,29,330,2.076581,26,520,[0 -1]
3584,54,-0.499967,9,2360,80.0,-3.485973,29,270,2.087371,26,400,[0 -1]
3590,69,-0.538827,9,2220,80.0,-3.49813,29,330,2.039731,26,530,[-1]
3596,61,-0.518611,9,2300,80.0,-3.501723,29,300,2.009897,26,440,[0 -1]
3598,70,-0.535099,9,2230,80.0,-3.513475,29,340,1.950439,26,480,[-1]
3600,68,-0.532688,9,2250,80.0,-3.495778,29,320,2.128395,26,510,[-1]
3603,68,-0.533699,9,2250,80.0,-3.49148,29,320,2.012147,26,480,[-1]
3609,50,-0.490596,9,2400,80.0,-3.447533,29,240,2.08578,26,370,[0 -1]
3612,69,-0.536824,9,2230,80.0,-3.501229,29,330,2.077358,26,520,[-1]
3618,50,-0.490338,9,2400,80.0,-3.495411,29,250,2.116235,26,370,[0 -1]
3621,69,-0.534268,9,2240,80.0,-3.50965,29,330,2.055992,26,500,[-1]
3623,69,-0.535113,9,2230,80.0,-3.47343,29,330,2.103932,26,520,[-1]
3626,69,-0.536147,9,2230,80.0,-3.482986,29,330,2.094523,26,520,[-1]
3633,67,-0.535591,9,2250,80.0,-3.517096,29,320,1.87838,26,460,[-1]
3635,68,-0.532924,9,2250,80.0,-3.5041,29,320,2.083518,26,500,[-1]
3642,70,-2.67391,9,1930,80.0,-7.500242,11,4140,-0.534391,9,2220,[0 -1 1]
3642,70,-0.534391,9,2220,80.0,-2.67391,9,1930,2.09073,26,520,[0 -1]
3645,70,-2.661352,9,1920,80.0,-7.501869,11,4140,-0.536507,9,2220,[0 -1 1]
3645,70,-0.536507,9,2220,80.0,-2.661352,9,1920,2.033703,26,510,[0 -1]
3647,69,-0.537043,9,2230,80.0,-3.50119,29,330,2.030351,26,510,[-1]
3653,53,-0.498833,9,2370,80.0,-3.474269,29,260,2.064598,26,390,[0 -1]
3658,57,-0.503214,9,2330,80.0,-3.419649,29,280,2.056551,26,420,[0 -1]
3661,69,-0.533823,9,2240,80.0,-3.502209,29,330,2.019555,26,490,[-1]
3668,68,-0.534161,9,2240,80.0,-3.509068,29,330,2.048665,26,500,[-1]
3675,69,-0.536948,9,2230,80.0,-3.503282,29,330,1.987632,26,500,[-1]
3679,68,-0.53525,9,2240,80.0,-3.522657,29,330,2.001369,26,490,[-1]
3681,69,-0.535992,9,2230,80.0,-3.484817,29,330,2.006545,26,500,[-1]
3684,51,-0.491097,9,2390,80.0,-3.427063,29,250,2.08224,26,370,[0 -1]
3691,69,-0.534426,9,2240,80.0,-3.511923,29,330,2.008785,26,490,[-1]
3696,69,-0.534979,9,2230,80.0,-3.472505,29,330,2.072275,26,510,[-1]
3699,69,-0.534698,9,2240,80.0,-3.500223,29,330,2.070733,26,500,[-1]
3703,69,-0.535788,9,2230,80.0,-3.485193,29,330,2.002734,26,500,[-1]
3706,69,-0.533949,9,2230,80.0,-3.513433,29,340,2.029717,26,500,[-1]
3708,70,-0.54362,9,2230,80.0,-3.539489,29,330,2.018452,26,510,[-1]
3712,69,-0.534398,9,2240,80.0,-3.502949,29,330,2.01974,26,490,[-1]
3717,69,-0.536392,9,2230,80.0,-3.484678,29,330,2.007757,26,500,[-1]
3724,69,-0.535782,9,2230,80.0,-3.521609,29,340,2.016922,26,500,[-1]
3729,69,-0.533817,9,2240,80.0,-3.5003,29,330,1.979684,26,480,[-1]
3738,70,-2.667973,9,1910,80.0,-7.496657,11,4150,-0.543857,9,2230,[0 -1 1]
3738,70,-0.543857,9,2230,80.0,-2.667973,9,1910,1.958366,26,500,[0 -1]
3742,70,-0.543416,9,2230,80.0,-3.540252,29,330,1.969844,26,500,[-1]
3746,67,-0.534825,9,2250,80.0,-3.50956,29,320,1.894973,26,460,[-1]
3752,66,-0.527431,9,2250,80.0,-3.455205,29,320,1.870803,26,450,[-1]
3758,59,-0.511065,9,2310,80.0,-3.442508,29,290,1.9605,26,420,[-1]
3760,72,-2.667735,9,1920,80.0,-7.491074,11,4150,-0.542924,9,2210,[0 -1 1]
3760,72,-0.542924,9,2210,80.0,-2.667735,9,1920,1.980734,26,510,[0 -1]
3762,69,-0.536405,9,2230,80.0,-3.487276,29,330,1.95874,26,490,[-1]
3764,71,-0.542467,9,2220,80.0,-3.48869,29,330,1.969435,26,500,[0 -1]
3769,62,-0.523389,9,2310,80.0,-3.536132,29,290,1.981065,26,430,[-1]
3772,70,-0.543742,9,2230,80.0,-3.541495,29,330,1.973393,26,500,[-1]
3775,55,-0.501093,9,2350,80.0,-3.442662,29,270,1.993668,26,390,[0 -1]
3777,52,-0.501071,9,2380,80.0,-3.501559,29,250,1.957641,26,370,[0 -1]
3782,62,-0.519386,9,2290,80.0,-3.483407,29,300,1.94301,26,440,[-1]
3787,70,-0.534587,9,2230,80.0,-3.463941,29,330,1.982803,26,490,[-1]
3792,54,-0.500595,9,2370,80.0,-3.475873,29,260,1.96828,26,370,[0 -1]
3797,53,-0.499201,9,2370,80.0,-3.482189,29,260,1.999698,26,380,[0 -1]
3800,70,-2.662125,9,1920,80.0,-7.500483,11,4140,-0.535631,9,2220,[0 -1 1]
3800,70,-0.535631,9,2220,80.0,-2.662125,9,1920,1.915588,26,480,[0 -1]
3802,70,-2.662038,9,1920,80.0,-7.502111,11,4140,-0.535523,9,2220,[0 -1 1]
3802,70,-0.535523,9,2220,80.0,-2.662038,9,1920,1.946878,26,490,[0 -1]
3806,71,-0.544484,9,2220,80.0,-3.497659,29,330,1.958178,26,500,[0 -1]
3813,62,-0.523478,9,2310,80.0,-3.537474,29,290,1.979145,26,430,[-1]
3820,53,-0.499402,9,2380,80.0,-3.461061,29,250,1.945643,26,360,[0 -1]
3824,56,-0.502694,9,2340,80.0,-3.449539,29,280,1.940775,26,390,[0 -1]
3827,63,-0.518048,9,2290,80.0,-3.496192,29,310,1.949258,26,430,[-1]
3831,71,-2.6602,9,1920,80.0,-7.499823,11,4140,-0.537752,9,2210,[0 -1 1]
3831,71,-0.537752,9,2210,80.0,-2.6602,9,1920,1.894786,26,490,[0 -1]
3837,72,-2.670547,9,1920,80.0,-7.497785,11,4140,-0.544937,9,2210,[0 -1 1]
3837,72,-0.544937,9,2210,80.0,-2.670547,9,1920,1.909991,26,500,[0 -1]
3841,71,-0.542141,9,2220,80.0,-3.489884,29,330,1.920962,26,490,[0 -1]
3845,53,-0.501716,9,2370,80.0,-3.448598,29,250,1.966675,26,380,[0 -1]
3849,56,-0.502967,9,2340,80.0,-3.47211,29,280,1.887032,26,380,[0 -1]
3855,71,-2.672449,9,1930,80.0,-7.500817,11,4140,-0.534456,9,2220,[0 -1 1]
3855,71,-0.534456,9,2220,80.0,-2.672449,9,1930,1.917667,26,480,[0 -1]
3856,58,-0.510803,9,2320,80.0,-3.455975,29,280,1.863274,26,400,[0 -1]
3862,72,-2.670609,9,1920,80.0,-7.491825,11,4150,-0.544854,9,2210,[0 -1 1]
3862,72,-0.544854,9,2210,80.0,-2.670609,9,1920,1.867804,26,490,[0 -1]
3867,63,-0.520259,9,2280,80.0,-3.488497,29,310,1.880206,26,430,[-1]
3872,61,-0.519113,9,2300,80.0,-3.458891,29,290,1.851664,26,410,[-1]
3877,63,-0.519085,9,2280,80.0,-3.439116,29,300,1.809674,26,420,[-1]
3880,65,-0.527873,9,2260,80.0,-3.47006,29,310,1.872528,26,450,[-1]
3880,65,-0.639324,9,2140,80.0,-3.562619,29,570,0.0,-1,0,[0]
3885,70,-0.536718,9,2220,80.0,-3.492379,29,340,1.76954,26,450,[-1]
3888,62,-0.524076,9,2300,80.0,-3.502905,29,290,1.890521,26,420,[-1]
3893,61,-0.517562,9,2300,80.0,-3.497695,29,300,1.867383,26,410,[-1]
3896,59,-0.509903,9,2320,80.0,-3.486555,29,290,1.844938,26,390,[-1]
3912,69,-0.536425,9,2230,80.0,-3.491673,29,330,1.690019,26,430,[-1]
3916,61,-0.519187,9,2300,80.0,-3.460133,29,290,1.849805,26,410,[-1]
3922,62,-0.51986,9,2290,80.0,-3.478742,29,300,1.866988,26,420,[-1]
3927,63,-0.520494,9,2280,80.0,-3.443307,29,300,1.864653,26,430,[-1]
3932,63,-0.524708,9,2290,80.0,-3.46775,29,290,1.898797,26,430,[-1]
3937,62,-0.519932,9,2290,80.0,-3.47916,29,300,1.850184,26,420,[-1]
3941,64,-0.527008,9,2280,80.0,-3.494299,29,300,1.841593,26,430,[-1]
3945,56,-0.50239,9,2340,80.0,-3.453875,29,280,1.910382,26,380,[0 -1]
3950,63,-0.52053,9,2280,80.0,-3.443938,29,300,1.863701,26,430,[-1]
3955,63,-0.520538,9,2280,80.0,-3.444074,29,300,1.863496,26,430,[-1]
3958,68,-0.536869,9,2240,80.0,-3.497158,29,320,1.833444,26,460,[-1]
3963,66,-0.529351,9,2250,80.0,-3.482782,29,320,1.707323,26,420,[-1]
3968,63,-0.520626,9,2280,80.0,-3.453292,29,300,1.850856,26,430,[-1]
3974,63,-0.524789,9,2290,80.0,-3.468903,29,290,1.803666,26,410,[-1]
3975,63,-0.520636,9,2280,80.0,-3.453481,29,300,1.804044,26,420,[-1]
3977,61,-0.519748,9,2300,80.0,-3.473904,29,290,1.830873,26,410,[-1]
3982,62,-0.523843,9,2300,80.0,-3.510062,29,290,1.787343,26,400,[-1]
3987,62,-0.524264,9,2300,80.0,-3.505678,29,290,1.790772,26,400,[-1]
3992,66,-0.526025,9,2260,80.0,-3.492434,29,320,1.814011,26,430,[-1]
3992,66,-0.644842,9,2150,80.0,-3.547721,29,550,0.0,-1,0,[0]
3995,63,-0.520348,9,2280,80.0,-3.429731,29,300,1.789742,26,410,[-1]
3998,63,-0.525159,9,2290,80.0,-3.509744,29,300,1.818815,26,410,[-1]
3999,63,-0.520674,9,2280,80.0,-3.454126,29,300,1.754508,26,410,[-1]
3003,42,-0.465591,9,2440,80.0,-3.431345,29,230,2.64149,26,410,[0 -1]
3008,71,-2.66968,9,1920,80.0,-7.498755,11,4140,-0.544306,9,2210,[0 -1 1 0]
3008,71,-0.544306,9,2210,80.0,-2.66968,9,1920,2.237001,26,580,[-1 0]
3021,44,-0.462954,9,2440,80.0,-3.356018,29,230,2.669027,26,400,[0 -1]
3028,73,-2.682526,9,1930,80.0,-7.491374,11,4140,-0.553397,9,2190,[0 -1 1 0]
3028,73,-0.553397,9,2190,80.0,-2.682526,9,1930,2.311247,26,620,[-1 0]
3041,43,-0.466201,9,2430,80.0,-3.376263,29,230,2.522558,26,400,[0 -1]
3045,42,-0.463059,9,2450,80.0,-3.358266,29,220,2.644645,26,390,[0 -1]
3050,44,-0.463032,9,2440,80.0,-3.357303,29,230,2.667391,26,400,[0 -1]
3065,48,-0.492472,9,2400,80.0,-3.502069,29,240,2.506327,26,450,[0 -1]
3070,44,-0.463085,9,2440,80.0,-3.358176,29,230,2.598479,26,390,[0 -1]
3075,44,-0.463098,9,2440,80.0,-3.358393,29,230,2.5982,26,390,[0 -1]
3079,44,-0.463109,9,2440,80.0,-3.358566,29,230,2.597979,26,390,[0 -1]
3083,42,-0.459171,9,2430,80.0,-3.338616,29,230,2.475654,26,390,[0 -1]
3096,72,-2.67633,9,1930,80.0,-7.493982,11,4140,-0.546776,9,2190,[0 -1 1 0]
3096,72,-0.546776,9,2190,80.0,-2.67633,9,1930,2.235173,26,600,[-1 0]
3111,43,-0.459435,9,2420,80.0,-3.2932,29,230,2.456867,26,400,[0 -1]
3116,44,-0.473886,9,2430,80.0,-3.448972,29,230,2.517903,26,410,[0 -1]
3127,52,-0.49985,9,2380,80.0,-3.474064,29,250,2.391573,26,440,[0 -1]
3132,44,-0.467645,9,2420,80.0,-3.370002,29,230,2.398587,26,400,[0 -1]
3142,44,-0.463271,9,2440,80.0,-3.361231,29,230,2.594541,26,390,[0 -1]
3149,46,-0.473423,9,2420,80.0,-3.466484,29,250,2.49083,26,400,[0 -1]
3154,44,-0.463302,9,2440,80.0,-3.361727,29,230,2.527246,26,380,[0 -1]
3158,44,-0.468971,9,2410,80.0,-3.378109,29,240,2.40827,26,410,[0 -1]
3166,45,-0.468814,9,2410,80.0,-3.378439,29,240,2.42979,26,410,[0 -1]
3169,66,-0.526782,9,2260,80.0,-3.483881,29,320,2.239295,26,520,[-1]
3169,66,-0.64316,9,2150,80.0,-3.567712,29,560,0.0,-1,0,[-1]
3173,45,-0.471067,9,2400,80.0,-3.391741,29,250,2.43325,26,420,[0 -1]
3182,48,-0.489909,9,2410,80.0,-3.495542,29,240,2.375562,26,410,[0 -1]
3187,71,-2.66634,9,1920,80.0,-7.491053,11,4150,-0.545121,9,2200,[0 -1 1 0]
3187,71,-0.545121,9,2200,80.0,-2.66634,9,1920,2.069916,26,550,[-1 0]
3193,45,-0.476224,9,2420,80.0,-3.432072,29,230,2.420231,26,410,[0 -1]
3202,44,-0.468567,9,2420,80.0,-3.403735,29,240,2.445523,26,400,[0 -1]
3209,44,-0.463437,9,2440,80.0,-3.363954,29,230,2.524339,26,380,[0 -1]
3213,45,-0.46632,9,2420,80.0,-3.396976,29,250,2.409209,26,380,[0 -1]
3217,70,-0.538114,9,2210,80.0,-3.494288,29,340,2.064142,26,540,[-1]
3223,43,-0.464122,9,2440,80.0,-3.377272,29,230,2.510104,26,380,[0 -1]
3227,58,-0.510042,9,2320,80.0,-3.483686,29,290,2.318604,26,480,[-1 0]
3242,45,-0.465738,9,2430,80.0,-3.377734,29,240,2.418009,26,370,[0 -1]
3251,45,-0.476326,9,2420,80.0,-3.434421,29,230,2.286312,26,390,[0 -1]
3256,69,-0.538649,9,2220,80.0,-3.487019,29,330,2.097778,26,540,[-1]
3266,45,-0.466447,9,2420,80.0,-3.399075,29,250,2.406421,26,380,[0 -1]
3272,54,-0.499214,9,2360,80.0,-3.475233,29,270,2.316106,26,440,[0 -1]
3276,68,-0.532145,9,2250,80.0,-3.480849,29,320,2.19956,26,520,[-1]
3287,70,-2.678751,9,1920,80.0,-7.507395,11,4130,-0.545187,9,2220,[0 -1 0]
3287,70,-0.545187,9,2220,80.0,-2.678751,9,1920,2.158606,26,560,[-1]
3292,65,-0.529219,9,2260,80.0,-3.486148,29,310,2.266806,26,540,[-1]
3292,65,-0.642729,9,2160,80.0,-3.575936,29,550,0.0,-1,0,[0]
3306,47,-0.476085,9,2410,80.0,-3.422298,29,250,2.354239,26,390,[0 -1]
3310,65,-0.535972,9,2260,80.0,-3.497005,29,300,2.269273,26,550,[0 -1]
3310,65,-0.63937,9,2140,80.0,-3.550896,29,570,0.0,-1,0,[-1]
3320,48,-0.476011,9,2400,80.0,-3.356382,29,250,2.390071,26,400,[0 -1]
3325,62,-0.518502,9,2290,80.0,-3.467845,29,300,2.159333,26,480,[-1]
3334,65,-0.524634,9,2270,80.0,-3.464536,29,310,2.281845,26,520,[-1 0]
3334,65,-0.642574,9,2160,80.0,-3.563568,29,550,0.0,-1,0,[-1]
3339,72,-2.667993,9,1920,80.0,-7.490554,11,4150,-0.546272,9,2200,[0 -1 1 0]
3339,72,-0.546272,9,2200,80.0,-2.667993,9,1920,1.980815,26,530,[-1 0]
3344,46,-0.481151,9,2430,80.0,-3.464778,29,230,2.340867,26,380,[0 -1]
3348,47,-0.48076,9,2420,80.0,-3.450905,29,240,2.393844,26,390,[0 -1]
3351,48,-0.477698,9,2400,80.0,-3.368127,29,250,2.313712,26,390,[0 -1]
3362,52,-0.499473,9,2380,80.0,-3.468143,29,250,2.21949,26,410,[0 -1]
3369,56,-0.500693,9,2340,80.0,-3.440658,29,280,2.184809,26,430,[-1]
3376,46,-0.473886,9,2420,80.0,-3.393584,29,240,2.305938,26,370,[0 -1]
3380,47,-0.47612,9,2410,80.0,-3.357823,29,240,2.290066,26,380,[0 -1]
3398,68,-0.53523,9,2240,80.0,-3.512895,29,330,2.046901,26,500,[-1]
3403,52,-0.49809,9,2380,80.0,-3.463469,29,250,2.278227,26,420,[0 -1]
3408,57,-0.50976,9,2340,80.0,-3.467119,29,270,2.172222,26,440,[-1]
3420,71,-2.662231,9,1910,80.0,-7.499791,11,4140,-0.543608,9,2220,[0 -1 1 0]
3420,71,-0.543608,9,2220,80.0,-2.662231,9,1910,1.985898,26,510,[-1 0]
3422,51,-0.490801,9,2390,80.0,-3.436098,29,250,2.25935,26,400,[0 -1]
3426,49,-0.484685,9,2400,80.0,-3.439014,29,250,2.269538,26,390,[0 -1]
3433,77,-2.71524,9,1970,80.0,-7.482887,11,4140,-0.556722,9,2150,[0 -1 0]
3433,77,-0.556722,9,2150,80.0,-2.71524,9,1970,1.895722,26,550,[-1]
3440,66,-0.533976,9,2260,80.0,-3.495033,29,310,2.020387,26,480,[-1]
3445,47,-0.483738,9,2410,80.0,-3.45153,29,240,2.28047,26,390,[0 -1]
3450,48,-0.483616,9,2410,80.0,-3.434497,29,240,2.245195,26,380,[0 -1]
3455,53,-0.498098,9,2380,80.0,-3.503634,29,260,2.264804,26,410,[0 -1]
3465,48,-0.476414,9,2400,80.0,-3.412006,29,260,2.212524,26,370,[0 -1]
3470,49,-0.483514,9,2400,80.0,-3.474572,29,260,2.241725,26,380,[0 -1]
3473,48,-0.484293,9,2410,80.0,-3.441803,29,240,2.232685,26,380,[0 -1]
3477,49,-0.491762,9,2400,80.0,-3.460809,29,240,2.196319,26,390,[0 -1]
3486,49,-0.483209,9,2400,80.0,-3.417538,29,250,2.232197,26,380,[0 -1]
3496,55,-0.500834,9,2350,80.0,-3.437964,29,270,2.211204,26,430,[0 -1]
3500,48,-0.48421,9,2400,80.0,-3.44772,29,250,2.173378,26,380,[0 -1]
3511,70,-0.534619,9,2230,80.0,-3.463125,29,330,2.005122,26,490,[-1]
3512,61,-0.516285,9,2310,80.0,-3.484292,29,290,2.05669,26,440,[-1]
3525,54,-0.501726,9,2360,80.0,-3.463346,29,260,2.097614,26,410,[0 -1]
3533,68,-0.53258,9,2250,80.0,-3.491615,29,320,1.960346,26,470,[-1]
3537,49,-0.492272,9,2400,80.0,-3.456094,29,240,2.137633,26,380,[0 -1]
3540,70,-0.536344,9,2220,80.0,-3.487117,29,340,1.939085,26,490,[-1]
3551,73,-2.685222,9,1940,80.0,-7.493073,11,4140,-0.542785,9,2200,[0 -1 0]
3551,73,-0.542785,9,2200,80.0,-2.685222,9,1940,1.973324,26,510,[-1]
3555,67,-0.534241,9,2260,80.0,-3.499256,29,310,1.884932,26,450,[-1]
3561,66,-0.527997,9,2260,80.0,-3.500759,29,320,1.944754,26,460,[-1]
3561,66,-0.644697,9,2150,80.0,-3.552723,29,550,0.0,-1,0,[-1]
3563,67,-0.527284,9,2250,80.0,-3.447267,29,320,2.156517,26,510,[-1]
3572,70,-0.545814,9,2220,80.0,-3.509557,29,320,1.915835,26,510,[0 -1]
3576,55,-0.508383,9,2360,80.0,-3.500719,29,260,2.039028,26,400,[0 -1]
3581,69,-0.534434,9,2240,80.0,-3.496374,29,330,2.119723,26,510,[-1]
3597,68,-0.53554,9,2240,80.0,-3.479719,29,320,2.069927,26,510,[-1]
3610,50,-0.49274,9,2390,80.0,-3.479622,29,250,2.085833,26,380,[0 -1]
3614,53,-0.501015,9,2370,80.0,-3.504115,29,260,2.084948,26,400,[0 -1]
3616,57,-0.509201,9,2340,80.0,-3.52029,29,280,2.121273,26,430,[0 -1]
3625,51,-0.492992,9,2390,80.0,-3.464361,29,250,2.110708,26,380,[0 -1]
3628,50,-0.485963,9,2390,80.0,-3.398878,29,250,2.08707,26,370,[0 -1]
3636,48,-0.485388,9,2400,80.0,-3.398079,29,240,2.05232,26,360,[0 -1]
3642,50,-0.492834,9,2390,80.0,-3.413539,29,240,2.092285,26,380,[0 -1]
3649,70,-0.543234,9,2230,80.0,-3.537268,29,330,1.84677,26,470,[-1]
3652,70,-0.53471,9,2220,80.0,-3.479789,29,340,1.916759,26,480,[-1]
3660,54,-0.499525,9,2370,80.0,-3.467299,29,260,2.081584,26,390,[0 -1]
3670,55,-0.502171,9,2350,80.0,-3.455351,29,270,1.967328,26,390,[0 -1]
3678,57,-0.510227,9,2330,80.0,-3.438907,29,270,2.01142,26,420,[0 -1]
3681,67,-0.532526,9,2260,80.0,-3.478915,29,310,1.910439,26,450,[-1]
3686,52,-0.498718,9,2380,80.0,-3.473106,29,250,2.038761,26,380,[0 -1]
3691,70,-0.53698,9,2220,80.0,-3.457532,29,330,1.834836,26,470,[-1]
3702,68,-0.53559,9,2240,80.0,-3.478107,29,320,1.999099,26,490,[-1]
3713,70,-0.536435,9,2220,80.0,-3.489156,29,340,1.898085,26,480,[-1]
3718,59,-0.509553,9,2320,80.0,-3.481264,29,290,2.003776,26,420,[-1]
3721,70,-2.66789,9,1910,80.0,-7.496627,11,4150,-0.543824,9,2230,[0 -1 0]
3721,70,-0.543824,9,2230,80.0,-2.66789,9,1910,1.831226,26,470,[-1]
3725,69,-0.534403,9,2240,80.0,-3.513499,29,330,1.832607,26,450,[-1]
3732,58,-0.508777,9,2330,80.0,-3.460347,29,280,2.001896,26,410,[0 -1]
3738,53,-0.499234,9,2380,80.0,-3.525806,29,260,1.993911,26,370,[0 -1]
3744,71,-0.537286,9,2210,80.0,-3.460572,29,340,1.986521,26,510,[0 -1]
3746,69,-0.53447,9,2240,80.0,-3.504008,29,330,1.845702,26,450,[-1]
3753,61,-0.51704,9,2300,80.0,-3.491796,29,300,1.925316,26,420,[-1]
3759,52,-0.501041,9,2380,80.0,-3.501008,29,250,2.013919,26,380,[0 -1]
3766,59,-0.518067,9,2320,80.0,-3.492277,29,280,1.964686,26,420,[-1]
3775,61,-0.518945,9,2300,80.0,-3.507433,29,300,1.953106,26,430,[-1]
3789,63,-0.518744,9,2280,80.0,-3.464168,29,310,1.866807,26,420,[-1]
3792,60,-0.517911,9,2310,80.0,-3.504844,29,290,1.974592,26,430,[-1]
3797,57,-0.509874,9,2340,80.0,-3.474666,29,270,1.946248,26,400,[0 -1]
3800,53,-0.501942,9,2370,80.0,-3.445812,29,250,1.92539,26,370,[0 -1]
3804,59,-0.509726,9,2320,80.0,-3.483879,29,290,1.949509,26,410,[-1]
3809,65,-0.534513,9,2270,80.0,-3.50832,29,300,1.83426,26,440,[0 -1]
3809,65,-0.645183,9,2150,80.0,-3.560647,29,550,0.0,-1,0,[-1]
3814,53,-0.499228,9,2380,80.0,-3.464001,29,250,1.937369,26,360,[0 -1]
3822,71,-2.671711,9,1920,80.0,-7.499957,11,4140,-0.542004,9,2220,[0 -1 1]
3822,71,-0.542004,9,2220,80.0,-2.671711,9,1920,1.838724,26,470,[0 -1]
3826,71,-2.673922,9,1930,80.0,-7.500506,11,4140,-0.53598,9,2220,[0 -1 1]
3826,71,-0.53598,9,2220,80.0,-2.673922,9,1930,1.750722,26,440,[-1]
3835,60,-0.51679,9,2320,80.0,-3.494339,29,280,1.975369,26,420,[0 -1]
3840,62,-0.523568,9,2300,80.0,-3.506026,29,290,1.937061,26,430,[-1]
3846,63,-0.520103,9,2280,80.0,-3.425629,29,300,1.93687,26,440,[-1]
3856,63,-0.526317,9,2290,80.0,-3.490961,29,290,1.912003,26,440,[-1]
3860,63,-0.526098,9,2290,80.0,-3.479393,29,290,1.88314,26,430,[-1]
3865,62,-0.52358,9,2310,80.0,-3.539021,29,290,1.929881,26,420,[-1]
3868,64,-0.525142,9,2280,80.0,-3.516759,29,310,1.92713,26,440,[-1]
3880,62,-0.51984,9,2290,80.0,-3.477555,29,300,1.852577,26,420,[-1]
3883,54,-0.502698,9,2360,80.0,-3.465756,29,260,1.872317,26,370,[0 -1]
3887,62,-0.519803,9,2290,80.0,-3.477756,29,300,1.868457,26,420,[-1]
3895,61,-0.519152,9,2300,80.0,-3.459543,29,290,1.850686,26,410,[-1]
3900,61,-0.517268,9,2310,80.0,-3.487286,29,290,1.902757,26,410,[-1]
3903,62,-0.519877,9,2290,80.0,-3.478208,29,300,1.851603,26,420,[-1]
3907,61,-0.517282,9,2310,80.0,-3.487485,29,290,1.902466,26,410,[-1]
3911,62,-0.523707,9,2300,80.0,-3.508077,29,290,1.8861,26,420,[-1]
3916,62,-0.524131,9,2300,80.0,-3.503705,29,290,1.889345,26,420,[-1]
3920,63,-0.52055,9,2280,80.0,-3.451976,29,300,1.852841,26,430,[-1]
3926,59,-0.518343,9,2320,80.0,-3.496954,29,280,1.857455,26,400,[-1]
3929,63,-0.520565,9,2280,80.0,-3.452224,29,300,1.852465,26,430,[-1]
3933,62,-0.519925,9,2290,80.0,-3.479049,29,300,1.85035,26,420,[-1]
3938,61,-0.517514,9,2300,80.0,-3.458483,29,290,1.85303,26,410,[-1]
3948,55,-0.502361,9,2350,80.0,-3.454579,29,270,1.866363,26,370,[0 -1]
3954,55,-0.503285,9,2340,80.0,-3.43333,29,270,1.848354,26,380,[0 -1]
3958,58,-0.509204,9,2330,80.0,-3.466893,29,280,1.890278,26,390,[0 -1]
3963,61,-0.519264,9,2300,80.0,-3.461427,29,290,1.847864,26,410,[-1]
3968,61,-0.517701,9,2300,80.0,-3.4998,29,300,1.864276,26,410,[-1]
3973,61,-0.519139,9,2300,80.0,-3.463009,29,290,1.752105,26,390,[-1]
3978,62,-0.519996,9,2290,80.0,-3.480289,29,300,1.800841,26,410,[-1]
3983,63,-0.52041,9,2280,80.0,-3.452218,29,300,1.802307,26,420,[-1]
3988,62,-0.523811,9,2310,80.0,-3.542526,29,290,1.827739,26,400,[-1]
3993,62,-0.519939,9,2290,80.0,-3.487248,29,300,1.797547,26,410,[-1]
3997,63,-0.52518,9,2290,80.0,-3.509718,29,300,1.818796,26,410,[-1]
3999,59,-0.509738,9,2320,80.0,-3.487094,29,290,1.793164,26,380,[-1]
