3002,46,2.150983,21,2720,80.0,-2.606379,8,420,5.961524,22,1000,[-1]
3007,63,1.92695,21,2460,80.0,-2.594371,8,550,5.608675,22,1150,[0 -1]
3019,46,2.148044,21,2720,80.0,-2.566745,8,410,5.961673,22,1000,[-1 0 -1]
3027,73,1.965315,21,2440,80.0,-2.584838,8,640,5.530765,22,1090,[0 -1]
3037,69,1.994698,21,2490,80.0,-2.603786,8,600,5.587505,22,1080,[-1]
3044,62,1.966398,21,2490,80.0,-2.550477,8,540,5.649446,22,1120,[-1]
3047,59,1.958096,21,2490,80.0,-2.628098,8,540,5.66433,22,1150,[-1]
3058,62,1.972647,21,2490,80.0,-2.565488,8,550,5.630441,22,1130,[-1]
3061,69,1.874147,21,2380,80.0,-2.604589,8,610,5.502135,22,1190,[-1]
3065,42,2.098164,21,2690,80.0,-2.579528,8,390,5.984327,22,1060,[-1]
3067,59,2.514284,21,2990,80.0,-2.604846,8,530,5.977234,22,630,[0 -1]
3071,60,2.51064,21,2980,80.0,-2.552708,8,540,5.974854,22,620,[0 -1]
3077,75,1.826899,21,2320,80.0,-2.642696,8,660,5.411377,22,1220,[-1]
3082,44,2.112996,21,2690,80.0,-2.596498,8,410,5.967592,22,1050,[-1]
3093,49,1.969992,21,2550,80.0,-2.620224,8,450,5.793184,22,1170,[-1]
3098,65,1.89734,21,2420,80.0,-2.592104,8,570,5.558626,22,1190,[0 -1]
3109,44,2.101167,21,2680,80.0,-2.597857,8,410,5.960839,22,1060,[-1]
3118,43,2.05433,21,2660,80.0,-2.621326,8,390,5.943768,22,1100,[-1]
3124,64,1.907913,21,2420,80.0,-2.552825,8,570,5.569165,22,1190,[0 -1]
3129,69,1.930016,21,2430,80.0,-2.577823,8,600,5.552658,22,1130,[-1]
3139,74,1.74581,21,2230,80.0,-2.576209,8,660,5.356242,22,1320,[-1]
3150,58,2.1661,21,2680,80.0,-2.566477,8,510,5.800962,22,960,[0 -1]
3155,64,1.896594,21,2410,80.0,-2.552478,8,570,5.556419,22,1200,[0 -1]
3158,44,1.933819,21,2550,80.0,-2.594728,8,400,5.851761,22,1200,[-1]
3162,43,2.019727,21,2620,80.0,-2.542298,8,390,5.920582,22,1140,[0 -1]
3166,63,2.213749,21,2700,80.0,-2.552723,8,550,5.779896,22,900,[0 -1]
3169,47,1.928282,21,2520,80.0,-2.565442,8,430,5.804142,22,1210,[-1]
3175,44,2.041569,21,2630,80.0,-2.601094,8,410,5.920415,22,1120,[0 -1]
3180,44,1.973918,21,2590,80.0,-2.600238,8,390,5.885752,22,1170,[-1]
3185,49,2.044967,21,2600,80.0,-2.542822,8,450,5.844832,22,1100,[0 -1]
3191,64,2.133201,21,2630,80.0,-2.592458,8,560,5.715137,22,960,[0 -1]
3197,44,2.01403,21,2620,80.0,-2.624743,8,400,5.900351,22,1140,[-1]
3201,61,2.112435,21,2620,80.0,-2.599703,8,540,5.725362,22,1000,[0 -1]
3208,70,1.797869,21,2310,80.0,-2.581113,8,610,5.441208,22,1270,[0 -1]
3211,45,1.902634,21,2520,80.0,-2.622649,8,410,5.826687,22,1230,[-1]
3215,44,1.894658,21,2520,80.0,-2.615308,8,400,5.838613,22,1230,[0 -1]
3221,68,2.044863,21,2520,80.0,-2.581001,8,610,5.636307,22,1020,[-1]
3226,64,2.0253,21,2520,80.0,-2.556064,8,570,5.650598,22,1060,[0 -1]
3228,58,1.902292,21,2450,80.0,-2.590647,8,520,5.638416,22,1210,[-1]
3234,45,1.888193,21,2510,80.0,-2.583484,8,400,5.818549,22,1250,[-1]
3241,61,1.814487,21,2370,80.0,-2.560701,8,530,5.547487,22,1280,[0 -1]
3248,49,1.862364,21,2470,80.0,-2.62084,8,440,5.749581,22,1250,[0 -1]
3255,46,1.850022,21,2470,80.0,-2.593941,8,420,5.784581,22,1270,[-1]
3258,60,1.947877,21,2490,80.0,-2.620302,8,530,5.653072,22,1150,[-1]
3268,68,1.737604,21,2270,80.0,-2.626418,8,600,5.409336,22,1330,[0 -1]
3274,68,1.790814,21,2300,80.0,-2.580075,8,610,5.446824,22,1280,[-1]
3278,49,1.847558,21,2460,80.0,-2.636402,8,440,5.746035,22,1270,[-1]
3285,58,1.85098,21,2410,80.0,-2.602439,8,520,5.604823,22,1260,[0 -1]
3291,55,1.902009,21,2460,80.0,-2.63502,8,510,5.679789,22,1210,[0 -1]
3298,45,1.831051,21,2460,80.0,-2.596117,8,410,5.771211,22,1300,[0 -1]
3304,55,1.819494,21,2400,80.0,-2.640555,8,500,5.6297,22,1300,[0 -1]
3308,49,1.822516,21,2440,80.0,-2.627764,8,440,5.720946,22,1300,[0 -1]
3313,68,1.920784,21,2420,80.0,-2.590115,8,600,5.548523,22,1160,[0 -1]
3318,69,1.73409,21,2250,80.0,-2.573745,8,610,5.392099,22,1350,[0 -1]
3332,46,1.824025,21,2450,80.0,-2.606103,8,420,5.766305,22,1300,[0 -1]
3337,47,1.821552,21,2440,80.0,-2.603857,8,430,5.755371,22,1300,[0 -1]
3340,58,1.802234,21,2370,80.0,-2.558719,8,510,5.579937,22,1300,[0 -1]
3346,62,1.868404,21,2410,80.0,-2.582395,8,540,5.57706,22,1230,[0 -1]
3350,73,1.720813,21,2220,80.0,-2.567956,8,640,5.350524,22,1340,[0]
3356,61,1.896268,21,2440,80.0,-2.575744,8,530,5.611665,22,1200,[-1]
3362,64,1.781172,21,2320,80.0,-2.563314,8,560,5.492123,22,1310,[0 -1]
3366,70,1.919714,21,2400,80.0,-2.545604,8,620,5.522299,22,1160,[0 -1]
3373,62,1.875066,21,2410,80.0,-2.577971,8,550,5.573233,22,1220,[0 -1]
3378,64,1.864042,21,2390,80.0,-2.552479,8,560,5.551071,22,1230,[0 -1]
3381,46,1.818488,21,2440,80.0,-2.580078,8,420,5.742109,22,1320,[0 -1]
3390,47,1.805118,21,2420,80.0,-2.559765,8,430,5.719093,22,1330,[-1]
3394,62,1.847185,21,2390,80.0,-2.601998,8,550,5.567964,22,1240,[-1]
3401,46,1.796215,21,2420,80.0,-2.561532,8,420,5.725317,22,1340,[-1]
3413,63,1.842233,21,2380,80.0,-2.566326,8,550,5.549633,22,1250,[0 -1]
3418,47,1.80495,21,2420,80.0,-2.560947,8,430,5.719286,22,1330,[0 -1]
3423,51,1.8068,21,2410,80.0,-2.605754,8,460,5.67382,22,1320,[0 -1]
3429,48,1.806225,21,2420,80.0,-2.601298,8,440,5.724972,22,1320,[0 -1]
3433,68,1.875339,21,2380,80.0,-2.579447,8,600,5.515888,22,1200,[0 -1]
3439,48,1.807717,21,2420,80.0,-2.593296,8,440,5.724805,22,1320,[0 -1]
3442,70,1.685707,21,2210,80.0,-2.568482,8,610,5.335415,22,1390,[0]
3447,65,1.83645,21,2370,80.0,-2.59827,8,570,5.519772,22,1240,[0 -1]
3453,47,1.805261,21,2420,80.0,-2.615364,8,440,5.718027,22,1330,[0 -1]
3457,47,1.805238,21,2420,80.0,-2.61553,8,440,5.718052,22,1330,[0 -1]
3466,64,1.833724,21,2360,80.0,-2.572889,8,570,5.513826,22,1270,[0 -1]
3510,65,1.802369,21,2330,80.0,-2.546405,8,570,5.49544,22,1290,[0 -1]
3516,52,1.796452,21,2390,80.0,-2.578137,8,470,5.652013,22,1330,[0 -1]
3525,49,1.771592,21,2390,80.0,-2.64184,8,450,5.66214,22,1360,[0 -1]
3530,66,1.788285,21,2320,80.0,-2.589936,8,580,5.472448,22,1290,[0 -1]
3535,53,1.789574,21,2370,80.0,-2.579984,8,490,5.618731,22,1340,[0 -1]
3539,67,1.780841,21,2320,80.0,-2.608571,8,580,5.461851,22,1290,[0 -1]
3543,67,1.76266,21,2290,80.0,-2.579741,8,590,5.443549,22,1310,[0 -1]
3546,71,1.786031,21,2280,80.0,-2.562032,8,630,5.426533,22,1280,[0 -1]
3549,67,1.763371,21,2290,80.0,-2.585422,8,590,5.448295,22,1310,[0 -1]
3554,69,1.758928,21,2270,80.0,-2.555948,8,610,5.421512,22,1310,[0 -1]
3560,65,1.71528,21,2250,80.0,-2.575419,8,580,5.405924,22,1390,[0 -1]
3567,71,1.724377,21,2240,80.0,-2.623165,8,630,5.372627,22,1340,[0 -1]
3570,61,1.726779,21,2280,80.0,-2.540918,8,540,5.467107,22,1390,[0 -1]
3574,68,1.781449,21,2300,80.0,-2.584429,8,600,5.451419,22,1290,[0 -1]
3579,70,1.757615,21,2260,80.0,-2.547579,8,620,5.401321,22,1320,[0 -1]
3584,54,1.723014,21,2320,80.0,-2.577954,8,480,5.551103,22,1400,[0 -1]
3590,69,1.74376,21,2260,80.0,-2.577562,8,610,5.40071,22,1340,[0 -1]
3596,61,1.688198,21,2260,80.0,-2.619485,8,540,5.434793,22,1420,[0 -1]
3598,70,1.676455,21,2210,80.0,-2.623846,8,610,5.328191,22,1410,[0 -1]
3600,68,1.733136,21,2260,80.0,-2.600066,8,600,5.40782,22,1350,[0 -1]
3603,68,1.690173,21,2220,80.0,-2.588711,8,600,5.362648,22,1400,[0 -1]
3609,50,1.759898,21,2380,80.0,-2.64298,8,450,5.654506,22,1370,[0 -1]
3612,69,1.720989,21,2240,80.0,-2.580972,8,610,5.382416,22,1360,[0]
3618,50,1.74298,21,2360,80.0,-2.612249,8,450,5.636196,22,1380,[0 -1]
3621,69,1.741794,21,2260,80.0,-2.593777,8,610,5.401485,22,1340,[0 -1]
3623,69,1.73712,21,2250,80.0,-2.594654,8,620,5.39885,22,1340,[0 -1]
3626,69,1.734817,21,2250,80.0,-2.56144,8,610,5.400043,22,1340,[0 -1]
3633,67,1.652318,21,2190,80.0,-2.583424,8,590,5.322299,22,1450,[0 -1]
3635,68,1.713616,21,2260,80.0,-2.647083,8,590,5.399391,22,1360,[0 -1]
3642,70,1.741961,21,2260,80.0,-2.618732,8,620,5.388391,22,1330,[0 -1]
3645,70,1.721848,21,2230,80.0,-2.546914,8,620,5.379223,22,1350,[0 -1]
3647,69,1.709328,21,2230,80.0,-2.58219,8,610,5.373594,22,1370,[0 -1]
3653,53,1.737205,21,2340,80.0,-2.587976,8,470,5.576069,22,1390,[0 -1]
3658,57,1.73454,21,2310,80.0,-2.570003,8,510,5.530145,22,1390,[0 -1]
3661,69,1.720425,21,2240,80.0,-2.585618,8,610,5.385882,22,1360,[0 -1]
3668,68,1.73004,21,2250,80.0,-2.598706,8,610,5.393172,22,1350,[0 -1]
3675,69,1.720544,21,2240,80.0,-2.583466,8,610,5.374375,22,1370,[0]
3679,68,1.728449,21,2250,80.0,-2.603317,8,610,5.385881,22,1370,[0 -1]
3681,69,1.712552,21,2230,80.0,-2.565117,8,610,5.37475,22,1370,[0 -1]
3684,51,1.741714,21,2350,80.0,-2.595414,8,460,5.610278,22,1390,[-1]
3691,69,1.707579,21,2230,80.0,-2.596538,8,610,5.376696,22,1370,[0 -1]
3696,69,1.716762,21,2230,80.0,-2.548033,8,610,5.367836,22,1370,[0 -1]
3699,69,1.690718,21,2230,80.0,-2.626173,8,600,5.367184,22,1380,[0 -1]
3703,69,1.704222,21,2240,80.0,-2.610203,8,600,5.368646,22,1380,[0 -1]
3706,69,1.687689,21,2220,80.0,-2.627254,8,610,5.340801,22,1400,[0 -1]
3708,70,1.720539,21,2230,80.0,-2.559992,8,620,5.361844,22,1370,[0 -1]
3712,69,1.708934,21,2230,80.0,-2.586892,8,610,5.366885,22,1380,[0 -1]
3717,69,1.712204,21,2230,80.0,-2.562435,8,610,5.363904,22,1380,[0 -1]
3724,69,1.705702,21,2240,80.0,-2.637977,8,610,5.364725,22,1380,[0 -1]
3729,69,1.69057,21,2230,80.0,-2.628219,8,600,5.351436,22,1400,[0 -1]
3738,70,1.707759,21,2220,80.0,-2.575137,8,620,5.354092,22,1380,[0 -1]
3742,70,1.686012,21,2200,80.0,-2.564803,8,620,5.338594,22,1400,[0 -1]
3746,67,1.635674,21,2190,80.0,-2.654228,8,590,5.313515,22,1460,[-1]
3752,66,1.64815,21,2210,80.0,-2.62495,8,570,5.337412,22,1450,[-1]
3758,59,1.702825,21,2290,80.0,-2.645079,8,520,5.472143,22,1410,[0 -1]
3760,72,1.678792,21,2190,80.0,-2.576271,8,630,5.307167,22,1400,[0]
3762,69,1.689059,21,2210,80.0,-2.566694,8,610,5.349846,22,1400,[0 -1]
3764,71,1.670216,21,2190,80.0,-2.579034,8,620,5.30899,22,1410,[0]
3769,62,1.703429,21,2270,80.0,-2.600308,8,540,5.438864,22,1410,[0 -1]
3772,70,1.67605,21,2190,80.0,-2.562408,8,620,5.3274,22,1410,[0 -1]
3775,55,1.721316,21,2310,80.0,-2.570364,8,490,5.525771,22,1410,[0 -1]
3777,52,1.720132,21,2320,80.0,-2.515427,8,460,5.578448,22,1410,[-1]
3782,62,1.702794,21,2270,80.0,-2.595947,8,540,5.437805,22,1410,[0 -1]
3787,70,1.672289,21,2190,80.0,-2.542151,8,610,5.330919,22,1410,[0 -1]
3792,54,1.723435,21,2310,80.0,-2.519582,8,480,5.550607,22,1410,[0 -1]
3797,53,1.705118,21,2310,80.0,-2.593631,8,470,5.535315,22,1430,[-1]
3800,70,1.691383,21,2200,80.0,-2.541472,8,620,5.317624,22,1410,[0]
3802,70,1.689821,21,2200,80.0,-2.550938,8,620,5.320311,22,1410,[0]
3806,71,1.666749,21,2190,80.0,-2.592114,8,620,5.314266,22,1410,[0]
3813,62,1.692785,21,2260,80.0,-2.601903,8,540,5.429402,22,1420,[0]
3820,53,1.706008,21,2300,80.0,-2.53322,8,470,5.535214,22,1440,[-1]
3824,56,1.697605,21,2300,80.0,-2.628652,8,490,5.510655,22,1420,[0 -1]
3827,63,1.679093,21,2240,80.0,-2.594146,8,550,5.396649,22,1440,[0]
3831,71,1.664613,21,2190,80.0,-2.603696,8,620,5.312455,22,1420,[0]
3837,72,1.651341,21,2170,80.0,-2.598269,8,630,5.27928,22,1440,[0]
3841,71,1.668914,21,2190,80.0,-2.584723,8,620,5.30329,22,1420,[0]
3845,53,1.707774,21,2300,80.0,-2.519605,8,470,5.541705,22,1430,[-1]
3849,56,1.66889,21,2270,80.0,-2.632368,8,490,5.462135,22,1470,[-1]
3855,71,1.661426,21,2190,80.0,-2.613043,8,620,5.310344,22,1420,[0]
3856,58,1.67784,21,2260,80.0,-2.579553,8,510,5.445554,22,1450,[0 -1]
3862,72,1.654726,21,2190,80.0,-2.603554,8,610,5.29842,22,1420,[0]
3867,63,1.65994,21,2220,80.0,-2.616674,8,560,5.383009,22,1450,[0]
3872,61,1.67658,21,2250,80.0,-2.629874,8,540,5.405979,22,1450,[0 -1]
3877,63,1.6488,21,2210,80.0,-2.601104,8,550,5.357091,22,1480,[-1]
3880,65,1.672777,21,2210,80.0,-2.562156,8,580,5.348511,22,1450,[0 -1]
3885,70,1.596778,21,2130,80.0,-2.598619,8,610,5.230094,22,1510,[-1]
3888,62,1.678584,21,2240,80.0,-2.606067,8,550,5.387909,22,1450,[0]
3893,61,1.659721,21,2230,80.0,-2.614129,8,540,5.380117,22,1470,[0 -1]
3896,59,1.662754,21,2240,80.0,-2.604002,8,520,5.418805,22,1470,[0 -1]
3912,69,1.577497,21,2100,80.0,-2.57594,8,610,5.203474,22,1550,[0]
3916,61,1.65626,21,2230,80.0,-2.631398,8,540,5.386022,22,1470,[0 -1]
3922,62,1.642227,21,2210,80.0,-2.622854,8,550,5.365162,22,1480,[0 -1]
3927,63,1.659514,21,2220,80.0,-2.587207,8,550,5.374419,22,1460,[0 -1]
3932,63,1.644366,21,2200,80.0,-2.604128,8,560,5.347775,22,1480,[0]
3937,62,1.662773,21,2230,80.0,-2.589103,8,540,5.388001,22,1460,[0 -1]
3941,64,1.658443,21,2210,80.0,-2.576925,8,560,5.352448,22,1470,[0]
3945,56,1.670917,21,2270,80.0,-2.616164,8,490,5.461722,22,1460,[-1]
3950,63,1.659405,21,2220,80.0,-2.587985,8,550,5.374552,22,1460,[0 -1]
3955,63,1.65938,21,2220,80.0,-2.588153,8,550,5.374578,22,1460,[0 -1]
3958,68,1.625902,21,2160,80.0,-2.594254,8,600,5.284411,22,1480,[-1]
3963,66,1.592382,21,2140,80.0,-2.609939,8,580,5.245052,22,1540,[0 -1]
3968,63,1.658443,21,2220,80.0,-2.60167,8,550,5.365376,22,1470,[0 -1]
3974,63,1.644168,21,2200,80.0,-2.60554,8,560,5.348026,22,1480,[-1]
3975,63,1.65841,21,2220,80.0,-2.601903,8,550,5.365419,22,1470,[0 -1]
3977,61,1.644035,21,2220,80.0,-2.643774,8,540,5.37855,22,1480,[-1]
3982,62,1.647837,21,2210,80.0,-2.608863,8,550,5.361053,22,1480,[-1]
3987,62,1.657917,21,2220,80.0,-2.609412,8,550,5.36857,22,1470,[0 -1]
3992,66,1.631009,21,2180,80.0,-2.623801,8,580,5.300677,22,1490,[-1]
3995,63,1.631072,21,2190,80.0,-2.617766,8,560,5.341887,22,1490,[0 -1]
3998,63,1.645949,21,2200,80.0,-2.58957,8,560,5.345938,22,1480,[0]
3999,63,1.648695,21,2210,80.0,-2.602692,8,550,5.354861,22,1480,[-1]
3008,71,1.969865,21,2450,80.0,-2.56775,8,620,5.55321,22,1100,[0 -1]
3028,73,2.010432,21,2480,80.0,-2.587024,8,640,5.566685,22,1040,[0 -1]
3083,42,2.08711,21,2680,80.0,-2.584385,8,390,5.978307,22,1070,[0 -1]
3096,72,1.902282,21,2380,80.0,-2.576627,8,640,5.491037,22,1160,[0 -1]
3127,52,1.892859,21,2480,80.0,-2.637272,8,470,5.711079,22,1230,[-1]
3132,44,2.057823,21,2660,80.0,-2.603219,8,390,5.933027,22,1100,[-1]
3142,44,2.100942,21,2680,80.0,-2.599492,8,410,5.961064,22,1060,[-1]
3149,46,1.989581,21,2580,80.0,-2.584321,8,420,5.854641,22,1150,[-1]
3154,44,2.10086,21,2680,80.0,-2.600078,8,410,5.95335,22,1070,[0 -1]
3158,44,1.933819,21,2550,80.0,-2.594728,8,400,5.851761,22,1200,[-1]
3166,45,1.986896,21,2590,80.0,-2.580265,8,400,5.877221,22,1160,[-1]
3169,66,1.865588,21,2390,80.0,-2.572073,8,570,5.533726,22,1220,[0 -1]
3173,45,1.993767,21,2590,80.0,-2.577468,8,410,5.868011,22,1150,[-1]
3182,48,1.884247,21,2490,80.0,-2.638854,8,440,5.7623,22,1240,[-1]
3187,71,1.805296,21,2300,80.0,-2.573041,8,630,5.426836,22,1260,[0 -1]
3193,45,1.947695,21,2560,80.0,-2.583684,8,400,5.855914,22,1190,[-1]
3202,44,1.979579,21,2590,80.0,-2.620821,8,400,5.885812,22,1160,[-1]
3209,44,1.920123,21,2530,80.0,-2.60271,8,410,5.854075,22,1220,[0 -1]
3213,45,1.943666,21,2550,80.0,-2.592192,8,410,5.842112,22,1190,[-1]
3217,70,1.770958,21,2290,80.0,-2.60324,8,610,5.418925,22,1300,[0 -1]
3223,43,1.885763,21,2520,80.0,-2.615782,8,390,5.840931,22,1240,[-1]
3227,58,1.853631,21,2410,80.0,-2.544426,8,510,5.606894,22,1260,[0 -1]
3242,45,1.887156,21,2510,80.0,-2.581862,8,400,5.818104,22,1250,[-1]
3251,45,1.910374,21,2530,80.0,-2.586396,8,400,5.836754,22,1220,[-1]
3256,69,1.793033,21,2300,80.0,-2.564965,8,610,5.442377,22,1280,[0 -1]
3266,45,1.83126,21,2460,80.0,-2.594662,8,410,5.770979,22,1300,[0 -1]
3272,54,1.828164,21,2410,80.0,-2.613464,8,490,5.64913,22,1280,[-1]
3276,68,1.79923,21,2330,80.0,-2.623021,8,590,5.456265,22,1280,[0 -1]
3287,70,1.772642,21,2290,80.0,-2.558628,8,600,5.430584,22,1280,[0 -1]
3292,65,1.97288,21,2490,80.0,-2.587365,8,560,5.616364,22,1110,[0 -1]
3306,47,1.83581,21,2450,80.0,-2.596643,8,430,5.760019,22,1290,[0 -1]
3310,65,1.904241,21,2410,80.0,-2.546164,8,580,5.557005,22,1190,[0 -1]
3320,48,1.828046,21,2450,80.0,-2.628462,8,430,5.744027,22,1280,[0 -1]
3325,62,1.750054,21,2310,80.0,-2.576998,8,540,5.494712,22,1340,[0 -1]
3334,65,1.854007,21,2370,80.0,-2.564563,8,580,5.530639,22,1230,[0 -1]
3339,72,1.702688,21,2230,80.0,-2.620439,8,620,5.355963,22,1350,[0 -1]
3344,46,1.82619,21,2450,80.0,-2.603186,8,420,5.763556,22,1300,[0 -1]
3348,47,1.81739,21,2430,80.0,-2.557954,8,430,5.741758,22,1300,[-1]
3351,48,1.823932,21,2450,80.0,-2.637958,8,430,5.737967,22,1300,[0 -1]
3362,52,1.801725,21,2390,80.0,-2.588931,8,480,5.653752,22,1320,[0 -1]
3369,56,1.781036,21,2370,80.0,-2.60316,8,490,5.591323,22,1320,[0 -1]
3376,46,1.818519,21,2440,80.0,-2.579863,8,420,5.74207,22,1320,[0 -1]
3380,47,1.823783,21,2440,80.0,-2.594439,8,430,5.743839,22,1310,[0 -1]
3398,68,1.727601,21,2250,80.0,-2.558277,8,600,5.403179,22,1350,[0 -1]
3403,52,1.803629,21,2390,80.0,-2.58665,8,480,5.656293,22,1310,[0 -1]
3408,57,1.768735,21,2340,80.0,-2.565379,8,510,5.563639,22,1350,[0]
3420,71,1.677772,21,2200,80.0,-2.56203,8,610,5.315007,22,1410,[0]
3422,51,1.809708,21,2410,80.0,-2.592091,8,460,5.682264,22,1310,[0 -1]
3426,49,1.809839,21,2430,80.0,-2.62857,8,440,5.717808,22,1310,[0 -1]
3433,77,1.632616,21,2140,80.0,-2.597628,8,660,5.224543,22,1430,[0 -1]
3440,66,1.70037,21,2240,80.0,-2.612407,8,590,5.38885,22,1390,[0 -1]
3445,47,1.805564,21,2420,80.0,-2.606043,8,440,5.725274,22,1320,[0 -1]
3450,48,1.78964,21,2420,80.0,-2.646015,8,430,5.713836,22,1330,[0 -1]
3455,53,1.788691,21,2390,80.0,-2.615791,8,470,5.648205,22,1320,[0 -1]
3465,48,1.793287,21,2420,80.0,-2.619103,8,430,5.70723,22,1330,[0 -1]
3470,49,1.781535,21,2400,80.0,-2.600655,8,440,5.683098,22,1340,[0 -1]
3473,48,1.806852,21,2420,80.0,-2.598782,8,440,5.723794,22,1320,[-1]
3477,49,1.794599,21,2410,80.0,-2.639858,8,450,5.696631,22,1320,[0 -1]
3486,49,1.780402,21,2400,80.0,-2.60528,8,440,5.682961,22,1340,[0 -1]
3496,55,1.777983,21,2360,80.0,-2.61892,8,500,5.589587,22,1340,[0 -1]
3500,48,1.772593,21,2400,80.0,-2.656369,8,440,5.693312,22,1340,[0 -1]
3511,70,1.695878,21,2210,80.0,-2.570812,8,620,5.34681,22,1390,[0 -1]
3512,61,1.72604,21,2300,80.0,-2.61569,8,530,5.479095,22,1380,[0 -1]
3525,54,1.773069,21,2370,80.0,-2.66495,8,490,5.615971,22,1340,[0 -1]
3533,68,1.672046,21,2220,80.0,-2.637598,8,590,5.345303,22,1420,[0 -1]
3537,49,1.770911,21,2390,80.0,-2.640728,8,450,5.663199,22,1360,[0 -1]
3540,70,1.692447,21,2220,80.0,-2.597199,8,610,5.344652,22,1390,[0 -1]
3551,73,1.67095,21,2190,80.0,-2.594542,8,630,5.306935,22,1390,[0]
3555,67,1.665873,21,2210,80.0,-2.613893,8,590,5.353186,22,1430,[0 -1]
3561,66,1.678415,21,2230,80.0,-2.631755,8,580,5.362428,22,1430,[0 -1]
3563,67,1.736636,21,2290,80.0,-2.655294,8,580,5.439671,22,1330,[0 -1]
3572,70,1.698984,21,2230,80.0,-2.58285,8,600,5.364418,22,1370,[0 -1]
3576,55,1.739833,21,2330,80.0,-2.577044,8,490,5.572587,22,1370,[0 -1]
3581,69,1.759929,21,2290,80.0,-2.621449,8,600,5.423246,22,1310,[0 -1]
3597,68,1.724866,21,2250,80.0,-2.578771,8,600,5.396395,22,1360,[0 -1]
3610,50,1.746035,21,2360,80.0,-2.642552,8,460,5.621551,22,1390,[0 -1]
3614,53,1.761179,21,2350,80.0,-2.51534,8,470,5.602902,22,1370,[0 -1]
3616,57,1.739207,21,2330,80.0,-2.664809,8,510,5.536734,22,1380,[0 -1]
3625,51,1.757118,21,2370,80.0,-2.624202,8,460,5.647292,22,1360,[0 -1]
3628,50,1.7497,21,2370,80.0,-2.63446,8,450,5.650829,22,1370,[-1]
3636,48,1.757858,21,2370,80.0,-2.547459,8,440,5.656763,22,1380,[0 -1]
3642,50,1.757785,21,2370,80.0,-2.639827,8,460,5.632376,22,1380,[0 -1]
3649,70,1.644125,21,2160,80.0,-2.56121,8,620,5.291237,22,1450,[-1]
3652,70,1.662626,21,2190,80.0,-2.620706,8,620,5.310029,22,1420,[0]
3660,54,1.72814,21,2330,80.0,-2.572435,8,470,5.571925,22,1390,[0 -1]
3670,55,1.721224,21,2330,80.0,-2.594803,8,470,5.557533,22,1390,[0 -1]
3678,57,1.713019,21,2300,80.0,-2.582004,8,500,5.499129,22,1410,[0 -1]
3681,67,1.664489,21,2220,80.0,-2.63693,8,580,5.354505,22,1420,[0 -1]
3686,52,1.735134,21,2330,80.0,-2.598042,8,480,5.577753,22,1400,[0 -1]
3691,70,1.643765,21,2160,80.0,-2.531424,8,610,5.27236,22,1470,[-1]
3698,37,1.749611,21,2430,80.0,-2.589297,8,340,5.625751,22,1410,[0 -1]
3702,68,1.693459,21,2220,80.0,-2.567498,8,600,5.36575,22,1390,[0 -1]
3713,70,1.638007,21,2170,80.0,-2.595342,8,610,5.298296,22,1440,[0]
3718,59,1.725569,21,2300,80.0,-2.597634,8,520,5.496971,22,1390,[0 -1]
3721,70,1.633461,21,2150,80.0,-2.574495,8,620,5.261016,22,1480,[0 -1]
3725,69,1.631918,21,2160,80.0,-2.597095,8,610,5.276486,22,1480,[0 -1]
3732,58,1.719377,21,2300,80.0,-2.593526,8,510,5.497548,22,1400,[0]
3738,53,1.736607,21,2330,80.0,-2.538071,8,470,5.585779,22,1390,[0 -1]
3744,71,1.686989,21,2210,80.0,-2.599285,8,620,5.335958,22,1390,[0 -1]
3746,69,1.634135,21,2160,80.0,-2.58818,8,610,5.283719,22,1470,[0 -1]
3753,61,1.661584,21,2230,80.0,-2.608666,8,540,5.388483,22,1460,[-1]
3759,52,1.720213,21,2320,80.0,-2.514793,8,460,5.578358,22,1410,[-1]
3766,59,1.69916,21,2270,80.0,-2.592824,8,530,5.452743,22,1430,[0]
3775,61,1.68724,21,2260,80.0,-2.626389,8,540,5.435842,22,1420,[0 -1]
3789,63,1.655583,21,2210,80.0,-2.59455,8,560,5.342371,22,1480,[0]
3792,60,1.685863,21,2250,80.0,-2.546259,8,530,5.430863,22,1440,[0 -1]
3797,57,1.695303,21,2290,80.0,-2.582898,8,490,5.490714,22,1430,[0 -1]
3800,53,1.708225,21,2300,80.0,-2.518989,8,470,5.552568,22,1420,[0 -1]
3804,59,1.693398,21,2270,80.0,-2.600782,8,520,5.448833,22,1440,[0 -1]
3809,65,1.625728,21,2180,80.0,-2.604218,8,570,5.308877,22,1490,[0]
3814,53,1.705391,21,2300,80.0,-2.535987,8,470,5.536351,22,1440,[-1]
3822,71,1.63059,21,2170,80.0,-2.623554,8,610,5.265491,22,1460,[-1]
3826,71,1.610639,21,2140,80.0,-2.619757,8,620,5.233409,22,1500,[0 -1]
3835,60,1.690945,21,2260,80.0,-2.586262,8,530,5.445986,22,1430,[0 -1]
3840,62,1.678751,21,2240,80.0,-2.603999,8,550,5.410258,22,1430,[0]
3846,63,1.671289,21,2230,80.0,-2.612662,8,560,5.392468,22,1440,[0 -1]
3856,63,1.670529,21,2230,80.0,-2.585272,8,550,5.374226,22,1460,[0]
3860,63,1.671269,21,2230,80.0,-2.571027,8,550,5.383289,22,1450,[0 -1]
3865,62,1.671894,21,2240,80.0,-2.603742,8,540,5.399897,22,1450,[0]
3868,64,1.653826,21,2200,80.0,-2.587518,8,570,5.343967,22,1470,[0 -1]
3880,62,1.672986,21,2240,80.0,-2.587148,8,540,5.39799,22,1450,[0]
3883,54,1.703541,21,2290,80.0,-2.514646,8,480,5.517809,22,1440,[0 -1]
3887,62,1.672681,21,2240,80.0,-2.621647,8,550,5.395182,22,1450,[0 -1]
3895,61,1.676472,21,2250,80.0,-2.630676,8,540,5.406126,22,1450,[0 -1]
3900,61,1.662762,21,2240,80.0,-2.617507,8,530,5.392877,22,1470,[0 -1]
3903,62,1.672873,21,2240,80.0,-2.587943,8,540,5.398134,22,1450,[0 -1]
3907,61,1.662729,21,2240,80.0,-2.617748,8,530,5.392925,22,1470,[0 -1]
3911,62,1.658196,21,2220,80.0,-2.606473,8,550,5.370727,22,1470,[0 -1]
3916,62,1.658256,21,2220,80.0,-2.607028,8,550,5.368119,22,1470,[0 -1]
3920,63,1.658673,21,2220,80.0,-2.600056,8,550,5.365071,22,1470,[-1]
3926,59,1.658011,21,2230,80.0,-2.598442,8,530,5.412824,22,1470,[0 -1]
3929,63,1.65863,21,2220,80.0,-2.600362,8,550,5.365129,22,1470,[-1]
3933,62,1.662792,21,2230,80.0,-2.588968,8,540,5.38798,22,1460,[0 -1]
3938,61,1.657901,21,2230,80.0,-2.629973,8,540,5.381413,22,1470,[0 -1]
3948,55,1.670001,21,2280,80.0,-2.642515,8,480,5.472445,22,1470,[-1]
3954,55,1.663205,21,2250,80.0,-2.564292,8,490,5.452412,22,1480,[-1]
3958,58,1.667196,21,2250,80.0,-2.601429,8,510,5.438295,22,1460,[-1]
3963,61,1.64634,21,2220,80.0,-2.632993,8,540,5.375657,22,1480,[-1]
3968,61,1.649663,21,2220,80.0,-2.616672,8,540,5.370011,22,1480,[-1]
3973,61,1.636777,21,2210,80.0,-2.633956,8,540,5.36568,22,1490,[0 -1]
3978,62,1.642859,21,2210,80.0,-2.590476,8,540,5.367348,22,1480,[-1]
3983,63,1.628259,21,2190,80.0,-2.602469,8,550,5.34409,22,1490,[-1]
3988,62,1.63183,21,2200,80.0,-2.607912,8,540,5.358809,22,1490,[-1]
3993,62,1.631589,21,2200,80.0,-2.599109,8,540,5.353673,22,1490,[-1]
3997,63,1.647105,21,2200,80.0,-2.591086,8,560,5.347381,22,1480,[0]
3999,59,1.670614,21,2230,80.0,-2.554071,8,530,5.40642,22,1480,[-1]
