3007,63,-0.793422,28,420,80.0,-3.550121,29,550,0.429351,24,510,[0]
3027,73,-0.837751,28,430,80.0,-3.613855,29,580,0.485909,24,520,[0]
3037,69,-0.818374,28,420,80.0,-3.567173,29,560,0.536157,24,560,[0]
3044,62,-0.82452,28,420,80.0,-3.550212,29,530,0.453234,24,510,[0]
3047,59,-0.813036,28,410,80.0,-3.534268,29,530,0.468655,24,540,[0]
3058,62,-0.815066,28,420,80.0,-3.557733,29,540,0.443816,24,510,[0]
3061,69,-0.830845,28,430,80.0,-3.595774,29,560,0.532291,24,550,[0]
3067,59,-0.792009,28,400,80.0,-3.517572,29,540,0.473147,24,540,[0]
3071,60,-0.79816,28,400,80.0,-3.512244,29,540,0.45855,24,530,[0]
3077,75,-0.829041,28,440,80.0,-3.605156,29,580,0.460004,24,510,[0]
3098,65,-0.983345,28,500,80.0,-1.816214,25,570,1.269333,6,5180,[0]
3124,64,-0.806951,28,430,80.0,-3.581002,29,550,0.427719,24,500,[0]
3129,69,-0.806611,28,420,80.0,-3.575924,29,570,0.539425,24,550,[0]
3139,74,-0.817344,28,440,80.0,-3.61151,29,580,0.49695,24,510,[0]
3150,58,-0.814195,28,400,80.0,-3.518227,29,530,0.473771,24,550,[0]
3155,64,-0.807336,28,430,80.0,-3.580702,29,550,0.427416,24,500,[0]
3166,63,-0.810928,28,420,80.0,-3.552953,29,540,0.449957,24,500,[0]
3201,61,-0.816818,28,410,80.0,-3.547738,29,540,0.452538,24,520,[0]
3208,70,-0.839523,28,420,80.0,-3.607466,29,570,0.517698,24,560,[0]
3221,68,-0.824435,28,420,80.0,-3.577586,29,560,0.533834,24,570,[0]
3226,64,-0.808924,28,430,80.0,-3.582811,29,550,0.428063,24,500,[0]
3228,58,-0.805445,28,400,80.0,-3.508714,29,530,0.487243,24,530,[0]
3241,61,-0.80039,28,420,80.0,-3.524902,29,530,0.461445,24,510,[0]
3258,60,-0.791711,28,410,80.0,-3.531316,29,540,0.47402,24,520,[0]
3268,68,-0.81001,28,430,80.0,-3.582226,29,560,0.550168,24,550,[0]
3274,68,-0.826851,28,420,80.0,-3.578268,29,560,0.531885,24,570,[0]
3285,58,-0.838524,28,410,80.0,-3.543097,29,520,0.473132,24,550,[0]
3291,55,-0.850959,28,390,80.0,-3.492564,29,510,0.503695,24,560,[0]
3304,55,-0.87279,28,390,80.0,-3.523234,29,510,0.506711,24,570,[0]
3313,68,-0.826342,28,430,80.0,-3.58474,29,550,0.549189,24,570,[0]
3318,69,-0.821625,28,420,80.0,-3.573461,29,560,0.53095,24,570,[0]
3340,58,-0.830918,28,390,80.0,-3.515284,29,530,0.473962,24,550,[0]
3346,62,-0.809388,28,410,80.0,-3.537399,29,540,0.451068,24,520,[0]
3350,73,-0.818916,28,430,80.0,-3.601214,29,580,0.495911,24,530,[0]
3356,61,-0.778552,28,410,80.0,-3.509102,29,540,0.470777,24,510,[0]
3362,64,-1.010345,28,500,80.0,-1.814533,25,570,1.247531,6,5170,[0]
3362,64,-0.799885,28,420,80.0,-3.561001,29,550,0.431773,24,510,[0]
3366,70,-0.826491,28,430,80.0,-3.611694,29,570,0.525795,24,550,[0]
3373,62,-0.801526,28,430,80.0,-3.567037,29,540,0.456237,24,500,[0]
3378,64,-1.007108,28,500,80.0,-1.816747,25,570,1.121073,6,5180,[0]
3378,64,-0.796442,28,420,80.0,-3.553263,29,550,0.429518,24,510,[0]
3394,62,-0.809967,28,430,80.0,-3.579548,29,540,0.450779,24,510,[0]
3413,63,-0.796796,28,430,80.0,-3.55974,29,540,0.454389,24,500,[0]
3423,51,-0.865993,28,370,80.0,-3.471976,29,510,0.531795,24,600,[0]
3433,68,-0.822307,28,430,80.0,-3.579171,29,550,0.554567,24,560,[0]
3442,70,-0.81963,28,430,80.0,-3.599006,29,570,0.526234,24,540,[0]
3447,65,-0.985194,28,500,80.0,-1.813316,25,570,1.123053,6,5170,[0]
3466,64,-1.000201,28,500,80.0,-1.818262,25,570,1.109722,6,5160,[0]
3466,64,-0.787114,28,420,80.0,-3.564779,29,560,0.431707,24,500,[0]
3510,65,-0.991558,28,500,80.0,-1.819821,25,570,1.11299,6,5160,[0]
3510,65,-0.77867,28,420,80.0,-3.550447,29,560,0.425319,24,500,[0]
3516,52,-0.840863,28,370,80.0,-3.472714,29,520,0.527662,24,590,[0]
3530,66,-0.832925,28,420,80.0,-3.556517,29,540,0.579088,24,570,[0]
3535,53,-0.881874,28,380,80.0,-3.509681,29,510,0.508943,24,590,[0]
3539,67,-0.824361,28,410,80.0,-3.56668,29,560,0.558243,24,570,[0]
3543,67,-0.83103,28,410,80.0,-3.573615,29,560,0.550887,24,580,[0]
3546,71,-0.834938,28,420,80.0,-3.595412,29,570,0.515868,24,550,[0]
3549,67,-0.816183,28,420,80.0,-3.556844,29,550,0.562117,24,570,[0]
3554,69,-0.818325,28,420,80.0,-3.591038,29,570,0.533887,24,560,[0]
3560,65,-0.989725,28,500,80.0,-1.817812,25,570,1.083149,6,5110,[0]
3567,71,-0.807719,28,430,80.0,-3.607903,29,580,0.519831,24,540,[0]
3570,61,-0.782222,28,410,80.0,-3.512981,29,540,0.463209,24,520,[0]
3574,68,-0.816002,28,410,80.0,-3.552477,29,560,0.544381,24,570,[0]
3579,70,-0.795542,28,420,80.0,-3.584451,29,580,0.527451,24,550,[0]
3584,54,-0.866834,28,400,80.0,-3.50983,29,500,0.521044,24,560,[0]
3590,69,-0.807652,28,430,80.0,-3.602779,29,570,0.5485,24,550,[0]
3596,61,-0.805294,28,420,80.0,-3.531848,29,530,0.465965,24,510,[0]
3598,70,-0.81237,28,420,80.0,-3.579322,29,570,0.53403,24,550,[0]
3600,68,-0.821177,28,410,80.0,-3.562203,29,560,0.542124,24,580,[0]
3603,68,-0.826144,28,430,80.0,-3.583267,29,550,0.557416,24,560,[0]
3612,69,-0.809386,28,430,80.0,-3.579734,29,560,0.547807,24,550,[0]
3621,69,-0.833333,28,420,80.0,-3.587081,29,560,0.532992,24,570,[0]
3623,69,-0.796324,28,430,80.0,-3.589552,29,570,0.54551,24,550,[0]
3626,69,-0.800095,28,430,80.0,-3.594343,29,570,0.545626,24,550,[0]
3633,67,-0.832743,28,410,80.0,-3.575815,29,560,0.551623,24,580,[0]
3635,68,-0.806713,28,420,80.0,-3.564877,29,560,0.561634,24,560,[0]
3642,70,-0.793537,28,420,80.0,-3.575155,29,580,0.529425,24,540,[0]
3645,70,-0.825897,28,430,80.0,-3.611063,29,570,0.522216,24,550,[0]
3647,69,-0.828725,28,420,80.0,-3.57993,29,560,0.528829,24,570,[0]
3653,53,-0.884637,28,380,80.0,-3.480372,29,500,0.510041,24,590,[0]
3658,57,-0.826289,28,390,80.0,-3.49027,29,520,0.500254,24,550,[0]
3661,69,-0.810537,28,430,80.0,-3.583991,29,560,0.553311,24,550,[0]
3668,68,-0.834078,28,420,80.0,-3.588662,29,560,0.535723,24,570,[0]
3675,69,-0.810534,28,430,80.0,-3.581264,29,560,0.548356,24,550,[0]
3679,68,-0.820392,28,430,80.0,-3.59867,29,560,0.55148,24,560,[0]
3681,69,-0.819696,28,420,80.0,-3.595316,29,570,0.537518,24,560,[0]
3684,51,-0.870137,28,370,80.0,-3.469994,29,510,0.536526,24,600,[0]
3691,69,-0.834609,28,420,80.0,-3.588771,29,560,0.533606,24,570,[0]
3696,69,-0.819414,28,420,80.0,-3.586564,29,570,0.535782,24,550,[0]
3699,69,-0.827322,28,420,80.0,-3.578518,29,560,0.529323,24,570,[0]
3703,69,-0.820826,28,420,80.0,-3.596824,29,570,0.538234,24,560,[0]
3706,69,-0.814089,28,420,80.0,-3.581561,29,570,0.529688,24,560,[0]
3708,70,-0.80513,28,420,80.0,-3.592858,29,580,0.528908,24,550,[0]
3712,69,-0.830805,28,420,80.0,-3.582518,29,560,0.531453,24,570,[0]
3717,69,-0.821303,28,420,80.0,-3.595024,29,570,0.535255,24,560,[0]
3724,69,-0.817118,28,420,80.0,-3.588353,29,570,0.531211,24,560,[0]
3729,69,-0.829744,28,420,80.0,-3.582044,29,560,0.532489,24,570,[0]
3738,70,-0.808526,28,420,80.0,-3.574772,29,570,0.533105,24,550,[0]
3742,70,-0.802907,28,420,80.0,-3.569549,29,570,0.532458,24,550,[0]
3746,67,-0.807687,28,420,80.0,-3.568552,29,560,0.565189,24,560,[0]
3752,66,-0.827355,28,420,80.0,-3.575941,29,550,0.57714,24,570,[0]
3758,59,-0.820683,28,410,80.0,-3.515345,29,520,0.480224,24,530,[0]
3760,72,-0.789899,28,430,80.0,-3.578447,29,580,0.507727,24,530,[0]
3762,69,-0.802495,28,430,80.0,-3.597569,29,570,0.546779,24,550,[0]
3764,71,-0.807702,28,430,80.0,-3.579336,29,570,0.513314,24,540,[0]
3769,62,-0.81779,28,410,80.0,-3.548038,29,540,0.454116,24,520,[0]
3772,70,-0.806231,28,420,80.0,-3.569669,29,570,0.52943,24,550,[0]
3775,55,-0.866008,28,390,80.0,-3.50988,29,510,0.490211,24,580,[0]
3777,52,-0.839525,28,370,80.0,-3.470394,29,520,0.526176,24,590,[0]
3782,62,-0.816496,28,410,80.0,-3.546453,29,540,0.451933,24,520,[0]
3787,70,-0.814638,28,420,80.0,-3.583622,29,570,0.53732,24,550,[0]
3792,54,-0.880007,28,380,80.0,-3.478346,29,500,0.512641,24,580,[0]
3797,53,-0.88618,28,380,80.0,-3.513162,29,510,0.517591,24,580,[0]
3800,70,-0.816061,28,410,80.0,-3.579946,29,580,0.511027,24,560,[0]
3802,70,-0.800457,28,420,80.0,-3.585172,29,580,0.521136,24,550,[0]
3806,71,-0.812765,28,430,80.0,-3.587162,29,570,0.517071,24,540,[0]
3813,62,-0.818513,28,410,80.0,-3.548936,29,540,0.454368,24,520,[0]
3820,53,-0.876062,28,370,80.0,-3.477597,29,510,0.518591,24,590,[0]
3824,56,-0.823,28,400,80.0,-3.511671,29,520,0.50049,24,560,[0]
3827,63,-0.780788,28,420,80.0,-3.547089,29,550,0.457047,24,500,[0]
3831,71,-0.836027,28,420,80.0,-3.572745,29,560,0.515339,24,550,[0]
3837,72,-0.799521,28,430,80.0,-3.570217,29,570,0.519012,24,530,[0]
3841,71,-0.809514,28,430,80.0,-3.582709,29,570,0.516194,24,540,[0]
3845,53,-0.848654,28,380,80.0,-3.472291,29,510,0.526403,24,580,[0]
3849,56,-0.832305,28,400,80.0,-3.524153,29,520,0.50245,24,560,[0]
3855,71,-0.818337,28,430,80.0,-3.598023,29,570,0.52148,24,540,[0]
3856,58,-0.819883,28,400,80.0,-3.526608,29,530,0.4771,24,550,[0]
3862,72,-0.819466,28,420,80.0,-3.568787,29,570,0.510106,24,540,[0]
3867,63,-0.803832,28,430,80.0,-3.566312,29,540,0.453904,24,500,[0]
3872,61,-0.809923,28,420,80.0,-3.537633,29,530,0.458848,24,520,[0]
3877,63,-0.804548,28,410,80.0,-3.551624,29,550,0.438722,24,520,[0]
3880,65,-1.004144,28,510,80.0,-1.849752,25,550,0.361454,24,1110,[0]
3885,70,-0.800728,28,420,80.0,-3.58707,29,580,0.524895,24,550,[0]
3888,62,-0.801712,28,410,80.0,-3.551636,29,550,0.443934,24,520,[0]
3893,61,-0.803327,28,420,80.0,-3.55664,29,540,0.456055,24,520,[0]
3896,59,-0.812832,28,400,80.0,-3.513845,29,530,0.477686,24,540,[0]
3912,69,-0.805649,28,430,80.0,-3.601351,29,570,0.550375,24,550,[0]
3916,61,-0.810603,28,420,80.0,-3.538481,29,530,0.45912,24,520,[0]
3922,62,-0.813438,28,410,80.0,-3.538848,29,540,0.444374,24,520,[0]
3927,63,-0.796654,28,410,80.0,-3.543703,29,550,0.439933,24,520,[0]
3932,63,-0.786947,28,410,80.0,-3.526716,29,550,0.440721,24,510,[0]
3937,62,-0.813688,28,410,80.0,-3.542786,29,540,0.441585,24,530,[0]
3941,64,-0.786159,28,430,80.0,-3.568111,29,550,0.44556,24,500,[0]
3945,56,-0.823127,28,400,80.0,-3.511378,29,520,0.493696,24,560,[0]
3950,63,-0.796996,28,410,80.0,-3.544147,29,550,0.440068,24,520,[0]
3955,63,-0.79707,28,410,80.0,-3.544242,29,550,0.440097,24,520,[0]
3958,68,-0.822925,28,410,80.0,-3.585778,29,570,0.548238,24,570,[0]
3963,66,-0.996522,28,510,80.0,-1.810145,25,560,1.279954,6,5050,[0]
3963,66,-0.812713,28,410,80.0,-3.565887,29,560,0.570357,24,580,[0]
3968,63,-0.802869,28,410,80.0,-3.550404,29,550,0.441119,24,520,[0]
3974,63,-0.787559,28,410,80.0,-3.527532,29,550,0.440973,24,510,[0]
3975,63,-0.802972,28,410,80.0,-3.550539,29,550,0.441159,24,520,[0]
3977,61,-0.786538,28,410,80.0,-3.518705,29,540,0.454774,24,530,[0]
3982,62,-0.805738,28,410,80.0,-3.557162,29,550,0.444624,24,520,[0]
3987,62,-0.803194,28,410,80.0,-3.553563,29,550,0.444521,24,520,[0]
3995,63,-0.793724,28,410,80.0,-3.535381,29,550,0.433057,24,520,[0]
3998,63,-0.791458,28,430,80.0,-3.574077,29,550,0.445296,24,500,[0]
3999,63,-0.803323,28,410,80.0,-3.550994,29,550,0.441297,24,520,[0]
3008,71,-0.826678,28,440,80.0,-3.601476,29,560,0.52865,24,530,[0]
3028,73,-0.818226,28,440,80.0,-3.614907,29,580,0.477534,24,530,[0]
3059,39,-0.737601,28,1340,80.0,-3.338803,29,220,0.119486,24,470,[0]
3059,39,-1.140439,28,480,80.0,-3.473577,29,440,0.441043,24,580,[0]
3065,48,-0.931256,28,350,80.0,-3.451686,29,500,0.544469,24,630,[0]
3096,72,-0.804458,28,440,80.0,-3.582285,29,570,0.506224,24,520,[0]
3127,52,-0.845063,28,360,80.0,-3.450055,29,520,0.518297,24,600,[0]
3187,71,-0.830932,28,430,80.0,-3.604587,29,570,0.50571,24,540,[0]
3217,70,-0.831298,28,430,80.0,-3.594397,29,560,0.541541,24,540,[0]
3227,58,-0.828537,28,390,80.0,-3.512045,29,530,0.472191,24,550,[0]
3256,69,-0.820721,28,420,80.0,-3.569358,29,560,0.525002,24,570,[0]
3272,54,-0.881297,28,390,80.0,-3.504024,29,500,0.503189,24,580,[0]
3276,68,-0.840434,28,420,80.0,-3.576729,29,550,0.547707,24,570,[0]
3287,70,-0.847832,28,420,80.0,-3.591512,29,560,0.519932,24,560,[0]
3325,62,-0.807974,28,410,80.0,-3.535833,29,540,0.458022,24,510,[0]
3339,72,-0.837357,28,430,80.0,-3.631948,29,580,0.505417,24,540,[0]
3362,52,-0.854751,28,380,80.0,-3.48268,29,510,0.520735,24,590,[0]
3369,56,-0.815342,28,400,80.0,-3.501682,29,520,0.502868,24,550,[0]
3398,68,-0.813908,28,430,80.0,-3.59178,29,560,0.549788,24,560,[0]
3403,52,-0.853344,28,380,80.0,-3.480595,29,510,0.520373,24,590,[0]
3408,57,-0.821735,28,390,80.0,-3.515678,29,530,0.489784,24,560,[0]
3420,71,-0.834647,28,420,80.0,-3.594448,29,570,0.514167,24,550,[0]
3422,51,-0.895142,28,360,80.0,-3.443065,29,500,0.526658,24,610,[0]
3433,77,-0.813223,28,440,80.0,-3.619744,29,600,0.446511,24,500,[0]
3440,66,-0.983569,28,510,80.0,-1.78252,25,570,1.319781,6,5100,[0]
3440,66,-0.823522,28,420,80.0,-3.571262,29,550,0.564075,24,580,[0]
3455,53,-0.842661,28,380,80.0,-3.494876,29,520,0.523116,24,580,[0]
3496,55,-0.835469,28,380,80.0,-3.480022,29,520,0.499714,24,570,[0]
3511,70,-0.80888,28,420,80.0,-3.575159,29,570,0.520925,24,560,[0]
3512,61,-0.840266,28,410,80.0,-3.554708,29,530,0.458074,24,530,[0]
3525,54,-0.852228,28,390,80.0,-3.499884,29,510,0.52155,24,570,[0]
3533,68,-0.799878,28,420,80.0,-3.557364,29,560,0.560818,24,560,[0]
3540,70,-0.799295,28,420,80.0,-3.564482,29,570,0.540826,24,540,[0]
3551,73,-0.83972,28,440,80.0,-3.618157,29,570,0.487369,24,530,[0]
3555,67,-0.844403,28,410,80.0,-3.569506,29,550,0.561075,24,580,[0]
3561,66,-0.981399,28,500,80.0,-1.815764,25,570,1.080508,6,5100,[0]
3563,67,-0.823368,28,420,80.0,-3.568933,29,550,0.570375,24,570,[0]
3572,70,-0.858867,28,420,80.0,-3.606777,29,560,0.524312,24,560,[0]
3576,55,-0.866741,28,390,80.0,-3.512825,29,510,0.492228,24,580,[0]
3581,69,-0.82515,28,420,80.0,-3.575648,29,560,0.547694,24,550,[0]
3597,68,-0.823108,28,430,80.0,-3.602815,29,560,0.554584,24,560,[0]
3610,50,-0.919385,28,360,80.0,-3.468085,29,500,0.529893,24,620,[0]
3614,53,-0.845545,28,380,80.0,-3.498979,29,520,0.525957,24,580,[0]
3616,57,-0.824891,28,390,80.0,-3.486594,29,520,0.500153,24,550,[0]
3625,51,-0.884152,28,370,80.0,-3.458432,29,500,0.530191,24,610,[0]
3642,50,-0.893752,28,370,80.0,-3.465941,29,500,0.53783,24,610,[0]
3649,70,-0.801272,28,420,80.0,-3.59199,29,580,0.531679,24,550,[0]
3652,70,-0.821866,28,430,80.0,-3.606527,29,570,0.530185,24,540,[0]
3660,54,-0.827341,28,380,80.0,-3.476319,29,520,0.522819,24,570,[0]
3670,55,-0.844671,28,380,80.0,-3.492728,29,520,0.508439,24,570,[0]
3678,57,-0.81075,28,390,80.0,-3.497935,29,530,0.479752,24,560,[0]
3681,67,-0.816495,28,420,80.0,-3.557357,29,550,0.574203,24,560,[0]
3686,52,-0.859272,28,380,80.0,-3.486217,29,510,0.521983,24,590,[0]
3691,70,-0.835083,28,430,80.0,-3.626905,29,570,0.533463,24,550,[0]
3698,37,-0.990301,28,280,80.0,-2.718843,25,460,0.364957,24,1150,[0]
3698,37,-0.736585,28,1310,80.0,-3.24764,29,220,0.144522,24,500,[0]
3698,37,-1.210872,28,480,80.0,-3.466354,29,410,0.441426,24,610,[0]
3702,68,-0.811507,28,410,80.0,-3.542691,29,560,0.543132,24,570,[0]
3713,70,-0.846652,28,420,80.0,-3.616279,29,570,0.527913,24,550,[0]
3718,59,-0.809881,28,400,80.0,-3.51038,29,530,0.476676,24,540,[0]
3721,70,-0.808231,28,420,80.0,-3.574373,29,570,0.532965,24,550,[0]
3725,69,-0.815793,28,430,80.0,-3.59038,29,560,0.554103,24,550,[0]
3732,58,-0.847574,28,390,80.0,-3.531394,29,530,0.471337,24,560,[0]
3738,53,-0.856018,28,380,80.0,-3.482339,29,510,0.528879,24,580,[0]
3744,71,-0.832901,28,420,80.0,-3.594839,29,570,0.514864,24,550,[0]
3746,69,-0.831404,28,420,80.0,-3.58331,29,560,0.531739,24,570,[0]
3753,61,-0.80092,28,420,80.0,-3.552264,29,540,0.456664,24,520,[0]
3759,52,-0.839192,28,370,80.0,-3.470078,29,520,0.526097,24,590,[0]
3766,59,-0.809976,28,390,80.0,-3.481834,29,530,0.465251,24,540,[0]
3775,61,-0.80837,28,420,80.0,-3.535692,29,530,0.458224,24,520,[0]
3789,63,-0.791601,28,430,80.0,-3.574291,29,550,0.445689,24,500,[0]
3792,60,-0.800733,28,410,80.0,-3.512795,29,530,0.475515,24,520,[0]
3797,57,-0.829178,28,390,80.0,-3.494331,29,520,0.492482,24,560,[0]
3800,53,-0.87086,28,370,80.0,-3.47318,29,510,0.514498,24,590,[0]
3804,59,-0.81134,28,400,80.0,-3.512093,29,530,0.477175,24,540,[0]
3814,53,-0.878401,28,370,80.0,-3.479027,29,510,0.520946,24,590,[0]
3822,71,-0.826519,28,420,80.0,-3.581963,29,570,0.507559,24,550,[0]
3826,71,-0.796255,28,420,80.0,-3.577828,29,580,0.517804,24,550,[0]
3835,60,-0.840122,28,400,80.0,-3.538488,29,530,0.462631,24,540,[0]
3840,62,-0.80358,28,410,80.0,-3.554368,29,550,0.44377,24,520,[0]
3846,63,-0.791508,28,410,80.0,-3.532427,29,550,0.432073,24,520,[0]
3856,63,-0.796324,28,410,80.0,-3.54324,29,550,0.441441,24,520,[0]
3860,63,-0.792301,28,410,80.0,-3.535261,29,550,0.437704,24,520,[0]
3865,62,-0.819348,28,410,80.0,-3.549976,29,540,0.446082,24,530,[0]
3868,64,-0.793487,28,420,80.0,-3.573249,29,560,0.435239,24,500,[0]
3880,62,-0.81281,28,410,80.0,-3.541689,29,540,0.44125,24,530,[0]
3883,54,-0.826337,28,380,80.0,-3.44516,29,510,0.52142,24,570,[0]
3887,62,-0.812902,28,410,80.0,-3.538162,29,540,0.444163,24,520,[0]
3895,61,-0.810281,28,420,80.0,-3.538079,29,530,0.458991,24,520,[0]
3900,61,-0.841573,28,410,80.0,-3.555497,29,530,0.457895,24,530,[0]
3903,62,-0.813168,28,410,80.0,-3.542134,29,540,0.441387,24,530,[0]
3907,61,-0.841684,28,410,80.0,-3.555631,29,530,0.457933,24,530,[0]
3911,62,-0.804678,28,410,80.0,-3.555789,29,550,0.444205,24,520,[0]
3916,62,-0.802139,28,410,80.0,-3.55219,29,550,0.444102,24,520,[0]
3920,63,-0.802154,28,410,80.0,-3.549477,29,550,0.440836,24,520,[0]
3926,59,-0.812565,28,390,80.0,-3.484922,29,530,0.466123,24,540,[0]
3929,63,-0.802289,28,410,80.0,-3.549653,29,550,0.44089,24,520,[0]
3933,62,-0.813628,28,410,80.0,-3.542709,29,540,0.441562,24,530,[0]
3938,61,-0.782828,28,410,80.0,-3.509432,29,540,0.45756,24,520,[0]
3948,55,-0.821527,28,390,80.0,-3.490106,29,520,0.503429,24,570,[0]
3954,55,-0.84243,28,400,80.0,-3.505804,29,510,0.498585,24,570,[0]
3958,58,-0.851391,28,390,80.0,-3.535663,29,530,0.472537,24,560,[0]
3963,61,-0.811314,28,420,80.0,-3.539368,29,530,0.459406,24,520,[0]
3968,61,-0.80446,28,420,80.0,-3.558076,29,540,0.456511,24,520,[0]
3973,61,-0.810891,28,420,80.0,-3.539051,29,530,0.467913,24,510,[0]
3978,62,-0.814306,28,410,80.0,-3.543552,29,540,0.44182,24,530,[0]
3983,63,-0.782807,28,420,80.0,-3.550504,29,550,0.451041,24,510,[0]
3988,62,-0.821236,28,410,80.0,-3.552328,29,540,0.446804,24,530,[0]
3993,62,-0.819443,28,410,80.0,-3.549056,29,540,0.444147,24,530,[0]
3997,63,-0.812906,28,420,80.0,-3.579499,29,550,0.439428,24,510,[0]
3999,59,-0.812359,28,400,80.0,-3.512515,29,530,0.478996,24,540,[0]
