3002,46,0.361525,24,1150,80.0,-1.712804,25,980,-0.205089,7,640,[0]
3002,46,0.55845,24,660,80.0,-2.385112,8,830,-1.037902,25,1260,[0]
3007,63,1.016876,24,260,80.0,0.0,-1,0,-0.709001,7,560,[0]
3007,63,0.362833,24,1110,80.0,-1.451147,25,1060,-0.170616,7,510,[0]
3007,63,0.429351,24,510,80.0,-0.793422,28,420,-1.02377,25,1230,[0]
3010,42,0.362784,24,1150,80.0,-1.751723,25,970,-0.209564,7,670,[0]
3010,42,0.600003,24,680,80.0,-2.396757,8,810,-1.028368,25,1280,[0]
3015,42,0.362663,24,1150,80.0,-1.749879,25,970,-0.208238,7,670,[0]
3015,42,0.595118,24,680,80.0,-2.389324,8,810,-1.034484,25,1270,[0]
3019,46,0.361618,24,1150,80.0,-1.715196,25,980,-0.205774,7,640,[0]
3019,46,0.558629,24,660,80.0,-2.393615,8,830,-1.02924,25,1270,[0]
3022,42,0.362713,24,1150,80.0,-1.767405,25,960,-0.212003,7,660,[0]
3022,42,0.596166,24,680,80.0,-2.391826,8,810,-1.035545,25,1270,[0]
3027,73,0.569195,24,220,80.0,0.0,-1,0,-0.43221,7,570,[0]
3027,73,0.485909,24,520,80.0,-0.837751,28,430,-0.854824,25,1160,[0]
3033,41,0.363067,24,1150,80.0,-1.774984,25,960,-0.215748,7,660,[0]
3033,41,0.603438,24,690,80.0,-2.425014,8,810,-1.030056,25,1280,[0]
3037,69,0.756652,24,240,80.0,0.0,-1,0,-0.576681,7,540,[0]
3037,69,0.536157,24,560,80.0,-0.818374,28,420,-0.857562,25,1160,[0]
3044,62,1.049252,24,280,80.0,0.0,-1,0,-0.787678,7,540,[0]
3044,62,0.453234,24,510,80.0,-0.82452,28,420,-1.009943,25,1250,[0]
3047,59,1.228029,24,290,80.0,0.0,-1,0,-0.858108,7,550,[0]
3047,59,0.361491,24,1130,80.0,-1.511913,25,1040,-0.187803,7,530,[0]
3047,59,0.468655,24,540,80.0,-0.813036,28,410,-1.025919,25,1240,[0]
3054,49,0.360726,24,1150,80.0,-1.682137,25,980,-0.202068,7,620,[0]
3054,49,0.542319,24,630,80.0,-2.382795,8,860,-1.030666,25,1260,[0]
3058,62,1.010978,24,280,80.0,0.0,-1,0,-0.769262,7,540,[0]
3058,62,0.443816,24,510,80.0,-0.815066,28,420,-1.00982,25,1250,[0]
3061,69,0.74768,24,250,80.0,0.0,-1,0,-0.564943,7,530,[0]
3061,69,0.532291,24,550,80.0,-0.830845,28,430,-0.857353,25,1160,[0]
3065,42,0.362675,24,1150,80.0,-1.750112,25,970,-0.208353,7,670,[0]
3065,42,0.595368,24,680,80.0,-2.390584,8,810,-1.034516,25,1270,[0]
3067,59,1.249762,24,290,80.0,0.0,-1,0,-0.869957,7,550,[0]
3067,59,0.361558,24,1130,80.0,-1.516527,25,1040,-0.188487,7,530,[0]
3067,59,0.473147,24,540,80.0,-0.792009,28,400,-1.017738,25,1250,[0]
3071,60,1.15484,24,280,80.0,0.0,-1,0,-0.813921,7,550,[0]
3071,60,0.360425,24,1130,80.0,-1.489777,25,1050,-0.189448,7,510,[0]
3071,60,0.45855,24,530,80.0,-0.79816,28,400,-1.018072,25,1250,[0]
3077,75,0.493764,24,220,80.0,0.0,-1,0,-0.360569,7,570,[0]
3077,75,0.460004,24,510,80.0,-0.829041,28,440,-0.859405,25,1150,[0]
3082,44,0.356062,24,1170,80.0,-1.780882,25,950,-0.207127,7,660,[0]
3082,44,0.571706,24,680,80.0,-2.399709,8,810,-1.032426,25,1270,[0]
3088,45,0.361717,24,1150,80.0,-1.715042,25,980,-0.204753,7,650,[0]
3088,45,0.571968,24,650,80.0,-2.405659,8,830,-1.020386,25,1280,[0]
3093,49,0.360509,24,1150,80.0,-1.660839,25,990,-0.198396,7,620,[0]
3093,49,0.52929,24,630,80.0,-2.382768,8,850,-1.028816,25,1260,[0]
3098,65,0.910768,24,260,80.0,0.0,-1,0,-0.691111,7,540,[0]
3103,45,0.361696,24,1150,80.0,-1.715852,25,980,-0.204136,7,650,[0]
3103,45,0.57123,24,650,80.0,-2.402461,8,830,-1.021326,25,1280,[0]
3109,44,0.356068,24,1170,80.0,-1.781013,25,950,-0.207191,7,660,[0]
3109,44,0.571855,24,680,80.0,-2.400378,8,810,-1.032453,25,1270,[0]
3114,44,0.356069,24,1170,80.0,-1.781037,25,950,-0.207203,7,660,[0]
3114,44,0.571882,24,680,80.0,-2.4005,8,810,-1.032458,25,1270,[0]
3118,43,0.362309,24,1150,80.0,-1.746752,25,970,-0.21174,7,650,[0]
3118,43,0.598387,24,660,80.0,-2.348991,8,810,-1.024413,25,1280,[0]
3124,64,1.001722,24,250,80.0,0.0,-1,0,-0.690985,7,560,[0]
3124,64,0.427719,24,500,80.0,-0.806951,28,430,-1.01367,25,1240,[0]
3129,69,0.736806,24,240,80.0,0.0,-1,0,-0.565894,7,540,[0]
3129,69,0.539425,24,550,80.0,-0.806611,28,420,-0.857831,25,1160,[0]
3134,44,0.356073,24,1170,80.0,-1.781132,25,950,-0.20725,7,660,[0]
3134,44,0.571991,24,680,80.0,-2.400987,8,810,-1.032478,25,1270,[0]
3139,74,0.567787,24,220,80.0,0.0,-1,0,-0.431505,7,560,[0]
3139,74,0.49695,24,510,80.0,-0.817344,28,440,-0.853594,25,1160,[0]
3144,43,0.362315,24,1150,80.0,-1.746873,25,970,-0.211792,7,650,[0]
3144,43,0.598495,24,660,80.0,-2.349606,8,810,-1.024428,25,1280,[0]
3150,58,1.271665,24,300,80.0,0.0,-1,0,-0.908098,7,540,[0]
3150,58,0.359348,24,1140,80.0,-1.536431,25,1030,-0.192303,7,530,[0]
3150,58,0.473771,24,550,80.0,-0.814195,28,400,-1.019784,25,1250,[0]
3155,64,0.994767,24,250,80.0,0.0,-1,0,-0.68105,7,560,[0]
3155,64,0.427416,24,500,80.0,-0.807336,28,430,-1.022498,25,1230,[0]
3158,44,0.361962,24,1150,80.0,-1.721783,25,980,-0.206545,7,650,[0]
3158,44,0.567835,24,670,80.0,-2.400516,8,820,-1.031489,25,1270,[0]
3162,43,0.362525,24,1150,80.0,-1.748929,25,970,-0.210365,7,660,[0]
3162,43,0.596386,24,670,80.0,-2.369404,8,810,-1.026604,25,1280,[0]
3166,63,1.030176,24,270,80.0,0.0,-1,0,-0.757864,7,540,[0]
3166,63,0.449957,24,500,80.0,-0.810928,28,420,-1.007652,25,1250,[0]
3169,47,0.361132,24,1150,80.0,-1.70513,25,980,-0.199943,7,640,[0]
3169,47,0.551822,24,640,80.0,-2.406651,8,850,-1.023526,25,1270,[0]
3175,44,0.356081,24,1170,80.0,-1.781324,25,950,-0.207343,7,660,[0]
3175,44,0.572209,24,680,80.0,-2.401967,8,810,-1.032518,25,1270,[0]
3180,44,0.362227,24,1150,80.0,-1.744394,25,970,-0.209966,7,650,[0]
3180,44,0.589711,24,660,80.0,-2.36991,8,820,-1.025089,25,1280,[0]
3185,49,0.360633,24,1150,80.0,-1.681947,25,980,-0.196841,7,630,[0]
3185,49,0.526006,24,640,80.0,-2.399529,8,850,-1.029814,25,1260,[0]
3191,64,0.960256,24,260,80.0,0.0,-1,0,-0.696783,7,550,[0]
3197,44,0.362112,24,1150,80.0,-1.741275,25,970,-0.208994,7,650,[0]
3197,44,0.586547,24,660,80.0,-2.356534,8,820,-1.031183,25,1270,[0]
3201,61,1.098648,24,280,80.0,0.0,-1,0,-0.79288,7,550,[0]
3201,61,0.359389,24,1130,80.0,-1.483245,25,1050,-0.188183,7,500,[0]
3201,61,0.452538,24,520,80.0,-0.816818,28,410,-1.011848,25,1250,[0]
3208,70,0.701429,24,240,80.0,0.0,-1,0,-0.543469,7,540,[0]
3208,70,0.517698,24,560,80.0,-0.839523,28,420,-0.864536,25,1150,[0]
3211,45,0.361834,24,1150,80.0,-1.735391,25,970,-0.206663,7,650,[0]
3211,45,0.565493,24,670,80.0,-2.390259,8,820,-1.038884,25,1260,[0]
3215,44,0.362019,24,1150,80.0,-1.740085,25,970,-0.208527,7,650,[0]
3215,44,0.5667,24,680,80.0,-2.381637,8,810,-1.039228,25,1260,[0]
3221,68,0.78331,24,240,80.0,0.0,-1,0,-0.580147,7,550,[0]
3221,68,0.533834,24,570,80.0,-0.824435,28,420,-0.866777,25,1150,[0]
3226,64,0.925286,24,270,80.0,0.0,-1,0,-0.708078,7,540,[0]
3226,64,0.428063,24,500,80.0,-0.808924,28,430,-1.022609,25,1230,[0]
3228,58,1.199497,24,310,80.0,0.0,-1,0,-0.908854,7,530,[0]
3228,58,0.358979,24,1140,80.0,-1.517976,25,1040,-0.187645,7,540,[0]
3228,58,0.487243,24,530,80.0,-0.805445,28,400,-1.010388,25,1260,[0]
3234,45,0.361884,24,1150,80.0,-1.738472,25,970,-0.206713,7,650,[0]
3234,45,0.566452,24,670,80.0,-2.401442,8,820,-1.028634,25,1270,[0]
3241,61,1.108641,24,280,80.0,0.0,-1,0,-0.796588,7,550,[0]
3241,61,0.359543,24,1130,80.0,-1.48289,25,1050,-0.184717,7,510,[0]
3241,61,0.461445,24,510,80.0,-0.80039,28,420,-1.011894,25,1250,[0]
3248,49,0.36073,24,1150,80.0,-1.682171,25,980,-0.197754,7,630,[0]
3248,49,0.527024,24,640,80.0,-2.409851,8,850,-1.030168,25,1260,[0]
3255,46,0.361498,24,1150,80.0,-1.710654,25,980,-0.205027,7,640,[0]
3255,46,0.551705,24,660,80.0,-2.411668,8,840,-1.036386,25,1260,[0]
3258,60,1.147565,24,290,80.0,0.0,-1,0,-0.845962,7,540,[0]
3258,60,0.360641,24,1130,80.0,-1.506842,25,1040,-0.187165,7,520,[0]
3258,60,0.47402,24,520,80.0,-0.791711,28,410,-1.014166,25,1250,[0]
3268,68,0.749366,24,250,80.0,0.0,-1,0,-0.583692,7,540,[0]
3268,68,0.550168,24,550,80.0,-0.81001,28,430,-0.856824,25,1160,[0]
3274,68,0.777979,24,240,80.0,0.0,-1,0,-0.578726,7,550,[0]
3274,68,0.531885,24,570,80.0,-0.826851,28,420,-0.8652,25,1150,[0]
3278,49,0.360768,24,1150,80.0,-1.683453,25,980,-0.202592,7,620,[0]
3278,49,0.54365,24,630,80.0,-2.388325,8,860,-1.030942,25,1260,[0]
3285,58,1.266096,24,300,80.0,0.0,-1,0,-0.905326,7,540,[0]
3285,58,0.3593,24,1140,80.0,-1.51992,25,1040,-0.195971,7,520,[0]
3285,58,0.473132,24,550,80.0,-0.838524,28,410,-1.028126,25,1240,[0]
3291,55,1.379116,24,320,80.0,0.0,-1,0,-0.991072,7,540,[0]
3291,55,0.361358,24,1140,80.0,-1.570912,25,1020,-0.191341,7,570,[0]
3291,55,0.503695,24,560,80.0,-0.850959,28,390,-1.017681,25,1260,[0]
3298,45,0.361735,24,1150,80.0,-1.734483,25,970,-0.204559,7,650,[0]
3298,45,0.555299,24,670,80.0,-2.407094,8,830,-1.037753,25,1260,[0]
3304,55,1.394791,24,330,80.0,0.0,-1,0,-1.033238,7,530,[0]
3304,55,0.358775,24,1150,80.0,-1.575303,25,1020,-0.198299,7,560,[0]
3304,55,0.506711,24,570,80.0,-0.87279,28,390,-1.019713,25,1260,[0]
3308,49,0.360782,24,1150,80.0,-1.682754,25,980,-0.198196,7,630,[0]
3308,49,0.528078,24,640,80.0,-2.412838,8,850,-1.030806,25,1260,[0]
3313,68,0.772275,24,260,80.0,0.0,-1,0,-0.616863,7,540,[0]
3313,68,0.549189,24,570,80.0,-0.826342,28,430,-0.865901,25,1150,[0]
3318,69,0.742008,24,250,80.0,0.0,-1,0,-0.584907,7,540,[0]
3318,69,0.53095,24,570,80.0,-0.821625,28,420,-0.86727,25,1150,[0]
3332,46,0.361522,24,1150,80.0,-1.713159,25,980,-0.206146,7,640,[0]
3332,46,0.559277,24,660,80.0,-2.382685,8,830,-1.03835,25,1260,[0]
3337,47,0.361294,24,1150,80.0,-1.708272,25,980,-0.203083,7,640,[0]
3337,47,0.555378,24,650,80.0,-2.391299,8,840,-1.034287,25,1260,[0]
3340,58,1.230342,24,310,80.0,0.0,-1,0,-0.910166,7,540,[0]
3340,58,0.359211,24,1140,80.0,-1.521533,25,1040,-0.188555,7,540,[0]
3340,58,0.473962,24,550,80.0,-0.830918,28,390,-1.02003,25,1250,[0]
3346,62,1.084436,24,280,80.0,0.0,-1,0,-0.787075,7,550,[0]
3346,62,0.358887,24,1130,80.0,-1.481385,25,1050,-0.182504,7,510,[0]
3346,62,0.451068,24,520,80.0,-0.809388,28,410,-1.020263,25,1240,[0]
3350,73,0.621504,24,240,80.0,0.0,-1,0,-0.453396,7,550,[0]
3350,73,0.495911,24,530,80.0,-0.818916,28,430,-0.861846,25,1150,[0]
3356,61,1.090783,24,290,80.0,0.0,-1,0,-0.823583,7,540,[0]
3356,61,0.359774,24,1130,80.0,-1.500622,25,1040,-0.186286,7,510,[0]
3356,61,0.470777,24,510,80.0,-0.778552,28,410,-1.010575,25,1250,[0]
3362,64,1.025589,24,260,80.0,0.0,-1,0,-0.713347,7,560,[0]
3362,64,0.431773,24,510,80.0,-0.799885,28,420,-1.023243,25,1230,[0]
3366,70,0.735915,24,230,80.0,0.0,-1,0,-0.533387,7,550,[0]
3366,70,0.525795,24,550,80.0,-0.826491,28,430,-0.863644,25,1150,[0]
3373,62,1.068098,24,270,80.0,0.0,-1,0,-0.765149,7,550,[0]
3373,62,0.456237,24,500,80.0,-0.801526,28,430,-1.010016,25,1250,[0]
3378,64,1.018378,24,260,80.0,0.0,-1,0,-0.710032,7,560,[0]
3378,64,0.429518,24,510,80.0,-0.796442,28,420,-1.021908,25,1230,[0]
3381,46,0.361411,24,1150,80.0,-1.711492,25,980,-0.203806,7,640,[0]
3381,46,0.558464,24,650,80.0,-2.40445,8,840,-1.028058,25,1270,[0]
3390,47,0.361128,24,1150,80.0,-1.704593,25,980,-0.200775,7,640,[0]
3390,47,0.552865,24,640,80.0,-2.401165,8,850,-1.025684,25,1270,[0]
3394,62,1.054891,24,280,80.0,0.0,-1,0,-0.789489,7,540,[0]
3394,62,0.358593,24,1130,80.0,-1.478101,25,1050,-0.180965,7,510,[0]
3394,62,0.450779,24,510,80.0,-0.809967,28,430,-1.017874,25,1240,[0]
3401,46,0.361354,24,1150,80.0,-1.691639,25,990,-0.206928,7,630,[0]
3401,46,0.547787,24,660,80.0,-2.425046,8,830,-1.036319,25,1260,[0]
3413,63,1.049974,24,270,80.0,0.0,-1,0,-0.753097,7,550,[0]
3413,63,0.454389,24,500,80.0,-0.796796,28,430,-1.017014,25,1240,[0]
3418,47,0.361132,24,1150,80.0,-1.704724,25,980,-0.200836,7,640,[0]
3418,47,0.553007,24,640,80.0,-2.401765,8,850,-1.025705,25,1270,[0]
3423,51,0.360244,24,1150,80.0,-1.65299,25,990,-0.197195,7,610,[0]
3423,51,0.531795,24,600,80.0,-0.865993,28,370,-1.022634,25,1270,[0]
3429,48,0.36109,24,1150,80.0,-1.702364,25,980,-0.202659,7,630,[0]
3429,48,0.550633,24,640,80.0,-2.395666,8,850,-1.03239,25,1260,[0]
3433,68,0.788398,24,250,80.0,0.0,-1,0,-0.604848,7,540,[0]
3433,68,0.554567,24,560,80.0,-0.822307,28,430,-0.867205,25,1150,[0]
3439,48,0.361048,24,1150,80.0,-1.684686,25,990,-0.202359,7,630,[0]
3439,48,0.537537,24,650,80.0,-2.419306,8,840,-1.0326,25,1260,[0]
3442,70,0.678351,24,240,80.0,0.0,-1,0,-0.530383,7,540,[0]
3442,70,0.526234,24,540,80.0,-0.81963,28,430,-0.85798,25,1160,[0]
3447,65,0.915308,24,260,80.0,0.0,-1,0,-0.674836,7,550,[0]
3453,47,0.361116,24,1150,80.0,-1.703391,25,980,-0.20028,7,640,[0]
3453,47,0.552444,24,640,80.0,-2.399344,8,850,-1.034772,25,1260,[0]
3457,47,0.361117,24,1150,80.0,-1.70341,25,980,-0.200289,7,640,[0]
3457,47,0.552464,24,640,80.0,-2.399427,8,850,-1.034775,25,1260,[0]
3466,64,0.989399,24,260,80.0,0.0,-1,0,-0.713807,7,550,[0]
3466,64,0.431707,24,500,80.0,-0.787114,28,420,-1.014147,25,1240,[0]
3510,65,0.993065,24,250,80.0,0.0,-1,0,-0.683043,7,560,[0]
3510,65,0.425319,24,500,80.0,-0.77867,28,420,-1.020536,25,1230,[0]
3516,52,1.492689,24,350,80.0,0.0,-1,0,-1.101866,7,540,[0]
3516,52,0.360002,24,1150,80.0,-1.628348,25,1000,-0.193075,7,610,[0]
3516,52,0.527662,24,590,80.0,-0.840863,28,370,-1.024458,25,1260,[0]
3525,49,0.360608,24,1150,80.0,-1.679363,25,980,-0.199697,7,620,[0]
3525,49,0.541128,24,620,80.0,-2.367347,8,860,-1.028849,25,1260,[0]
3530,66,0.894708,24,250,80.0,0.0,-1,0,-0.650258,7,550,[0]
3530,66,0.579088,24,570,80.0,-0.832925,28,420,-0.860623,25,1160,[0]
3535,53,1.445217,24,340,80.0,0.0,-1,0,-1.063993,7,540,[0]
3535,53,0.359663,24,1150,80.0,-1.618531,25,1000,-0.194424,7,590,[0]
3535,53,0.508943,24,590,80.0,-0.881874,28,380,-1.022029,25,1260,[0]
3539,67,0.819067,24,250,80.0,0.0,-1,0,-0.629946,7,540,[0]
3539,67,0.558243,24,570,80.0,-0.824361,28,410,-0.85918,25,1160,[0]
3543,67,0.839096,24,250,80.0,0.0,-1,0,-0.622019,7,550,[0]
3543,67,0.550887,24,580,80.0,-0.83103,28,410,-0.867601,25,1150,[0]
3546,71,0.738599,24,240,80.0,0.0,-1,0,-0.534591,7,540,[0]
3546,71,0.515868,24,550,80.0,-0.834938,28,420,-0.857841,25,1160,[0]
3549,67,0.875638,24,240,80.0,0.0,-1,0,-0.616083,7,560,[0]
3549,67,0.562117,24,570,80.0,-0.816183,28,420,-0.864858,25,1150,[0]
3554,69,0.753945,24,240,80.0,0.0,-1,0,-0.573054,7,540,[0]
3554,69,0.533887,24,560,80.0,-0.818325,28,420,-0.865477,25,1150,[0]
3560,65,0.942247,24,260,80.0,0.0,-1,0,-0.689507,7,550,[0]
3567,71,0.666443,24,240,80.0,0.0,-1,0,-0.520259,7,540,[0]
3567,71,0.519831,24,540,80.0,-0.807719,28,430,-0.865449,25,1150,[0]
3570,61,1.105808,24,290,80.0,0.0,-1,0,-0.826285,7,540,[0]
3570,61,0.363054,24,1120,80.0,-1.502523,25,1040,-0.175949,7,540,[0]
3570,61,0.463209,24,520,80.0,-0.782222,28,410,-1.020642,25,1240,[0]
3574,68,0.861333,24,230,80.0,0.0,-1,0,-0.58723,7,560,[0]
3574,68,0.544381,24,570,80.0,-0.816002,28,410,-0.867124,25,1150,[0]
3579,70,0.737399,24,230,80.0,0.0,-1,0,-0.536761,7,550,[0]
3579,70,0.527451,24,550,80.0,-0.795542,28,420,-0.866212,25,1150,[0]
3584,54,1.467571,24,320,80.0,0.0,-1,0,-1.009767,7,550,[0]
3584,54,0.358933,24,1150,80.0,-1.596045,25,1010,-0.196607,7,570,[0]
3584,54,0.521044,24,560,80.0,-0.866834,28,400,-1.012146,25,1270,[0]
3590,69,0.850955,24,240,80.0,0.0,-1,0,-0.573246,7,550,[0]
3590,69,0.5485,24,550,80.0,-0.807652,28,430,-0.865765,25,1150,[0]
3596,61,1.129565,24,280,80.0,0.0,-1,0,-0.804495,7,550,[0]
3596,61,0.359729,24,1130,80.0,-1.485825,25,1050,-0.18614,7,510,[0]
3596,61,0.465965,24,510,80.0,-0.805294,28,420,-1.013056,25,1250,[0]
3598,70,0.770978,24,250,80.0,0.0,-1,0,-0.561935,7,540,[0]
3598,70,0.53403,24,550,80.0,-0.81237,28,420,-0.858231,25,1160,[0]
3600,68,0.88802,24,250,80.0,0.0,-1,0,-0.614217,7,550,[0]
3600,68,0.542124,24,580,80.0,-0.821177,28,410,-0.86673,25,1150,[0]
3603,68,0.801224,24,250,80.0,0.0,-1,0,-0.616677,7,540,[0]
3603,68,0.557416,24,560,80.0,-0.826144,28,430,-0.86033,25,1160,[0]
3609,50,0.360568,24,1150,80.0,-1.661391,25,990,-0.199243,7,620,[0]
3609,50,0.536313,24,620,80.0,-2.372808,8,860,-1.028081,25,1260,[0]
3612,69,0.777645,24,240,80.0,0.0,-1,0,-0.569839,7,550,[0]
3612,69,0.547807,24,550,80.0,-0.809386,28,430,-0.866298,25,1150,[0]
3618,50,0.360497,24,1150,80.0,-1.676279,25,980,-0.197508,7,620,[0]
3618,50,0.540776,24,610,80.0,-2.352951,8,860,-1.02061,25,1270,[0]
3621,69,0.759807,24,250,80.0,0.0,-1,0,-0.590712,7,540,[0]
3621,69,0.532992,24,570,80.0,-0.833333,28,420,-0.866326,25,1150,[0]
3623,69,0.757224,24,240,80.0,0.0,-1,0,-0.566519,7,550,[0]
3623,69,0.54551,24,550,80.0,-0.796324,28,430,-0.866074,25,1150,[0]
3626,69,0.761584,24,240,80.0,0.0,-1,0,-0.566862,7,550,[0]
3626,69,0.545626,24,550,80.0,-0.800095,28,430,-0.865668,25,1150,[0]
3633,67,0.843285,24,250,80.0,0.0,-1,0,-0.623964,7,550,[0]
3633,67,0.551623,24,580,80.0,-0.832743,28,410,-0.867813,25,1150,[0]
3635,68,0.81868,24,250,80.0,0.0,-1,0,-0.625019,7,540,[0]
3635,68,0.561634,24,560,80.0,-0.806713,28,420,-0.859182,25,1160,[0]
3642,70,0.695508,24,240,80.0,0.0,-1,0,-0.540792,7,540,[0]
3642,70,0.529425,24,540,80.0,-0.793537,28,420,-0.858003,25,1160,[0]
3645,70,0.705923,24,240,80.0,0.0,-1,0,-0.546399,7,540,[0]
3645,70,0.522216,24,550,80.0,-0.825897,28,430,-0.865133,25,1150,[0]
3647,69,0.748827,24,250,80.0,0.0,-1,0,-0.580699,7,540,[0]
3647,69,0.528829,24,570,80.0,-0.828725,28,420,-0.874728,25,1140,[0]
3653,53,1.44636,24,340,80.0,0.0,-1,0,-1.085327,7,530,[0]
3653,53,0.359644,24,1150,80.0,-1.60473,25,1010,-0.192111,7,600,[0]
3653,53,0.510041,24,590,80.0,-0.884637,28,380,-1.022544,25,1260,[0]
3658,57,1.349233,24,310,80.0,0.0,-1,0,-0.964019,7,540,[0]
3658,57,0.360715,24,1140,80.0,-1.564745,25,1020,-0.194531,7,550,[0]
3658,57,0.500254,24,550,80.0,-0.826289,28,390,-1.01418,25,1260,[0]
3661,69,0.788689,24,240,80.0,0.0,-1,0,-0.583228,7,550,[0]
3661,69,0.553311,24,550,80.0,-0.810537,28,430,-0.858667,25,1160,[0]
3668,68,0.770474,24,250,80.0,0.0,-1,0,-0.599392,7,540,[0]
3668,68,0.535723,24,570,80.0,-0.834078,28,420,-0.866757,25,1150,[0]
3675,69,0.780445,24,240,80.0,0.0,-1,0,-0.57118,7,550,[0]
3675,69,0.548356,24,550,80.0,-0.810534,28,430,-0.866422,25,1150,[0]
3679,68,0.775065,24,250,80.0,0.0,-1,0,-0.604633,7,540,[0]
3679,68,0.55148,24,560,80.0,-0.820392,28,430,-0.863652,25,1150,[0]
3681,69,0.73494,24,250,80.0,0.0,-1,0,-0.588891,7,530,[0]
3681,69,0.537518,24,560,80.0,-0.819696,28,420,-0.866405,25,1150,[0]
3684,51,0.360237,24,1150,80.0,-1.637974,25,1000,-0.197529,7,610,[0]
3684,51,0.536526,24,600,80.0,-0.870137,28,370,-1.021589,25,1270,[0]
3691,69,0.762826,24,250,80.0,0.0,-1,0,-0.592204,7,540,[0]
3691,69,0.533606,24,570,80.0,-0.834609,28,420,-0.866483,25,1150,[0]
3696,69,0.777027,24,250,80.0,0.0,-1,0,-0.566895,7,540,[0]
3696,69,0.535782,24,550,80.0,-0.819414,28,420,-0.856593,25,1160,[0]
3699,69,0.853514,24,240,80.0,0.0,-1,0,-0.572912,7,550,[0]
3699,69,0.529323,24,570,80.0,-0.827322,28,420,-0.875591,25,1140,[0]
3703,69,0.740174,24,250,80.0,0.0,-1,0,-0.582677,7,540,[0]
3703,69,0.538234,24,560,80.0,-0.820826,28,420,-0.865419,25,1150,[0]
3706,69,0.74388,24,240,80.0,0.0,-1,0,-0.569659,7,540,[0]
3706,69,0.529688,24,560,80.0,-0.814089,28,420,-0.866392,25,1150,[0]
3708,70,0.751567,24,230,80.0,0.0,-1,0,-0.540989,7,550,[0]
3708,70,0.528908,24,550,80.0,-0.80513,28,420,-0.864453,25,1150,[0]
3712,69,0.756286,24,250,80.0,0.0,-1,0,-0.590241,7,540,[0]
3712,69,0.531453,24,570,80.0,-0.830805,28,420,-0.866842,25,1150,[0]
3717,69,0.761039,24,240,80.0,0.0,-1,0,-0.576492,7,540,[0]
3717,69,0.535255,24,560,80.0,-0.821303,28,420,-0.865845,25,1150,[0]
3724,69,0.757094,24,240,80.0,0.0,-1,0,-0.575728,7,540,[0]
3724,69,0.531211,24,560,80.0,-0.817118,28,420,-0.866129,25,1150,[0]
3729,69,0.784107,24,240,80.0,0.0,-1,0,-0.581717,7,550,[0]
3729,69,0.532489,24,570,80.0,-0.829744,28,420,-0.866922,25,1150,[0]
3738,70,0.732792,24,240,80.0,0.0,-1,0,-0.560342,7,540,[0]
3738,70,0.533105,24,550,80.0,-0.808526,28,420,-0.866941,25,1150,[0]
3742,70,0.757461,24,230,80.0,0.0,-1,0,-0.54529,7,550,[0]
3742,70,0.532458,24,550,80.0,-0.802907,28,420,-0.866417,25,1150,[0]
3746,67,0.828426,24,250,80.0,0.0,-1,0,-0.631821,7,540,[0]
3746,67,0.565189,24,560,80.0,-0.807687,28,420,-0.859423,25,1160,[0]
3752,66,0.856062,24,260,80.0,0.0,-1,0,-0.664306,7,540,[0]
3752,66,0.57714,24,570,80.0,-0.827355,28,420,-0.860116,25,1160,[0]
3758,59,1.235357,24,290,80.0,0.0,-1,0,-0.865291,7,550,[0]
3758,59,0.358419,24,1140,80.0,-1.515444,25,1040,-0.188612,7,530,[0]
3758,59,0.480224,24,530,80.0,-0.820683,28,410,-1.016672,25,1250,[0]
3760,72,0.638864,24,230,80.0,0.0,-1,0,-0.490643,7,540,[0]
3760,72,0.507727,24,530,80.0,-0.789899,28,430,-0.864521,25,1150,[0]
3762,69,0.767329,24,240,80.0,0.0,-1,0,-0.569678,7,550,[0]
3762,69,0.546779,24,550,80.0,-0.802495,28,430,-0.865965,25,1150,[0]
3764,71,0.65748,24,240,80.0,0.0,-1,0,-0.515474,7,540,[0]
3764,71,0.513314,24,540,80.0,-0.807702,28,430,-0.86492,25,1150,[0]
3769,62,1.110227,24,280,80.0,0.0,-1,0,-0.80168,7,550,[0]
3769,62,0.362528,24,1120,80.0,-1.486101,25,1050,-0.177268,7,530,[0]
3769,62,0.454116,24,520,80.0,-0.81779,28,410,-1.012448,25,1250,[0]
3772,70,0.754193,24,230,80.0,0.0,-1,0,-0.542264,7,550,[0]
3772,70,0.52943,24,550,80.0,-0.806231,28,420,-0.864588,25,1150,[0]
3775,55,1.41005,24,320,80.0,0.0,-1,0,-1.004956,7,540,[0]
3775,55,0.361552,24,1140,80.0,-1.574579,25,1020,-0.189239,7,580,[0]
3775,55,0.490211,24,580,80.0,-0.866008,28,390,-1.02642,25,1250,[0]
3777,52,1.479482,24,350,80.0,0.0,-1,0,-1.118822,7,530,[0]
3777,52,0.359953,24,1150,80.0,-1.628877,25,1000,-0.192811,7,610,[0]
3777,52,0.526176,24,590,80.0,-0.839525,28,370,-1.022686,25,1260,[0]
3782,62,1.102832,24,280,80.0,0.0,-1,0,-0.790976,7,550,[0]
3782,62,0.359074,24,1130,80.0,-1.482532,25,1050,-0.179536,7,520,[0]
3782,62,0.451933,24,520,80.0,-0.816496,28,410,-1.020706,25,1240,[0]
3787,70,0.772255,24,230,80.0,0.0,-1,0,-0.549184,7,560,[0]
3787,70,0.53732,24,550,80.0,-0.814638,28,420,-0.856896,25,1160,[0]
3792,54,1.430288,24,340,80.0,0.0,-1,0,-1.050222,7,540,[0]
3792,54,0.359372,24,1150,80.0,-1.600634,25,1010,-0.19265,7,590,[0]
3792,54,0.512641,24,580,80.0,-0.880007,28,380,-1.020756,25,1260,[0]
3797,53,1.451904,24,340,80.0,0.0,-1,0,-1.090678,7,530,[0]
3797,53,0.35967,24,1150,80.0,-1.621299,25,1000,-0.195583,7,590,[0]
3797,53,0.517591,24,580,80.0,-0.88618,28,380,-1.013631,25,1270,[0]
3800,70,0.699348,24,240,80.0,0.0,-1,0,-0.53814,7,540,[0]
3800,70,0.511027,24,560,80.0,-0.816061,28,410,-0.866621,25,1150,[0]
3802,70,0.707505,24,240,80.0,0.0,-1,0,-0.545162,7,540,[0]
3802,70,0.521136,24,550,80.0,-0.800457,28,420,-0.865369,25,1150,[0]
3806,71,0.699491,24,230,80.0,0.0,-1,0,-0.511457,7,550,[0]
3806,71,0.517071,24,540,80.0,-0.812765,28,430,-0.865253,25,1150,[0]
3813,62,1.112219,24,280,80.0,0.0,-1,0,-0.802432,7,550,[0]
3813,62,0.362552,24,1120,80.0,-1.486315,25,1050,-0.177393,7,530,[0]
3813,62,0.454368,24,520,80.0,-0.818513,28,410,-1.012488,25,1250,[0]
3820,53,1.496336,24,340,80.0,0.0,-1,0,-1.08734,7,540,[0]
3820,53,0.359839,24,1150,80.0,-1.625653,25,1000,-0.190896,7,610,[0]
3820,53,0.518591,24,590,80.0,-0.876062,28,370,-1.015979,25,1270,[0]
3824,56,1.366649,24,320,80.0,0.0,-1,0,-0.988386,7,540,[0]
3824,56,0.361396,24,1140,80.0,-1.571189,25,1020,-0.18787,7,580,[0]
3824,56,0.50049,24,560,80.0,-0.823,28,400,-1.027581,25,1250,[0]
3827,63,1.04613,24,280,80.0,0.0,-1,0,-0.780347,7,540,[0]
3827,63,0.361686,24,1120,80.0,-1.476061,25,1050,-0.176183,7,520,[0]
3827,63,0.457047,24,500,80.0,-0.780788,28,420,-1.01851,25,1240,[0]
3831,71,0.746768,24,240,80.0,0.0,-1,0,-0.537089,7,540,[0]
3831,71,0.515339,24,550,80.0,-0.836027,28,420,-0.865296,25,1150,[0]
3837,72,0.662759,24,230,80.0,0.0,-1,0,-0.501745,7,570,[0]
3837,72,0.519012,24,530,80.0,-0.799521,28,430,-0.865004,25,1150,[0]
3841,71,0.692859,24,230,80.0,0.0,-1,0,-0.522588,7,540,[0]
3841,71,0.516194,24,540,80.0,-0.809514,28,430,-0.865091,25,1150,[0]
3845,53,1.473411,24,340,80.0,0.0,-1,0,-1.073617,7,540,[0]
3845,53,0.359815,24,1150,80.0,-1.606641,25,1010,-0.192789,7,600,[0]
3845,53,0.526403,24,580,80.0,-0.848654,28,380,-1.022429,25,1260,[0]
3849,56,1.36718,24,320,80.0,0.0,-1,0,-0.991547,7,540,[0]
3849,56,0.361402,24,1140,80.0,-1.570869,25,1020,-0.187923,7,580,[0]
3849,56,0.50245,24,560,80.0,-0.832305,28,400,-1.022131,25,1250,[0]
3855,71,0.719159,24,250,80.0,0.0,-1,0,-0.539852,7,530,[0]
3855,71,0.52148,24,540,80.0,-0.818337,28,430,-0.865207,25,1150,[0]
3856,58,1.290385,24,300,80.0,0.0,-1,0,-0.90085,7,550,[0]
3856,58,0.35964,24,1140,80.0,-1.538232,25,1030,-0.190757,7,540,[0]
3856,58,0.4771,24,550,80.0,-0.819883,28,400,-1.824279,25,1240,[0]
3862,72,0.637286,24,240,80.0,0.0,-1,0,-0.515647,7,530,[0]
3862,72,0.510106,24,540,80.0,-0.819466,28,420,-0.865697,25,1150,[0]
3867,63,1.021479,24,280,80.0,0.0,-1,0,-0.771523,7,540,[0]
3867,63,0.361185,24,1120,80.0,-1.47449,25,1050,-0.181246,7,500,[0]
3867,63,0.453904,24,500,80.0,-0.803832,28,430,-1.016575,25,1240,[0]
3872,61,1.14253,24,280,80.0,0.0,-1,0,-0.809295,7,550,[0]
3872,61,0.359887,24,1130,80.0,-1.487215,25,1050,-0.183322,7,520,[0]
3872,61,0.458848,24,520,80.0,-0.809923,28,420,-1.021557,25,1240,[0]
3877,63,1.089566,24,270,80.0,0.0,-1,0,-0.760321,7,550,[0]
3877,63,0.438722,24,520,80.0,-0.804548,28,410,-1.025979,25,1230,[0]
3880,65,0.96719,24,250,80.0,0.0,-1,0,-0.686804,7,550,[0]
3880,65,0.361454,24,1110,80.0,-1.004144,28,510,-0.168327,7,500,[0]
3885,70,0.717269,24,240,80.0,0.0,-1,0,-0.550398,7,540,[0]
3885,70,0.524895,24,550,80.0,-0.800728,28,420,-0.867481,25,1150,[0]
3888,62,1.063471,24,280,80.0,0.0,-1,0,-0.777057,7,550,[0]
3888,62,0.361795,24,1120,80.0,-1.479883,25,1050,-0.172991,7,530,[0]
3888,62,0.443934,24,520,80.0,-0.801712,28,410,-1.019994,25,1240,[0]
3893,61,1.123686,24,280,80.0,0.0,-1,0,-0.802389,7,550,[0]
3893,61,0.359448,24,1130,80.0,-1.485874,25,1050,-0.181051,7,520,[0]
3893,61,0.456055,24,520,80.0,-0.803327,28,420,-1.020962,25,1240,[0]
3896,59,1.256224,24,300,80.0,0.0,-1,0,-0.90583,7,540,[0]
3896,59,0.359281,24,1140,80.0,-1.521154,25,1040,-0.185196,7,550,[0]
3896,59,0.477686,24,540,80.0,-0.812832,28,400,-1.018349,25,1250,[0]
3912,69,0.781566,24,240,80.0,0.0,-1,0,-0.577002,7,550,[0]
3912,69,0.550375,24,550,80.0,-0.805649,28,430,-0.866371,25,1150,[0]
3916,61,1.144435,24,280,80.0,0.0,-1,0,-0.810001,7,550,[0]
3916,61,0.35991,24,1130,80.0,-1.487419,25,1050,-0.183438,7,520,[0]
3916,61,0.45912,24,520,80.0,-0.810603,28,420,-1.021607,25,1240,[0]
3922,62,1.080267,24,280,80.0,0.0,-1,0,-0.781096,7,550,[0]
3922,62,0.358834,24,1130,80.0,-1.480333,25,1050,-0.177875,7,520,[0]
3922,62,0.444374,24,520,80.0,-0.813438,28,410,-1.018016,25,1240,[0]
3927,63,1.073535,24,270,80.0,0.0,-1,0,-0.762738,7,550,[0]
3927,63,0.358048,24,1130,80.0,-1.462393,25,1060,-0.181614,7,500,[0]
3927,63,0.439933,24,520,80.0,-0.796654,28,410,-1.025567,25,1230,[0]
3932,63,1.04483,24,270,80.0,0.0,-1,0,-0.752047,7,550,[0]
3932,63,0.360767,24,1120,80.0,-1.459173,25,1060,-0.175677,7,510,[0]
3932,63,0.440721,24,510,80.0,-0.786947,28,410,-1.016996,25,1240,[0]
3937,62,1.097157,24,280,80.0,0.0,-1,0,-0.792199,7,550,[0]
3937,62,0.358962,24,1130,80.0,-1.483988,25,1050,-0.178806,7,520,[0]
3937,62,0.441585,24,530,80.0,-0.813688,28,410,-1.027412,25,1230,[0]
3941,64,1.012273,24,270,80.0,0.0,-1,0,-0.738467,7,550,[0]
3941,64,0.360394,24,1120,80.0,-1.456275,25,1060,-0.177955,7,500,[0]
3941,64,0.44556,24,500,80.0,-0.786159,28,430,-1.023458,25,1230,[0]
3945,56,1.346805,24,320,80.0,0.0,-1,0,-0.975392,7,540,[0]
3945,56,0.360979,24,1140,80.0,-1.568671,25,1020,-0.185338,7,580,[0]
3945,56,0.493696,24,560,80.0,-0.823127,28,400,-1.024105,25,1250,[0]
3950,63,1.074494,24,270,80.0,0.0,-1,0,-0.763114,7,550,[0]
3950,63,0.358063,24,1130,80.0,-1.4625,25,1060,-0.18168,7,500,[0]
3950,63,0.440068,24,520,80.0,-0.796996,28,410,-1.025597,25,1230,[0]
3955,63,1.074701,24,270,80.0,0.0,-1,0,-0.763195,7,550,[0]
3955,63,0.358066,24,1130,80.0,-1.462523,25,1060,-0.181694,7,500,[0]
3955,63,0.440097,24,520,80.0,-0.79707,28,410,-1.025604,25,1230,[0]
3958,68,0.833087,24,240,80.0,0.0,-1,0,-0.599338,7,550,[0]
3958,68,0.548238,24,570,80.0,-0.822925,28,410,-0.868948,25,1150,[0]
3963,66,0.917909,24,250,80.0,0.0,-1,0,-0.644656,7,560,[0]
3963,66,0.570357,24,580,80.0,-0.812713,28,410,-0.869096,25,1150,[0]
3968,63,1.054626,24,280,80.0,0.0,-1,0,-0.782184,7,540,[0]
3968,63,0.358261,24,1130,80.0,-1.476686,25,1050,-0.182965,7,500,[0]
3968,63,0.441119,24,520,80.0,-0.802869,28,410,-1.027359,25,1230,[0]
3974,63,1.046557,24,270,80.0,0.0,-1,0,-0.752734,7,550,[0]
3974,63,0.360793,24,1120,80.0,-1.459365,25,1060,-0.1758,7,510,[0]
3974,63,0.440973,24,510,80.0,-0.787559,28,410,-1.01704,25,1240,[0]
3975,63,1.054912,24,280,80.0,0.0,-1,0,-0.7823,7,540,[0]
3975,63,0.358266,24,1130,80.0,-1.47672,25,1050,-0.182985,7,500,[0]
3975,63,0.441159,24,520,80.0,-0.802972,28,410,-1.027367,25,1230,[0]
3977,61,1.116751,24,290,80.0,0.0,-1,0,-0.830493,7,540,[0]
3977,61,0.360129,24,1130,80.0,-1.488695,25,1050,-0.184483,7,520,[0]
3977,61,0.454774,24,530,80.0,-0.786538,28,410,-1.02962,25,1230,[0]
3982,62,1.0675,24,280,80.0,0.0,-1,0,-0.796739,7,540,[0]
3982,62,0.361832,24,1120,80.0,-1.48114,25,1050,-0.173843,7,530,[0]
3982,62,0.444624,24,520,80.0,-0.805738,28,410,-1.017686,25,1240,[0]
3987,62,1.067592,24,280,80.0,0.0,-1,0,-0.778713,7,550,[0]
3987,62,0.361851,24,1120,80.0,-1.480351,25,1050,-0.173276,7,530,[0]
3987,62,0.444521,24,520,80.0,-0.803194,28,410,-1.020101,25,1240,[0]
3992,66,0.928667,24,270,80.0,0.0,-1,0,-0.685095,7,540,[0]
3995,63,1.059657,24,270,80.0,0.0,-1,0,-0.757813,7,550,[0]
3995,63,0.35792,24,1130,80.0,-1.46047,25,1060,-0.181191,7,500,[0]
3995,63,0.433057,24,520,80.0,-0.793724,28,410,-1.024956,25,1230,[0]
3998,63,1.026647,24,270,80.0,0.0,-1,0,-0.743937,7,550,[0]
3998,63,0.360618,24,1120,80.0,-1.457718,25,1060,-0.178732,7,500,[0]
3998,63,0.445296,24,500,80.0,-0.791458,28,430,-1.025261,25,1230,[0]
3999,63,1.055884,24,280,80.0,0.0,-1,0,-0.782696,7,540,[0]
3999,63,0.358281,24,1130,80.0,-1.476836,25,1050,-0.183053,7,500,[0]
3999,63,0.441297,24,520,80.0,-0.803323,28,410,-1.027392,25,1230,[0]
3003,42,0.362544,24,1150,80.0,-1.767113,25,960,-0.211262,7,660,[0]
3003,42,0.601636,24,670,80.0,-2.376896,8,810,-1.025512,25,1280,[0]
3008,71,0.668619,24,230,80.0,0.0,-1,0,-0.51111,7,540,[0]
3008,71,0.52865,24,530,80.0,-0.826678,28,440,-0.857343,25,1160,[0]
3021,44,0.356049,24,1170,80.0,-1.780579,25,950,-0.206979,7,660,[0]
3021,44,0.57136,24,680,80.0,-2.398156,8,810,-1.032362,25,1270,[0]
3028,73,0.593537,24,210,80.0,0.0,-1,0,-0.4222,7,570,[0]
3028,73,0.477534,24,530,80.0,-0.818226,28,440,-0.870552,25,1140,[0]
3041,43,0.362245,24,1150,80.0,-1.743875,25,970,-0.211915,7,650,[0]
3041,43,0.597207,24,660,80.0,-2.346105,8,810,-1.023729,25,1280,[0]
3045,42,0.356417,24,1170,80.0,-1.786405,25,950,-0.211649,7,660,[0]
3045,42,0.590103,24,680,80.0,-2.404457,8,820,-1.034511,25,1270,[0]
3050,44,0.356055,24,1170,80.0,-1.780725,25,950,-0.20705,7,660,[0]
3050,44,0.571527,24,680,80.0,-2.398902,8,810,-1.032393,25,1270,[0]
3059,39,0.363896,24,1150,80.0,-1.822889,25,940,-0.217119,7,680,[0]
3059,39,0.119486,24,470,80.0,-0.737601,28,1340,-0.255678,7,640,[0]
3059,39,0.441043,24,580,80.0,-1.140439,28,480,-1.033503,25,1280,[0]
3065,48,0.360814,24,1150,80.0,-1.664178,25,990,-0.201235,7,620,[0]
3065,48,0.544469,24,630,80.0,-0.931256,28,350,-1.023482,25,1270,[0]
3070,44,0.356059,24,1170,80.0,-1.780824,25,950,-0.207099,7,660,[0]
3070,44,0.571639,24,680,80.0,-2.399408,8,810,-1.032413,25,1270,[0]
3075,44,0.35606,24,1170,80.0,-1.780849,25,950,-0.207111,7,660,[0]
3075,44,0.571667,24,680,80.0,-2.399534,8,810,-1.032418,25,1270,[0]
3079,44,0.356061,24,1170,80.0,-1.780868,25,950,-0.20712,7,660,[0]
3079,44,0.571689,24,680,80.0,-2.399633,8,810,-1.032423,25,1270,[0]
3083,42,0.362679,24,1150,80.0,-1.749933,25,970,-0.209063,7,670,[0]
3083,42,0.596096,24,680,80.0,-2.392607,8,810,-1.033645,25,1270,[0]
3096,72,0.604253,24,230,80.0,0.0,-1,0,-0.476555,7,530,[0]
3096,72,0.506224,24,520,80.0,-0.804458,28,440,-0.854615,25,1160,[0]
3111,43,0.362514,24,1150,80.0,-1.748711,25,970,-0.210253,7,660,[0]
3111,43,0.596136,24,670,80.0,-2.368191,8,810,-1.026573,25,1280,[0]
3116,44,0.362072,24,1150,80.0,-1.739611,25,970,-0.208822,7,650,[0]
3116,44,0.59074,24,650,80.0,-2.349102,8,820,-1.023347,25,1280,[0]
3127,52,1.495322,24,340,80.0,0.0,-1,0,-1.091059,7,540,[0]
3127,52,0.359914,24,1150,80.0,-1.608802,25,1010,-0.195215,7,600,[0]
3127,52,0.518297,24,600,80.0,-0.845063,28,360,-1.023791,25,1260,[0]
3132,44,0.362241,24,1150,80.0,-1.743399,25,970,-0.210199,7,650,[0]
3132,44,0.589597,24,660,80.0,-2.373874,8,820,-1.02325,25,1280,[0]
3142,44,0.356074,24,1170,80.0,-1.78117,25,950,-0.207268,7,660,[0]
3142,44,0.572034,24,680,80.0,-2.401181,8,810,-1.032486,25,1270,[0]
3149,46,0.361434,24,1150,80.0,-1.710498,25,980,-0.204483,7,640,[0]
3149,46,0.558722,24,650,80.0,-2.404295,8,840,-1.028948,25,1270,[0]
3154,44,0.356077,24,1170,80.0,-1.781226,25,950,-0.207296,7,660,[0]
3154,44,0.572098,24,680,80.0,-2.401468,8,810,-1.032498,25,1270,[0]
3158,44,0.361962,24,1150,80.0,-1.721783,25,980,-0.206545,7,650,[0]
3158,44,0.567835,24,670,80.0,-2.400516,8,820,-1.031489,25,1270,[0]
3166,45,0.361871,24,1150,80.0,-1.720424,25,980,-0.206563,7,650,[0]
3166,45,0.566091,24,670,80.0,-2.399841,8,820,-1.028573,25,1270,[0]
3169,66,0.919489,24,270,80.0,0.0,-1,0,-0.688676,7,530,[0]
3173,45,0.361688,24,1150,80.0,-1.715128,25,980,-0.203085,7,650,[0]
3173,45,0.562306,24,660,80.0,-2.397216,8,830,-1.029833,25,1270,[0]
3182,48,0.360793,24,1150,80.0,-1.683975,25,980,-0.202692,7,620,[0]
3182,48,0.545576,24,630,80.0,-2.387598,8,860,-1.032189,25,1260,[0]
3187,71,0.632439,24,230,80.0,0.0,-1,0,-0.49096,7,570,[0]
3187,71,0.50571,24,540,80.0,-0.830932,28,430,-0.864037,25,1150,[0]
3193,45,0.361898,24,1150,80.0,-1.719762,25,980,-0.209863,7,640,[0]
3193,45,0.583196,24,650,80.0,-2.369532,8,830,-1.022537,25,1280,[0]
3202,44,0.362089,24,1150,80.0,-1.739705,25,970,-0.208668,7,650,[0]
3202,44,0.58573,24,660,80.0,-2.354748,8,820,-1.031295,25,1270,[0]
3209,44,0.356088,24,1170,80.0,-1.781479,25,950,-0.207419,7,660,[0]
3209,44,0.572386,24,680,80.0,-2.402761,8,810,-1.032551,25,1270,[0]
3213,45,0.361719,24,1150,80.0,-1.716375,25,980,-0.204381,7,650,[0]
3213,45,0.554796,24,670,80.0,-2.40514,8,830,-1.037646,25,1260,[0]
3217,70,0.716022,24,240,80.0,0.0,-1,0,-0.555574,7,540,[0]
3217,70,0.541541,24,540,80.0,-0.831298,28,430,-0.850499,25,1170,[0]
3223,43,0.362283,24,1150,80.0,-1.745302,25,970,-0.210938,7,650,[0]
3223,43,0.590172,24,660,80.0,-2.37709,8,820,-1.02394,25,1280,[0]
3227,58,1.201066,24,310,80.0,0.0,-1,0,-0.91794,7,530,[0]
3227,58,0.35911,24,1140,80.0,-1.519043,25,1040,-0.188183,7,540,[0]
3227,58,0.472191,24,550,80.0,-0.828537,28,390,-1.015839,25,1250,[0]
3242,45,0.361886,24,1150,80.0,-1.738738,25,970,-0.206403,7,650,[0]
3242,45,0.564336,24,670,80.0,-2.398361,8,820,-1.029477,25,1270,[0]
3251,45,0.361909,24,1150,80.0,-1.720008,25,980,-0.209981,7,640,[0]
3251,45,0.583479,24,650,80.0,-2.370873,8,830,-1.022568,25,1280,[0]
3256,69,0.729994,24,250,80.0,0.0,-1,0,-0.58194,7,530,[0]
3256,69,0.525002,24,570,80.0,-0.820721,28,420,-0.873733,25,1140,[0]
3266,45,0.361729,24,1150,80.0,-1.734328,25,970,-0.204493,7,650,[0]
3266,45,0.555113,24,670,80.0,-2.406369,8,830,-1.037714,25,1260,[0]
3272,54,1.415454,24,330,80.0,0.0,-1,0,-1.030547,7,540,[0]
3272,54,0.359123,24,1150,80.0,-1.580368,25,1020,-0.19384,7,580,[0]
3272,54,0.503189,24,580,80.0,-0.881297,28,390,-1.020154,25,1260,[0]
3276,68,0.792993,24,250,80.0,0.0,-1,0,-0.612661,7,540,[0]
3276,68,0.547707,24,570,80.0,-0.840434,28,420,-0.859742,25,1160,[0]
3287,70,0.713066,24,240,80.0,0.0,-1,0,-0.549501,7,540,[0]
3287,70,0.519932,24,560,80.0,-0.847832,28,420,-0.865944,25,1150,[0]
3292,65,0.95135,24,280,80.0,0.0,-1,0,-0.721757,7,530,[0]
3306,47,0.361251,24,1150,80.0,-1.706298,25,980,-0.202247,7,640,[0]
3306,47,0.552654,24,650,80.0,-2.385496,8,840,-1.035233,25,1260,[0]
3310,65,0.904058,24,260,80.0,0.0,-1,0,-0.681936,7,540,[0]
3320,48,0.360946,24,1150,80.0,-1.682776,25,990,-0.200474,7,630,[0]
3320,48,0.548342,24,630,80.0,-2.40996,8,860,-1.024257,25,1270,[0]
3325,62,1.079345,24,280,80.0,0.0,-1,0,-0.781872,7,550,[0]
3325,62,0.358752,24,1130,80.0,-1.479859,25,1050,-0.181524,7,510,[0]
3325,62,0.458022,24,510,80.0,-0.807974,28,410,-1.012178,25,1250,[0]
3334,65,0.966316,24,250,80.0,0.0,-1,0,-0.671708,7,560,[0]
3339,72,0.642552,24,230,80.0,0.0,-1,0,-0.494142,7,540,[0]
3339,72,0.505417,24,540,80.0,-0.837357,28,430,-0.864675,25,1150,[0]
3344,46,0.361524,24,1150,80.0,-1.711823,25,980,-0.206171,7,640,[0]
3344,46,0.557947,24,660,80.0,-2.383165,8,830,-1.037647,25,1260,[0]
3348,47,0.361121,24,1150,80.0,-1.704394,25,980,-0.200682,7,640,[0]
3348,47,0.552647,24,640,80.0,-2.400246,8,850,-1.025651,25,1270,[0]
3351,48,0.360994,24,1150,80.0,-1.683599,25,990,-0.201712,7,630,[0]
3351,48,0.542328,24,640,80.0,-2.415225,8,860,-1.032388,25,1260,[0]
3362,52,1.453849,24,350,80.0,0.0,-1,0,-1.106694,7,530,[0]
3362,52,0.359876,24,1150,80.0,-1.624467,25,1000,-0.191607,7,610,[0]
3362,52,0.520735,24,590,80.0,-0.854751,28,380,-1.022771,25,1260,[0]
3369,56,1.332246,24,320,80.0,0.0,-1,0,-0.971905,7,540,[0]
3369,56,0.360804,24,1140,80.0,-1.551309,25,1030,-0.19511,7,550,[0]
3369,56,0.502868,24,550,80.0,-0.815342,28,400,-1.015869,25,1260,[0]
3376,46,0.36141,24,1150,80.0,-1.71147,25,980,-0.203795,7,640,[0]
3376,46,0.558438,24,650,80.0,-2.404343,8,840,-1.028054,25,1270,[0]
3380,47,0.361258,24,1150,80.0,-1.706966,25,980,-0.202229,7,640,[0]
3380,47,0.55172,24,650,80.0,-2.38763,8,840,-1.033836,25,1260,[0]
3398,68,0.774183,24,250,80.0,0.0,-1,0,-0.603642,7,540,[0]
3398,68,0.549788,24,560,80.0,-0.813908,28,430,-0.865353,25,1150,[0]
3403,52,1.45143,24,350,80.0,0.0,-1,0,-1.10705,7,530,[0]
3403,52,0.359863,24,1150,80.0,-1.625261,25,1000,-0.191108,7,610,[0]
3403,52,0.520373,24,590,80.0,-0.853344,28,380,-1.022993,25,1260,[0]
3408,57,1.295636,24,320,80.0,0.0,-1,0,-0.956695,7,540,[0]
3408,57,0.360734,24,1140,80.0,-1.548037,25,1030,-0.193697,7,550,[0]
3408,57,0.489784,24,560,80.0,-0.821735,28,390,-1.02272,25,1250,[0]
3420,71,0.678949,24,240,80.0,0.0,-1,0,-0.529363,7,540,[0]
3420,71,0.514167,24,550,80.0,-0.834647,28,420,-0.857512,25,1160,[0]
3422,51,0.360239,24,1150,80.0,-1.652849,25,990,-0.193456,7,620,[0]
3422,51,0.526658,24,610,80.0,-0.895142,28,360,-1.01869,25,1270,[0]
3426,49,0.360771,24,1150,80.0,-1.683747,25,980,-0.201951,7,620,[0]
3426,49,0.537289,24,630,80.0,-2.355628,8,850,-1.029936,25,1260,[0]
3433,77,0.479885,24,210,80.0,0.0,-1,0,-0.32866,7,600,[0]
3433,77,0.446511,24,500,80.0,-0.813223,28,440,-0.860492,25,1150,[0]
3440,66,0.841826,24,260,80.0,0.0,-1,0,-0.65541,7,540,[0]
3440,66,0.564075,24,580,80.0,-0.823522,28,420,-0.866043,25,1150,[0]
3445,47,0.361115,24,1150,80.0,-1.702885,25,980,-0.199633,7,640,[0]
3445,47,0.551444,24,640,80.0,-2.397675,8,850,-1.034166,25,1260,[0]
3450,48,0.361034,24,1150,80.0,-1.684156,25,990,-0.202381,7,630,[0]
3450,48,0.539684,24,650,80.0,-2.417382,8,840,-1.032862,25,1260,[0]
3455,53,1.48452,24,340,80.0,0.0,-1,0,-1.078617,7,540,[0]
3455,53,0.359785,24,1150,80.0,-1.618991,25,1000,-0.191133,7,610,[0]
3455,53,0.523116,24,580,80.0,-0.842661,28,380,-1.024135,25,1260,[0]
3465,48,0.360905,24,1150,80.0,-1.683608,25,990,-0.203297,7,620,[0]
3465,48,0.547098,24,630,80.0,-2.37302,8,850,-1.024849,25,1270,[0]
3470,49,0.360671,24,1150,80.0,-1.661697,25,990,-0.199918,7,620,[0]
3470,49,0.53367,24,630,80.0,-2.400287,8,850,-1.030547,25,1260,[0]
3473,48,0.361053,24,1150,80.0,-1.685455,25,990,-0.202426,7,630,[0]
3473,48,0.540787,24,650,80.0,-2.423087,8,840,-1.032537,25,1260,[0]
3477,49,0.360601,24,1150,80.0,-1.679117,25,980,-0.199599,7,620,[0]
3477,49,0.540887,24,620,80.0,-2.366369,8,860,-1.028801,25,1260,[0]
3486,49,0.360673,24,1150,80.0,-1.664539,25,990,-0.200585,7,620,[0]
3486,49,0.536005,24,630,80.0,-2.372717,8,840,-1.022347,25,1270,[0]
3496,55,1.363515,24,330,80.0,0.0,-1,0,-1.004525,7,540,[0]
3496,55,0.358748,24,1150,80.0,-1.590107,25,1010,-0.190322,7,580,[0]
3496,55,0.499714,24,570,80.0,-0.835469,28,380,-1.018008,25,1260,[0]
3500,48,0.360847,24,1150,80.0,-1.664034,25,1000,-0.203365,7,620,[0]
3500,48,0.548217,24,630,80.0,-2.363997,8,850,-1.035057,25,1260,[0]
3511,70,0.726838,24,240,80.0,0.0,-1,0,-0.556799,7,540,[0]
3511,70,0.520925,24,560,80.0,-0.80888,28,420,-0.864927,25,1150,[0]
3512,61,1.18221,24,280,80.0,0.0,-1,0,-0.823904,7,550,[0]
3512,61,0.360162,24,1130,80.0,-1.491197,25,1050,-0.184865,7,520,[0]
3512,61,0.458074,24,530,80.0,-0.840266,28,410,-1.014582,25,1250,[0]
3525,54,1.464708,24,330,80.0,0.0,-1,0,-1.048527,7,540,[0]
3525,54,0.359316,24,1150,80.0,-1.599926,25,1010,-0.19599,7,580,[0]
3525,54,0.52155,24,570,80.0,-0.852228,28,390,-1.021704,25,1260,[0]
3533,68,0.840351,24,240,80.0,0.0,-1,0,-0.59813,7,560,[0]
3533,68,0.560818,24,560,80.0,-0.799878,28,420,-0.859489,25,1160,[0]
3537,49,0.360589,24,1150,80.0,-1.680019,25,980,-0.199102,7,620,[0]
3537,49,0.53896,24,620,80.0,-2.364652,8,860,-1.029622,25,1260,[0]
3540,70,0.720824,24,240,80.0,0.0,-1,0,-0.553858,7,540,[0]
3540,70,0.540826,24,540,80.0,-0.799295,28,420,-0.857523,25,1160,[0]
3551,73,0.612663,24,220,80.0,0.0,-1,0,-0.456511,7,570,[0]
3551,73,0.487369,24,530,80.0,-0.83972,28,440,-0.863083,25,1150,[0]
3555,67,0.917153,24,260,80.0,0.0,-1,0,-0.654237,7,540,[0]
3555,67,0.561075,24,580,80.0,-0.844403,28,410,-0.860453,25,1160,[0]
3561,66,0.872568,24,270,80.0,0.0,-1,0,-0.683797,7,540,[0]
3563,67,0.908918,24,260,80.0,0.0,-1,0,-0.654499,7,540,[0]
3563,67,0.570375,24,570,80.0,-0.823368,28,420,-0.859648,25,1160,[0]
3572,70,0.735692,24,240,80.0,0.0,-1,0,-0.560437,7,540,[0]
3572,70,0.524312,24,560,80.0,-0.858867,28,420,-0.858918,25,1160,[0]
3576,55,1.416222,24,320,80.0,0.0,-1,0,-1.009812,7,540,[0]
3576,55,0.358768,24,1150,80.0,-1.591095,25,1010,-0.194458,7,570,[0]
3576,55,0.492228,24,580,80.0,-0.866741,28,390,-1.026233,25,1250,[0]
3581,69,0.847802,24,240,80.0,0.0,-1,0,-0.570394,7,550,[0]
3581,69,0.547694,24,550,80.0,-0.82515,28,420,-0.860324,25,1160,[0]
3597,68,0.78868,24,250,80.0,0.0,-1,0,-0.608921,7,540,[0]
3597,68,0.554584,24,560,80.0,-0.823108,28,430,-0.867695,25,1150,[0]
3610,50,0.360429,24,1150,80.0,-1.656521,25,990,-0.196666,7,620,[0]
3610,50,0.529893,24,620,80.0,-0.919385,28,360,-1.029281,25,1260,[0]
3614,53,1.479894,24,340,80.0,0.0,-1,0,-1.074911,7,540,[0]
3614,53,0.359787,24,1150,80.0,-1.606298,25,1010,-0.192625,7,600,[0]
3614,53,0.525957,24,580,80.0,-0.845545,28,380,-1.02388,25,1260,[0]
3616,57,1.30021,24,320,80.0,0.0,-1,0,-0.975698,7,530,[0]
3616,57,0.360707,24,1140,80.0,-1.563429,25,1020,-0.190733,7,560,[0]
3616,57,0.500153,24,550,80.0,-0.824891,28,390,-1.0153,25,1260,[0]
3625,51,0.360351,24,1150,80.0,-1.655128,25,990,-0.198547,7,610,[0]
3625,51,0.530191,24,610,80.0,-0.884152,28,370,-1.02837,25,1260,[0]
3628,50,0.360576,24,1150,80.0,-1.662327,25,990,-0.199279,7,620,[0]
3628,50,0.539414,24,620,80.0,-2.365649,8,860,-1.028837,25,1260,[0]
3636,48,0.360877,24,1150,80.0,-1.686123,25,980,-0.202688,7,620,[0]
3636,48,0.536871,24,640,80.0,-2.398436,8,840,-1.031035,25,1260,[0]
3642,50,0.360374,24,1150,80.0,-1.656781,25,990,-0.200115,7,610,[0]
3642,50,0.53783,24,610,80.0,-0.893752,28,370,-1.027363,25,1260,[0]
3649,70,0.753552,24,230,80.0,0.0,-1,0,-0.54339,7,550,[0]
3649,70,0.531679,24,550,80.0,-0.801272,28,420,-0.866214,25,1150,[0]
3652,70,0.698805,24,240,80.0,0.0,-1,0,-0.537838,7,540,[0]
3652,70,0.530185,24,540,80.0,-0.821866,28,430,-0.858552,25,1160,[0]
3660,54,1.473791,24,330,80.0,0.0,-1,0,-1.055711,7,540,[0]
3660,54,0.359364,24,1150,80.0,-1.601969,25,1010,-0.196902,7,580,[0]
3660,54,0.522819,24,570,80.0,-0.827341,28,380,-1.012942,25,1270,[0]
3670,55,1.430709,24,320,80.0,0.0,-1,0,-1.019014,7,540,[0]
3670,55,0.35882,24,1150,80.0,-1.577475,25,1020,-0.195123,7,570,[0]
3670,55,0.508439,24,570,80.0,-0.844671,28,380,-1.018122,25,1260,[0]
3678,57,1.307424,24,310,80.0,0.0,-1,0,-0.942189,7,540,[0]
3678,57,0.360247,24,1140,80.0,-1.543686,25,1030,-0.190997,7,550,[0]
3678,57,0.479752,24,560,80.0,-0.81075,28,390,-1.029946,25,1240,[0]
3681,67,0.884185,24,260,80.0,0.0,-1,0,-0.640041,7,540,[0]
3681,67,0.574203,24,560,80.0,-0.816495,28,420,-0.860799,25,1160,[0]
3686,52,1.461818,24,350,80.0,0.0,-1,0,-1.112019,7,530,[0]
3686,52,0.359902,24,1150,80.0,-1.62667,25,1000,-0.191729,7,610,[0]
3686,52,0.521983,24,590,80.0,-0.859272,28,380,-1.023248,25,1260,[0]
3691,70,0.759466,24,230,80.0,0.0,-1,0,-0.549052,7,550,[0]
3691,70,0.533463,24,550,80.0,-0.835083,28,430,-0.866235,25,1150,[0]
3698,37,0.364957,24,1150,80.0,-0.990301,28,280,-0.222084,7,690,[0]
3698,37,0.144522,24,500,80.0,-0.736585,28,1310,-0.257162,7,660,[0]
3698,37,0.441426,24,610,80.0,-1.210872,28,480,-1.046292,25,1270,[0]
3702,68,0.769397,24,250,80.0,0.0,-1,0,-0.597423,7,540,[0]
3702,68,0.543132,24,570,80.0,-0.811507,28,410,-0.867174,25,1150,[0]
3713,70,0.714352,24,240,80.0,0.0,-1,0,-0.551181,7,540,[0]
3713,70,0.527913,24,550,80.0,-0.846652,28,420,-0.858024,25,1160,[0]
3718,59,1.249002,24,300,80.0,0.0,-1,0,-0.902965,7,540,[0]
3718,59,0.359204,24,1140,80.0,-1.520347,25,1040,-0.184738,7,550,[0]
3718,59,0.476676,24,540,80.0,-0.809881,28,400,-1.018182,25,1250,[0]
3721,70,0.732093,24,240,80.0,0.0,-1,0,-0.55999,7,540,[0]
3721,70,0.532965,24,550,80.0,-0.808231,28,420,-0.86691,25,1150,[0]
3725,69,0.79935,24,240,80.0,0.0,-1,0,-0.582003,7,550,[0]
3725,69,0.554103,24,550,80.0,-0.815793,28,430,-0.85896,25,1160,[0]
3732,58,1.263624,24,310,80.0,0.0,-1,0,-0.925948,7,540,[0]
3732,58,0.359605,24,1140,80.0,-1.525758,25,1040,-0.187454,7,550,[0]
3732,58,0.471337,24,560,80.0,-0.847574,28,390,-1.02072,25,1250,[0]
3738,53,1.499704,24,340,80.0,0.0,-1,0,-1.0879,7,540,[0]
3738,53,0.35988,24,1150,80.0,-1.625346,25,1000,-0.194073,7,600,[0]
3738,53,0.528879,24,580,80.0,-0.856018,28,380,-1.014654,25,1270,[0]
3744,71,0.738138,24,240,80.0,0.0,-1,0,-0.535286,7,530,[0]
3744,71,0.514864,24,550,80.0,-0.832901,28,420,-0.865869,25,1150,[0]
3746,69,0.757695,24,250,80.0,0.0,-1,0,-0.590937,7,540,[0]
3746,69,0.531739,24,570,80.0,-0.831404,28,420,-0.866916,25,1150,[0]
3753,61,1.118264,24,280,80.0,0.0,-1,0,-0.801846,7,550,[0]
3753,61,0.359281,24,1130,80.0,-1.485356,25,1050,-0.180767,7,520,[0]
3753,61,0.456664,24,520,80.0,-0.80092,28,420,-1.021307,25,1240,[0]
3759,52,1.478892,24,350,80.0,0.0,-1,0,-1.11854,7,530,[0]
3759,52,0.359951,24,1150,80.0,-1.628796,25,1000,-0.192776,7,610,[0]
3759,52,0.526097,24,590,80.0,-0.839192,28,370,-1.022672,25,1260,[0]
3766,59,1.235679,24,290,80.0,0.0,-1,0,-0.864967,7,550,[0]
3766,59,0.358368,24,1140,80.0,-1.515939,25,1040,-0.184037,7,540,[0]
3766,59,0.465251,24,540,80.0,-0.809976,28,390,-1.017009,25,1250,[0]
3775,61,1.138181,24,280,80.0,0.0,-1,0,-0.807685,7,550,[0]
3775,61,0.359834,24,1130,80.0,-1.486749,25,1050,-0.183058,7,520,[0]
3775,61,0.458224,24,520,80.0,-0.80837,28,420,-1.021444,25,1240,[0]
3789,63,1.029631,24,270,80.0,0.0,-1,0,-0.742391,7,550,[0]
3789,63,0.445689,24,500,80.0,-0.791601,28,430,-1.0183,25,1240,[0]
3792,60,1.172979,24,290,80.0,0.0,-1,0,-0.837617,7,550,[0]
3792,60,0.360861,24,1130,80.0,-1.508048,25,1040,-0.184527,7,530,[0]
3792,60,0.475515,24,520,80.0,-0.800733,28,410,-1.015864,25,1250,[0]
3797,57,1.311959,24,320,80.0,0.0,-1,0,-0.982626,7,530,[0]
3797,57,0.360841,24,1140,80.0,-1.56486,25,1020,-0.190855,7,560,[0]
3797,57,0.492482,24,560,80.0,-0.829178,28,390,-1.833826,25,1250,[0]
3800,53,1.469051,24,340,80.0,0.0,-1,0,-1.065222,7,540,[0]
3800,53,0.359797,24,1150,80.0,-1.621238,25,1000,-0.195871,7,590,[0]
3800,53,0.514498,24,590,80.0,-0.87086,28,370,-1.022613,25,1260,[0]
3804,59,1.252573,24,300,80.0,0.0,-1,0,-0.904381,7,540,[0]
3804,59,0.359242,24,1140,80.0,-1.520746,25,1040,-0.184964,7,550,[0]
3804,59,0.477175,24,540,80.0,-0.81134,28,400,-1.018264,25,1250,[0]
3809,65,0.959914,24,250,80.0,0.0,-1,0,-0.679022,7,550,[0]
3814,53,1.500414,24,340,80.0,0.0,-1,0,-1.091325,7,540,[0]
3814,53,0.359858,24,1150,80.0,-1.626586,25,1000,-0.191185,7,610,[0]
3814,53,0.520946,24,590,80.0,-0.878401,28,370,-1.015886,25,1270,[0]
3822,71,0.659738,24,240,80.0,0.0,-1,0,-0.530046,7,530,[0]
3822,71,0.507559,24,550,80.0,-0.826519,28,420,-0.865164,25,1150,[0]
3826,71,0.689457,24,240,80.0,0.0,-1,0,-0.536407,7,540,[0]
3826,71,0.517804,24,550,80.0,-0.796255,28,420,-0.865523,25,1150,[0]
3835,60,1.222259,24,290,80.0,0.0,-1,0,-0.854957,7,550,[0]
3835,60,0.357998,24,1140,80.0,-1.513457,25,1040,-0.182219,7,540,[0]
3835,60,0.462631,24,540,80.0,-0.840122,28,400,-1.015391,25,1250,[0]
3840,62,1.061511,24,280,80.0,0.0,-1,0,-0.794362,7,540,[0]
3840,62,0.361749,24,1120,80.0,-1.480458,25,1050,-0.173428,7,530,[0]
3840,62,0.44377,24,520,80.0,-0.80358,28,410,-1.017532,25,1240,[0]
3846,63,1.053413,24,270,80.0,0.0,-1,0,-0.755364,7,550,[0]
3846,63,0.357825,24,1130,80.0,-1.459774,25,1060,-0.180758,7,500,[0]
3846,63,0.432073,24,520,80.0,-0.791508,28,410,-1.024757,25,1230,[0]
3856,63,1.078819,24,270,80.0,0.0,-1,0,-0.768372,7,550,[0]
3856,63,0.361466,24,1120,80.0,-1.46246,25,1060,-0.179038,7,510,[0]
3856,63,0.441441,24,520,80.0,-0.796324,28,410,-1.027081,25,1230,[0]
3860,63,1.058331,24,270,80.0,0.0,-1,0,-0.758961,7,550,[0]
3860,63,0.361297,24,1120,80.0,-1.460911,25,1060,-0.177842,7,510,[0]
3860,63,0.437704,24,520,80.0,-0.792301,28,410,-1.025322,25,1230,[0]
3865,62,1.114519,24,280,80.0,0.0,-1,0,-0.803298,7,550,[0]
3865,62,0.362581,24,1120,80.0,-1.486563,25,1050,-0.177537,7,530,[0]
3865,62,0.446082,24,530,80.0,-0.819348,28,410,-1.020699,25,1240,[0]
3868,64,0.97376,24,270,80.0,0.0,-1,0,-0.737464,7,540,[0]
3868,64,0.435239,24,500,80.0,-0.793487,28,420,-1.014575,25,1240,[0]
3880,62,1.094733,24,280,80.0,0.0,-1,0,-0.791237,7,550,[0]
3880,62,0.358929,24,1130,80.0,-1.483712,25,1050,-0.178643,7,520,[0]
3880,62,0.44125,24,530,80.0,-0.81281,28,410,-1.027335,25,1230,[0]
3883,54,1.45846,24,330,80.0,0.0,-1,0,-1.044578,7,540,[0]
3883,54,0.359386,24,1150,80.0,-1.60083,25,1010,-0.195495,7,580,[0]
3883,54,0.52142,24,570,80.0,-0.826337,28,380,-1.020413,25,1260,[0]
3887,62,1.078781,24,280,80.0,0.0,-1,0,-0.780508,7,550,[0]
3887,62,0.358814,24,1130,80.0,-1.480165,25,1050,-0.177775,7,520,[0]
3887,62,0.444163,24,520,80.0,-0.812902,28,410,-1.017978,25,1240,[0]
3895,61,1.143531,24,280,80.0,0.0,-1,0,-0.809666,7,550,[0]
3895,61,0.359899,24,1130,80.0,-1.487323,25,1050,-0.183383,7,520,[0]
3895,61,0.458991,24,520,80.0,-0.810281,28,420,-1.021583,25,1240,[0]
3900,61,1.150685,24,290,80.0,0.0,-1,0,-0.846639,7,540,[0]
3900,61,0.360182,24,1130,80.0,-1.49354,25,1050,-0.18479,7,520,[0]
3900,61,0.457895,24,530,80.0,-0.841573,28,410,-1.014797,25,1250,[0]
3903,62,1.09572,24,280,80.0,0.0,-1,0,-0.791629,7,550,[0]
3903,62,0.358942,24,1130,80.0,-1.483824,25,1050,-0.178709,7,520,[0]
3903,62,0.441387,24,530,80.0,-0.813168,28,410,-1.027367,25,1230,[0]
3907,61,1.150974,24,290,80.0,0.0,-1,0,-0.846752,7,540,[0]
3907,61,0.360186,24,1130,80.0,-1.507932,25,1040,-0.184808,7,520,[0]
3907,61,0.457933,24,530,80.0,-0.841684,28,410,-1.014804,25,1250,[0]
3911,62,1.064558,24,280,80.0,0.0,-1,0,-0.795571,7,540,[0]
3911,62,0.361791,24,1120,80.0,-1.480805,25,1050,-0.173639,7,530,[0]
3911,62,0.444205,24,520,80.0,-0.804678,28,410,-1.01761,25,1240,[0]
3916,62,1.064657,24,280,80.0,0.0,-1,0,-0.777534,7,550,[0]
3916,62,0.361811,24,1120,80.0,-1.480018,25,1050,-0.173073,7,530,[0]
3916,62,0.444102,24,520,80.0,-0.802139,28,410,-1.020025,25,1240,[0]
3920,63,1.05264,24,280,80.0,0.0,-1,0,-0.781373,7,540,[0]
3920,63,0.358231,24,1130,80.0,-1.476447,25,1050,-0.182826,7,500,[0]
3920,63,0.440836,24,520,80.0,-0.802154,28,410,-1.027307,25,1230,[0]
3926,59,1.242301,24,290,80.0,0.0,-1,0,-0.8675,7,550,[0]
3926,59,0.358446,24,1140,80.0,-1.516686,25,1040,-0.184463,7,540,[0]
3926,59,0.466123,24,540,80.0,-0.812565,28,390,-1.017154,25,1250,[0]
3929,63,1.053015,24,280,80.0,0.0,-1,0,-0.781527,7,540,[0]
3929,63,0.358237,24,1130,80.0,-1.476492,25,1050,-0.182852,7,500,[0]
3929,63,0.44089,24,520,80.0,-0.802289,28,410,-1.027317,25,1230,[0]
3933,62,1.096989,24,280,80.0,0.0,-1,0,-0.792132,7,550,[0]
3933,62,0.35896,24,1130,80.0,-1.483969,25,1050,-0.178795,7,520,[0]
3933,62,0.441562,24,530,80.0,-0.813628,28,410,-1.027407,25,1230,[0]
3938,61,1.136864,24,280,80.0,0.0,-1,0,-0.804817,7,550,[0]
3938,61,0.359922,24,1130,80.0,-1.487105,25,1050,-0.182902,7,520,[0]
3938,61,0.45756,24,520,80.0,-0.782828,28,410,-1.021089,25,1240,[0]
3948,55,1.386893,24,330,80.0,0.0,-1,0,-1.015326,7,540,[0]
3948,55,0.358836,24,1150,80.0,-1.593191,25,1010,-0.19167,7,580,[0]
3948,55,0.503429,24,570,80.0,-0.821527,28,390,-1.027171,25,1250,[0]
3954,55,1.404964,24,320,80.0,0.0,-1,0,-1.002447,7,540,[0]
3954,55,0.361539,24,1140,80.0,-1.574301,25,1020,-0.189615,7,580,[0]
3954,55,0.498585,24,570,80.0,-0.84243,28,400,-1.034703,25,1240,[0]
3958,58,1.272281,24,310,80.0,0.0,-1,0,-0.929625,7,540,[0]
3958,58,0.359702,24,1140,80.0,-1.526713,25,1040,-0.188029,7,550,[0]
3958,58,0.472537,24,560,80.0,-0.851391,28,390,-1.020934,25,1250,[0]
3963,61,1.146424,24,280,80.0,0.0,-1,0,-0.810737,7,550,[0]
3963,61,0.359935,24,1130,80.0,-1.487632,25,1050,-0.183558,7,520,[0]
3963,61,0.459406,24,520,80.0,-0.811314,28,420,-1.021659,25,1240,[0]
3968,61,1.12686,24,280,80.0,0.0,-1,0,-0.803583,7,550,[0]
3968,61,0.359491,24,1130,80.0,-1.486214,25,1050,-0.181264,7,520,[0]
3968,61,0.456511,24,520,80.0,-0.80446,28,420,-1.021044,25,1240,[0]
3973,61,1.107116,24,290,80.0,0.0,-1,0,-0.826231,7,540,[0]
3973,61,0.359872,24,1130,80.0,-1.487982,25,1050,-0.179455,7,530,[0]
3973,61,0.467913,24,510,80.0,-0.810891,28,420,-1.013717,25,1250,[0]
3978,62,1.098859,24,280,80.0,0.0,-1,0,-0.792874,7,550,[0]
3978,62,0.358986,24,1130,80.0,-1.484181,25,1050,-0.17892,7,520,[0]
3978,62,0.44182,24,530,80.0,-0.814306,28,410,-1.027468,25,1230,[0]
3983,63,1.09263,24,270,80.0,0.0,-1,0,-0.766912,7,550,[0]
3983,63,0.358342,24,1130,80.0,-1.477082,25,1050,-0.179096,7,510,[0]
3983,63,0.451041,24,510,80.0,-0.782807,28,420,-1.028321,25,1230,[0]
3988,62,1.119726,24,280,80.0,0.0,-1,0,-0.805261,7,550,[0]
3988,62,0.362645,24,1120,80.0,-1.487123,25,1050,-0.177864,7,530,[0]
3988,62,0.446804,24,530,80.0,-0.821236,28,410,-1.020835,25,1240,[0]
3993,62,1.099423,24,280,80.0,0.0,-1,0,-0.786355,7,550,[0]
3993,62,0.359216,24,1130,80.0,-1.48207,25,1050,-0.180444,7,520,[0]
3993,62,0.444147,24,530,80.0,-0.819443,28,410,-1.027721,25,1230,[0]
3997,63,1.031288,24,270,80.0,0.0,-1,0,-0.75223,7,550,[0]
3997,63,0.360755,24,1120,80.0,-1.45931,25,1060,-0.179346,7,500,[0]
3997,63,0.439428,24,510,80.0,-0.812906,28,420,-1.014581,25,1240,[0]
3999,59,1.256379,24,300,80.0,0.0,-1,0,-0.906938,7,540,[0]
3999,59,0.359332,24,1140,80.0,-1.536411,25,1030,-0.188991,7,540,[0]
3999,59,0.478996,24,540,80.0,-0.812359,28,400,-1.018962,25,1250,[0]
