3002,46,-0.864765,20,890,80.0,5.961524,22,1000,2.755152,6,5570,[0 1]
3007,63,-0.29744,20,970,80.0,5.608675,22,1150,2.785479,6,5540,[0 1]
3010,42,-1.012125,20,890,80.0,6.514093,22,500,2.759962,6,5550,[0 1 0]
3015,42,-1.021668,20,890,80.0,6.47571,22,530,2.761835,6,5550,[0 1 0]
3019,46,-0.855567,20,890,80.0,5.961673,22,1000,3.157394,6,5580,[0]
3022,42,-1.015153,20,890,80.0,6.476723,22,530,2.760397,6,5550,[0 1 0]
3033,41,-1.05337,20,890,80.0,6.49314,22,520,2.75963,6,5540,[0 1 0]
3037,69,-0.129224,20,1010,80.0,5.587505,22,1080,2.80555,6,5530,[0 1]
3044,62,-0.325088,20,960,80.0,5.649446,22,1120,2.782679,6,5560,[0 1]
3047,59,-0.492806,20,930,80.0,5.66433,22,1150,2.773869,6,5560,[0 1]
3054,49,-0.826071,20,880,80.0,6.287408,22,560,2.754493,6,5590,[0 1]
3058,62,-0.385357,20,950,80.0,5.630441,22,1130,2.78284,6,5550,[0 1]
3061,69,-0.140776,20,1010,80.0,5.502135,22,1190,2.799255,6,5500,[0 1]
3065,42,-1.02079,20,890,80.0,5.984327,22,1060,2.752356,6,5530,[0 1]
3067,59,-0.367113,20,950,80.0,5.977234,22,630,2.784874,6,5590,[0 1]
3071,60,-0.285993,20,960,80.0,5.974854,22,620,2.782875,6,5590,[0 1]
3082,44,-1.005799,20,880,80.0,5.967592,22,1050,2.751424,6,5550,[0 1]
3088,45,-0.983465,20,880,80.0,6.303962,22,590,2.751609,6,5550,[0 1]
3093,49,-0.920905,20,860,80.0,5.793184,22,1170,2.746455,6,5580,[0 1]
3098,65,-0.322832,20,970,80.0,5.558626,22,1190,2.788369,6,5520,[0 1]
3103,45,-0.991427,20,870,80.0,6.288172,22,590,2.748261,6,5560,[0 1]
3109,44,-1.005355,20,880,80.0,5.960839,22,1060,2.751303,6,5550,[0 1]
3114,44,-1.005274,20,880,80.0,6.347919,22,580,2.75128,6,5550,[0 1]
3118,43,-1.062678,20,880,80.0,5.943768,22,1100,2.753802,6,5540,[0 1]
3124,64,-0.361383,20,960,80.0,5.569165,22,1190,2.786023,6,5530,[0 1]
3129,69,-0.094994,20,1010,80.0,5.552658,22,1130,2.792387,6,5510,[0 1]
3134,44,-1.00495,20,880,80.0,6.309438,22,600,2.746807,6,5540,[0 1]
3144,43,-1.062281,20,880,80.0,6.288155,22,620,2.749322,6,5530,[0 1]
3150,58,-0.468328,20,930,80.0,5.800962,22,960,2.774592,6,5580,[0 1]
3155,64,-0.357139,20,960,80.0,5.556419,22,1200,2.783053,6,5520,[0 1]
3158,44,-1.033424,20,870,80.0,5.851761,22,1200,2.746896,6,5550,[0 1]
3162,43,-1.114291,20,870,80.0,5.920582,22,1140,2.750714,6,5540,[0 1]
3166,63,-0.28066,20,970,80.0,5.779896,22,900,2.787789,6,5560,[0 1]
3169,47,-0.987415,20,860,80.0,5.804142,22,1210,2.746299,6,5570,[0 1]
3175,44,-1.074809,20,870,80.0,5.920415,22,1120,2.74663,6,5540,[0 1]
3180,44,-1.0759,20,870,80.0,5.885752,22,1170,2.746985,6,5540,[0 1]
3185,49,-0.840889,20,870,80.0,5.844832,22,1100,3.118955,6,5580,[0]
3191,64,-0.203348,20,990,80.0,5.715137,22,960,2.794155,6,5550,[0 1]
3197,44,-1.085577,20,870,80.0,5.900351,22,1140,2.748958,6,5540,[0 1]
3201,61,-0.360655,20,950,80.0,5.725362,22,1000,2.778756,6,5560,[0 1]
3208,70,-0.201428,20,990,80.0,5.441208,22,1270,2.787031,6,5480,[0 1]
3211,45,-1.044551,20,870,80.0,5.826687,22,1230,2.7452,6,5540,[0 1]
3215,44,-1.019341,20,880,80.0,5.838613,22,1230,2.745907,6,5530,[0 1]
3221,68,-0.030849,20,1020,80.0,5.636307,22,1020,2.801128,6,5550,[0 1]
3226,64,-0.199498,20,990,80.0,5.650598,22,1060,2.7899,6,5540,[0 1]
3228,58,-0.598961,20,910,80.0,5.638416,22,1210,2.765386,6,5550,[0 1]
3234,45,-1.10913,20,860,80.0,5.818549,22,1250,2.744962,6,5540,[0 1]
3241,61,-0.528189,20,920,80.0,5.547487,22,1280,2.766239,6,5530,[0 1]
3248,49,-0.898786,20,860,80.0,5.749581,22,1250,2.734027,6,5560,[0 1]
3255,46,-1.009906,20,870,80.0,5.784581,22,1270,2.742894,6,5540,[0 1]
3258,60,-0.458553,20,930,80.0,5.653072,22,1150,2.770503,6,5560,[0 1]
3268,68,-0.268361,20,980,80.0,5.409336,22,1330,2.787909,6,5480,[0 1]
3278,49,-0.959773,20,860,80.0,5.746035,22,1270,2.74066,6,5560,[0 1]
3285,58,-0.649275,20,900,80.0,5.604823,22,1260,2.759658,6,5540,[0 1]
3291,55,-0.665042,20,890,80.0,5.679789,22,1210,2.749985,6,5560,[0 1]
3298,45,-1.128622,20,850,80.0,5.771211,22,1300,2.739091,6,5540,[0 1]
3304,55,-0.838095,20,860,80.0,5.6297,22,1300,2.740483,6,5550,[0 1]
3308,49,-1.024884,20,850,80.0,5.720946,22,1300,2.73721,6,5550,[0 1]
3313,68,-0.207405,20,990,80.0,5.548523,22,1160,2.790387,6,5510,[0 1]
3318,69,-0.322322,20,960,80.0,5.392099,22,1350,2.779366,6,5480,[0 1]
3332,46,-1.0768,20,860,80.0,5.766305,22,1300,2.737634,6,5530,[0 1]
3337,47,-1.035804,20,860,80.0,5.755371,22,1300,2.734951,6,5530,[0 1]
3340,58,-0.651417,20,900,80.0,5.579937,22,1300,2.755661,6,5530,[0 1]
3346,62,-0.479839,20,930,80.0,5.57706,22,1230,2.772916,6,5540,[0 1]
3356,61,-0.472238,20,930,80.0,5.611665,22,1200,2.771574,6,5550,[0 1]
3362,64,-0.449938,20,940,80.0,5.492123,22,1310,2.770262,6,5500,[0 1]
3366,70,-0.14871,20,1000,80.0,5.522299,22,1160,2.795618,6,5510,[0 1]
3373,62,-0.435217,20,940,80.0,5.573233,22,1220,2.773654,6,5530,[0 1]
3378,64,-0.401545,20,950,80.0,5.551071,22,1230,2.781026,6,5530,[0 1]
3381,46,-1.162984,20,840,80.0,5.742109,22,1320,2.733081,6,5530,[0 1]
3390,47,-1.12516,20,840,80.0,5.719093,22,1330,2.734252,6,5540,[0 1]
3394,62,-0.43474,20,940,80.0,5.567964,22,1240,2.76733,6,5520,[0 1]
3401,46,-1.16894,20,840,80.0,5.725317,22,1340,3.43882,6,5530,[0]
3413,63,-0.440591,20,940,80.0,5.549633,22,1250,2.771432,6,5520,[0 1]
3418,47,-1.124889,20,840,80.0,5.719286,22,1330,2.734144,6,5540,[0 1]
3423,51,-1.02363,20,830,80.0,5.67382,22,1320,2.727096,6,5560,[0 1]
3429,48,-1.060543,20,850,80.0,5.724972,22,1320,2.731539,6,5530,[0 1]
3433,68,-0.208498,20,990,80.0,5.515888,22,1200,2.788426,6,5500,[0 1]
3439,48,-1.065122,20,850,80.0,5.724805,22,1320,2.732479,6,5530,[0 1]
3447,65,-0.315816,20,970,80.0,5.519772,22,1240,2.783598,6,5510,[0 1]
3453,47,-1.124856,20,840,80.0,5.718027,22,1330,2.731228,6,5530,[0 1]
3457,47,-1.124819,20,840,80.0,5.718052,22,1330,2.727898,6,5520,[0 1]
3466,64,-0.45872,20,940,80.0,5.513826,22,1270,2.777232,6,5510,[0 1]
3510,65,-0.414186,20,950,80.0,5.49544,22,1290,2.773321,6,5490,[0 1]
3516,52,-0.98968,20,830,80.0,5.652013,22,1330,2.723404,6,5550,[0 1]
3525,49,-1.112609,20,830,80.0,5.66214,22,1360,2.725659,6,5530,[0 1]
3530,66,-0.331139,20,970,80.0,5.472448,22,1290,2.779572,6,5480,[0 1]
3535,53,-0.944876,20,840,80.0,5.618731,22,1340,2.72885,6,5540,[0 1]
3539,67,-0.303192,20,980,80.0,5.461851,22,1290,2.786492,6,5480,[0 1]
3543,67,-0.293824,20,980,80.0,5.443549,22,1310,2.787733,6,5490,[0 1]
3546,71,-0.156255,20,1000,80.0,5.426533,22,1280,2.789088,6,5480,[0 1]
3549,67,-0.295094,20,980,80.0,5.448295,22,1310,2.785763,6,5480,[0 1]
3554,69,-0.230665,20,980,80.0,5.421512,22,1310,2.783154,6,5490,[0 1]
3560,65,-0.514266,20,930,80.0,5.405924,22,1390,2.76994,6,5470,[0 1]
3567,71,-0.205015,20,990,80.0,5.372627,22,1340,2.790922,6,5480,[0 1]
3570,61,-0.690802,20,890,80.0,5.467107,22,1390,2.754086,6,5500,[0 1]
3574,68,-0.2582,20,980,80.0,5.451419,22,1290,2.781447,6,5480,[0 1]
3579,70,-0.243399,20,980,80.0,5.401321,22,1320,2.785815,6,5480,[0 1]
3584,54,-0.953949,20,840,80.0,5.551103,22,1400,2.728603,6,5520,[0 1]
3590,69,-0.314849,20,970,80.0,5.40071,22,1340,2.786367,6,5480,[0 1]
3596,61,-0.692365,20,890,80.0,5.434793,22,1420,2.752547,6,5490,[0 1]
3598,70,-0.369074,20,950,80.0,5.328191,22,1410,2.775371,6,5450,[0 1]
3600,68,-0.348765,20,970,80.0,5.40782,22,1350,2.784787,6,5470,[0 1]
3603,68,-0.403095,20,950,80.0,5.362648,22,1400,2.775725,6,5460,[0 1]
3609,50,-1.112767,20,830,80.0,5.654506,22,1370,2.722833,6,5520,[0 1]
3618,50,-1.065732,20,830,80.0,5.636196,22,1380,3.653529,6,5530,[0]
3621,69,-0.310777,20,970,80.0,5.401485,22,1340,2.782459,6,5470,[0 1]
3623,69,-0.28117,20,970,80.0,5.39885,22,1340,2.780519,6,5480,[0 1]
3626,69,-0.278521,20,970,80.0,5.400043,22,1340,2.779738,6,5480,[0 1]
3633,67,-0.485177,20,940,80.0,5.322299,22,1450,2.771791,6,5430,[0 1]
3635,68,-0.346518,20,970,80.0,5.399391,22,1360,2.782041,6,5460,[0 1]
3642,70,-0.243884,20,980,80.0,5.388391,22,1330,2.785296,6,5470,[0 1]
3645,70,-0.244811,20,980,80.0,5.379223,22,1350,2.783049,6,5470,[0 1]
3647,69,-0.311854,20,970,80.0,5.373594,22,1370,2.783492,6,5470,[0 1]
3653,53,-1.010166,20,830,80.0,5.576069,22,1390,2.722997,6,5520,[0 1]
3658,57,-0.864633,20,860,80.0,5.530145,22,1390,2.738084,6,5510,[0 1]
3661,69,-0.317937,20,960,80.0,5.385882,22,1360,2.777704,6,5480,[0 1]
3668,68,-0.308699,20,970,80.0,5.393172,22,1350,2.781564,6,5470,[0 1]
3679,68,-0.409257,20,950,80.0,5.385881,22,1370,2.781127,6,5470,[0 1]
3681,69,-0.325153,20,960,80.0,5.37475,22,1370,2.77692,6,5470,[0 1]
3684,51,-1.093642,20,820,80.0,5.610278,22,1390,3.639214,6,5520,[0]
3691,69,-0.310098,20,970,80.0,5.376696,22,1370,2.779573,6,5460,[0 1]
3696,69,-0.321004,20,970,80.0,5.367836,22,1370,2.784806,6,5460,[0 1]
3699,69,-0.318947,20,960,80.0,5.367184,22,1380,2.775686,6,5470,[0 1]
3703,69,-0.373709,20,950,80.0,5.368646,22,1380,2.776631,6,5470,[0 1]
3706,69,-0.372899,20,950,80.0,5.340801,22,1400,2.779813,6,5470,[0 1]
3708,70,-0.330181,20,960,80.0,5.361844,22,1370,2.779444,6,5460,[0 1]
3712,69,-0.362743,20,950,80.0,5.366885,22,1380,2.772715,6,5460,[0 1]
3717,69,-0.369507,20,950,80.0,5.363904,22,1380,2.774512,6,5460,[0 1]
3724,69,-0.374894,20,950,80.0,5.364725,22,1380,2.775227,6,5460,[0 1]
3729,69,-0.409119,20,950,80.0,5.351436,22,1400,2.780673,6,5460,[0 1]
3738,70,-0.325952,20,960,80.0,5.354092,22,1380,2.778089,6,5460,[0 1]
3742,70,-0.332536,20,960,80.0,5.338594,22,1400,2.778652,6,5460,[0 1]
3746,67,-0.491116,20,940,80.0,5.313515,22,1460,2.773213,6,5430,[0 1]
3752,66,-0.533289,20,930,80.0,5.337412,22,1450,2.769702,6,5440,[0 1]
3758,59,-0.785213,20,870,80.0,5.472143,22,1410,2.741496,6,5490,[0 1]
3762,69,-0.371554,20,950,80.0,5.349846,22,1400,2.776534,6,5470,[0 1]
3769,62,-0.694691,20,890,80.0,5.438864,22,1410,2.749972,6,5470,[0 1]
3772,70,-0.329636,20,960,80.0,5.3274,22,1410,2.776793,6,5450,[0 1]
3775,55,-0.960451,20,840,80.0,5.525771,22,1410,2.730844,6,5510,[0 1]
3777,52,-1.059359,20,820,80.0,5.578448,22,1410,3.595438,6,5520,[0]
3782,62,-0.694608,20,890,80.0,5.437805,22,1410,2.750128,6,5470,[0 1]
3787,70,-0.320242,20,970,80.0,5.330919,22,1410,2.781863,6,5450,[0 1]
3792,54,-1.005216,20,830,80.0,5.550607,22,1410,2.721226,6,5510,[0 1]
3797,53,-1.068792,20,820,80.0,5.535315,22,1430,3.606005,6,5510,[0]
3813,62,-0.694413,20,890,80.0,5.429402,22,1420,3.148514,6,5470,[0]
3820,53,-1.126151,20,810,80.0,5.535214,22,1440,3.623181,6,5520,[0]
3824,56,-0.915078,20,850,80.0,5.510655,22,1420,2.728156,6,5490,[0 1]
3827,63,-0.699661,20,890,80.0,5.396649,22,1440,3.14324,6,5460,[0]
3841,71,-0.340387,20,960,80.0,5.30329,22,1420,3.803007,6,5430,[0]
3845,53,-1.063426,20,820,80.0,5.541705,22,1430,3.128856,6,5510,[0]
3849,56,-1.031671,20,830,80.0,5.462135,22,1470,2.729521,6,5490,[0 1]
3856,58,-0.871683,20,860,80.0,5.445554,22,1450,2.739259,6,5480,[0 1]
3862,72,-0.299824,20,970,80.0,5.29842,22,1420,3.811356,6,5440,[0]
3867,63,-0.649394,20,900,80.0,5.383009,22,1450,3.16731,6,5460,[0]
3872,61,-0.797276,20,870,80.0,5.405979,22,1450,2.744735,6,5460,[0 1]
3877,63,-0.749242,20,880,80.0,5.357091,22,1480,2.750426,6,5450,[0 1]
3880,65,-0.615409,20,910,80.0,5.348511,22,1450,2.765043,6,5450,[0 1]
3885,70,-0.469298,20,930,80.0,5.230094,22,1510,2.769423,6,5410,[0 1]
3888,62,-0.750895,20,880,80.0,5.387909,22,1450,3.031704,6,5460,[0]
3893,61,-0.795879,20,870,80.0,5.380117,22,1470,2.74671,6,5460,[0 1]
3896,59,-0.874963,20,860,80.0,5.418805,22,1470,2.742573,6,5480,[0 1]
3912,69,-0.555983,20,910,80.0,5.203474,22,1550,3.154306,6,5410,[0]
3916,61,-0.797067,20,870,80.0,5.386022,22,1470,2.744596,6,5460,[0 1]
3922,62,-0.748774,20,880,80.0,5.365162,22,1480,2.749508,6,5460,[0 1]
3927,63,-0.699534,20,890,80.0,5.374419,22,1460,2.752825,6,5460,[0 1]
3932,63,-0.703293,20,890,80.0,5.347775,22,1480,3.15462,6,5450,[0]
3937,62,-0.750102,20,880,80.0,5.388001,22,1460,2.748215,6,5460,[0 1]
3941,64,-0.706893,20,890,80.0,5.352448,22,1470,3.156316,6,5450,[0]
3945,56,-0.967716,20,840,80.0,5.461722,22,1460,3.619567,6,5470,[0]
3950,63,-0.699417,20,890,80.0,5.374552,22,1460,2.752752,6,5460,[0 1]
3955,63,-0.699393,20,890,80.0,5.374578,22,1460,2.752734,6,5460,[0 1]
3958,68,-0.491374,20,930,80.0,5.284411,22,1480,2.76835,6,5430,[0 1]
3963,66,-0.664222,20,900,80.0,5.245052,22,1540,2.66071,6,4550,[0 1]
3968,63,-0.747548,20,880,80.0,5.365376,22,1470,2.750191,6,5450,[0 1]
3974,63,-0.703115,20,890,80.0,5.348026,22,1480,2.753836,6,5450,[0 1]
3975,63,-0.74752,20,880,80.0,5.365419,22,1470,2.750168,6,5450,[0 1]
3977,61,-0.794925,20,870,80.0,5.37855,22,1480,2.743237,6,5460,[0 1]
3982,62,-0.752136,20,880,80.0,5.361053,22,1480,2.749538,6,5450,[0 1]
3987,62,-0.750494,20,880,80.0,5.36857,22,1470,2.747556,6,5440,[0 1]
3992,66,-0.616955,20,910,80.0,5.300677,22,1490,2.762438,6,5420,[0 1]
3995,63,-0.702616,20,890,80.0,5.341887,22,1490,2.750057,6,5440,[0 1]
3998,63,-0.706439,20,890,80.0,5.345938,22,1480,3.028994,6,5440,[0]
3999,63,-0.747425,20,880,80.0,5.354861,22,1480,2.748195,6,5440,[0 1]
3003,42,-1.030169,20,890,80.0,6.494542,22,520,2.762693,6,5550,[0 1 0]
3021,44,-1.006833,20,880,80.0,6.404375,22,550,2.756426,6,5560,[0 1]
3041,43,-0.993276,20,890,80.0,6.417049,22,550,2.755036,6,5540,[0 1]
3045,42,-1.031379,20,890,80.0,6.412632,22,560,2.759058,6,5540,[0 1 0]
3050,44,-1.006336,20,880,80.0,6.385836,22,560,2.751572,6,5550,[0 1]
3059,39,-1.196369,20,880,80.0,6.490111,22,540,3.167941,6,5520,[0]
3065,48,-0.81945,20,880,80.0,6.267759,22,570,2.748466,6,5580,[0 1]
3070,44,-1.005999,20,880,80.0,6.366904,22,570,2.751479,6,5550,[0 1]
3075,44,-1.005916,20,880,80.0,6.366954,22,570,2.751456,6,5550,[0 1]
3079,44,-1.005848,20,880,80.0,6.366996,22,570,2.751438,6,5550,[0 1]
3083,42,-1.020479,20,890,80.0,5.978307,22,1070,2.753062,6,5530,[0 1]
3111,43,-1.114992,20,870,80.0,6.343297,22,590,2.750933,6,5540,[0 1]
3116,44,-1.019156,20,880,80.0,6.305384,22,600,2.753831,6,5550,[0 1]
3127,52,-0.867482,20,850,80.0,5.711079,22,1230,2.737003,6,5580,[0 1]
3132,44,-1.074259,20,870,80.0,5.933027,22,1100,2.747137,6,5540,[0 1]
3142,44,-1.004821,20,880,80.0,5.961064,22,1060,2.746772,6,5540,[0 1]
3149,46,-0.952616,20,870,80.0,5.854641,22,1150,2.744492,6,5560,[0 1]
3154,44,-1.075104,20,870,80.0,5.95335,22,1070,2.746721,6,5540,[0 1]
3158,44,-1.033424,20,870,80.0,5.851761,22,1200,2.746896,6,5550,[0 1]
3166,45,-1.040379,20,870,80.0,5.877221,22,1160,2.749366,6,5550,[0 1]
3169,66,-0.329922,20,970,80.0,5.533726,22,1220,2.78298,6,5500,[0 1]
3173,45,-0.997108,20,870,80.0,5.868011,22,1150,2.744393,6,5550,[0 1]
3182,48,-0.954837,20,860,80.0,5.7623,22,1240,2.739877,6,5560,[0 1]
3187,71,-0.131065,20,1010,80.0,5.426836,22,1260,2.797666,6,5480,[0 1]
3193,45,-1.03626,20,870,80.0,5.855914,22,1190,2.747765,6,5550,[0 1]
3202,44,-1.017811,20,880,80.0,5.885812,22,1160,2.749757,6,5540,[0 1]
3209,44,-1.074339,20,870,80.0,5.854075,22,1220,2.742358,6,5530,[0 1]
3213,45,-0.989738,20,870,80.0,5.842112,22,1190,2.739443,6,5540,[0 1]
3217,70,-0.238541,20,980,80.0,5.418925,22,1300,2.7879,6,5490,[0 1]
3223,43,-1.068341,20,870,80.0,5.840931,22,1240,2.745968,6,5540,[0 1]
3227,58,-0.656454,20,900,80.0,5.606894,22,1260,2.761269,6,5540,[0 1]
3242,45,-1.10903,20,860,80.0,5.818104,22,1250,2.744503,6,5540,[0 1]
3251,45,-1.03544,20,870,80.0,5.836754,22,1220,2.739471,6,5530,[0 1]
3256,69,-0.222494,20,990,80.0,5.442377,22,1280,2.788188,6,5480,[0 1]
3266,45,-1.128974,20,850,80.0,5.770979,22,1300,2.739221,6,5540,[0 1]
3272,54,-0.768943,20,870,80.0,5.64913,22,1280,2.742194,6,5560,[0 1]
3276,68,-0.304434,20,980,80.0,5.456265,22,1280,2.790395,6,5480,[0 1]
3287,70,-0.141116,20,1020,80.0,5.430584,22,1280,2.799006,6,5470,[0 1]
3292,65,-0.256313,20,970,80.0,5.616364,22,1110,2.785233,6,5550,[0 1]
3306,47,-1.039975,20,860,80.0,5.760019,22,1290,2.73916,6,5540,[0 1]
3310,65,-0.32509,20,960,80.0,5.557005,22,1190,2.783168,6,5530,[0 1]
3320,48,-0.941448,20,860,80.0,5.744027,22,1280,2.733731,6,5550,[0 1]
3325,62,-0.53526,20,920,80.0,5.494712,22,1340,2.762673,6,5510,[0 1]
3334,65,-0.313318,20,970,80.0,5.530639,22,1230,2.782541,6,5510,[0 1]
3339,72,-0.172221,20,1000,80.0,5.355963,22,1350,2.788069,6,5450,[0 1]
3344,46,-1.076958,20,860,80.0,5.763556,22,1300,2.73864,6,5530,[0 1]
3348,47,-0.989568,20,860,80.0,5.741758,22,1300,2.73442,6,5540,[0 1]
3351,48,-1.067132,20,850,80.0,5.737967,22,1300,2.736186,6,5540,[0 1]
3362,52,-0.935805,20,840,80.0,5.653752,22,1320,2.729286,6,5560,[0 1]
3369,56,-0.73513,20,880,80.0,5.591323,22,1320,2.743245,6,5530,[0 1]
3376,46,-1.163031,20,840,80.0,5.74207,22,1320,2.733102,6,5530,[0 1]
3380,47,-1.105554,20,850,80.0,5.743839,22,1310,2.735673,6,5530,[0 1]
3398,68,-0.316058,20,970,80.0,5.403179,22,1350,2.780699,6,5470,[0 1]
3403,52,-0.866608,20,850,80.0,5.656293,22,1310,2.730464,6,5560,[0 1]
3408,57,-0.804869,20,870,80.0,5.563639,22,1350,3.143815,6,5530,[0]
3422,51,-0.961068,20,840,80.0,5.682264,22,1310,2.725427,6,5550,[0 1]
3426,49,-1.027801,20,850,80.0,5.717808,22,1310,2.730326,6,5530,[0 1]
3440,66,-0.435398,20,950,80.0,5.38885,22,1390,2.773376,6,5450,[0 1]
3445,47,-1.058174,20,850,80.0,5.725274,22,1320,2.731269,6,5530,[0 1]
3450,48,-1.064931,20,850,80.0,5.713836,22,1330,2.732534,6,5530,[0 1]
3455,53,-0.882149,20,850,80.0,5.648205,22,1320,2.729766,6,5550,[0 1]
3465,48,-1.082775,20,840,80.0,5.70723,22,1330,2.726969,6,5530,[0 1]
3470,49,-1.045917,20,840,80.0,5.683098,22,1340,2.728613,6,5540,[0 1]
3473,48,-1.060364,20,850,80.0,5.723794,22,1320,3.646752,6,5520,[0]
3477,49,-0.98062,20,850,80.0,5.696631,22,1320,2.725828,6,5530,[0 1]
3486,49,-1.041422,20,840,80.0,5.682961,22,1340,2.727821,6,5540,[0 1]
3496,55,-0.841219,20,860,80.0,5.589587,22,1340,3.115325,6,5540,[0]
3500,48,-1.019975,20,850,80.0,5.693312,22,1340,2.727426,6,5530,[0 1]
3511,70,-0.323685,20,970,80.0,5.34681,22,1390,2.783904,6,5450,[0 1]
3512,61,-0.68376,20,890,80.0,5.479095,22,1380,2.752225,6,5500,[0 1]
3525,54,-0.88691,20,850,80.0,5.615971,22,1340,2.734268,6,5550,[0 1]
3533,68,-0.444864,20,950,80.0,5.345303,22,1420,2.777845,6,5440,[0 1]
3537,49,-1.114645,20,830,80.0,5.663199,22,1360,2.725388,6,5530,[0 1]
3540,70,-0.333535,20,960,80.0,5.344652,22,1390,2.779909,6,5460,[0 1]
3555,67,-0.484825,20,940,80.0,5.353186,22,1430,2.770693,6,5440,[0 1]
3561,66,-0.567838,20,920,80.0,5.362428,22,1430,2.767383,6,5450,[0 1]
3563,67,-0.338851,20,970,80.0,5.439671,22,1330,2.781353,6,5480,[0 1]
3572,70,-0.273208,20,990,80.0,5.364418,22,1370,2.788082,6,5440,[0 1]
3576,55,-0.846346,20,860,80.0,5.572587,22,1370,2.734858,6,5530,[0 1]
3581,69,-0.272344,20,970,80.0,5.423246,22,1310,2.781579,6,5490,[0 1]
3597,68,-0.357762,20,960,80.0,5.396395,22,1360,2.781666,6,5480,[0 1]
3610,50,-1.135202,20,820,80.0,5.621551,22,1390,2.722437,6,5530,[0 1]
3614,53,-1.004733,20,830,80.0,5.602902,22,1370,2.722697,6,5530,[0 1]
3616,57,-0.864632,20,860,80.0,5.536734,22,1380,2.739395,6,5510,[0 1]
3625,51,-1.009127,20,840,80.0,5.647292,22,1360,2.723634,6,5530,[0 1]
3628,50,-1.046518,20,840,80.0,5.650829,22,1370,3.633259,6,5520,[0]
3636,48,-1.148654,20,830,80.0,5.656763,22,1380,2.722266,6,5510,[0 1]
3642,50,-1.13921,20,820,80.0,5.632376,22,1380,2.723033,6,5530,[0 1]
3649,70,-0.378787,20,950,80.0,5.291237,22,1450,2.772308,6,5430,[0 1]
3660,54,-0.9481,20,840,80.0,5.571925,22,1390,2.727139,6,5530,[0 1]
3670,55,-0.905542,20,850,80.0,5.557533,22,1390,2.728345,6,5510,[0 1]
3678,57,-0.868569,20,860,80.0,5.499129,22,1410,3.060796,6,5500,[0]
3681,67,-0.438056,20,950,80.0,5.354505,22,1420,2.773774,6,5440,[0 1]
3686,52,-1.05736,20,820,80.0,5.577753,22,1400,2.72036,6,5530,[0 1]
3691,70,-0.466252,20,930,80.0,5.27236,22,1470,2.772132,6,5430,[0 1]
3698,37,-1.523266,20,850,80.0,5.625751,22,1410,2.735479,6,5430,[0 1]
3702,68,-0.35435,20,970,80.0,5.36575,22,1390,2.782858,6,5450,[0 1]
3718,59,-0.763974,20,880,80.0,5.496971,22,1390,2.745524,6,5490,[0 1]
3721,70,-0.463799,20,930,80.0,5.261016,22,1480,2.769722,6,5420,[0 1]
3732,58,-0.814528,20,870,80.0,5.497548,22,1400,3.043907,6,5490,[0]
3738,53,-0.99522,20,830,80.0,5.585779,22,1390,2.718225,6,5520,[0 1]
3744,71,-0.294003,20,970,80.0,5.335958,22,1390,2.781516,6,5450,[0 1]
3746,69,-0.456008,20,930,80.0,5.283719,22,1470,2.766217,6,5430,[0 1]
3753,61,-0.743819,20,880,80.0,5.388483,22,1460,2.749521,6,5470,[0 1]
3759,52,-1.059494,20,820,80.0,5.578358,22,1410,3.634707,6,5520,[0]
3766,59,-0.843146,20,860,80.0,5.452743,22,1430,3.052679,6,5490,[0]
3775,61,-0.691001,20,890,80.0,5.435842,22,1420,2.749429,6,5480,[0 1]
3789,63,-0.752397,20,880,80.0,5.342371,22,1480,3.155736,6,5450,[0]
3792,60,-0.792282,20,870,80.0,5.430863,22,1440,2.74363,6,5480,[0 1]
3797,57,-0.920659,20,850,80.0,5.490714,22,1430,2.735568,6,5500,[0 1]
3800,53,-1.003085,20,830,80.0,5.552568,22,1420,2.7184,6,5510,[0 1]
3804,59,-0.875363,20,860,80.0,5.448833,22,1440,2.745217,6,5490,[0 1]
3809,65,-0.618188,20,910,80.0,5.308877,22,1490,3.145873,6,5430,[0]
3814,53,-1.1259,20,810,80.0,5.536351,22,1440,3.622437,6,5520,[0]
3822,71,-0.386224,20,950,80.0,5.265491,22,1460,2.779362,6,5430,[0 1]
3826,71,-0.466593,20,930,80.0,5.233409,22,1500,2.771923,6,5410,[0 1]
3835,60,-0.781108,20,870,80.0,5.445986,22,1430,2.743527,6,5490,[0 1]
3840,62,-0.648001,20,900,80.0,5.410258,22,1430,3.159966,6,5470,[0]
3846,63,-0.651557,20,900,80.0,5.392468,22,1440,2.754604,6,5460,[0 1]
3856,63,-0.752865,20,880,80.0,5.374226,22,1460,3.100265,6,5470,[0]
3860,63,-0.703298,20,890,80.0,5.383289,22,1450,2.753994,6,5460,[0 1]
3865,62,-0.747,20,880,80.0,5.399897,22,1450,3.089781,6,5470,[0]
3868,64,-0.658747,20,900,80.0,5.343967,22,1470,2.75961,6,5450,[0 1]
3880,62,-0.750381,20,880,80.0,5.39799,22,1450,3.065833,6,5460,[0]
3883,54,-1.068079,20,820,80.0,5.517809,22,1440,2.71948,6,5500,[0 1]
3887,62,-0.748947,20,880,80.0,5.395182,22,1450,2.749619,6,5460,[0 1]
3895,61,-0.797166,20,870,80.0,5.406126,22,1450,2.744661,6,5460,[0 1]
3900,61,-0.847551,20,860,80.0,5.392877,22,1470,2.744191,6,5470,[0 1]
3903,62,-0.750268,20,880,80.0,5.398134,22,1450,2.748324,6,5460,[0 1]
3907,61,-0.847524,20,860,80.0,5.392925,22,1470,2.744169,6,5470,[0 1]
3911,62,-0.75242,20,880,80.0,5.370727,22,1470,2.751726,6,5460,[0 1]
3916,62,-0.750779,20,880,80.0,5.368119,22,1470,2.751644,6,5460,[0 1]
3920,63,-0.747741,20,880,80.0,5.365071,22,1470,2.752304,6,5460,[0 1]
3926,59,-0.842265,20,860,80.0,5.412824,22,1470,2.736638,6,5470,[0 1]
3929,63,-0.747706,20,880,80.0,5.365129,22,1470,2.752275,6,5460,[0 1]
3933,62,-0.750121,20,880,80.0,5.38798,22,1460,2.748228,6,5460,[0 1]
3938,61,-0.792205,20,870,80.0,5.381413,22,1470,2.745675,6,5460,[0 1]
3948,55,-1.084774,20,820,80.0,5.472445,22,1470,3.621372,6,5490,[0]
3954,55,-1.024452,20,830,80.0,5.452412,22,1480,3.628148,6,5480,[0]
3958,58,-0.869837,20,860,80.0,5.438295,22,1460,2.734343,6,5460,[0 1]
3963,61,-0.79685,20,870,80.0,5.375657,22,1480,2.744453,6,5460,[0 1]
3968,61,-0.79559,20,870,80.0,5.370011,22,1480,2.746466,6,5460,[0 1]
3973,61,-0.798271,20,870,80.0,5.36568,22,1490,2.740971,6,5440,[0 1]
3978,62,-0.749906,20,880,80.0,5.367348,22,1480,2.748088,6,5460,[0 1]
3983,63,-0.696065,20,890,80.0,5.34409,22,1490,2.749874,6,5450,[0 1]
3988,62,-0.746399,20,880,80.0,5.358809,22,1490,2.745156,6,5450,[0 1]
3993,62,-0.741731,20,880,80.0,5.353673,22,1490,2.745849,6,5450,[0 1]
3997,63,-0.706443,20,890,80.0,5.347381,22,1480,3.02949,6,5440,[0]
3999,59,-0.929406,20,850,80.0,5.40642,22,1480,2.73645,6,5450,[0 1]
