3002,46,8.212623,4,2360,80.0,1.565181,14,3580,2.747834,16,340,[-1 0]
3007,63,7.945558,4,2450,80.0,1.550858,14,3570,2.492996,16,430,[-1 0]
3010,42,8.220204,4,2380,80.0,1.549485,14,3560,2.750051,16,310,[-1 0]
3015,42,8.220453,4,2380,80.0,1.551632,14,3560,2.719538,16,310,[-1 0]
3019,46,8.18903,4,2380,80.0,1.541804,14,3560,2.767882,16,340,[-1 0]
3022,42,8.195576,4,2400,80.0,1.535883,14,3560,2.65027,16,300,[-1 0]
3027,73,7.832337,4,2470,80.0,1.144422,6,5120,-0.554259,18,1390,[-1 0]
3033,41,8.2162,4,2390,80.0,1.536189,14,3570,2.716174,16,300,[-1 0]
3037,69,7.911182,4,2440,80.0,1.386736,6,5170,-0.460942,18,1370,[-1 0]
3044,62,7.971718,4,2440,80.0,1.132275,6,5210,2.491964,16,420,[-1 0]
3047,59,8.010188,4,2430,80.0,1.574657,14,3580,2.494993,16,400,[-1 0]
3054,49,8.161178,4,2380,80.0,1.630001,14,3570,2.665073,16,350,[-1 0]
3058,62,7.967148,4,2440,80.0,1.135234,6,5210,2.477067,16,420,[-1 0]
3061,69,7.841094,4,2490,80.0,1.366132,6,5140,-0.596637,18,1360,[-1 0]
3065,42,8.208573,4,2390,80.0,1.540684,14,3550,2.721643,16,310,[-1 0]
3067,59,8.073465,4,2380,80.0,1.601543,14,3610,2.631435,16,420,[-1]
3071,60,8.066911,4,2370,80.0,1.59929,14,3620,2.694164,16,440,[-1]
3077,75,7.737298,4,2530,80.0,1.123895,6,5070,-0.688694,18,1390,[-1 0]
3082,44,8.182565,4,2400,80.0,1.540956,14,3550,2.640826,16,310,[-1 0]
3088,45,8.1805,4,2390,80.0,1.543275,14,3550,2.70208,16,330,[-1 0]
3093,49,8.10515,4,2420,80.0,1.606534,14,3540,2.5472,16,340,[-1 0]
3098,65,7.905895,4,2470,80.0,1.269333,6,5180,2.378331,16,420,[-1 0]
3103,45,8.179635,4,2390,80.0,1.543655,14,3550,2.702684,16,330,[-1 0]
3109,44,8.182706,4,2400,80.0,1.540778,14,3550,2.641891,16,310,[-1 0]
3114,44,8.170332,4,2410,80.0,1.530424,14,3540,2.642087,16,310,[-1 0]
3118,43,8.173962,4,2410,80.0,1.523666,14,3550,2.64598,16,310,[-1 0]
3124,64,7.926103,4,2460,80.0,1.132429,6,5190,2.410146,16,420,[-1 0]
3129,69,7.857052,4,2480,80.0,1.276561,6,5140,-0.519469,18,1360,[-1 0]
3134,44,8.170432,4,2410,80.0,1.530297,14,3540,2.642861,16,310,[-1 0]
3139,74,7.728579,4,2550,80.0,1.119036,6,5080,-0.746993,18,1360,[-1 0]
3144,43,8.174093,4,2410,80.0,1.5235,14,3550,2.646985,16,310,[-1 0]
3150,58,8.056169,4,2400,80.0,1.587572,14,3590,2.613844,16,410,[-1]
3155,64,7.924048,4,2460,80.0,1.132654,6,5190,2.418661,16,420,[-1 0]
3158,44,8.150826,4,2420,80.0,1.524369,14,3540,2.588518,16,310,[-1 0]
3162,43,8.165126,4,2420,80.0,1.522011,14,3540,2.609541,16,300,[-1 0]
3166,63,8.0247,4,2390,80.0,1.159628,6,5240,2.585893,16,440,[-1 0]
3169,47,8.114476,4,2430,80.0,1.604386,14,3530,2.51618,16,320,[-1 0]
3175,44,8.157834,4,2420,80.0,1.530041,14,3540,2.563474,16,300,[-1 0]
3180,44,8.144757,4,2430,80.0,1.516178,14,3540,2.558825,16,300,[-1 0]
3185,49,8.110612,4,2420,80.0,1.606317,14,3530,2.569765,16,340,[-1 0]
3191,64,7.988205,4,2410,80.0,1.154507,6,5220,2.520457,16,440,[-1 0]
3197,44,8.128001,4,2440,80.0,1.511325,14,3530,2.528507,16,300,[-1 0]
3201,61,8.014357,4,2410,80.0,1.581395,14,3610,2.53291,16,420,[-1 0]
3208,70,7.772208,4,2540,80.0,1.114534,6,5110,-0.689371,18,1340,[-1 0]
3211,45,8.147811,4,2420,80.0,1.528081,14,3540,2.568628,16,310,[-1 0]
3215,44,8.152525,4,2420,80.0,1.522195,14,3540,2.605155,16,310,[-1 0]
3221,68,7.952653,4,2410,80.0,1.304907,6,5190,-0.442631,18,1390,[-1 0]
3226,64,7.962302,4,2430,80.0,1.146605,6,5210,2.477385,16,430,[-1 0]
3228,58,7.976477,4,2460,80.0,1.567076,14,3550,2.417428,16,380,[-1 0]
3234,45,8.111213,4,2450,80.0,1.506167,14,3520,2.49714,16,300,[-1 0]
3241,61,7.913539,4,2490,80.0,1.538722,14,3550,2.360822,16,390,[-1 0]
3248,49,8.058901,4,2460,80.0,1.585219,14,3510,2.450129,16,320,[-1 0]
3255,46,8.097635,4,2450,80.0,1.515746,14,3530,2.430538,16,300,[-1 0]
3258,60,7.987607,4,2440,80.0,1.561311,14,3570,2.513077,16,410,[-1 0]
3268,68,7.770442,4,2550,80.0,1.339835,6,5110,-0.670653,18,1330,[-1 0]
3274,68,7.784784,4,2540,80.0,1.469206,6,5120,-0.674668,18,1330,[-1 0]
3278,49,8.075081,4,2450,80.0,1.579037,14,3520,2.526204,16,330,[-1 0]
3285,58,7.941316,4,2490,80.0,1.537724,14,3550,2.35809,16,370,[-1 0]
3291,55,8.004764,4,2460,80.0,1.57179,14,3540,2.40873,16,360,[-1 0]
3298,45,8.105355,4,2450,80.0,1.512102,14,3520,2.469178,16,300,[-1 0]
3304,55,7.972317,4,2490,80.0,1.555148,14,3530,2.31703,16,340,[-1 0]
3308,49,8.060866,4,2460,80.0,1.584008,14,3510,2.452092,16,320,[-1 0]
3313,68,7.872046,4,2480,80.0,1.494164,6,5160,2.351867,16,430,[-1 0]
3318,69,7.744457,4,2570,80.0,1.099119,6,5100,-0.683488,18,1310,[-1 0]
3332,46,8.086529,4,2460,80.0,1.504904,14,3520,2.43282,16,300,[-1 0]
3337,47,8.079766,4,2460,80.0,1.581692,14,3510,2.465166,16,310,[-1 0]
3340,58,7.929898,4,2500,80.0,1.545829,14,3530,2.288477,16,360,[-1 0]
3346,62,7.950939,4,2460,80.0,1.550274,14,3560,2.456463,16,410,[-1 0]
3350,73,7.7087,4,2570,80.0,1.111469,6,5080,-0.740322,18,1330,[-1 0]
3356,61,7.955852,4,2460,80.0,1.554059,14,3570,2.424628,16,400,[-1 0]
3362,64,7.868196,4,2510,80.0,1.247531,6,5170,2.278676,16,390,[-1 0]
3366,70,7.85056,4,2480,80.0,1.280654,6,5140,-0.537462,18,1360,[-1 0]
3373,62,7.917846,4,2480,80.0,1.119606,6,5190,2.36962,16,400,[-1 0]
3378,64,7.905664,4,2480,80.0,1.121073,6,5180,2.382031,16,410,[-1 0]
3381,46,8.043368,4,2490,80.0,1.489385,14,3500,2.333844,16,290,[-1 0]
3390,47,8.034707,4,2490,80.0,1.567719,14,3490,2.363407,16,300,[-1 0]
3394,62,7.907404,4,2490,80.0,1.545795,14,3550,2.324061,16,390,[-1 0]
3401,46,8.056135,4,2480,80.0,1.486827,14,3510,2.398279,16,300,[-1 0]
3413,63,7.914378,4,2480,80.0,1.121556,6,5190,2.362821,16,400,[-1 0]
3418,47,8.034831,4,2490,80.0,1.567573,14,3490,2.364228,16,300,[-1 0]
3423,51,8.005152,4,2490,80.0,1.562195,14,3500,2.367198,16,320,[-1 0]
3429,48,8.030643,4,2490,80.0,1.565859,14,3500,2.357402,16,300,[-1 0]
3433,68,7.856531,4,2490,80.0,1.487009,6,5150,2.35199,16,430,[-1 0]
3439,48,8.030467,4,2490,80.0,1.566263,14,3500,2.350546,16,300,[-1 0]
3442,70,7.702207,4,2590,80.0,1.096774,6,5080,-0.769422,18,1320,[-1 0]
3447,65,7.879755,4,2490,80.0,1.123053,6,5170,2.334392,16,410,[-1 0]
3453,47,8.034119,4,2490,80.0,1.567687,14,3490,2.365236,16,300,[-1 0]
3457,47,8.034138,4,2490,80.0,1.567666,14,3490,2.365349,16,300,[-1 0]
3466,64,7.863352,4,2510,80.0,1.109722,6,5160,2.312425,16,400,[-1 0]
3510,65,7.844147,4,2520,80.0,1.11299,6,5160,2.245902,16,390,[-1 0]
3516,52,7.955125,4,2520,80.0,1.554329,14,3480,2.235283,16,310,[-1 0]
3525,49,7.975027,4,2520,80.0,1.557648,14,3490,2.192893,16,290,[-1 0]
3530,66,7.82011,4,2530,80.0,1.464308,6,5140,2.242221,16,400,[-1 0]
3535,53,7.944045,4,2520,80.0,1.548744,14,3490,2.232644,16,320,[-1 0]
3539,67,7.795848,4,2540,80.0,1.342951,6,5130,2.200143,16,400,[-1 0]
3543,67,7.810325,4,2530,80.0,1.464612,6,5130,-0.590904,18,1320,[-1 0]
3546,71,7.756975,4,2550,80.0,1.257565,6,5100,-0.667336,18,1330,[-1 0]
3549,67,7.812917,4,2530,80.0,1.463362,6,5130,-0.587519,18,1320,[-1 0]
3554,69,7.766695,4,2550,80.0,1.337674,6,5110,-0.656184,18,1320,[-1 0]
3560,65,7.747507,4,2590,80.0,1.083149,6,5110,2.119629,16,370,[-1 0]
3567,71,7.739321,4,2560,80.0,1.105983,6,5090,-0.680215,18,1330,[-1 0]
3570,61,7.823009,4,2560,80.0,1.518382,14,3500,2.137252,16,350,[-1 0]
3574,68,7.778426,4,2550,80.0,1.337088,6,5120,-0.649003,18,1310,[-1 0]
3579,70,7.760415,4,2550,80.0,1.259661,6,5110,-0.689458,18,1320,[-1 0]
3584,54,7.877956,4,2560,80.0,1.522494,14,3480,2.1473,16,310,[-1 0]
3590,69,7.784525,4,2540,80.0,1.342191,6,5130,-0.642659,18,1320,[-1 0]
3596,61,7.792843,4,2580,80.0,1.49628,14,3500,2.13083,16,350,[-1 0]
3598,70,7.669238,4,2620,80.0,1.230793,6,5070,-0.778621,18,1290,[-1 0]
3600,68,7.781252,4,2550,80.0,1.34078,6,5120,-0.641873,18,1310,[-1 0]
3603,68,7.711687,4,2600,80.0,1.4381,6,5090,2.084969,16,380,[-1 0]
3609,50,7.959706,4,2530,80.0,1.548748,14,3480,2.211059,16,290,[-1 0]
3612,69,7.756963,4,2560,80.0,1.461054,6,5110,-0.709293,18,1320,[-1 0]
3618,50,7.958205,4,2530,80.0,1.543316,14,3470,2.251248,16,300,[-1 0]
3621,69,7.74523,4,2570,80.0,1.338548,6,5110,-0.707874,18,1300,[-1 0]
3623,69,7.754858,4,2560,80.0,1.329692,6,5100,-0.659993,18,1320,[-1 0]
3626,69,7.741045,4,2570,80.0,1.329194,6,5100,-0.724153,18,1320,[-1 0]
3633,67,7.644871,4,2650,80.0,1.418911,6,5070,-0.814577,18,1260,[-1 0]
3635,68,7.768149,4,2560,80.0,1.340277,6,5120,2.148404,16,390,[-1 0]
3642,70,7.745065,4,2560,80.0,1.336482,6,5100,-0.696501,18,1320,[-1 0]
3645,70,7.718787,4,2580,80.0,1.100953,6,5090,-0.758331,18,1320,[-1 0]
3647,69,7.744222,4,2570,80.0,1.331548,6,5100,-0.675718,18,1310,[-1 0]
3653,53,7.902024,4,2550,80.0,1.536647,14,3460,2.168671,16,310,[-1 0]
3658,57,7.859358,4,2560,80.0,1.512827,14,3490,2.172553,16,330,[-1 0]
3661,69,7.746125,4,2570,80.0,1.452286,6,5100,-0.708839,18,1320,[-1 0]
3668,68,7.733646,4,2580,80.0,1.330067,6,5100,-0.706356,18,1300,[-1 0]
3675,69,7.716472,4,2590,80.0,1.445307,6,5090,-0.745433,18,1310,[-1 0]
3679,68,7.734858,4,2580,80.0,1.329552,6,5100,-0.704585,18,1300,[-1 0]
3681,69,7.727594,4,2580,80.0,1.321127,6,5090,-0.68931,18,1310,[-1 0]
3684,51,7.936638,4,2540,80.0,1.538009,14,3470,2.204547,16,300,[-1 0]
3691,69,7.732157,4,2580,80.0,1.330445,6,5100,-0.706164,18,1300,[-1 0]
3696,69,7.71111,4,2590,80.0,1.315239,6,5080,-0.731372,18,1320,[-1 0]
3699,69,7.717202,4,2590,80.0,1.091969,6,5090,-0.713233,18,1300,[-1 0]
3703,69,7.728777,4,2580,80.0,1.238435,6,5090,-0.689909,18,1310,[-1 0]
3706,69,7.726149,4,2580,80.0,1.240998,6,5090,-0.704082,18,1310,[-1 0]
3708,70,7.706908,4,2590,80.0,1.239557,6,5080,-0.718574,18,1310,[-1 0]
3712,69,7.717917,4,2590,80.0,1.331069,6,5100,-0.749472,18,1290,[-1 0]
3717,69,7.686031,4,2610,80.0,1.313731,6,5080,-0.765114,18,1290,[-1 0]
3724,69,7.699822,4,2600,80.0,1.233566,6,5080,-0.734259,18,1300,[-1 0]
3729,69,7.718414,4,2590,80.0,1.318234,6,5090,-0.713688,18,1300,[-1 0]
3738,70,7.710533,4,2590,80.0,1.243294,6,5090,-0.746104,18,1300,[-1 0]
3742,70,7.70822,4,2590,80.0,1.238941,6,5080,-0.716289,18,1310,[-1 0]
3746,67,7.658273,4,2640,80.0,1.302138,6,5070,1.987501,16,360,[-1 0]
3752,66,7.68135,4,2630,80.0,1.212646,6,5080,2.009042,16,360,[-1 0]
3758,59,7.794873,4,2590,80.0,1.501912,14,3480,2.072502,16,330,[-1 0]
3760,72,7.663212,4,2610,80.0,1.09323,6,5060,-0.785148,18,1310,[-1 0]
3762,69,7.686949,4,2610,80.0,1.31334,6,5080,-0.795954,18,1300,[-1 0]
3764,71,7.670046,4,2610,80.0,1.094355,6,5070,-0.795921,18,1300,[-1 0]
3769,62,7.76353,4,2600,80.0,1.495138,14,3480,2.053283,16,340,[-1 0]
3772,70,7.665866,4,2620,80.0,1.23319,6,5070,-0.791534,18,1290,[-1 0]
3775,55,7.856884,4,2570,80.0,1.521208,14,3470,2.109719,16,310,[-1 0]
3777,52,7.851867,4,2590,80.0,1.524522,14,3440,2.022976,16,280,[-1 0]
3782,62,7.761633,4,2600,80.0,1.495307,14,3480,2.063172,16,340,[-1 0]
3787,70,7.684494,4,2610,80.0,1.30821,6,5070,-0.775262,18,1310,[-1 0]
3792,54,7.841086,4,2590,80.0,1.518138,14,3450,2.03407,16,290,[-1 0]
3797,53,7.844521,4,2590,80.0,1.516781,14,3450,2.031425,16,290,[-1 0]
3800,70,7.662693,4,2620,80.0,1.230972,6,5060,-0.798286,18,1310,[-1 0]
3802,70,7.663538,4,2620,80.0,1.082641,6,5060,-0.792444,18,1310,[-1 0]
3806,71,7.657704,4,2620,80.0,1.087246,6,5060,-0.787517,18,1300,[-1 0]
3813,62,7.763726,4,2600,80.0,1.494917,14,3480,2.05419,16,340,[-1 0]
3820,53,7.834627,4,2600,80.0,1.520235,14,3430,1.996027,16,280,[-1 0]
3824,56,7.808704,4,2600,80.0,1.5117,14,3450,2.011469,16,300,[-1 0]
3827,63,7.712059,4,2630,80.0,1.482869,14,3470,1.977828,16,330,[-1 0]
3831,71,7.649337,4,2630,80.0,1.232277,6,5060,-0.817556,18,1290,[-1 0]
3837,72,7.626456,4,2640,80.0,1.08433,6,5050,-0.843295,18,1290,[-1 0]
3841,71,7.643641,4,2630,80.0,1.087728,6,5060,-0.829606,18,1290,[-1 0]
3845,53,7.830946,4,2600,80.0,1.518357,14,3440,1.990855,16,280,[-1 0]
3849,56,7.808807,4,2600,80.0,1.511626,14,3450,2.011961,16,300,[-1 0]
3855,71,7.635019,4,2640,80.0,1.078748,6,5050,-0.84387,18,1300,[-1 0]
3856,58,7.790231,4,2600,80.0,1.496283,14,3470,2.062106,16,320,[-1 0]
3862,72,7.627389,4,2640,80.0,1.084138,6,5050,-0.84381,18,1290,[-1 0]
3867,63,7.707795,4,2630,80.0,1.477858,14,3490,1.969885,16,330,[-1 0]
3872,61,7.736715,4,2620,80.0,1.484798,14,3470,2.018471,16,330,[-1 0]
3877,63,7.682466,4,2650,80.0,1.062504,6,5100,1.930044,16,320,[-1 0]
3880,65,7.676259,4,2640,80.0,1.980868,14,3470,1.998913,16,350,[-1 0]
3885,70,7.566262,4,2690,80.0,1.282623,6,5030,-0.904795,18,1260,[-1 0]
3888,62,7.714097,4,2630,80.0,1.485696,14,3460,1.9791,16,330,[-1 0]
3893,61,7.720899,4,2630,80.0,1.486243,14,3470,1.948967,16,320,[-1 0]
3896,59,7.756784,4,2620,80.0,1.496802,14,3450,1.988638,16,310,[-1 0]
3912,69,7.560673,4,2700,80.0,1.060018,6,5030,-0.907341,18,1250,[-1 0]
3916,61,7.722425,4,2630,80.0,1.48459,14,3470,1.959625,16,320,[-1 0]
3922,62,7.700146,4,2640,80.0,1.483916,14,3460,1.939269,16,320,[-1 0]
3927,63,7.70931,4,2630,80.0,1.480669,14,3480,1.974868,16,330,[-1 0]
3932,63,7.707482,4,2630,80.0,1.483294,14,3480,1.955113,16,330,[-1 0]
3937,62,7.702955,4,2640,80.0,1.482967,14,3460,1.929306,16,320,[-1 0]
3941,64,7.688636,4,2640,80.0,1.47618,14,3480,1.940388,16,330,[-1 0]
3945,56,7.77492,4,2620,80.0,1.499093,14,3430,2.019866,16,300,[-1 0]
3950,63,7.694742,4,2640,80.0,1.473768,14,3470,1.975292,16,330,[-1 0]
3955,63,7.680165,4,2650,80.0,1.466945,14,3460,1.975383,16,330,[-1 0]
3958,68,7.626256,4,2660,80.0,1.291016,6,5060,-0.860588,18,1270,[-1 0]
3963,66,7.596667,4,2690,80.0,1.279954,6,5050,1.877159,16,330,[-1 0]
3968,63,7.698334,4,2640,80.0,1.470887,14,3470,1.980583,16,330,[-1 0]
3974,63,7.678404,4,2650,80.0,1.469527,14,3460,1.955872,16,330,[-1 0]
3975,63,7.698359,4,2640,80.0,1.470855,14,3470,1.980711,16,330,[-1 0]
3977,61,7.708403,4,2640,80.0,1.476522,14,3460,1.970973,16,320,[-1 0]
3982,62,7.700252,4,2640,80.0,1.478784,14,3450,1.975873,16,330,[-1 0]
3987,62,7.69981,4,2640,80.0,1.478428,14,3450,1.980927,16,330,[-1 0]
3992,66,7.643356,4,2660,80.0,1.287362,6,5070,1.927571,16,340,[-1 0]
3995,63,7.679126,4,2650,80.0,1.468315,14,3460,1.966176,16,330,[-1 0]
3998,63,7.661899,4,2660,80.0,1.466709,14,3470,1.894545,16,320,[-1 0]
3999,63,7.668906,4,2660,80.0,1.470751,14,3470,1.865821,16,310,[-1 0]
3003,42,8.239593,4,2360,80.0,1.562945,14,3580,2.78287,16,320,[-1 0]
3008,71,7.868129,4,2460,80.0,1.147574,6,5150,-0.536864,18,1370,[-1 0]
3021,44,8.206399,4,2380,80.0,1.552065,14,3560,2.720395,16,320,[-1 0]
3028,73,7.856671,4,2450,80.0,1.151317,6,5130,-0.545748,18,1410,[-1 0]
3041,43,8.208235,4,2380,80.0,1.546306,14,3570,2.726665,16,320,[-1 0]
3045,42,8.204061,4,2390,80.0,1.541775,14,3560,2.693613,16,310,[-1 0]
3050,44,8.194592,4,2390,80.0,1.54117,14,3550,2.721619,16,320,[-1 0]
3059,39,8.234127,4,2390,80.0,1.518051,14,3560,2.757976,16,290,[-1 0]
3065,48,8.153378,4,2390,80.0,1.617579,14,3560,2.659045,16,350,[-1 0]
3070,44,8.194695,4,2390,80.0,1.541036,14,3550,2.72245,16,320,[-1 0]
3075,44,8.19472,4,2390,80.0,1.541002,14,3550,2.722656,16,320,[-1 0]
3079,44,8.182547,4,2400,80.0,1.540975,14,3550,2.640707,16,310,[-1 0]
3083,42,8.208658,4,2390,80.0,1.540665,14,3550,2.722384,16,310,[-1 0]
3096,72,7.816048,4,2490,80.0,1.288094,6,5120,-0.613669,18,1380,[-1 0]
3111,43,8.177423,4,2410,80.0,1.532517,14,3550,2.607605,16,300,[-1 0]
3116,44,8.176421,4,2400,80.0,1.533093,14,3550,2.68631,16,320,[-1 0]
3127,52,8.044706,4,2450,80.0,1.582559,14,3520,2.475413,16,350,[-1 0]
3132,44,8.169227,4,2410,80.0,1.526403,14,3550,2.646523,16,310,[-1 0]
3142,44,8.170472,4,2410,80.0,1.530247,14,3540,2.643169,16,310,[-1 0]
3149,46,8.134337,4,2420,80.0,1.527443,14,3540,2.582181,16,320,[-1 0]
3154,44,8.17053,4,2410,80.0,1.530172,14,3540,2.643627,16,310,[-1 0]
3158,44,8.150826,4,2420,80.0,1.524369,14,3540,2.588518,16,310,[-1 0]
3166,45,8.149693,4,2420,80.0,1.526254,14,3540,2.574271,16,310,[-1 0]
3169,66,7.875423,4,2490,80.0,1.362558,6,5160,2.366211,16,420,[-1 0]
3173,45,8.141476,4,2420,80.0,1.524458,14,3530,2.613847,16,320,[-1 0]
3182,48,8.075618,4,2450,80.0,1.588304,14,3530,2.452115,16,320,[-1 0]
3187,71,7.74609,4,2550,80.0,1.111602,6,5090,-0.707543,18,1350,[-1 0]
3193,45,8.123441,4,2440,80.0,1.511475,14,3540,2.505169,16,300,[-1 0]
3202,44,8.127077,4,2440,80.0,1.511841,14,3530,2.528685,16,300,[-1 0]
3209,44,8.14517,4,2430,80.0,1.519892,14,3530,2.5647,16,300,[-1 0]
3213,45,8.130683,4,2430,80.0,1.522453,14,3530,2.546869,16,310,[-1 0]
3217,70,7.763025,4,2550,80.0,1.341414,6,5110,-0.680394,18,1320,[-1 0]
3223,43,8.146165,4,2430,80.0,1.514697,14,3540,2.568099,16,300,[-1 0]
3227,58,7.978079,4,2460,80.0,1.567441,14,3550,2.405809,16,380,[-1 0]
3242,45,8.111249,4,2450,80.0,1.506061,14,3520,2.497414,16,300,[-1 0]
3251,45,8.123724,4,2440,80.0,1.511131,14,3540,2.507176,16,300,[-1 0]
3256,69,7.768945,4,2550,80.0,1.106411,6,5110,-0.648795,18,1320,[-1 0]
3266,45,8.105199,4,2450,80.0,1.512288,14,3520,2.468126,16,300,[-1 0]
3272,54,7.988387,4,2480,80.0,1.570709,14,3520,2.329265,16,340,[-1 0]
3276,68,7.818983,4,2520,80.0,1.345818,6,5130,-0.644505,18,1350,[-1 0]
3287,70,7.801672,4,2520,80.0,1.350132,6,5120,-0.639434,18,1350,[-1 0]
3292,65,7.936779,4,2450,80.0,1.138908,6,5210,2.40016,16,420,[-1 0]
3306,47,8.091522,4,2450,80.0,1.59176,14,3520,2.462637,16,310,[-1 0]
3310,65,7.904211,4,2470,80.0,1.128696,6,5190,2.387822,16,420,[-1 0]
3320,48,8.067331,4,2460,80.0,1.586744,14,3520,2.41488,16,310,[-1 0]
3325,62,7.870271,4,2520,80.0,1.52499,14,3530,2.285828,16,380,[-1 0]
3334,65,7.868241,4,2500,80.0,1.122302,6,5170,2.280721,16,400,[-1 0]
3339,72,7.692997,4,2590,80.0,1.104473,6,5080,-0.782983,18,1310,[-1 0]
3344,46,8.085694,4,2460,80.0,1.505414,14,3520,2.433197,16,300,[-1 0]
3348,47,8.061512,4,2470,80.0,1.57687,14,3500,2.437889,16,310,[-1 0]
3351,48,8.055281,4,2470,80.0,1.576754,14,3510,2.422576,16,310,[-1 0]
3362,52,7.99104,4,2490,80.0,1.568334,14,3490,2.348329,16,330,[-1 0]
3369,56,7.91818,4,2520,80.0,1.533147,14,3520,2.260468,16,340,[-1 0]
3376,46,8.056869,4,2480,80.0,1.498532,14,3510,2.333697,16,290,[-1 0]
3380,47,8.023337,4,2500,80.0,1.565032,14,3490,2.311658,16,290,[-1 0]
3398,68,7.735198,4,2580,80.0,1.329949,6,5100,2.11391,16,390,[-1 0]
3403,52,7.991054,4,2490,80.0,1.568456,14,3490,2.343663,16,330,[-1 0]
3408,57,7.914005,4,2520,80.0,1.537543,14,3520,2.236662,16,340,[-1 0]
3420,71,7.674692,4,2610,80.0,1.233301,6,5060,-0.776529,18,1320,[-1 0]
3422,51,8.005088,4,2490,80.0,1.568245,14,3490,2.347492,16,320,[-1 0]
3426,49,8.022013,4,2490,80.0,1.561293,14,3500,2.370965,16,310,[-1 0]
3433,77,7.582909,4,2640,80.0,1.252994,6,5010,-0.903778,18,1340,[-1 0]
3440,66,7.721538,4,2600,80.0,1.319781,6,5100,2.061227,16,370,[-1 0]
3445,47,8.033861,4,2490,80.0,1.568231,14,3490,2.357862,16,300,[-1 0]
3450,48,8.015854,4,2500,80.0,1.558365,14,3490,2.348715,16,300,[-1 0]
3455,53,7.991922,4,2490,80.0,1.569815,14,3490,2.314296,16,330,[-1 0]
3465,48,8.0007,4,2510,80.0,1.555758,14,3500,2.247532,16,290,[-1 0]
3470,49,7.992428,4,2510,80.0,1.554792,14,3490,2.277203,16,300,[-1 0]
3473,48,8.029984,4,2490,80.0,1.56601,14,3500,2.358656,16,300,[-1 0]
3477,49,8.002733,4,2500,80.0,1.557904,14,3490,2.339399,16,310,[-1 0]
3486,49,7.992719,4,2510,80.0,1.554873,14,3490,2.277637,16,300,[-1 0]
3496,55,7.940711,4,2510,80.0,1.550363,14,3490,2.305828,16,340,[-1 0]
3500,48,8.013199,4,2500,80.0,1.557371,14,3500,2.312844,16,300,[-1 0]
3511,70,7.68145,4,2610,80.0,1.309353,6,5070,-0.778105,18,1310,[-1 0]
3512,61,7.826208,4,2560,80.0,1.510377,14,3510,2.157977,16,350,[-1 0]
3525,54,7.940027,4,2520,80.0,1.538212,14,3490,2.298256,16,330,[-1 0]
3533,68,7.71241,4,2600,80.0,1.437865,6,5090,2.083844,16,380,[-1 0]
3537,49,7.975086,4,2520,80.0,1.557319,14,3490,2.193196,16,290,[-1 0]
3540,70,7.680216,4,2610,80.0,1.31158,6,5070,-0.761712,18,1300,[-1 0]
3551,73,7.654841,4,2610,80.0,1.094099,6,5050,-0.788839,18,1320,[-1 0]
3555,67,7.679336,4,2630,80.0,1.074674,6,5080,2.010648,16,360,[-1 0]
3561,66,7.70001,4,2620,80.0,1.080508,6,5100,1.995676,16,350,[-1 0]
3563,67,7.816843,4,2530,80.0,1.466858,6,5140,2.227679,16,400,[-1 0]
3572,70,7.696955,4,2600,80.0,1.236879,6,5080,-0.773961,18,1310,[-1 0]
3576,55,7.900455,4,2540,80.0,1.528864,14,3480,2.24098,16,330,[-1 0]
3581,69,7.770758,4,2550,80.0,1.111129,6,5120,-0.678372,18,1310,[-1 0]
3597,68,7.792025,4,2540,80.0,1.462286,6,5120,2.239855,16,410,[-1 0]
3610,50,7.95602,4,2530,80.0,1.545128,14,3470,2.24101,16,300,[-1 0]
3614,53,7.920374,4,2540,80.0,1.540129,14,3470,2.191848,16,310,[-1 0]
3616,57,7.886773,4,2540,80.0,1.525447,14,3490,2.234681,16,340,[-1 0]
3625,51,7.923583,4,2550,80.0,1.535352,14,3470,2.162413,16,290,[-1 0]
3628,50,7.945701,4,2540,80.0,1.541449,14,3470,2.19681,16,290,[-1 0]
3636,48,7.940119,4,2550,80.0,1.533625,14,3470,2.16963,16,280,[-1 0]
3642,50,7.925502,4,2550,80.0,1.534505,14,3470,2.162814,16,290,[-1 0]
3649,70,7.623951,4,2650,80.0,1.221844,6,5050,-0.829943,18,1280,[-1 0]
3652,70,7.648546,4,2630,80.0,1.231295,6,5060,-0.805332,18,1290,[-1 0]
3660,54,7.899198,4,2550,80.0,1.529185,14,3480,2.168444,16,310,[-1 0]
3670,55,7.845363,4,2580,80.0,1.51979,14,3470,2.044723,16,300,[-1 0]
3678,57,7.85397,4,2560,80.0,1.51693,14,3490,2.155849,16,330,[-1 0]
3681,67,7.676495,4,2630,80.0,1.306329,6,5080,2.003272,16,360,[-1 0]
3686,52,7.894217,4,2560,80.0,1.53407,14,3450,2.145622,16,300,[-1 0]
3691,70,7.612572,4,2660,80.0,1.074374,6,5050,-0.891592,18,1280,[-1 0]
3698,37,8.062509,4,2530,80.0,1.443086,14,3490,2.165343,16,210,[-1 0]
3702,68,7.705139,4,2600,80.0,1.32202,6,5090,-0.767782,18,1300,[-1 0]
3713,70,7.636968,4,2640,80.0,1.082427,6,5060,-0.834234,18,1280,[-1 0]
3718,59,7.828427,4,2570,80.0,1.519721,14,3480,2.107124,16,330,[-1 0]
3721,70,7.584004,4,2680,80.0,1.214154,6,5040,-0.894105,18,1260,[-1 0]
3725,69,7.620096,4,2660,80.0,1.414743,6,5050,-0.84877,18,1280,[-1 0]
3732,58,7.821033,4,2580,80.0,1.513881,14,3480,2.064623,16,320,[-1 0]
3738,53,7.864237,4,2580,80.0,1.522797,14,3450,2.070868,16,290,[-1 0]
3744,71,7.686481,4,2600,80.0,1.315665,6,5070,-0.775791,18,1320,[-1 0]
3746,69,7.620041,4,2660,80.0,1.301238,6,5060,-0.859673,18,1260,[-1 0]
3753,61,7.734554,4,2620,80.0,1.487164,14,3470,2.005695,16,330,[-1 0]
3759,52,7.89598,4,2560,80.0,1.531978,14,3450,2.160226,16,300,[-1 0]
3766,59,7.794846,4,2590,80.0,1.513702,14,3480,2.00635,16,320,[-1 0]
3775,61,7.765182,4,2600,80.0,1.499578,14,3490,2.016539,16,330,[-1 0]
3789,63,7.690823,4,2640,80.0,1.066941,6,5100,1.958313,16,330,[-1 0]
3792,60,7.773046,4,2600,80.0,1.496564,14,3480,2.049302,16,330,[-1 0]
3797,57,7.801891,4,2600,80.0,1.501541,14,3460,2.051569,16,310,[-1 0]
3800,53,7.843928,4,2590,80.0,1.513877,14,3450,2.074516,16,290,[-1 0]
3804,59,7.800033,4,2590,80.0,1.50436,14,3460,2.108973,16,330,[-1 0]
3809,65,7.630736,4,2670,80.0,1.062532,6,5070,1.88616,16,330,[-1 0]
3814,53,7.835349,4,2600,80.0,1.519899,14,3430,1.995908,16,280,[-1 0]
3822,71,7.601254,4,2660,80.0,1.225511,6,5040,-0.900665,18,1290,[-1 0]
3826,71,7.563068,4,2690,80.0,1.284474,6,5030,-0.915041,18,1260,[-1 0]
3835,60,7.763174,4,2610,80.0,1.499735,14,3460,2.018384,16,320,[-1 0]
3840,62,7.757673,4,2600,80.0,1.500572,14,3480,2.030677,16,340,[-1 0]
3846,63,7.722176,4,2620,80.0,1.482608,14,3480,2.021171,16,340,[-1 0]
3856,63,7.726418,4,2620,80.0,1.479427,14,3480,2.026181,16,340,[-1 0]
3860,63,7.722861,4,2620,80.0,1.482195,14,3480,2.021447,16,340,[-1 0]
3865,62,7.749422,4,2610,80.0,1.487521,14,3470,2.055236,16,340,[-1 0]
3868,64,7.714418,4,2620,80.0,1.071615,6,5100,2.032182,16,350,[-1 0]
3880,62,7.717326,4,2630,80.0,1.490079,14,3470,1.928266,16,320,[-1 0]
3883,54,7.808161,4,2610,80.0,1.508224,14,3450,1.971195,16,280,[-1 0]
3887,62,7.699994,4,2640,80.0,1.484082,14,3460,1.938626,16,320,[-1 0]
3895,61,7.722335,4,2630,80.0,1.484688,14,3470,1.959236,16,320,[-1 0]
3900,61,7.742996,4,2620,80.0,1.487039,14,3480,1.967994,16,320,[-1 0]
3903,62,7.717431,4,2630,80.0,1.489967,14,3470,1.928689,16,320,[-1 0]
3907,61,7.743024,4,2620,80.0,1.487006,14,3480,1.968125,16,320,[-1 0]
3911,62,7.714653,4,2630,80.0,1.485922,14,3460,1.974571,16,330,[-1 0]
3916,62,7.714216,4,2630,80.0,1.485565,14,3460,1.979626,16,330,[-1 0]
3920,63,7.712824,4,2630,80.0,1.477903,14,3480,1.979701,16,330,[-1 0]
3926,59,7.73768,4,2630,80.0,1.491193,14,3450,1.94776,16,310,[-1 0]
3929,63,7.712862,4,2630,80.0,1.477861,14,3480,1.979868,16,330,[-1 0]
3933,62,7.70294,4,2640,80.0,1.482986,14,3460,1.929234,16,320,[-1 0]
3938,61,7.721233,4,2630,80.0,1.484806,14,3470,1.965147,16,320,[-1 0]
3948,55,7.785813,4,2620,80.0,1.509434,14,3440,1.914282,16,280,[-1 0]
3954,55,7.782861,4,2620,80.0,1.500376,14,3440,1.970459,16,290,[-1 0]
3958,58,7.718727,4,2650,80.0,1.484731,14,3440,1.880671,16,290,[-1 0]
3963,61,7.707903,4,2640,80.0,1.477572,14,3460,1.960483,16,320,[-1 0]
3968,61,7.706497,4,2640,80.0,1.479104,14,3460,1.950335,16,320,[-1 0]
3973,61,7.678004,4,2660,80.0,1.475237,14,3440,1.903448,16,310,[-1 0]
3978,62,7.688536,4,2650,80.0,1.475958,14,3450,1.930036,16,320,[-1 0]
3983,63,7.668416,4,2660,80.0,1.46847,14,3450,1.927413,16,320,[-1 0]
3988,62,7.69162,4,2650,80.0,1.473291,14,3450,1.940451,16,320,[-1 0]
3993,62,7.686137,4,2650,80.0,1.475713,14,3450,1.9559,16,320,[-1 0]
3997,63,7.678254,4,2650,80.0,1.466494,14,3470,1.941386,16,330,[-1 0]
3999,59,7.712554,4,2650,80.0,1.479126,14,3440,1.923008,16,300,[-1 0]
