3002,46,1.565181,14,3580,80.0,-0.205089,7,640,8.212623,4,2360,[0]
3007,63,1.550858,14,3570,80.0,-0.170616,7,510,7.945558,4,2450,[0]
3010,42,1.549485,14,3560,80.0,-0.209564,7,670,8.220204,4,2380,[0]
3010,42,2.62622,14,3240,80.0,-2.477748,8,390,6.514093,22,500,[0 -1]
3015,42,1.551632,14,3560,80.0,-0.208238,7,670,8.220453,4,2380,[0]
3015,42,2.657126,14,3220,80.0,-2.576929,8,390,6.47571,22,530,[-1 0 -1]
3019,46,1.541804,14,3560,80.0,-0.205774,7,640,8.18903,4,2380,[0]
3022,42,1.535883,14,3560,80.0,-0.212003,7,660,8.195576,4,2400,[0]
3022,42,2.662896,14,3210,80.0,-2.4622,8,390,6.476723,22,530,[0 -1]
3033,41,1.536189,14,3570,80.0,-0.215748,7,660,8.2162,4,2390,[0]
3033,41,2.609692,14,3230,80.0,-2.477755,8,380,6.49314,22,520,[0 -1]
3047,59,1.574657,14,3580,80.0,-0.187803,7,530,8.010188,4,2430,[0]
3054,49,1.630001,14,3570,80.0,-0.202068,7,620,8.161178,4,2380,[0]
3054,49,2.610247,14,3150,80.0,-2.625205,8,440,6.287408,22,560,[0 -1]
3065,42,1.540684,14,3550,80.0,-0.208353,7,670,8.208573,4,2390,[0]
3067,59,1.601543,14,3610,80.0,-0.188487,7,530,8.073465,4,2380,[0]
3071,60,1.59929,14,3620,80.0,-0.189448,7,510,8.066911,4,2370,[0]
3082,44,1.540956,14,3550,80.0,-0.207127,7,660,8.182565,4,2400,[0]
3088,45,1.543275,14,3550,80.0,-0.204753,7,650,8.1805,4,2390,[0]
3088,45,2.600871,14,3150,80.0,-2.590958,8,410,6.303962,22,590,[0 -1]
3093,49,1.606534,14,3540,80.0,-0.198396,7,620,8.10515,4,2420,[0]
3103,45,1.543655,14,3550,80.0,-0.204136,7,650,8.179635,4,2390,[0]
3103,45,2.603039,14,3150,80.0,-2.58681,8,410,6.288172,22,590,[0 -1]
3109,44,1.540778,14,3550,80.0,-0.207191,7,660,8.182706,4,2400,[0]
3114,44,1.530424,14,3540,80.0,-0.207203,7,660,8.170332,4,2410,[0]
3114,44,2.616383,14,3160,80.0,-2.598108,8,410,6.347919,22,580,[0 -1]
3118,43,1.523666,14,3550,80.0,-0.21174,7,650,8.173962,4,2410,[0]
3134,44,1.530297,14,3540,80.0,-0.20725,7,660,8.170432,4,2410,[0]
3134,44,2.599898,14,3140,80.0,-2.599098,8,410,6.309438,22,600,[0 -1]
3144,43,1.5235,14,3550,80.0,-0.211792,7,650,8.174093,4,2410,[0]
3144,43,2.925978,14,3140,80.0,-2.622618,8,390,6.288155,22,620,[0 -1]
3150,58,1.587572,14,3590,80.0,-0.192303,7,530,8.056169,4,2400,[0]
3158,44,1.524369,14,3540,80.0,-0.206545,7,650,8.150826,4,2420,[0]
3162,43,1.522011,14,3540,80.0,-0.210365,7,660,8.165126,4,2420,[0]
3169,47,1.604386,14,3530,80.0,-0.199943,7,640,8.114476,4,2430,[0]
3175,44,1.530041,14,3540,80.0,-0.207343,7,660,8.157834,4,2420,[0]
3180,44,1.516178,14,3540,80.0,-0.209966,7,650,8.144757,4,2430,[0]
3185,49,1.606317,14,3530,80.0,-0.196841,7,630,8.110612,4,2420,[0]
3197,44,1.511325,14,3530,80.0,-0.208994,7,650,8.128001,4,2440,[0]
3201,61,1.581395,14,3610,80.0,-0.188183,7,500,8.014357,4,2410,[0]
3211,45,1.528081,14,3540,80.0,-0.206663,7,650,8.147811,4,2420,[0]
3215,44,1.522195,14,3540,80.0,-0.208527,7,650,8.152525,4,2420,[0]
3228,58,1.567076,14,3550,80.0,-0.187645,7,540,7.976477,4,2460,[0]
3234,45,1.506167,14,3520,80.0,-0.206713,7,650,8.111213,4,2450,[0]
3241,61,1.538722,14,3550,80.0,-0.184717,7,510,7.913539,4,2490,[0]
3248,49,1.585219,14,3510,80.0,-0.197754,7,630,8.058901,4,2460,[0]
3255,46,1.515746,14,3530,80.0,-0.205027,7,640,8.097635,4,2450,[0]
3258,60,1.561311,14,3570,80.0,-0.187165,7,520,7.987607,4,2440,[0]
3278,49,1.579037,14,3520,80.0,-0.202592,7,620,8.075081,4,2450,[0]
3285,58,1.537724,14,3550,80.0,-0.195971,7,520,7.941316,4,2490,[0]
3291,55,1.57179,14,3540,80.0,-0.191341,7,570,8.004764,4,2460,[0]
3298,45,1.512102,14,3520,80.0,-0.204559,7,650,8.105355,4,2450,[0]
3304,55,1.555148,14,3530,80.0,-0.198299,7,560,7.972317,4,2490,[0]
3308,49,1.584008,14,3510,80.0,-0.198196,7,630,8.060866,4,2460,[0]
3332,46,1.504904,14,3520,80.0,-0.206146,7,640,8.086529,4,2460,[0]
3337,47,1.581692,14,3510,80.0,-0.203083,7,640,8.079766,4,2460,[0]
3340,58,1.545829,14,3530,80.0,-0.188555,7,540,7.929898,4,2500,[0]
3346,62,1.550274,14,3560,80.0,-0.182504,7,510,7.950939,4,2460,[0]
3356,61,1.554059,14,3570,80.0,-0.186286,7,510,7.955852,4,2460,[0]
3381,46,1.489385,14,3500,80.0,-0.203806,7,640,8.043368,4,2490,[0]
3390,47,1.567719,14,3490,80.0,-0.200775,7,640,8.034707,4,2490,[0]
3394,62,1.545795,14,3550,80.0,-0.180965,7,510,7.907404,4,2490,[0]
3401,46,1.486827,14,3510,80.0,-0.206928,7,630,8.056135,4,2480,[0]
3418,47,1.567573,14,3490,80.0,-0.200836,7,640,8.034831,4,2490,[0]
3423,51,1.562195,14,3500,80.0,-0.197195,7,610,8.005152,4,2490,[0]
3429,48,1.565859,14,3500,80.0,-0.202659,7,630,8.030643,4,2490,[0]
3439,48,1.566263,14,3500,80.0,-0.202359,7,630,8.030467,4,2490,[0]
3453,47,1.567687,14,3490,80.0,-0.20028,7,640,8.034119,4,2490,[0]
3457,47,1.567666,14,3490,80.0,-0.200289,7,640,8.034138,4,2490,[0]
3516,52,1.554329,14,3480,80.0,-0.193075,7,610,7.955125,4,2520,[0]
3525,49,1.557648,14,3490,80.0,-0.199697,7,620,7.975027,4,2520,[0]
3535,53,1.548744,14,3490,80.0,-0.194424,7,590,7.944045,4,2520,[0]
3570,61,1.518382,14,3500,80.0,-0.175949,7,540,7.823009,4,2560,[0]
3584,54,1.522494,14,3480,80.0,-0.196607,7,570,7.877956,4,2560,[0]
3596,61,1.49628,14,3500,80.0,-0.18614,7,510,7.792843,4,2580,[0]
3609,50,1.548748,14,3480,80.0,-0.199243,7,620,7.959706,4,2530,[0]
3618,50,1.543316,14,3470,80.0,-0.197508,7,620,7.958205,4,2530,[0]
3653,53,1.536647,14,3460,80.0,-0.192111,7,600,7.902024,4,2550,[0]
3658,57,1.512827,14,3490,80.0,-0.194531,7,550,7.859358,4,2560,[0]
3684,51,1.538009,14,3470,80.0,-0.197529,7,610,7.936638,4,2540,[0]
3758,59,1.501912,14,3480,80.0,-0.188612,7,530,7.794873,4,2590,[0]
3769,62,1.495138,14,3480,80.0,-0.177268,7,530,7.76353,4,2600,[0]
3775,55,1.521208,14,3470,80.0,-0.189239,7,580,7.856884,4,2570,[0]
3777,52,1.524522,14,3440,80.0,-0.192811,7,610,7.851867,4,2590,[0]
3782,62,1.495307,14,3480,80.0,-0.179536,7,520,7.761633,4,2600,[0]
3792,54,1.518138,14,3450,80.0,-0.19265,7,590,7.841086,4,2590,[0]
3797,53,1.516781,14,3450,80.0,-0.195583,7,590,7.844521,4,2590,[0]
3813,62,1.494917,14,3480,80.0,-0.177393,7,530,7.763726,4,2600,[0]
3820,53,1.520235,14,3430,80.0,-0.190896,7,610,7.834627,4,2600,[0]
3824,56,1.5117,14,3450,80.0,-0.18787,7,580,7.808704,4,2600,[0]
3827,63,1.482869,14,3470,80.0,-0.176183,7,520,7.712059,4,2630,[0]
3845,53,1.518357,14,3440,80.0,-0.192789,7,600,7.830946,4,2600,[0]
3849,56,1.511626,14,3450,80.0,-0.187923,7,580,7.808807,4,2600,[0]
3856,58,1.496283,14,3470,80.0,-0.190757,7,540,7.790231,4,2600,[0]
3867,63,1.477858,14,3490,80.0,-0.181246,7,500,7.707795,4,2630,[0 -1 0]
3872,61,1.484798,14,3470,80.0,-0.183322,7,520,7.736715,4,2620,[0]
3880,65,1.980868,14,3470,80.0,-0.168327,7,500,7.676259,4,2640,[0 -1 0]
3888,62,1.485696,14,3460,80.0,-0.172991,7,530,7.714097,4,2630,[0]
3893,61,1.486243,14,3470,80.0,-0.181051,7,520,7.720899,4,2630,[0]
3896,59,1.496802,14,3450,80.0,-0.185196,7,550,7.756784,4,2620,[0]
3916,61,1.48459,14,3470,80.0,-0.183438,7,520,7.722425,4,2630,[0]
3922,62,1.483916,14,3460,80.0,-0.177875,7,520,7.700146,4,2640,[0]
3927,63,1.480669,14,3480,80.0,-0.181614,7,500,7.70931,4,2630,[0 -1 0]
3932,63,1.483294,14,3480,80.0,-0.175677,7,510,7.707482,4,2630,[0]
3937,62,1.482967,14,3460,80.0,-0.178806,7,520,7.702955,4,2640,[0]
3941,64,1.47618,14,3480,80.0,-0.177955,7,500,7.688636,4,2640,[0 -1 0]
3945,56,1.499093,14,3430,80.0,-0.185338,7,580,7.77492,4,2620,[0]
3950,63,1.473768,14,3470,80.0,-0.18168,7,500,7.694742,4,2640,[0]
3955,63,1.466945,14,3460,80.0,-0.181694,7,500,7.680165,4,2650,[0]
3968,63,1.470887,14,3470,80.0,-0.182965,7,500,7.698334,4,2640,[0 -1 0]
3974,63,1.469527,14,3460,80.0,-0.1758,7,510,7.678404,4,2650,[0]
3975,63,1.470855,14,3470,80.0,-0.182985,7,500,7.698359,4,2640,[0 -1 0]
3977,61,1.476522,14,3460,80.0,-0.184483,7,520,7.708403,4,2640,[0]
3982,62,1.478784,14,3450,80.0,-0.173843,7,530,7.700252,4,2640,[0]
3987,62,1.478428,14,3450,80.0,-0.173276,7,530,7.69981,4,2640,[0]
3995,63,1.468315,14,3460,80.0,-0.181191,7,500,7.679126,4,2650,[-1 0]
3998,63,1.466709,14,3470,80.0,-0.178732,7,500,7.661899,4,2660,[-1 0]
3999,63,1.470751,14,3470,80.0,-0.183053,7,500,7.668906,4,2660,[-1 0]
3003,42,1.562945,14,3580,80.0,-0.211262,7,660,8.239593,4,2360,[0]
3003,42,2.659065,14,3240,80.0,-2.619531,8,380,6.494542,22,520,[-1]
3021,44,1.552065,14,3560,80.0,-0.206979,7,660,8.206399,4,2380,[0]
3021,44,2.642081,14,3190,80.0,-2.593335,8,410,6.404375,22,550,[0 -1]
3041,43,1.546306,14,3570,80.0,-0.211915,7,650,8.208235,4,2380,[0]
3041,43,2.632099,14,3200,80.0,-2.609555,8,390,6.417049,22,550,[0 -1]
3045,42,1.541775,14,3560,80.0,-0.211649,7,660,8.204061,4,2390,[0]
3045,42,2.633083,14,3190,80.0,-2.548366,8,390,6.412632,22,560,[0 -1]
3050,44,1.54117,14,3550,80.0,-0.20705,7,660,8.194592,4,2390,[0]
3050,44,2.633407,14,3180,80.0,-2.594853,8,410,6.385836,22,560,[0 -1]
3059,39,1.518051,14,3560,80.0,-0.217119,7,680,8.234127,4,2390,[0]
3059,39,2.600962,14,3240,80.0,-2.5766,8,370,6.490111,22,540,[0 -1]
3065,48,1.617579,14,3560,80.0,-0.201235,7,620,8.153378,4,2390,[0]
3065,48,2.600008,14,3140,80.0,-2.575391,8,430,6.267759,22,570,[0 -1]
3070,44,1.541036,14,3550,80.0,-0.207099,7,660,8.194695,4,2390,[0]
3070,44,2.6249,14,3170,80.0,-2.595884,8,410,6.366904,22,570,[0 -1]
3075,44,1.541002,14,3550,80.0,-0.207111,7,660,8.19472,4,2390,[0]
3075,44,2.624873,14,3170,80.0,-2.59614,8,410,6.366954,22,570,[0 -1]
3079,44,1.540975,14,3550,80.0,-0.20712,7,660,8.182547,4,2400,[0]
3079,44,2.624851,14,3170,80.0,-2.596344,8,410,6.366996,22,570,[0 -1]
3083,42,1.540665,14,3550,80.0,-0.209063,7,670,8.208658,4,2390,[0]
3111,43,1.532517,14,3550,80.0,-0.210253,7,660,8.177423,4,2410,[0]
3111,43,2.618003,14,3170,80.0,-2.539832,8,390,6.343297,22,590,[0 -1]
3116,44,1.533093,14,3550,80.0,-0.208822,7,650,8.176421,4,2400,[0]
3116,44,2.593632,14,3150,80.0,-2.61108,8,400,6.305384,22,600,[-1 0 -1]
3127,52,1.582559,14,3520,80.0,-0.195215,7,600,8.044706,4,2450,[0]
3132,44,1.526403,14,3550,80.0,-0.210199,7,650,8.169227,4,2410,[0]
3142,44,1.530247,14,3540,80.0,-0.207268,7,660,8.170472,4,2410,[0]
3149,46,1.527443,14,3540,80.0,-0.204483,7,640,8.134337,4,2420,[0]
3154,44,1.530172,14,3540,80.0,-0.207296,7,660,8.17053,4,2410,[0]
3158,44,1.524369,14,3540,80.0,-0.206545,7,650,8.150826,4,2420,[0]
3166,45,1.526254,14,3540,80.0,-0.206563,7,650,8.149693,4,2420,[0]
3173,45,1.524458,14,3530,80.0,-0.203085,7,650,8.141476,4,2420,[0]
3182,48,1.588304,14,3530,80.0,-0.202692,7,620,8.075618,4,2450,[0]
3193,45,1.511475,14,3540,80.0,-0.209863,7,640,8.123441,4,2440,[0]
3202,44,1.511841,14,3530,80.0,-0.208668,7,650,8.127077,4,2440,[0]
3209,44,1.519892,14,3530,80.0,-0.207419,7,660,8.14517,4,2430,[0]
3213,45,1.522453,14,3530,80.0,-0.204381,7,650,8.130683,4,2430,[0]
3223,43,1.514697,14,3540,80.0,-0.210938,7,650,8.146165,4,2430,[0]
3227,58,1.567441,14,3550,80.0,-0.188183,7,540,7.978079,4,2460,[0]
3242,45,1.506061,14,3520,80.0,-0.206403,7,650,8.111249,4,2450,[0]
3251,45,1.511131,14,3540,80.0,-0.209981,7,640,8.123724,4,2440,[0]
3266,45,1.512288,14,3520,80.0,-0.204493,7,650,8.105199,4,2450,[0]
3272,54,1.570709,14,3520,80.0,-0.19384,7,580,7.988387,4,2480,[0]
3306,47,1.59176,14,3520,80.0,-0.202247,7,640,8.091522,4,2450,[0]
3320,48,1.586744,14,3520,80.0,-0.200474,7,630,8.067331,4,2460,[0]
3325,62,1.52499,14,3530,80.0,-0.181524,7,510,7.870271,4,2520,[0]
3344,46,1.505414,14,3520,80.0,-0.206171,7,640,8.085694,4,2460,[0]
3348,47,1.57687,14,3500,80.0,-0.200682,7,640,8.061512,4,2470,[0]
3351,48,1.576754,14,3510,80.0,-0.201712,7,630,8.055281,4,2470,[0]
3362,52,1.568334,14,3490,80.0,-0.191607,7,610,7.99104,4,2490,[0]
3369,56,1.533147,14,3520,80.0,-0.19511,7,550,7.91818,4,2520,[0]
3376,46,1.498532,14,3510,80.0,-0.203795,7,640,8.056869,4,2480,[0]
3380,47,1.565032,14,3490,80.0,-0.202229,7,640,8.023337,4,2500,[0]
3403,52,1.568456,14,3490,80.0,-0.191108,7,610,7.991054,4,2490,[0]
3408,57,1.537543,14,3520,80.0,-0.193697,7,550,7.914005,4,2520,[0]
3422,51,1.568245,14,3490,80.0,-0.193456,7,620,8.005088,4,2490,[0]
3426,49,1.561293,14,3500,80.0,-0.201951,7,620,8.022013,4,2490,[0]
3445,47,1.568231,14,3490,80.0,-0.199633,7,640,8.033861,4,2490,[0]
3450,48,1.558365,14,3490,80.0,-0.202381,7,630,8.015854,4,2500,[0]
3455,53,1.569815,14,3490,80.0,-0.191133,7,610,7.991922,4,2490,[0]
3465,48,1.555758,14,3500,80.0,-0.203297,7,620,8.0007,4,2510,[0]
3470,49,1.554792,14,3490,80.0,-0.199918,7,620,7.992428,4,2510,[0]
3473,48,1.56601,14,3500,80.0,-0.202426,7,630,8.029984,4,2490,[0]
3477,49,1.557904,14,3490,80.0,-0.199599,7,620,8.002733,4,2500,[0]
3486,49,1.554873,14,3490,80.0,-0.200585,7,620,7.992719,4,2510,[0]
3496,55,1.550363,14,3490,80.0,-0.190322,7,580,7.940711,4,2510,[0]
3500,48,1.557371,14,3500,80.0,-0.203365,7,620,8.013199,4,2500,[0]
3512,61,1.510377,14,3510,80.0,-0.184865,7,520,7.826208,4,2560,[0]
3525,54,1.538212,14,3490,80.0,-0.19599,7,580,7.940027,4,2520,[0]
3537,49,1.557319,14,3490,80.0,-0.199102,7,620,7.975086,4,2520,[0]
3576,55,1.528864,14,3480,80.0,-0.194458,7,570,7.900455,4,2540,[0]
3610,50,1.545128,14,3470,80.0,-0.196666,7,620,7.95602,4,2530,[0]
3614,53,1.540129,14,3470,80.0,-0.192625,7,600,7.920374,4,2540,[0]
3616,57,1.525447,14,3490,80.0,-0.190733,7,560,7.886773,4,2540,[0]
3625,51,1.535352,14,3470,80.0,-0.198547,7,610,7.923583,4,2550,[0]
3628,50,1.541449,14,3470,80.0,-0.199279,7,620,7.945701,4,2540,[0]
3636,48,1.533625,14,3470,80.0,-0.202688,7,620,7.940119,4,2550,[0]
3642,50,1.534505,14,3470,80.0,-0.200115,7,610,7.925502,4,2550,[0]
3660,54,1.529185,14,3480,80.0,-0.196902,7,580,7.899198,4,2550,[0]
3670,55,1.51979,14,3470,80.0,-0.195123,7,570,7.845363,4,2580,[0]
3678,57,1.51693,14,3490,80.0,-0.190997,7,550,7.85397,4,2560,[0]
3686,52,1.53407,14,3450,80.0,-0.191729,7,610,7.894217,4,2560,[0]
3698,37,1.443086,14,3490,80.0,-0.222084,7,690,8.062509,4,2530,[0]
3718,59,1.519721,14,3480,80.0,-0.184738,7,550,7.828427,4,2570,[0]
3732,58,1.513881,14,3480,80.0,-0.187454,7,550,7.821033,4,2580,[0]
3738,53,1.522797,14,3450,80.0,-0.194073,7,600,7.864237,4,2580,[0]
3753,61,1.487164,14,3470,80.0,-0.180767,7,520,7.734554,4,2620,[0]
3759,52,1.531978,14,3450,80.0,-0.192776,7,610,7.89598,4,2560,[0]
3766,59,1.513702,14,3480,80.0,-0.184037,7,540,7.794846,4,2590,[0]
3775,61,1.499578,14,3490,80.0,-0.183058,7,520,7.765182,4,2600,[0]
3792,60,1.496564,14,3480,80.0,-0.184527,7,530,7.773046,4,2600,[0]
3797,57,1.501541,14,3460,80.0,-0.190855,7,560,7.801891,4,2600,[0]
3800,53,1.513877,14,3450,80.0,-0.195871,7,590,7.843928,4,2590,[0]
3804,59,1.50436,14,3460,80.0,-0.184964,7,550,7.800033,4,2590,[0]
3814,53,1.519899,14,3430,80.0,-0.191185,7,610,7.835349,4,2600,[0]
3835,60,1.499735,14,3460,80.0,-0.182219,7,540,7.763174,4,2610,[0]
3840,62,1.500572,14,3480,80.0,-0.173428,7,530,7.757673,4,2600,[0]
3846,63,1.482608,14,3480,80.0,-0.180758,7,500,7.722176,4,2620,[0 -1 0]
3856,63,1.479427,14,3480,80.0,-0.179038,7,510,7.726418,4,2620,[0]
3860,63,1.482195,14,3480,80.0,-0.177842,7,510,7.722861,4,2620,[0]
3865,62,1.487521,14,3470,80.0,-0.177537,7,530,7.749422,4,2610,[0]
3880,62,1.490079,14,3470,80.0,-0.178643,7,520,7.717326,4,2630,[0]
3883,54,1.508224,14,3450,80.0,-0.195495,7,580,7.808161,4,2610,[0]
3887,62,1.484082,14,3460,80.0,-0.177775,7,520,7.699994,4,2640,[0]
3895,61,1.484688,14,3470,80.0,-0.183383,7,520,7.722335,4,2630,[0]
3900,61,1.487039,14,3480,80.0,-0.18479,7,520,7.742996,4,2620,[0]
3903,62,1.489967,14,3470,80.0,-0.178709,7,520,7.717431,4,2630,[0]
3907,61,1.487006,14,3480,80.0,-0.184808,7,520,7.743024,4,2620,[0]
3911,62,1.485922,14,3460,80.0,-0.173639,7,530,7.714653,4,2630,[0]
3916,62,1.485565,14,3460,80.0,-0.173073,7,530,7.714216,4,2630,[0]
3920,63,1.477903,14,3480,80.0,-0.182826,7,500,7.712824,4,2630,[0 -1 0]
3926,59,1.491193,14,3450,80.0,-0.184463,7,540,7.73768,4,2630,[0]
3929,63,1.477861,14,3480,80.0,-0.182852,7,500,7.712862,4,2630,[0]
3933,62,1.482986,14,3460,80.0,-0.178795,7,520,7.70294,4,2640,[0]
3938,61,1.484806,14,3470,80.0,-0.182902,7,520,7.721233,4,2630,[0]
3948,55,1.509434,14,3440,80.0,-0.19167,7,580,7.785813,4,2620,[0]
3954,55,1.500376,14,3440,80.0,-0.189615,7,580,7.782861,4,2620,[0]
3958,58,1.484731,14,3440,80.0,-0.188029,7,550,7.718727,4,2650,[0]
3963,61,1.477572,14,3460,80.0,-0.183558,7,520,7.707903,4,2640,[0]
3968,61,1.479104,14,3460,80.0,-0.181264,7,520,7.706497,4,2640,[0]
3973,61,1.475237,14,3440,80.0,-0.179455,7,530,7.678004,4,2660,[0]
3978,62,1.475958,14,3450,80.0,-0.17892,7,520,7.688536,4,2650,[0]
3983,63,1.46847,14,3450,80.0,-0.179096,7,510,7.668416,4,2660,[0]
3988,62,1.473291,14,3450,80.0,-0.177864,7,530,7.69162,4,2650,[0]
3993,62,1.475713,14,3450,80.0,-0.180444,7,520,7.686137,4,2650,[0]
3997,63,1.466494,14,3470,80.0,-0.179346,7,500,7.678254,4,2650,[-1 0]
3999,59,1.479126,14,3440,80.0,-0.188991,7,540,7.712554,4,2650,[0]
