3002,46,-2.606379,8,420,80.0,-5.559772,3,910,2.150983,21,2720,[0]
3002,46,-2.399718,8,200,80.0,-7.521118,11,4250,2.9481,19,530,[0]
3002,46,-2.385112,8,830,80.0,-5.60994,3,980,0.55845,24,660,[0]
3007,63,-2.594371,8,550,80.0,-5.529984,3,750,1.92695,21,2460,[0]
3010,42,-2.477748,8,390,80.0,-5.565832,3,940,2.62622,14,3240,[0]
3010,42,-2.364534,8,200,80.0,-7.590843,11,4250,3.287304,19,520,[0]
3010,42,-2.396757,8,810,80.0,-5.596967,3,1000,0.600003,24,680,[0]
3015,42,-2.576929,8,390,80.0,-5.571714,3,930,2.657126,14,3220,[0]
3015,42,-2.316421,8,200,80.0,-7.590065,11,4250,3.257576,19,520,[0]
3015,42,-2.389324,8,810,80.0,-5.597527,3,1000,0.595118,24,680,[0]
3019,46,-2.566745,8,410,80.0,-5.55268,3,920,2.148044,21,2720,[0]
3019,46,-2.448928,8,200,80.0,-7.521342,11,4250,2.957616,19,530,[0]
3019,46,-2.393615,8,830,80.0,-5.611131,3,980,0.558629,24,660,[0]
3022,42,-2.4622,8,390,80.0,-5.565274,3,940,2.662896,14,3210,[0]
3022,42,-2.465047,8,190,80.0,-7.590643,11,4250,3.207748,19,530,[0]
3022,42,-2.391826,8,810,80.0,-5.597069,3,1000,0.596166,24,680,[0]
3027,73,-2.584838,8,640,80.0,-5.51799,3,650,1.965315,21,2440,[0]
3033,41,-2.477755,8,380,80.0,-5.565685,3,950,2.609692,14,3230,[0]
3033,41,-2.52529,8,180,80.0,-7.593011,11,4250,3.278158,19,530,[0]
3033,41,-2.425014,8,810,80.0,-5.596287,3,1000,0.603438,24,690,[0]
3037,69,-2.603786,8,600,80.0,-5.520938,3,700,1.994698,21,2490,[0]
3044,62,-2.550477,8,540,80.0,-5.533643,3,760,1.966398,21,2490,[0]
3044,62,-2.522179,8,260,80.0,-7.519993,11,4140,1.934339,19,500,[0]
3047,59,-2.628098,8,540,80.0,-5.552431,3,770,1.958096,21,2490,[0]
3047,59,-2.527432,8,260,80.0,-7.532478,11,4130,2.107673,19,510,[0]
3054,49,-2.625205,8,440,80.0,-5.555554,3,880,2.610247,14,3150,[0]
3054,49,-2.529189,8,210,80.0,-7.551714,11,4130,2.770861,19,530,[0]
3054,49,-2.382795,8,860,80.0,-5.622244,3,960,0.542319,24,630,[0]
3058,62,-2.565488,8,550,80.0,-5.539195,3,750,1.972647,21,2490,[0]
3058,62,-2.549882,8,270,80.0,-7.518626,11,4140,1.898273,19,500,[0]
3061,69,-2.604589,8,610,80.0,-5.528712,3,680,1.874147,21,2380,[0]
3065,42,-2.579528,8,390,80.0,-5.571877,3,930,2.098164,21,2690,[0]
3065,42,-2.322591,8,200,80.0,-7.590135,11,4250,3.259729,19,520,[0]
3065,42,-2.390584,8,810,80.0,-5.59763,3,1000,0.595368,24,680,[0]
3067,59,-2.604846,8,530,80.0,-5.546854,3,780,2.514284,21,2990,[0]
3067,59,-2.479456,8,250,80.0,-7.526363,11,4140,2.131613,19,510,[0]
3071,60,-2.552708,8,540,80.0,-5.538891,3,770,2.51064,21,2980,[0]
3071,60,-2.555524,8,260,80.0,-7.53062,11,4130,2.06958,19,500,[0]
3077,75,-2.642696,8,660,80.0,-5.527805,3,610,1.826899,21,2320,[0]
3082,44,-2.596498,8,410,80.0,-5.566933,3,920,2.112996,21,2690,[0]
3082,44,-2.304926,8,200,80.0,-7.586784,11,4250,3.170351,19,520,[0]
3082,44,-2.399709,8,810,80.0,-5.597376,3,1000,0.571706,24,680,[0]
3088,45,-2.590958,8,410,80.0,-5.555264,3,920,2.600871,14,3150,[0]
3088,45,-2.396118,8,210,80.0,-7.529333,11,4240,3.002796,19,530,[0]
3088,45,-2.405659,8,830,80.0,-5.60413,3,990,0.571968,24,650,[0]
3093,49,-2.620224,8,450,80.0,-5.556665,3,870,1.969992,21,2550,[0]
3093,49,-2.489149,8,220,80.0,-7.550546,11,4130,2.700959,19,530,[0]
3093,49,-2.382768,8,850,80.0,-5.627213,3,950,0.52929,24,630,[0]
3098,65,-2.592104,8,570,80.0,-5.539256,3,720,1.89734,21,2420,[0]
3103,45,-2.58681,8,410,80.0,-5.555322,3,920,2.603039,14,3150,[0]
3103,45,-2.383353,8,210,80.0,-7.528841,11,4240,3.053657,19,520,[0]
3103,45,-2.402461,8,830,80.0,-5.604281,3,990,0.57123,24,650,[0]
3109,44,-2.597857,8,410,80.0,-5.567017,3,920,2.101167,21,2680,[0]
3109,44,-2.308136,8,200,80.0,-7.586825,11,4250,3.171542,19,520,[0]
3109,44,-2.400378,8,810,80.0,-5.597435,3,1000,0.571855,24,680,[0]
3114,44,-2.598108,8,410,80.0,-5.567034,3,920,2.616383,14,3160,[0]
3114,44,-2.308724,8,200,80.0,-7.586831,11,4250,3.171761,19,520,[0]
3114,44,-2.4005,8,810,80.0,-5.597447,3,1000,0.571882,24,680,[0]
3118,43,-2.621326,8,390,80.0,-5.567778,3,920,2.05433,21,2660,[0]
3118,43,-2.485093,8,190,80.0,-7.594664,11,4240,3.139168,19,530,[0]
3118,43,-2.348991,8,810,80.0,-5.598676,3,1000,0.598387,24,660,[0]
3124,64,-2.552825,8,570,80.0,-5.539498,3,730,1.907913,21,2420,[0]
3124,64,-2.604619,8,280,80.0,-7.520304,11,4130,1.766934,19,500,[0]
3129,69,-2.577823,8,600,80.0,-5.516421,3,700,1.930016,21,2430,[0]
3134,44,-2.599098,8,410,80.0,-5.567094,3,920,2.599898,14,3140,[0]
3134,44,-2.311061,8,200,80.0,-7.586874,11,4250,3.172628,19,520,[0]
3134,44,-2.400987,8,810,80.0,-5.597491,3,1000,0.571991,24,680,[0]
3139,74,-2.576209,8,660,80.0,-5.530522,3,630,1.74581,21,2230,[0]
3144,43,-2.622618,8,390,80.0,-5.567881,3,920,2.925978,14,3140,[0]
3144,43,-2.488183,8,190,80.0,-7.594701,11,4240,3.140142,19,530,[0]
3144,43,-2.349606,8,810,80.0,-5.598732,3,1000,0.598495,24,660,[0]
3150,58,-2.566477,8,510,80.0,-5.539147,3,800,2.1661,21,2680,[0]
3150,58,-2.49785,8,260,80.0,-7.5282,11,4140,2.226186,19,500,[0]
3155,64,-2.552478,8,570,80.0,-5.536862,3,730,1.896594,21,2410,[0]
3155,64,-2.608365,8,280,80.0,-7.520576,11,4130,1.772972,19,500,[0]
3158,44,-2.594728,8,400,80.0,-5.554411,3,930,1.933819,21,2550,[0]
3158,44,-2.523198,8,210,80.0,-7.528564,11,4240,3.038303,19,530,[0]
3158,44,-2.400516,8,820,80.0,-5.61071,3,980,0.567835,24,670,[0]
3162,43,-2.542298,8,390,80.0,-5.566074,3,930,2.019727,21,2620,[0]
3162,43,-2.484822,8,200,80.0,-7.594815,11,4240,3.174666,19,530,[0]
3162,43,-2.369404,8,810,80.0,-5.597815,3,1000,0.596386,24,670,[0]
3166,63,-2.552723,8,550,80.0,-5.533583,3,750,2.213749,21,2700,[0]
3166,63,-2.5209,8,270,80.0,-7.51847,11,4140,1.877056,19,500,[0]
3169,47,-2.565442,8,430,80.0,-5.554671,3,900,1.928282,21,2520,[0]
3169,47,-2.31449,8,210,80.0,-7.524346,11,4240,2.960657,19,510,[0]
3169,47,-2.406651,8,850,80.0,-5.622846,3,960,0.551822,24,640,[0]
3175,44,-2.601094,8,410,80.0,-5.567219,3,920,2.041569,21,2630,[0]
3175,44,-2.315764,8,200,80.0,-7.586934,11,4250,3.174375,19,520,[0]
3175,44,-2.401967,8,810,80.0,-5.597578,3,1000,0.572209,24,680,[0]
3180,44,-2.600238,8,390,80.0,-5.56636,3,920,1.973918,21,2590,[0]
3180,44,-2.571611,8,200,80.0,-7.592058,11,4240,3.10015,19,530,[0]
3180,44,-2.36991,8,820,80.0,-5.604678,3,990,0.589711,24,660,[0]
3185,49,-2.542822,8,450,80.0,-5.555302,3,880,2.044967,21,2600,[0]
3185,49,-2.354952,8,220,80.0,-7.543955,11,4140,2.840311,19,510,[0]
3185,49,-2.399529,8,850,80.0,-5.62021,3,960,0.526006,24,640,[0]
3191,64,-2.592458,8,560,80.0,-5.537862,3,730,2.133201,21,2630,[0]
3197,44,-2.624743,8,400,80.0,-5.567735,3,910,2.01403,21,2620,[0]
3197,44,-2.489025,8,200,80.0,-7.592152,11,4240,3.14431,19,520,[0]
3197,44,-2.356534,8,820,80.0,-5.605082,3,990,0.586547,24,660,[0]
3201,61,-2.599703,8,540,80.0,-5.539989,3,760,2.112435,21,2620,[0]
3201,61,-2.441615,8,260,80.0,-7.522391,11,4140,2.001007,19,500,[0]
3208,70,-2.581113,8,610,80.0,-5.524561,3,680,1.797869,21,2310,[0]
3211,45,-2.622649,8,410,80.0,-5.560058,3,920,1.902634,21,2520,[0]
3211,45,-2.47984,8,210,80.0,-7.529006,11,4240,3.035824,19,530,[0]
3211,45,-2.390259,8,820,80.0,-5.61094,3,980,0.565493,24,670,[0]
3215,44,-2.615308,8,400,80.0,-5.556216,3,930,1.894658,21,2520,[0]
3215,44,-2.453424,8,200,80.0,-7.524756,11,4250,3.073923,19,530,[0]
3215,44,-2.381637,8,810,80.0,-5.605517,3,990,0.5667,24,680,[0]
3221,68,-2.581001,8,610,80.0,-5.532633,3,690,2.044863,21,2520,[0]
3226,64,-2.556064,8,570,80.0,-5.537258,3,730,2.0253,21,2520,[0]
3226,64,-2.616648,8,280,80.0,-7.520738,11,4130,1.777224,19,500,[0]
3228,58,-2.590647,8,520,80.0,-5.548202,3,780,1.902292,21,2450,[0]
3228,58,-2.542452,8,250,80.0,-7.528236,11,4140,2.163676,19,510,[0]
3234,45,-2.583484,8,400,80.0,-5.554684,3,930,1.888193,21,2510,[0]
3234,45,-2.531931,8,210,80.0,-7.528804,11,4240,3.041329,19,530,[0]
3234,45,-2.401442,8,820,80.0,-5.611854,3,980,0.566452,24,670,[0]
3241,61,-2.560701,8,530,80.0,-5.534036,3,770,1.814487,21,2370,[0]
3241,61,-2.465939,8,260,80.0,-7.522337,11,4140,2.003787,19,500,[0]
3248,49,-2.62084,8,440,80.0,-5.554019,3,880,1.862364,21,2470,[0]
3248,49,-2.391443,8,220,80.0,-7.551915,11,4130,2.860054,19,510,[0]
3248,49,-2.409851,8,850,80.0,-5.626892,3,950,0.527024,24,640,[0]
3255,46,-2.593941,8,420,80.0,-5.555484,3,910,1.850022,21,2470,[0]
3255,46,-2.381196,8,200,80.0,-7.527697,11,4240,3.00188,19,520,[0]
3255,46,-2.411668,8,840,80.0,-5.616589,3,970,0.551705,24,660,[0]
3258,60,-2.620302,8,530,80.0,-5.543251,3,770,1.947877,21,2490,[0]
3258,60,-2.499411,8,250,80.0,-7.524915,11,4140,2.047975,19,510,[0]
3268,68,-2.626418,8,600,80.0,-5.530466,3,690,1.737604,21,2270,[0]
3274,68,-2.580075,8,610,80.0,-5.531551,3,690,1.790814,21,2300,[0]
3278,49,-2.636402,8,440,80.0,-5.556433,3,880,1.847558,21,2460,[0]
3278,49,-2.55548,8,210,80.0,-7.552097,11,4130,2.780415,19,530,[0]
3278,49,-2.388325,8,860,80.0,-5.622786,3,960,0.54365,24,630,[0]
3285,58,-2.602439,8,520,80.0,-5.548367,3,790,1.85098,21,2410,[0]
3285,58,-2.579648,8,250,80.0,-7.528529,11,4140,2.183203,19,510,[0]
3291,55,-2.63502,8,510,80.0,-5.554151,3,810,1.902009,21,2460,[0]
3291,55,-2.575981,8,230,80.0,-7.540382,11,4130,2.338928,19,520,[0]
3298,45,-2.596117,8,410,80.0,-5.556033,3,920,1.831051,21,2460,[0]
3298,45,-2.405341,8,210,80.0,-7.529083,11,4240,3.061437,19,520,[0]
3298,45,-2.407094,8,830,80.0,-5.604696,3,990,0.555299,24,670,[0]
3304,55,-2.640555,8,500,80.0,-5.553294,3,820,1.819494,21,2400,[0]
3304,55,-2.487386,8,230,80.0,-7.535522,11,4140,2.441307,19,510,[0]
3308,49,-2.627764,8,440,80.0,-5.555759,3,880,1.822516,21,2440,[0]
3308,49,-2.410278,8,220,80.0,-7.551818,11,4130,2.868937,19,510,[0]
3308,49,-2.412838,8,850,80.0,-5.626915,3,950,0.528078,24,640,[0]
3313,68,-2.590115,8,600,80.0,-5.531896,3,700,1.920784,21,2420,[0]
3318,69,-2.573745,8,610,80.0,-5.523574,3,700,1.73409,21,2250,[0]
3332,46,-2.606103,8,420,80.0,-5.556504,3,910,1.824025,21,2450,[0]
3332,46,-2.387803,8,200,80.0,-7.522529,11,4250,3.024219,19,520,[0]
3332,46,-2.382685,8,830,80.0,-5.605205,3,990,0.559277,24,660,[0]
3337,47,-2.603857,8,430,80.0,-5.556843,3,900,1.821552,21,2440,[0]
3337,47,-2.401517,8,210,80.0,-7.52674,11,4240,3.020072,19,510,[0]
3337,47,-2.391299,8,840,80.0,-5.617739,3,970,0.555378,24,650,[0]
3340,58,-2.558719,8,510,80.0,-5.540613,3,800,1.802234,21,2370,[0]
3340,58,-2.482489,8,240,80.0,-7.528288,11,4140,2.178834,19,510,[0]
3346,62,-2.582395,8,540,80.0,-5.540127,3,760,1.868404,21,2410,[0]
3346,62,-2.501212,8,270,80.0,-7.521376,11,4140,1.979137,19,500,[0]
3350,73,-2.567956,8,640,80.0,-5.516959,3,660,1.720813,21,2220,[0]
3356,61,-2.575744,8,530,80.0,-5.536449,3,770,1.896268,21,2440,[0]
3356,61,-2.501792,8,260,80.0,-7.528937,11,4130,2.032189,19,500,[0]
3362,64,-2.563314,8,560,80.0,-5.539413,3,740,1.781172,21,2320,[0]
3366,70,-2.545604,8,620,80.0,-5.517489,3,690,1.919714,21,2400,[0]
3373,62,-2.577971,8,550,80.0,-5.541677,3,750,1.875066,21,2410,[0]
3378,64,-2.552479,8,560,80.0,-5.534856,3,740,1.864042,21,2390,[0]
3381,46,-2.580078,8,420,80.0,-5.555916,3,910,1.818488,21,2440,[0]
3381,46,-2.464027,8,210,80.0,-7.526567,11,4240,2.979986,19,520,[0]
3381,46,-2.40445,8,840,80.0,-5.617715,3,970,0.558464,24,650,[0]
3390,47,-2.559765,8,430,80.0,-5.555456,3,900,1.805118,21,2420,[0]
3390,47,-2.419873,8,220,80.0,-7.531302,11,4230,2.978983,19,510,[0]
3390,47,-2.401165,8,850,80.0,-5.617137,3,970,0.552865,24,640,[0]
3394,62,-2.601998,8,550,80.0,-5.542535,3,750,1.847185,21,2390,[0]
3394,62,-2.637951,8,270,80.0,-7.526958,11,4130,1.914634,19,510,[0]
3401,46,-2.561532,8,420,80.0,-5.555143,3,910,1.796215,21,2420,[0]
3401,46,-2.541821,8,200,80.0,-7.527056,11,4240,2.923071,19,530,[0]
3401,46,-2.425046,8,830,80.0,-5.611059,3,980,0.547787,24,660,[0]
3413,63,-2.566326,8,550,80.0,-5.535923,3,750,1.842233,21,2380,[0]
3413,63,-2.458852,8,280,80.0,-7.525449,11,4130,1.900092,19,500,[0]
3418,47,-2.560947,8,430,80.0,-5.555548,3,900,1.80495,21,2420,[0]
3418,47,-2.422682,8,220,80.0,-7.531339,11,4230,2.980076,19,510,[0]
3418,47,-2.401765,8,850,80.0,-5.617192,3,970,0.553007,24,640,[0]
3423,51,-2.605754,8,460,80.0,-5.561217,3,850,1.8068,21,2410,[0]
3423,51,-2.424177,8,210,80.0,-7.542023,11,4140,2.669986,19,520,[0]
3429,48,-2.601298,8,440,80.0,-5.556672,3,890,1.806225,21,2420,[0]
3429,48,-2.494755,8,210,80.0,-7.524918,11,4240,2.894166,19,520,[0]
3429,48,-2.395666,8,850,80.0,-5.623401,3,960,0.550633,24,640,[0]
3433,68,-2.579447,8,600,80.0,-5.529734,3,700,1.875339,21,2380,[0]
3439,48,-2.593296,8,440,80.0,-5.556706,3,890,1.807717,21,2420,[0]
3439,48,-2.468218,8,210,80.0,-7.525251,11,4240,2.88663,19,520,[0]
3439,48,-2.419306,8,840,80.0,-5.623511,3,960,0.537537,24,650,[0]
3442,70,-2.568482,8,610,80.0,-5.522426,3,680,1.685707,21,2210,[0]
3447,65,-2.59827,8,570,80.0,-5.537539,3,720,1.83645,21,2370,[0]
3453,47,-2.615364,8,440,80.0,-5.560958,3,890,1.805261,21,2420,[0]
3453,47,-2.415426,8,220,80.0,-7.525322,11,4240,2.968899,19,510,[0]
3453,47,-2.399344,8,850,80.0,-5.617118,3,970,0.552444,24,640,[0]
3457,47,-2.61553,8,440,80.0,-5.560969,3,890,1.805238,21,2420,[0]
3457,47,-2.415816,8,220,80.0,-7.525327,11,4240,2.969051,19,510,[0]
3457,47,-2.399427,8,850,80.0,-5.617123,3,970,0.552464,24,640,[0]
3466,64,-2.572889,8,570,80.0,-5.540537,3,730,1.833724,21,2360,[0]
3466,64,-2.56095,8,290,80.0,-7.527301,11,4120,1.793813,19,500,[0]
3510,65,-2.546405,8,570,80.0,-5.534717,3,730,1.802369,21,2330,[0]
3516,52,-2.578137,8,470,80.0,-5.556509,3,850,1.796452,21,2390,[0]
3516,52,-2.50082,8,230,80.0,-7.552989,11,4120,2.643499,19,510,[0]
3525,49,-2.64184,8,450,80.0,-5.557538,3,870,1.771592,21,2390,[0]
3525,49,-2.558083,8,220,80.0,-7.550878,11,4130,2.778321,19,520,[0]
3525,49,-2.367347,8,860,80.0,-5.627949,3,950,0.541128,24,620,[0]
3530,66,-2.589936,8,580,80.0,-5.539312,3,710,1.788285,21,2320,[0]
3535,53,-2.579984,8,490,80.0,-5.55853,3,830,1.789574,21,2370,[0]
3535,53,-2.481752,8,230,80.0,-7.539057,11,4140,2.55081,19,510,[0]
3539,67,-2.608571,8,580,80.0,-5.535233,3,700,1.780841,21,2320,[0]
3543,67,-2.579741,8,590,80.0,-5.519849,3,720,1.76266,21,2290,[0]
3546,71,-2.562032,8,630,80.0,-5.5245,3,680,1.786031,21,2280,[0]
3549,67,-2.585422,8,590,80.0,-5.524419,3,720,1.763371,21,2290,[0]
3549,67,-2.486627,8,280,80.0,-7.502859,11,4150,1.58613,19,500,[0]
3554,69,-2.555948,8,610,80.0,-5.518703,3,700,1.758928,21,2270,[0]
3560,65,-2.575419,8,580,80.0,-5.540946,3,720,1.71528,21,2250,[0]
3560,65,-2.463965,8,270,80.0,-7.513471,11,4140,1.735623,19,500,[0]
3567,71,-2.623165,8,630,80.0,-5.524882,3,670,1.724377,21,2240,[0]
3570,61,-2.540918,8,540,80.0,-5.531358,3,780,1.726779,21,2280,[0]
3574,68,-2.584429,8,600,80.0,-5.524867,3,710,1.781449,21,2300,[0]
3579,70,-2.547579,8,620,80.0,-5.518727,3,690,1.757615,21,2260,[0]
3584,54,-2.577954,8,480,80.0,-5.548414,3,830,1.723014,21,2320,[0]
3584,54,-2.459296,8,240,80.0,-7.542285,11,4130,2.472,19,510,[0]
3590,69,-2.577562,8,610,80.0,-5.523154,3,700,1.74376,21,2260,[0]
3596,61,-2.619485,8,540,80.0,-5.544101,3,760,1.688198,21,2260,[0]
3596,61,-2.489707,8,260,80.0,-7.529416,11,4130,2.026935,19,500,[0]
3598,70,-2.623846,8,610,80.0,-5.522799,3,690,1.676455,21,2210,[0]
3600,68,-2.600066,8,600,80.0,-5.524982,3,710,1.733136,21,2260,[0]
3603,68,-2.588711,8,600,80.0,-5.533338,3,700,1.690173,21,2220,[0]
3609,50,-2.64298,8,450,80.0,-5.563191,3,860,1.759898,21,2380,[0]
3609,50,-2.401322,8,210,80.0,-7.545222,11,4140,2.770425,19,520,[0]
3609,50,-2.372808,8,860,80.0,-5.625808,3,950,0.536313,24,620,[0]
3612,69,-2.580972,8,610,80.0,-5.53049,3,690,1.720989,21,2240,[0]
3618,50,-2.612249,8,450,80.0,-5.556283,3,870,1.74298,21,2360,[0]
3618,50,-2.474443,8,220,80.0,-7.54986,11,4130,2.736585,19,520,[0]
3618,50,-2.352951,8,860,80.0,-5.626558,3,950,0.540776,24,610,[0]
3621,69,-2.593777,8,610,80.0,-5.523642,3,700,1.741794,21,2260,[0]
3623,69,-2.594654,8,620,80.0,-5.526366,3,690,1.73712,21,2250,[0]
3626,69,-2.56144,8,610,80.0,-5.527329,3,690,1.734817,21,2250,[0]
3633,67,-2.583424,8,590,80.0,-5.520318,3,720,1.652318,21,2190,[0]
3635,68,-2.647083,8,590,80.0,-5.540995,3,690,1.713616,21,2260,[0]
3642,70,-2.618732,8,620,80.0,-5.52437,3,680,1.741961,21,2260,[0]
3645,70,-2.546914,8,620,80.0,-5.525871,3,680,1.721848,21,2230,[0]
3647,69,-2.58219,8,610,80.0,-5.523757,3,700,1.709328,21,2230,[0]
3653,53,-2.587976,8,470,80.0,-5.544015,3,850,1.737205,21,2340,[0]
3653,53,-2.498484,8,230,80.0,-7.546006,11,4130,2.519284,19,520,[0]
3658,57,-2.570003,8,510,80.0,-5.544783,3,810,1.73454,21,2310,[0]
3658,57,-2.545894,8,240,80.0,-7.533333,11,4140,2.280751,19,520,[0]
3661,69,-2.585618,8,610,80.0,-5.533497,3,690,1.720425,21,2240,[0]
3668,68,-2.598706,8,610,80.0,-5.525245,3,700,1.73004,21,2250,[0]
3675,69,-2.583466,8,610,80.0,-5.530776,3,690,1.720544,21,2240,[0]
3679,68,-2.603317,8,610,80.0,-5.526691,3,700,1.728449,21,2250,[0]
3681,69,-2.565117,8,610,80.0,-5.519375,3,700,1.712552,21,2230,[0]
3684,51,-2.595414,8,460,80.0,-5.55674,3,860,1.741714,21,2350,[0]
3684,51,-2.41388,8,210,80.0,-7.542476,11,4140,2.625911,19,530,[0]
3691,69,-2.596538,8,610,80.0,-5.523947,3,700,1.707579,21,2230,[0]
3696,69,-2.548033,8,610,80.0,-5.524479,3,690,1.716762,21,2230,[0]
3699,69,-2.626173,8,600,80.0,-5.524343,3,700,1.690718,21,2230,[0]
3703,69,-2.610203,8,600,80.0,-5.519487,3,700,1.704222,21,2240,[0]
3706,69,-2.627254,8,610,80.0,-5.524328,3,690,1.687689,21,2220,[0]
3708,70,-2.559992,8,620,80.0,-5.519409,3,690,1.720539,21,2230,[0]
3712,69,-2.586892,8,610,80.0,-5.525435,3,700,1.708934,21,2230,[0]
3717,69,-2.562435,8,610,80.0,-5.519557,3,700,1.712204,21,2230,[0]
3724,69,-2.637977,8,610,80.0,-5.525825,3,690,1.705702,21,2240,[0]
3729,69,-2.628219,8,600,80.0,-5.52447,3,700,1.69057,21,2230,[0]
3738,70,-2.575137,8,620,80.0,-5.524086,3,690,1.707759,21,2220,[0]
3742,70,-2.564803,8,620,80.0,-5.519581,3,690,1.686012,21,2200,[0]
3746,67,-2.654228,8,590,80.0,-5.542971,3,690,1.635674,21,2190,[0]
3752,66,-2.62495,8,570,80.0,-5.537277,3,710,1.64815,21,2210,[0]
3758,59,-2.645079,8,520,80.0,-5.545424,3,780,1.702825,21,2290,[0]
3758,59,-2.368225,8,260,80.0,-7.527506,11,4140,2.171879,19,500,[0]
3760,72,-2.576271,8,630,80.0,-5.516921,3,670,1.678792,21,2190,[0]
3762,69,-2.566694,8,610,80.0,-5.528043,3,690,1.689059,21,2210,[0]
3764,71,-2.579034,8,620,80.0,-5.515683,3,680,1.670216,21,2190,[0]
3769,62,-2.600308,8,540,80.0,-5.543395,3,760,1.703429,21,2270,[0]
3769,62,-2.548974,8,270,80.0,-7.528175,11,4130,2.004697,19,500,[0]
3772,70,-2.562408,8,620,80.0,-5.51973,3,690,1.67605,21,2190,[0]
3775,55,-2.570364,8,490,80.0,-5.54271,3,830,1.721316,21,2310,[0]
3775,55,-2.546903,8,240,80.0,-7.541128,11,4130,2.411812,19,510,[0]
3777,52,-2.515427,8,460,80.0,-5.543818,3,860,1.720132,21,2320,[0]
3777,52,-2.492352,8,230,80.0,-7.553099,11,4120,2.639733,19,510,[0]
3782,62,-2.595947,8,540,80.0,-5.542027,3,760,1.702794,21,2270,[0]
3782,62,-2.53368,8,270,80.0,-7.527851,11,4130,1.989444,19,500,[0]
3787,70,-2.542151,8,610,80.0,-5.526312,3,690,1.672289,21,2190,[0]
3792,54,-2.519582,8,480,80.0,-5.54966,3,840,1.723435,21,2310,[0]
3792,54,-2.471878,8,230,80.0,-7.538133,11,4140,2.524838,19,510,[0]
3797,53,-2.593631,8,470,80.0,-5.551273,3,840,1.705118,21,2310,[0]
3797,53,-2.510156,8,230,80.0,-7.546007,11,4130,2.517384,19,520,[0]
3800,70,-2.541472,8,620,80.0,-5.523902,3,680,1.691383,21,2200,[0]
3802,70,-2.550938,8,620,80.0,-5.523912,3,680,1.689821,21,2200,[0]
3806,71,-2.592114,8,620,80.0,-5.517304,3,680,1.666749,21,2190,[0]
3813,62,-2.601903,8,540,80.0,-5.543565,3,760,1.692785,21,2260,[0]
3813,62,-2.552609,8,270,80.0,-7.528251,11,4130,2.006558,19,500,[0]
3820,53,-2.53322,8,470,80.0,-5.55035,3,850,1.706008,21,2300,[0]
3820,53,-2.397759,8,230,80.0,-7.540145,11,4140,2.607647,19,510,[0]
3824,56,-2.628652,8,490,80.0,-5.545105,3,820,1.697605,21,2300,[0]
3824,56,-2.645867,8,240,80.0,-7.540959,11,4130,2.384736,19,510,[0]
3827,63,-2.594146,8,550,80.0,-5.542045,3,750,1.679093,21,2240,[0]
3827,63,-2.519193,8,280,80.0,-7.526367,11,4130,1.932011,19,500,[0]
3831,71,-2.603696,8,620,80.0,-5.524377,3,680,1.664613,21,2190,[0]
3837,72,-2.598269,8,630,80.0,-5.523274,3,670,1.651341,21,2170,[0]
3841,71,-2.584723,8,620,80.0,-5.517152,3,680,1.668914,21,2190,[0]
3845,53,-2.519605,8,470,80.0,-5.545819,3,850,1.707774,21,2300,[0]
3845,53,-2.460634,8,220,80.0,-7.545851,11,4130,2.482254,19,530,[0]
3849,56,-2.632368,8,490,80.0,-5.545191,3,820,1.66889,21,2270,[0]
3849,56,-2.585722,8,230,80.0,-7.540747,11,4130,2.337434,19,520,[0]
3855,71,-2.613043,8,620,80.0,-5.532641,3,670,1.661426,21,2190,[0]
3856,58,-2.579553,8,510,80.0,-5.541796,3,800,1.67784,21,2260,[0]
3856,58,-2.449886,8,250,80.0,-7.529882,11,4140,2.215909,19,510,[0]
3862,72,-2.603554,8,610,80.0,-5.516666,3,680,1.654726,21,2190,[0]
3867,63,-2.616674,8,560,80.0,-5.536684,3,750,1.65994,21,2220,[0]
3867,63,-2.489895,8,260,80.0,-7.519426,11,4140,1.904361,19,500,[0]
3872,61,-2.629874,8,540,80.0,-5.545206,3,760,1.67658,21,2250,[0]
3872,61,-2.513081,8,260,80.0,-7.529904,11,4130,2.038273,19,500,[0]
3877,63,-2.601104,8,550,80.0,-5.541266,3,750,1.6488,21,2210,[0]
3880,65,-2.562156,8,580,80.0,-5.541517,3,720,1.672777,21,2210,[0]
3880,65,-2.454043,8,270,80.0,-7.50761,11,4150,1.732616,19,500,[0]
3885,70,-2.598619,8,610,80.0,-5.519209,3,690,1.596778,21,2130,[0]
3888,62,-2.606067,8,550,80.0,-5.543097,3,750,1.678584,21,2240,[0]
3888,62,-2.641181,8,270,80.0,-7.526298,11,4130,1.945096,19,500,[0]
3893,61,-2.614129,8,540,80.0,-5.543865,3,760,1.659721,21,2230,[0]
3893,61,-2.578727,8,270,80.0,-7.528393,11,4130,2.011611,19,500,[0]
3896,59,-2.604002,8,520,80.0,-5.543568,3,790,1.662754,21,2240,[0]
3896,59,-2.381728,8,250,80.0,-7.529285,11,4140,2.226413,19,500,[0]
3912,69,-2.57594,8,610,80.0,-5.521536,3,700,1.577497,21,2100,[0]
3916,61,-2.631398,8,540,80.0,-5.545368,3,760,1.65626,21,2230,[0]
3916,61,-2.516515,8,260,80.0,-7.529982,11,4130,2.039939,19,500,[0]
3922,62,-2.622854,8,550,80.0,-5.543223,3,750,1.642227,21,2210,[0]
3922,62,-2.600784,8,260,80.0,-7.527549,11,4130,1.964864,19,500,[0]
3927,63,-2.587207,8,550,80.0,-5.537619,3,750,1.659514,21,2220,[0]
3927,63,-2.601591,8,270,80.0,-7.525919,11,4130,1.918531,19,500,[0]
3932,63,-2.604128,8,560,80.0,-5.542494,3,740,1.644366,21,2200,[0]
3932,63,-2.539989,8,270,80.0,-7.524409,11,4130,1.885216,19,500,[0]
3937,62,-2.589103,8,540,80.0,-5.538481,3,760,1.662773,21,2230,[0]
3937,62,-2.610447,8,260,80.0,-7.527881,11,4130,1.975994,19,500,[0]
3941,64,-2.576925,8,560,80.0,-5.538294,3,740,1.658443,21,2210,[0]
3941,64,-2.672114,8,270,80.0,-7.517947,11,4140,1.862318,19,500,[0]
3945,56,-2.616164,8,490,80.0,-5.542592,3,820,1.670917,21,2270,[0]
3945,56,-2.628444,8,240,80.0,-7.539666,11,4130,2.345941,19,510,[0]
3950,63,-2.587985,8,550,80.0,-5.537718,3,750,1.659405,21,2220,[0]
3950,63,-2.603365,8,270,80.0,-7.525946,11,4130,1.919414,19,500,[0]
3955,63,-2.588153,8,550,80.0,-5.53774,3,750,1.65938,21,2220,[0]
3955,63,-2.603747,8,270,80.0,-7.525956,11,4130,1.919604,19,500,[0]
3958,68,-2.594254,8,600,80.0,-5.532439,3,700,1.625902,21,2160,[0]
3963,66,-2.609939,8,580,80.0,-5.532568,3,720,1.592382,21,2140,[0]
3968,63,-2.60167,8,550,80.0,-5.543391,3,750,1.658443,21,2220,[0]
3968,63,-2.632422,8,270,80.0,-7.525923,11,4130,1.93221,19,500,[0]
3974,63,-2.60554,8,560,80.0,-5.542648,3,740,1.644168,21,2200,[0]
3974,63,-2.54318,8,270,80.0,-7.524479,11,4130,1.886911,19,500,[0]
3975,63,-2.601903,8,550,80.0,-5.543416,3,750,1.65841,21,2220,[0]
3975,63,-2.632954,8,270,80.0,-7.525934,11,4130,1.932476,19,500,[0]
3977,61,-2.643774,8,540,80.0,-5.544168,3,760,1.644035,21,2220,[0]
3977,61,-2.558272,8,260,80.0,-7.530007,11,4130,2.054309,19,500,[0]
3982,62,-2.608863,8,550,80.0,-5.543441,3,750,1.647837,21,2210,[0]
3982,62,-2.574895,8,260,80.0,-7.526427,11,4130,1.959212,19,500,[0]
3987,62,-2.609412,8,550,80.0,-5.543459,3,750,1.657917,21,2220,[0]
3987,62,-2.558384,8,260,80.0,-7.526454,11,4130,1.948926,19,500,[0]
3992,66,-2.623801,8,580,80.0,-5.536623,3,720,1.631009,21,2180,[0]
3995,63,-2.617766,8,560,80.0,-5.544182,3,740,1.631072,21,2190,[0]
3995,63,-2.570886,8,270,80.0,-7.526185,11,4130,1.908806,19,500,[0]
3998,63,-2.58957,8,560,80.0,-5.542735,3,740,1.645949,21,2200,[0]
3999,63,-2.602692,8,550,80.0,-5.543502,3,750,1.648695,21,2210,[0]
3999,63,-2.543709,8,260,80.0,-7.519875,11,4140,1.933379,19,500,[0]
3003,42,-2.619531,8,380,80.0,-5.567653,3,930,2.659065,14,3240,[0]
3003,42,-2.504502,8,200,80.0,-7.59657,11,4240,3.191134,19,530,[0]
3003,42,-2.376896,8,810,80.0,-5.598027,3,1000,0.601636,24,670,[0]
3008,71,-2.56775,8,620,80.0,-5.5191,3,680,1.969865,21,2450,[0]
3021,44,-2.593335,8,410,80.0,-5.566737,3,920,2.642081,14,3190,[0]
3021,44,-2.297471,8,200,80.0,-7.586671,11,4250,3.167582,19,520,[0]
3021,44,-2.398156,8,810,80.0,-5.597239,3,1000,0.57136,24,680,[0]
3028,73,-2.587024,8,640,80.0,-5.524883,3,640,2.010432,21,2480,[0]
3041,43,-2.609555,8,390,80.0,-5.567462,3,920,2.632099,14,3200,[0]
3041,43,-2.472503,8,190,80.0,-7.5948,11,4240,3.141969,19,530,[0]
3041,43,-2.346105,8,810,80.0,-5.599047,3,1000,0.597207,24,660,[0]
3045,42,-2.548366,8,390,80.0,-5.561266,3,940,2.633083,14,3190,[0]
3045,42,-2.50415,8,200,80.0,-7.596947,11,4240,3.197956,19,530,[0]
3045,42,-2.404457,8,820,80.0,-5.596551,3,1000,0.590103,24,680,[0]
3050,44,-2.594853,8,410,80.0,-5.56683,3,920,2.633407,14,3180,[0]
3050,44,-2.301051,8,200,80.0,-7.586723,11,4250,3.168911,19,520,[0]
3050,44,-2.398902,8,810,80.0,-5.597303,3,1000,0.571527,24,680,[0]
3059,39,-2.5766,8,370,80.0,-5.572949,3,960,2.600962,14,3240,[0]
3059,39,-2.389872,8,180,80.0,-7.599431,11,4250,3.370373,19,540,[0]
3065,48,-2.575391,8,430,80.0,-5.556448,3,880,2.600008,14,3140,[0]
3065,48,-2.645741,8,220,80.0,-7.55721,11,4120,2.8067,19,520,[0]
3070,44,-2.595884,8,410,80.0,-5.566895,3,920,2.6249,14,3170,[0]
3070,44,-2.303481,8,200,80.0,-7.586757,11,4250,3.169813,19,520,[0]
3070,44,-2.399408,8,810,80.0,-5.597349,3,1000,0.571639,24,680,[0]
3075,44,-2.59614,8,410,80.0,-5.566911,3,920,2.624873,14,3170,[0]
3075,44,-2.304085,8,200,80.0,-7.586767,11,4250,3.170038,19,520,[0]
3075,44,-2.399534,8,810,80.0,-5.597361,3,1000,0.571667,24,680,[0]
3079,44,-2.596344,8,410,80.0,-5.566923,3,920,2.624851,14,3170,[0]
3079,44,-2.304566,8,200,80.0,-7.586774,11,4250,3.170216,19,520,[0]
3079,44,-2.399633,8,810,80.0,-5.597367,3,1000,0.571689,24,680,[0]
3083,42,-2.584385,8,390,80.0,-5.571937,3,930,2.08711,21,2680,[0]
3083,42,-2.340975,8,200,80.0,-7.591016,11,4250,3.275313,19,520,[0]
3083,42,-2.392607,8,810,80.0,-5.598279,3,1000,0.596096,24,680,[0]
3096,72,-2.576627,8,640,80.0,-5.527365,3,650,1.902282,21,2380,[0]
3111,43,-2.539832,8,390,80.0,-5.565878,3,930,2.618003,14,3170,[0]
3111,43,-2.478788,8,200,80.0,-7.594749,11,4240,3.172549,19,530,[0]
3111,43,-2.368191,8,810,80.0,-5.597703,3,1000,0.596136,24,670,[0]
3116,44,-2.61108,8,400,80.0,-5.567416,3,910,2.593632,14,3150,[0]
3116,44,-2.445276,8,200,80.0,-7.530832,11,4240,3.138607,19,520,[0]
3116,44,-2.349102,8,820,80.0,-5.605004,3,990,0.59074,24,650,[0]
3127,52,-2.637272,8,470,80.0,-5.561146,3,830,1.892859,21,2480,[0]
3127,52,-2.429896,8,230,80.0,-7.546494,11,4130,2.57538,19,520,[0]
3132,44,-2.603219,8,390,80.0,-5.566174,3,920,2.057823,21,2660,[0]
3132,44,-2.581471,8,200,80.0,-7.592032,11,4240,3.10525,19,530,[0]
3132,44,-2.373874,8,820,80.0,-5.604595,3,990,0.589597,24,660,[0]
3142,44,-2.599492,8,410,80.0,-5.56712,3,920,2.100942,21,2680,[0]
3142,44,-2.311988,8,200,80.0,-7.586884,11,4250,3.172973,19,520,[0]
3142,44,-2.401181,8,810,80.0,-5.597507,3,1000,0.572034,24,680,[0]
3149,46,-2.584321,8,420,80.0,-5.553548,3,910,1.989581,21,2580,[0]
3149,46,-2.354981,8,200,80.0,-7.527631,11,4240,2.991082,19,520,[0]
3149,46,-2.404295,8,840,80.0,-5.616382,3,970,0.558722,24,650,[0]
3154,44,-2.600078,8,410,80.0,-5.567156,3,920,2.10086,21,2680,[0]
3154,44,-2.31337,8,200,80.0,-7.586901,11,4250,3.173485,19,520,[0]
3154,44,-2.401468,8,810,80.0,-5.597532,3,1000,0.572098,24,680,[0]
3158,44,-2.594728,8,400,80.0,-5.554411,3,930,1.933819,21,2550,[0]
3158,44,-2.523198,8,210,80.0,-7.528564,11,4240,3.038303,19,530,[0]
3158,44,-2.400516,8,820,80.0,-5.61071,3,980,0.567835,24,670,[0]
3166,45,-2.580265,8,400,80.0,-5.554442,3,930,1.986896,21,2590,[0]
3166,45,-2.524146,8,210,80.0,-7.528721,11,4240,3.038493,19,530,[0]
3166,45,-2.399841,8,820,80.0,-5.611703,3,980,0.566091,24,670,[0]
3169,66,-2.572073,8,570,80.0,-5.53336,3,720,1.865588,21,2390,[0]
3173,45,-2.577468,8,410,80.0,-5.553972,3,920,1.993767,21,2590,[0]
3173,45,-2.376973,8,210,80.0,-7.521194,11,4250,3.030694,19,520,[0]
3173,45,-2.397216,8,830,80.0,-5.604908,3,990,0.562306,24,660,[0]
3182,48,-2.638854,8,440,80.0,-5.556069,3,880,1.884247,21,2490,[0]
3182,48,-2.542238,8,210,80.0,-7.551971,11,4130,2.782001,19,530,[0]
3182,48,-2.387598,8,860,80.0,-5.622161,3,960,0.545576,24,630,[0]
3187,71,-2.573041,8,630,80.0,-5.529845,3,660,1.805296,21,2300,[0]
3193,45,-2.583684,8,400,80.0,-5.566041,3,910,1.947695,21,2560,[0]
3193,45,-2.640313,8,200,80.0,-7.528992,11,4240,3.035607,19,530,[0]
3193,45,-2.369532,8,830,80.0,-5.610985,3,980,0.583196,24,650,[0]
3202,44,-2.620821,8,400,80.0,-5.567756,3,910,1.979579,21,2590,[0]
3202,44,-2.474048,8,200,80.0,-7.53031,11,4240,3.137259,19,520,[0]
3202,44,-2.354748,8,820,80.0,-5.605433,3,990,0.58573,24,660,[0]
3209,44,-2.60271,8,410,80.0,-5.567319,3,920,1.920123,21,2530,[0]
3209,44,-2.319576,8,200,80.0,-7.586998,11,4250,3.175791,19,520,[0]
3209,44,-2.402761,8,810,80.0,-5.597649,3,1000,0.572386,24,680,[0]
3213,45,-2.592192,8,410,80.0,-5.555733,3,920,1.943666,21,2550,[0]
3213,45,-2.39607,8,210,80.0,-7.528981,11,4240,3.058156,19,520,[0]
3213,45,-2.40514,8,830,80.0,-5.60452,3,990,0.554796,24,670,[0]
3217,70,-2.60324,8,610,80.0,-5.52191,3,690,1.770958,21,2290,[0]
3223,43,-2.615782,8,390,80.0,-5.566525,3,920,1.885763,21,2520,[0]
3223,43,-2.592318,8,200,80.0,-7.594134,11,4240,3.121501,19,530,[0]
3223,43,-2.37709,8,820,80.0,-5.604249,3,990,0.590172,24,660,[0]
3227,58,-2.544426,8,510,80.0,-5.535538,3,800,1.853631,21,2410,[0]
3227,58,-2.570818,8,250,80.0,-7.534426,11,4130,2.173204,19,510,[0]
3242,45,-2.581862,8,400,80.0,-5.554713,3,930,1.887156,21,2510,[0]
3242,45,-2.517891,8,210,80.0,-7.528906,11,4240,3.034533,19,530,[0]
3242,45,-2.398361,8,820,80.0,-5.611724,3,980,0.564336,24,670,[0]
3251,45,-2.586396,8,400,80.0,-5.566261,3,910,1.910374,21,2530,[0]
3251,45,-2.646959,8,200,80.0,-7.529064,11,4240,3.037788,19,530,[0]
3251,45,-2.370873,8,830,80.0,-5.611113,3,980,0.583479,24,650,[0]
3256,69,-2.564965,8,610,80.0,-5.521849,3,700,1.793033,21,2300,[0]
3266,45,-2.594662,8,410,80.0,-5.555922,3,920,1.83126,21,2460,[0]
3266,45,-2.401904,8,210,80.0,-7.529044,11,4240,3.060222,19,520,[0]
3266,45,-2.406369,8,830,80.0,-5.60463,3,990,0.555113,24,670,[0]
3272,54,-2.613464,8,490,80.0,-5.55618,3,820,1.828164,21,2410,[0]
3272,54,-2.546405,8,230,80.0,-7.537074,11,4140,2.479152,19,510,[0]
3276,68,-2.623021,8,590,80.0,-5.539145,3,690,1.79923,21,2330,[0]
3287,70,-2.558628,8,600,80.0,-5.521843,3,690,1.772642,21,2290,[0]
3292,65,-2.587365,8,560,80.0,-5.536769,3,730,1.97288,21,2490,[0]
3306,47,-2.596643,8,430,80.0,-5.556736,3,900,1.83581,21,2450,[0]
3306,47,-2.367091,8,210,80.0,-7.520662,11,4250,2.953175,19,520,[0]
3306,47,-2.385496,8,840,80.0,-5.611068,3,980,0.552654,24,650,[0]
3310,65,-2.546164,8,580,80.0,-5.531122,3,730,1.904241,21,2410,[0]
3310,65,-2.493575,8,280,80.0,-7.512331,11,4140,1.70349,19,500,[0]
3320,48,-2.628462,8,430,80.0,-5.553984,3,890,1.828046,21,2450,[0]
3320,48,-2.411494,8,210,80.0,-7.523415,11,4240,2.852358,19,520,[0]
3320,48,-2.40996,8,860,80.0,-5.628559,3,950,0.548342,24,630,[0]
3325,62,-2.576998,8,540,80.0,-5.540024,3,760,1.750054,21,2310,[0]
3325,62,-2.490851,8,270,80.0,-7.520868,11,4140,1.967558,19,500,[0]
3334,65,-2.564563,8,580,80.0,-5.539044,3,720,1.854007,21,2370,[0]
3339,72,-2.620439,8,620,80.0,-5.521895,3,670,1.702688,21,2230,[0]
3344,46,-2.603186,8,420,80.0,-5.556547,3,910,1.82619,21,2450,[0]
3344,46,-2.38906,8,200,80.0,-7.522684,11,4250,3.024513,19,520,[0]
3344,46,-2.383165,8,830,80.0,-5.605808,3,990,0.557947,24,660,[0]
3348,47,-2.557954,8,430,80.0,-5.555315,3,900,1.81739,21,2430,[0]
3348,47,-2.415576,8,220,80.0,-7.531238,11,4230,2.977309,19,510,[0]
3348,47,-2.400246,8,850,80.0,-5.61705,3,970,0.552647,24,640,[0]
3351,48,-2.637958,8,430,80.0,-5.555635,3,890,1.823932,21,2450,[0]
3351,48,-2.444089,8,210,80.0,-7.524899,11,4240,2.878807,19,520,[0]
3351,48,-2.415225,8,860,80.0,-5.628014,3,950,0.542328,24,640,[0]
3362,52,-2.588931,8,480,80.0,-5.556894,3,840,1.801725,21,2390,[0]
3362,52,-2.415804,8,230,80.0,-7.540156,11,4140,2.621216,19,510,[0]
3369,56,-2.60316,8,490,80.0,-5.541851,3,820,1.781036,21,2370,[0]
3369,56,-2.60751,8,240,80.0,-7.538471,11,4130,2.340909,19,510,[0]
3376,46,-2.579863,8,420,80.0,-5.5559,3,910,1.818519,21,2440,[0]
3376,46,-2.463516,8,210,80.0,-7.526561,11,4240,2.979795,19,520,[0]
3376,46,-2.404343,8,840,80.0,-5.617704,3,970,0.558438,24,650,[0]
3380,47,-2.594439,8,430,80.0,-5.556992,3,900,1.823783,21,2440,[0]
3380,47,-2.364742,8,210,80.0,-7.527095,11,4240,3.007988,19,510,[0]
3380,47,-2.38763,8,840,80.0,-5.61813,3,970,0.55172,24,650,[0]
3398,68,-2.558277,8,600,80.0,-5.518975,3,710,1.727601,21,2250,[0]
3403,52,-2.58665,8,480,80.0,-5.555521,3,840,1.803629,21,2390,[0]
3403,52,-2.397242,8,230,80.0,-7.540341,11,4140,2.610693,19,510,[0]
3408,57,-2.565379,8,510,80.0,-5.543061,3,810,1.768735,21,2340,[0]
3408,57,-2.52762,8,240,80.0,-7.532203,11,4140,2.309517,19,510,[0]
3420,71,-2.56203,8,610,80.0,-5.521868,3,680,1.677772,21,2200,[0]
3422,51,-2.592091,8,460,80.0,-5.555137,3,860,1.809708,21,2410,[0]
3422,51,-2.428773,8,230,80.0,-7.547911,11,4130,2.715984,19,510,[0]
3426,49,-2.62857,8,440,80.0,-5.556952,3,880,1.809839,21,2430,[0]
3426,49,-2.531061,8,210,80.0,-7.552625,11,4130,2.767054,19,530,[0]
3426,49,-2.355628,8,850,80.0,-5.620641,3,960,0.537289,24,630,[0]
3433,77,-2.597628,8,660,80.0,-5.519186,3,610,1.632616,21,2140,[0]
3440,66,-2.612407,8,590,80.0,-5.534881,3,710,1.70037,21,2240,[0]
3445,47,-2.606043,8,440,80.0,-5.560938,3,890,1.805564,21,2420,[0]
3445,47,-2.401592,8,220,80.0,-7.524818,11,4240,2.955113,19,510,[0]
3445,47,-2.397675,8,850,80.0,-5.622708,3,960,0.551444,24,640,[0]
3450,48,-2.646015,8,430,80.0,-5.556742,3,890,1.78964,21,2420,[0]
3450,48,-2.468263,8,210,80.0,-7.524983,11,4240,2.890809,19,520,[0]
3450,48,-2.417382,8,840,80.0,-5.624296,3,960,0.539684,24,650,[0]
3455,53,-2.615791,8,470,80.0,-5.555781,3,840,1.788691,21,2390,[0]
3455,53,-2.483649,8,240,80.0,-7.546045,11,4130,2.607039,19,510,[0]
3465,48,-2.619103,8,430,80.0,-5.556017,3,890,1.793287,21,2420,[0]
3465,48,-2.620404,8,210,80.0,-7.557957,11,4120,2.790831,19,530,[0]
3465,48,-2.37302,8,850,80.0,-5.621684,3,960,0.547098,24,630,[0]
3470,49,-2.600655,8,440,80.0,-5.555535,3,880,1.781535,21,2400,[0]
3470,49,-2.576497,8,220,80.0,-7.557003,11,4120,2.729389,19,530,[0]
3470,49,-2.400287,8,850,80.0,-5.621859,3,960,0.53367,24,630,[0]
3473,48,-2.598782,8,440,80.0,-5.556817,3,890,1.806852,21,2420,[0]
3473,48,-2.485407,8,210,80.0,-7.525144,11,4240,2.889055,19,520,[0]
3473,48,-2.423087,8,840,80.0,-5.623331,3,960,0.540787,24,650,[0]
3477,49,-2.639858,8,450,80.0,-5.557379,3,870,1.794599,21,2410,[0]
3477,49,-2.553452,8,220,80.0,-7.550812,11,4130,2.776575,19,520,[0]
3477,49,-2.366369,8,860,80.0,-5.627831,3,950,0.540887,24,620,[0]
3486,49,-2.60528,8,440,80.0,-5.555586,3,880,1.780402,21,2400,[0]
3486,49,-2.480267,8,210,80.0,-7.551166,11,4130,2.742639,19,530,[0]
3486,49,-2.372717,8,840,80.0,-5.615292,3,970,0.536005,24,630,[0]
3496,55,-2.61892,8,500,80.0,-5.557368,3,810,1.777983,21,2360,[0]
3496,55,-2.43112,8,230,80.0,-7.536296,11,4140,2.424924,19,510,[0]
3500,48,-2.656369,8,440,80.0,-5.561377,3,880,1.772593,21,2400,[0]
3500,48,-2.575925,8,210,80.0,-7.552199,11,4130,2.794398,19,530,[0]
3500,48,-2.363997,8,850,80.0,-5.615522,3,970,0.548217,24,630,[0]
3511,70,-2.570812,8,620,80.0,-5.530392,3,680,1.695878,21,2210,[0]
3512,61,-2.61569,8,530,80.0,-5.542269,3,770,1.72604,21,2300,[0]
3512,61,-2.488317,8,270,80.0,-7.52345,11,4140,2.066126,19,500,[0]
3525,54,-2.66495,8,490,80.0,-5.56143,3,820,1.773069,21,2370,[0]
3525,54,-2.556942,8,220,80.0,-7.54366,11,4130,2.469274,19,520,[0]
3533,68,-2.637598,8,590,80.0,-5.533225,3,700,1.672046,21,2220,[0]
3537,49,-2.640728,8,450,80.0,-5.557576,3,870,1.770911,21,2390,[0]
3537,49,-2.534224,8,220,80.0,-7.550932,11,4130,2.766112,19,520,[0]
3537,49,-2.364652,8,860,80.0,-5.627632,3,950,0.53896,24,620,[0]
3540,70,-2.597199,8,610,80.0,-5.518865,3,690,1.692447,21,2220,[0]
3551,73,-2.594542,8,630,80.0,-5.515216,3,660,1.67095,21,2190,[0]
3555,67,-2.613893,8,590,80.0,-5.532189,3,710,1.665873,21,2210,[0]
3555,67,-2.529624,8,280,80.0,-7.510518,11,4140,1.617171,19,500,[0]
3561,66,-2.631755,8,580,80.0,-5.533643,3,720,1.678415,21,2230,[0]
3563,67,-2.655294,8,580,80.0,-5.541502,3,700,1.736636,21,2290,[0]
3572,70,-2.58285,8,600,80.0,-5.523556,3,690,1.698984,21,2230,[0]
3576,55,-2.577044,8,490,80.0,-5.542879,3,830,1.739833,21,2330,[0]
3576,55,-2.560514,8,240,80.0,-7.542163,11,4130,2.386203,19,520,[0]
3581,69,-2.621449,8,600,80.0,-5.523825,3,700,1.759929,21,2290,[0]
3597,68,-2.578771,8,600,80.0,-5.524613,3,710,1.724866,21,2250,[0]
3610,50,-2.642552,8,460,80.0,-5.561327,3,860,1.746035,21,2360,[0]
3610,50,-2.436007,8,220,80.0,-7.549506,11,4130,2.720856,19,520,[0]
3614,53,-2.51534,8,470,80.0,-5.548941,3,850,1.761179,21,2350,[0]
3614,53,-2.452715,8,220,80.0,-7.545313,11,4130,2.5772,19,510,[0]
3616,57,-2.664809,8,510,80.0,-5.556714,3,790,1.739207,21,2330,[0]
3616,57,-2.530348,8,240,80.0,-7.538688,11,4130,2.317274,19,510,[0]
3625,51,-2.624202,8,460,80.0,-5.556561,3,860,1.757118,21,2370,[0]
3625,51,-2.493073,8,210,80.0,-7.543463,11,4140,2.645749,19,530,[0]
3628,50,-2.63446,8,450,80.0,-5.557068,3,870,1.7497,21,2370,[0]
3628,50,-2.428072,8,210,80.0,-7.550841,11,4130,2.716547,19,530,[0]
3628,50,-2.365649,8,860,80.0,-5.628795,3,950,0.539414,24,620,[0]
3636,48,-2.547459,8,440,80.0,-5.557868,3,880,1.757858,21,2370,[0]
3636,48,-2.477571,8,200,80.0,-7.552004,11,4130,2.831208,19,520,[0]
3636,48,-2.398436,8,840,80.0,-5.622448,3,960,0.536871,24,640,[0]
3642,50,-2.639827,8,460,80.0,-5.558139,3,860,1.757785,21,2370,[0]
3642,50,-2.54573,8,210,80.0,-7.543571,11,4140,2.670655,19,530,[0]
3649,70,-2.56121,8,620,80.0,-5.519103,3,690,1.644125,21,2160,[0]
3652,70,-2.620706,8,620,80.0,-5.523375,3,680,1.662626,21,2190,[0]
3660,54,-2.572435,8,470,80.0,-5.549996,3,840,1.72814,21,2330,[0]
3660,54,-2.578813,8,220,80.0,-7.544,11,4130,2.48513,19,520,[0]
3670,55,-2.594803,8,470,80.0,-5.545275,3,830,1.721224,21,2330,[0]
3670,55,-2.492004,8,230,80.0,-7.536185,11,4140,2.450028,19,510,[0]
3678,57,-2.582004,8,500,80.0,-5.540938,3,810,1.713019,21,2300,[0]
3678,57,-2.544879,8,250,80.0,-7.543427,11,4120,2.267045,19,510,[0]
3681,67,-2.63693,8,580,80.0,-5.540596,3,700,1.664489,21,2220,[0]
3686,52,-2.598042,8,480,80.0,-5.556461,3,840,1.735134,21,2330,[0]
3686,52,-2.42348,8,230,80.0,-7.540781,11,4140,2.621493,19,510,[0]
3691,70,-2.531424,8,610,80.0,-5.524453,3,690,1.643765,21,2160,[0]
3698,37,-2.589297,8,340,80.0,-5.569041,3,990,1.749611,21,2430,[0]
3702,68,-2.567498,8,600,80.0,-5.526937,3,700,1.693459,21,2220,[0]
3713,70,-2.595342,8,610,80.0,-5.518712,3,690,1.638007,21,2170,[0]
3718,59,-2.597634,8,520,80.0,-5.542914,3,790,1.725569,21,2300,[0]
3718,59,-2.367449,8,250,80.0,-7.528975,11,4140,2.219527,19,500,[0]
3721,70,-2.574495,8,620,80.0,-5.524012,3,690,1.633461,21,2150,[0]
3725,69,-2.597095,8,610,80.0,-5.532389,3,690,1.631918,21,2160,[0]
3732,58,-2.593526,8,510,80.0,-5.543682,3,800,1.719377,21,2300,[0]
3732,58,-2.457038,8,250,80.0,-7.52989,11,4140,2.263085,19,500,[0]
3738,53,-2.538071,8,470,80.0,-5.55087,3,850,1.736607,21,2330,[0]
3738,53,-2.51252,8,220,80.0,-7.545969,11,4130,2.503589,19,530,[0]
3744,71,-2.599285,8,620,80.0,-5.528008,3,670,1.686989,21,2210,[0]
3746,69,-2.58818,8,610,80.0,-5.525578,3,700,1.634135,21,2160,[0]
3753,61,-2.608666,8,540,80.0,-5.54411,3,760,1.661584,21,2230,[0]
3753,61,-2.56743,8,270,80.0,-7.527957,11,4130,1.967705,19,510,[0]
3759,52,-2.514793,8,460,80.0,-5.543744,3,860,1.720213,21,2320,[0]
3759,52,-2.490859,8,230,80.0,-7.553071,11,4120,2.639122,19,510,[0]
3766,59,-2.592824,8,530,80.0,-5.544661,3,780,1.69916,21,2270,[0]
3766,59,-2.450824,8,250,80.0,-7.521036,11,4150,2.156096,19,500,[0]
3775,61,-2.626389,8,540,80.0,-5.544836,3,760,1.68724,21,2260,[0]
3775,61,-2.505241,8,260,80.0,-7.529741,11,4130,2.034469,19,500,[0]
3789,63,-2.59455,8,560,80.0,-5.542113,3,740,1.655583,21,2210,[0]
3789,63,-2.525276,8,270,80.0,-7.51756,11,4140,1.865877,19,500,[0]
3792,60,-2.546259,8,530,80.0,-5.537714,3,780,1.685863,21,2250,[0]
3792,60,-2.547555,8,250,80.0,-7.525834,11,4140,2.108914,19,500,[0]
3797,57,-2.582898,8,490,80.0,-5.538034,3,820,1.695303,21,2290,[0]
3797,57,-2.549508,8,240,80.0,-7.539379,11,4130,2.325778,19,510,[0]
3800,53,-2.518989,8,470,80.0,-5.543252,3,850,1.708225,21,2300,[0]
3800,53,-2.452156,8,220,80.0,-7.539347,11,4140,2.523416,19,520,[0]
3804,59,-2.600782,8,520,80.0,-5.543237,3,790,1.693398,21,2270,[0]
3804,59,-2.374507,8,250,80.0,-7.529129,11,4140,2.222931,19,500,[0]
3809,65,-2.604218,8,570,80.0,-5.530452,3,730,1.625728,21,2180,[0]
3809,65,-2.521938,8,280,80.0,-7.513569,11,4140,1.72234,19,500,[0]
3814,53,-2.535987,8,470,80.0,-5.550327,3,850,1.705391,21,2300,[0]
3814,53,-2.408977,8,230,80.0,-7.539943,11,4140,2.613822,19,510,[0]
3822,71,-2.623554,8,610,80.0,-5.525213,3,670,1.63059,21,2170,[0]
3826,71,-2.619757,8,620,80.0,-5.523726,3,680,1.610639,21,2140,[0]
3835,60,-2.586262,8,530,80.0,-5.542042,3,780,1.690945,21,2260,[0]
3835,60,-2.549556,8,260,80.0,-7.525609,11,4140,2.137496,19,500,[0]
3840,62,-2.603999,8,550,80.0,-5.542917,3,750,1.678751,21,2240,[0]
3840,62,-2.653561,8,270,80.0,-7.532328,11,4120,1.95363,19,500,[0]
3846,63,-2.612662,8,560,80.0,-5.543624,3,740,1.671289,21,2230,[0]
3846,63,-2.55934,8,270,80.0,-7.519853,11,4140,1.903043,19,500,[0]
3856,63,-2.585272,8,550,80.0,-5.541539,3,750,1.670529,21,2230,[0]
3856,63,-2.612308,8,270,80.0,-7.525823,11,4130,1.931478,19,500,[0]
3860,63,-2.571027,8,550,80.0,-5.537325,3,750,1.671269,21,2230,[0]
3860,63,-2.570141,8,270,80.0,-7.525855,11,4130,1.909712,19,500,[0]
3865,62,-2.603742,8,540,80.0,-5.543762,3,760,1.671894,21,2240,[0]
3865,62,-2.556803,8,270,80.0,-7.528338,11,4130,2.008705,19,500,[0]
3868,64,-2.587518,8,570,80.0,-5.543053,3,730,1.653826,21,2200,[0]
3868,64,-2.496494,8,260,80.0,-7.510209,11,4150,1.809876,19,500,[0]
3880,62,-2.587148,8,540,80.0,-5.538236,3,760,1.672986,21,2240,[0]
3880,62,-2.605981,8,260,80.0,-7.527791,11,4130,1.973886,19,500,[0]
3883,54,-2.514646,8,480,80.0,-5.543832,3,840,1.703541,21,2290,[0]
3883,54,-2.553113,8,220,80.0,-7.543993,11,4130,2.417868,19,530,[0]
3887,62,-2.621647,8,550,80.0,-5.543094,3,750,1.672681,21,2240,[0]
3887,62,-2.59804,8,260,80.0,-7.527496,11,4130,1.963572,19,500,[0]
3895,61,-2.630676,8,540,80.0,-5.545292,3,760,1.676472,21,2250,[0]
3895,61,-2.514886,8,260,80.0,-7.529948,11,4130,2.03915,19,500,[0]
3900,61,-2.617507,8,530,80.0,-5.54382,3,770,1.662762,21,2240,[0]
3900,61,-2.488123,8,270,80.0,-7.529975,11,4130,2.062074,19,500,[0]
3903,62,-2.587943,8,540,80.0,-5.538337,3,760,1.672873,21,2240,[0]
3903,62,-2.6078,8,260,80.0,-7.527828,11,4130,1.974743,19,500,[0]
3907,61,-2.617748,8,530,80.0,-5.543845,3,770,1.662729,21,2240,[0]
3907,61,-2.488667,8,270,80.0,-7.529983,11,4130,2.062359,19,500,[0]
3911,62,-2.606473,8,550,80.0,-5.543184,3,750,1.658196,21,2220,[0]
3911,62,-2.659246,8,270,80.0,-7.532444,11,4120,1.956472,19,500,[0]
3916,62,-2.607028,8,550,80.0,-5.543202,3,750,1.658256,21,2220,[0]
3916,62,-2.64339,8,270,80.0,-7.526348,11,4130,1.946199,19,500,[0]
3920,63,-2.600056,8,550,80.0,-5.543215,3,750,1.658673,21,2220,[0]
3920,63,-2.628717,8,270,80.0,-7.525849,11,4130,1.930365,19,500,[0]
3926,59,-2.598442,8,530,80.0,-5.545249,3,780,1.658011,21,2230,[0]
3926,59,-2.463531,8,250,80.0,-7.521303,11,4150,2.119759,19,510,[0]
3929,63,-2.600362,8,550,80.0,-5.543249,3,750,1.65863,21,2220,[0]
3929,63,-2.629419,8,270,80.0,-7.525867,11,4130,1.930714,19,500,[0]
3933,62,-2.588968,8,540,80.0,-5.538465,3,760,1.662792,21,2230,[0]
3933,62,-2.610138,8,260,80.0,-7.527873,11,4130,1.975848,19,500,[0]
3938,61,-2.629973,8,540,80.0,-5.54261,3,760,1.657901,21,2230,[0]
3938,61,-2.600217,8,270,80.0,-7.529757,11,4130,2.030195,19,500,[0]
3948,55,-2.642515,8,480,80.0,-5.552105,3,820,1.670001,21,2280,[0]
3948,55,-2.590885,8,240,80.0,-7.548649,11,4120,2.401365,19,520,[0]
3954,55,-2.564292,8,490,80.0,-5.543313,3,830,1.663205,21,2250,[0]
3954,55,-2.636722,8,230,80.0,-7.541541,11,4130,2.364344,19,520,[0]
3958,58,-2.601429,8,510,80.0,-5.544484,3,800,1.667196,21,2250,[0]
3958,58,-2.475017,8,250,80.0,-7.530281,11,4140,2.271756,19,500,[0]
3963,61,-2.632993,8,540,80.0,-5.545538,3,760,1.64634,21,2220,[0]
3963,61,-2.520102,8,260,80.0,-7.530057,11,4130,2.04168,19,500,[0]
3968,61,-2.616672,8,540,80.0,-5.544136,3,760,1.649663,21,2220,[0]
3968,61,-2.584518,8,270,80.0,-7.528513,11,4130,2.01457,19,500,[0]
3973,61,-2.633956,8,540,80.0,-5.544791,3,760,1.636777,21,2210,[0]
3978,62,-2.590476,8,540,80.0,-5.538652,3,760,1.642859,21,2210,[0]
3978,62,-2.613583,8,260,80.0,-7.527944,11,4130,1.977474,19,500,[0]
3983,63,-2.602469,8,550,80.0,-5.541413,3,750,1.628259,21,2190,[0]
3983,63,-2.441251,8,270,80.0,-7.520385,11,4140,1.933502,19,500,[0]
3988,62,-2.607912,8,540,80.0,-5.544207,3,760,1.63183,21,2200,[0]
3988,62,-2.566302,8,270,80.0,-7.528535,11,4130,2.013568,19,500,[0]
3993,62,-2.599109,8,540,80.0,-5.537296,3,760,1.631589,21,2200,[0]
3993,62,-2.640226,8,260,80.0,-7.528406,11,4130,1.958834,19,510,[0]
3997,63,-2.591086,8,560,80.0,-5.544189,3,740,1.647105,21,2200,[0]
3999,59,-2.554071,8,530,80.0,-5.544769,3,790,1.670614,21,2230,[0]
3999,59,-2.585107,8,250,80.0,-7.535747,11,4130,2.14309,19,520,[0]
