3002,46,2.755152,6,5570,80.0,-0.864765,20,890,6.949528,12,1090,[0 1 0 1 0]
3007,63,2.785479,6,5540,80.0,-0.29744,20,970,6.937064,12,1090,[1 0]
3010,42,2.759962,6,5550,80.0,-1.012125,20,890,6.968088,12,1110,[0 1 0 1 0]
3015,42,2.761835,6,5550,80.0,-1.021668,20,890,6.965878,12,1110,[0 1 0 1 0]
3019,46,3.157394,6,5580,80.0,-0.855567,20,890,6.963931,12,1080,[0 1 0]
3022,42,2.760397,6,5550,80.0,-1.015153,20,890,6.966218,12,1110,[0 1 0 1 0]
3027,73,1.144422,6,5120,80.0,-2.171202,25,1110,7.832337,4,2470,[0]
3027,73,2.815884,6,5500,80.0,-1.355466,7,630,6.757982,12,1070,[1 0]
3033,41,2.75963,6,5540,80.0,-1.05337,20,890,6.964611,12,1120,[0 1 0 1 0]
3037,69,1.386736,6,5170,80.0,-1.373424,25,1090,7.911182,4,2440,[0 -1 0]
3037,69,2.80555,6,5530,80.0,-0.129224,20,1010,6.85869,12,1070,[1 0]
3044,62,1.132275,6,5210,80.0,-1.478539,25,1050,7.971718,4,2440,[0]
3044,62,2.782679,6,5560,80.0,-0.325088,20,960,7.012126,12,1070,[1 0]
3047,59,2.773869,6,5560,80.0,-0.492806,20,930,7.032122,12,1090,[1 0]
3054,49,2.754493,6,5590,80.0,-0.826071,20,880,6.942756,12,1070,[0 1 0 1 0]
3058,62,1.135234,6,5210,80.0,-1.473792,25,1050,7.967148,4,2440,[-1]
3058,62,2.78284,6,5550,80.0,-0.385357,20,950,6.957115,12,1090,[1 0]
3061,69,1.366132,6,5140,80.0,-1.36768,25,1090,7.841094,4,2490,[0]
3061,69,2.799255,6,5500,80.0,-0.140776,20,1010,6.766914,12,1110,[1 0]
3065,42,2.752356,6,5530,80.0,-1.02079,20,890,6.937125,12,1130,[1 0]
3067,59,2.784874,6,5590,80.0,-0.367113,20,950,6.867335,12,1020,[0 1]
3071,60,2.782875,6,5590,80.0,-0.285993,20,960,7.101241,12,1040,[0 1]
3077,75,1.123895,6,5070,80.0,-1.274871,25,1130,7.737298,4,2530,[-1 0]
3077,75,2.81911,6,5450,80.0,-1.290291,7,640,6.619616,12,1120,[1 0]
3082,44,2.751424,6,5550,80.0,-1.005799,20,880,6.932945,12,1120,[1 0]
3088,45,2.751609,6,5550,80.0,-0.983465,20,880,6.913681,12,1120,[0 1 0 1 0]
3093,49,2.746455,6,5580,80.0,-0.920905,20,860,6.866692,12,1110,[1 0]
3098,65,1.269333,6,5180,80.0,-0.983345,28,500,7.905895,4,2470,[0 -1 0]
3098,65,2.788369,6,5520,80.0,-0.322832,20,970,6.883297,12,1100,[1 0]
3103,45,2.748261,6,5560,80.0,-0.991427,20,870,6.90696,12,1120,[0 1 0 1 0]
3109,44,2.751303,6,5550,80.0,-1.005355,20,880,6.933152,12,1120,[1 0]
3114,44,2.75128,6,5550,80.0,-1.005274,20,880,6.933189,12,1120,[0 1 0 1 0]
3118,43,2.753802,6,5540,80.0,-1.062678,20,880,6.926599,12,1130,[1 0]
3124,64,1.132429,6,5190,80.0,-1.446991,25,1060,7.926103,4,2460,[0 -1 0]
3124,64,2.786023,6,5530,80.0,-0.361383,20,960,6.902468,12,1100,[1 0]
3129,69,1.276561,6,5140,80.0,-1.369549,25,1090,7.857052,4,2480,[0 -1 0]
3129,69,2.792387,6,5510,80.0,-0.094994,20,1010,6.776381,12,1110,[1 0]
3134,44,2.746807,6,5540,80.0,-1.00495,20,880,6.917827,12,1130,[0 1 0 1 0]
3139,74,1.119036,6,5080,80.0,-2.117568,25,1120,7.728579,4,2550,[-1 0]
3139,74,2.809354,6,5450,80.0,-1.305748,7,650,6.599925,12,1150,[1 0]
3144,43,2.749322,6,5530,80.0,-1.062281,20,880,6.911387,12,1140,[0 1 0 1 0]
3150,58,2.774592,6,5580,80.0,-0.468328,20,930,6.832973,12,1050,[0 1]
3155,64,1.132654,6,5190,80.0,-1.443719,25,1060,7.924048,4,2460,[0 -1 0]
3155,64,2.783053,6,5520,80.0,-0.357139,20,960,6.876977,12,1110,[1 0]
3158,44,2.746896,6,5550,80.0,-1.033424,20,870,6.906593,12,1130,[1 0]
3162,43,2.750714,6,5540,80.0,-1.114291,20,870,6.913321,12,1140,[1 0]
3166,63,1.159628,6,5240,80.0,-1.456989,25,1060,8.0247,4,2390,[0]
3166,63,2.787789,6,5560,80.0,-0.28066,20,970,7.008647,12,1060,[0 1]
3169,47,2.746299,6,5570,80.0,-0.987415,20,860,6.883493,12,1120,[1 0]
3175,44,2.74663,6,5540,80.0,-1.074809,20,870,6.902483,12,1140,[1 0]
3180,44,2.746985,6,5540,80.0,-1.0759,20,870,6.902515,12,1140,[1 0]
3185,49,3.118955,6,5580,80.0,-0.840889,20,870,6.856493,12,1120,[0 1 0 1 0]
3191,64,1.154507,6,5220,80.0,-1.431033,25,1070,7.988205,4,2410,[0 -1 0]
3191,64,2.794155,6,5550,80.0,-0.203348,20,990,6.992649,12,1050,[0 1]
3197,44,2.748958,6,5540,80.0,-1.085577,20,870,6.897811,12,1140,[1 0]
3201,61,2.778756,6,5560,80.0,-0.360655,20,950,7.002295,12,1080,[0 1]
3208,70,1.114534,6,5110,80.0,-1.364997,25,1090,7.772208,4,2540,[0 -1 0]
3208,70,2.787031,6,5480,80.0,-0.201428,20,990,6.683251,12,1150,[1 0]
3211,45,2.7452,6,5540,80.0,-1.044551,20,870,6.869775,12,1150,[1 0]
3215,44,2.745907,6,5530,80.0,-1.019341,20,880,6.86314,12,1160,[1 0]
3221,68,1.304907,6,5190,80.0,-1.37703,25,1090,7.952653,4,2410,[0 -1 0]
3221,68,2.801128,6,5550,80.0,-0.030849,20,1020,6.930443,12,1040,[1 0]
3226,64,1.146605,6,5210,80.0,-1.444256,25,1060,7.962302,4,2430,[0 -1 0]
3226,64,2.7899,6,5540,80.0,-0.199498,20,990,6.935614,12,1080,[1 0]
3228,58,2.765386,6,5550,80.0,-0.598961,20,910,6.727826,12,1110,[1 0]
3234,45,2.744962,6,5540,80.0,-1.10913,20,860,6.872293,12,1150,[1 0]
3241,61,2.766239,6,5530,80.0,-0.528189,20,920,6.891665,12,1140,[1 0]
3248,49,2.734027,6,5560,80.0,-0.898786,20,860,6.805512,12,1150,[1 0]
3255,46,2.742894,6,5540,80.0,-1.009906,20,870,6.870049,12,1140,[1 0]
3258,60,2.770503,6,5560,80.0,-0.458553,20,930,6.996133,12,1100,[1 0]
3268,68,1.339835,6,5110,80.0,-1.375783,25,1090,7.770442,4,2550,[0 -1 0]
3268,68,2.787909,6,5480,80.0,-0.268361,20,980,6.68947,12,1160,[1 0]
3274,68,1.469206,6,5120,80.0,-1.376813,25,1090,7.784784,4,2540,[0 -1 0]
3274,68,2.789436,6,5490,80.0,-1.459362,7,640,6.730795,12,1140,[1 0]
3278,49,2.74066,6,5560,80.0,-0.959773,20,860,6.832411,12,1140,[1 0]
3285,58,2.759658,6,5540,80.0,-0.649275,20,900,6.6952,12,1130,[1 0]
3291,55,2.749985,6,5560,80.0,-0.665042,20,890,6.757674,12,1120,[1 0]
3298,45,2.739091,6,5540,80.0,-1.128622,20,850,6.844119,12,1160,[1 0]
3304,55,2.740483,6,5550,80.0,-0.838095,20,860,6.718779,12,1150,[1 0]
3308,49,2.73721,6,5550,80.0,-1.024884,20,850,6.811861,12,1150,[1 0]
3313,68,1.494164,6,5160,80.0,-1.396639,25,1080,7.872046,4,2480,[0 -1 0]
3313,68,2.790387,6,5510,80.0,-0.207405,20,990,6.811572,12,1110,[1 0]
3318,69,1.099119,6,5100,80.0,-2.234671,25,1080,7.744457,4,2570,[0 -1 0]
3318,69,2.779366,6,5480,80.0,-0.322322,20,960,6.649197,12,1180,[1 0]
3332,46,2.737634,6,5530,80.0,-1.0768,20,860,6.822356,12,1170,[1 0]
3337,47,2.734951,6,5530,80.0,-1.035804,20,860,6.809953,12,1170,[1 0]
3340,58,2.755661,6,5530,80.0,-0.651417,20,900,6.662032,12,1150,[1 0]
3346,62,2.772916,6,5540,80.0,-0.479839,20,930,6.922704,12,1120,[1 0]
3350,73,1.111469,6,5080,80.0,-2.224167,25,1100,7.7087,4,2570,[0 -1 0]
3350,73,2.795832,6,5460,80.0,-1.390536,7,630,6.586236,12,1170,[1 0]
3356,61,2.771574,6,5550,80.0,-0.472238,20,930,6.938808,12,1120,[1 0]
3362,64,1.247531,6,5170,80.0,-1.010345,28,500,7.868196,4,2510,[0 -1 0]
3362,64,2.770262,6,5500,80.0,-0.449938,20,940,6.800992,12,1160,[1 0]
3366,70,1.280654,6,5140,80.0,-1.352351,25,1100,7.85056,4,2480,[0 -1 0]
3366,70,2.795618,6,5510,80.0,-0.14871,20,1000,6.799244,12,1090,[1 0]
3373,62,1.119606,6,5190,80.0,-1.462753,25,1060,7.917846,4,2480,[0]
3373,62,2.773654,6,5530,80.0,-0.435217,20,940,6.905229,12,1120,[1 0]
3378,64,1.121073,6,5180,80.0,-1.007108,28,500,7.905664,4,2480,[0 -1 0]
3378,64,2.781026,6,5530,80.0,-0.401545,20,950,6.897239,12,1110,[1 0]
3381,46,2.733081,6,5530,80.0,-1.162984,20,840,6.796501,12,1180,[1 0]
3390,47,2.734252,6,5540,80.0,-1.12516,20,840,6.798381,12,1170,[1 0]
3394,62,2.76733,6,5520,80.0,-0.43474,20,940,6.876651,12,1140,[1 0]
3401,46,3.43882,6,5530,80.0,-1.16894,20,840,6.795916,12,1180,[0 1 0 1 0]
3413,63,1.121556,6,5190,80.0,-1.459262,25,1060,7.914378,4,2480,[0]
3413,63,2.771432,6,5520,80.0,-0.440591,20,940,6.861237,12,1140,[1 0]
3418,47,2.734144,6,5540,80.0,-1.124889,20,840,6.780446,12,1180,[1 0]
3423,51,2.727096,6,5560,80.0,-1.02363,20,830,6.743438,12,1170,[1 0]
3429,48,2.731539,6,5530,80.0,-1.060543,20,850,6.758265,12,1190,[1 0]
3433,68,1.487009,6,5150,80.0,-1.393245,25,1080,7.856531,4,2490,[0 -1 0]
3433,68,2.788426,6,5500,80.0,-0.208498,20,990,6.764206,12,1130,[1 0]
3439,48,2.732479,6,5530,80.0,-1.065122,20,850,6.757902,12,1190,[1 0]
3442,70,1.096774,6,5080,80.0,-1.35049,25,1100,7.702207,4,2590,[0 -1 0]
3442,70,2.788746,6,5450,80.0,-2.142824,7,630,6.568605,12,1200,[1 0]
3447,65,1.123053,6,5170,80.0,-0.985194,28,500,7.879755,4,2490,[0 -1 0]
3447,65,2.783598,6,5510,80.0,-0.315816,20,970,6.820988,12,1130,[1 0]
3453,47,2.731228,6,5530,80.0,-1.124856,20,840,6.760476,12,1190,[1 0]
3457,47,2.727898,6,5520,80.0,-1.124819,20,840,6.742186,12,1200,[1 0]
3466,64,1.109722,6,5160,80.0,-1.000201,28,500,7.863352,4,2510,[0 -1 0]
3466,64,2.777232,6,5510,80.0,-0.45872,20,940,6.828525,12,1140,[1 0]
3510,65,1.11299,6,5160,80.0,-0.991558,28,500,7.844147,4,2520,[0 -1 0]
3510,65,2.773321,6,5490,80.0,-0.414186,20,950,6.759013,12,1170,[1 0]
3516,52,2.723404,6,5550,80.0,-0.98968,20,830,6.689792,12,1190,[1 0]
3525,49,2.725659,6,5530,80.0,-1.112609,20,830,6.712872,12,1200,[1 0]
3530,66,1.464308,6,5140,80.0,-1.420224,25,1070,7.82011,4,2530,[0 -1 0]
3530,66,2.779572,6,5480,80.0,-0.331139,20,970,6.743909,12,1160,[1 0]
3535,53,2.72885,6,5540,80.0,-0.944876,20,840,6.668438,12,1190,[1 0]
3539,67,1.342951,6,5130,80.0,-1.400377,25,1080,7.795848,4,2540,[0 -1 0]
3539,67,2.786492,6,5480,80.0,-0.303192,20,980,6.743273,12,1150,[1 0]
3543,67,1.464612,6,5130,80.0,-1.400902,25,1080,7.810325,4,2530,[0 -1 0]
3543,67,2.787733,6,5490,80.0,-0.293824,20,980,6.744798,12,1150,[1 0]
3546,71,1.257565,6,5100,80.0,-1.363287,25,1090,7.756975,4,2550,[0 -1 0]
3546,71,2.789088,6,5480,80.0,-0.156255,20,1000,6.694017,12,1140,[1 0]
3549,67,1.463362,6,5130,80.0,-1.40104,25,1080,7.812917,4,2530,[0 -1 0]
3549,67,2.785763,6,5480,80.0,-0.295094,20,980,6.726956,12,1160,[1 0]
3554,69,1.337674,6,5110,80.0,-1.385159,25,1080,7.766695,4,2550,[0 -1 0]
3554,69,2.783154,6,5490,80.0,-0.230665,20,980,6.702707,12,1150,[1 0]
3560,65,1.083149,6,5110,80.0,-0.989725,28,500,7.747507,4,2590,[0]
3560,65,2.76994,6,5470,80.0,-0.514266,20,930,6.668367,12,1210,[1 0]
3567,71,1.105983,6,5090,80.0,-1.359139,25,1090,7.739321,4,2560,[0 -1 0]
3567,71,2.790922,6,5480,80.0,-0.205015,20,990,6.664357,12,1150,[1 0]
3570,61,2.754086,6,5500,80.0,-0.690802,20,890,6.781205,12,1200,[1 0]
3574,68,1.337088,6,5120,80.0,-1.394549,25,1080,7.778426,4,2550,[0 -1 0]
3574,68,2.781447,6,5480,80.0,-0.2582,20,980,6.688576,12,1170,[1 0]
3579,70,1.259661,6,5110,80.0,-1.353004,25,1100,7.760415,4,2550,[0 -1 0]
3579,70,2.785815,6,5480,80.0,-0.243399,20,980,6.664456,12,1160,[1 0]
3584,54,2.728603,6,5520,80.0,-0.953949,20,840,6.613228,12,1210,[1 0]
3590,69,1.342191,6,5130,80.0,-1.387767,25,1080,7.784525,4,2540,[0 -1 0]
3590,69,2.786367,6,5480,80.0,-0.314849,20,970,6.669042,12,1170,[1 0]
3596,61,2.752547,6,5490,80.0,-0.692365,20,890,6.73359,12,1220,[1 0]
3598,70,1.230793,6,5070,80.0,-1.370537,25,1090,7.669238,4,2620,[0 -1 0]
3598,70,2.775371,6,5450,80.0,-0.369074,20,950,6.548944,12,1220,[1 0]
3600,68,1.34078,6,5120,80.0,-1.398465,25,1080,7.781252,4,2550,[0 -1 0]
3600,68,2.784787,6,5470,80.0,-0.348765,20,970,6.697089,12,1170,[1 0]
3603,68,1.4381,6,5090,80.0,-1.396765,25,1080,7.711687,4,2600,[0 -1 0]
3603,68,2.775725,6,5460,80.0,-0.403095,20,950,6.609465,12,1210,[1 0]
3609,50,2.722833,6,5520,80.0,-1.112767,20,830,6.671577,12,1220,[1 0]
3612,69,1.461054,6,5110,80.0,-1.374593,25,1090,7.756963,4,2560,[0 -1 0]
3612,69,2.783921,6,5470,80.0,-1.453389,7,640,6.666556,12,1170,[1 0]
3618,50,3.653529,6,5530,80.0,-1.065732,20,830,6.665313,12,1220,[0 1 0 1 0]
3621,69,1.338548,6,5110,80.0,-1.390702,25,1080,7.74523,4,2570,[0 -1 0]
3621,69,2.782459,6,5470,80.0,-0.310777,20,970,6.652769,12,1180,[1 0]
3623,69,1.329692,6,5100,80.0,-1.373352,25,1090,7.754858,4,2560,[0 -1 0]
3623,69,2.780519,6,5480,80.0,-0.28117,20,970,6.665365,12,1170,[1 0]
3626,69,1.329194,6,5100,80.0,-1.37433,25,1090,7.741045,4,2570,[0 -1 0]
3626,69,2.779738,6,5480,80.0,-0.278521,20,970,6.666279,12,1170,[1 0]
3633,67,1.418911,6,5070,80.0,-1.401442,25,1080,7.644871,4,2650,[0 -1 0]
3633,67,2.771791,6,5430,80.0,-0.485177,20,940,6.540891,12,1250,[1 0]
3635,68,1.340277,6,5120,80.0,-1.398651,25,1080,7.768149,4,2560,[0 -1 0]
3635,68,2.782041,6,5460,80.0,-0.346518,20,970,6.675147,12,1180,[1 0]
3642,70,1.336482,6,5100,80.0,-1.364633,25,1090,7.745065,4,2560,[0 -1 0]
3642,70,2.785296,6,5470,80.0,-0.243884,20,980,6.616539,12,1180,[1 0]
3645,70,1.100953,6,5090,80.0,-1.365506,25,1090,7.718787,4,2580,[0 -1 0]
3645,70,2.783049,6,5470,80.0,-0.244811,20,980,6.623441,12,1180,[1 0]
3647,69,1.331548,6,5100,80.0,-1.386837,25,1080,7.744222,4,2570,[0 -1 0]
3647,69,2.783492,6,5470,80.0,-0.311854,20,970,6.646509,12,1180,[1 0]
3653,53,2.722997,6,5520,80.0,-1.010166,20,830,6.612129,12,1220,[1 0]
3658,57,2.738084,6,5510,80.0,-0.864633,20,860,6.598629,12,1200,[1 0]
3661,69,1.452286,6,5100,80.0,-1.378206,25,1090,7.746125,4,2570,[0 -1 0]
3661,69,2.777704,6,5480,80.0,-0.317937,20,960,6.653291,12,1180,[1 0]
3668,68,1.330067,6,5100,80.0,-1.392495,25,1080,7.733646,4,2580,[0 -1 0]
3668,68,2.781564,6,5470,80.0,-0.308699,20,970,6.656364,12,1180,[1 0]
3675,69,1.445307,6,5090,80.0,-1.374968,25,1090,7.716472,4,2590,[0 -1 0]
3675,69,2.781007,6,5460,80.0,-1.454565,7,640,6.626145,12,1190,[1 0]
3679,68,1.329552,6,5100,80.0,-1.392749,25,1080,7.734858,4,2580,[0 -1 0]
3679,68,2.781127,6,5470,80.0,-0.409257,20,950,6.663262,12,1180,[1 0]
3681,69,1.321127,6,5090,80.0,-1.386589,25,1080,7.727594,4,2580,[0 -1 0]
3681,69,2.77692,6,5470,80.0,-0.325153,20,960,6.626965,12,1190,[1 0]
3684,51,3.639214,6,5520,80.0,-1.093642,20,820,6.629871,12,1230,[0 1]
3691,69,1.330445,6,5100,80.0,-1.391121,25,1080,7.732157,4,2580,[0 -1 0]
3691,69,2.779573,6,5460,80.0,-0.310098,20,970,6.632936,12,1190,[1 0]
3696,69,1.315239,6,5080,80.0,-1.371357,25,1090,7.71111,4,2590,[0 -1 0]
3696,69,2.784806,6,5460,80.0,-0.321004,20,970,6.614162,12,1190,[1 0]
3699,69,1.091969,6,5090,80.0,-1.375524,25,1090,7.717202,4,2590,[0 -1 0]
3699,69,2.775686,6,5470,80.0,-0.318947,20,960,6.628803,12,1190,[1 0]
3703,69,1.238435,6,5090,80.0,-1.388358,25,1080,7.728777,4,2580,[0 -1 0]
3703,69,2.776631,6,5470,80.0,-0.373709,20,950,6.629033,12,1190,[1 0]
3706,69,1.240998,6,5090,80.0,-1.37213,25,1090,7.726149,4,2580,[0 -1 0]
3706,69,2.779813,6,5470,80.0,-0.372899,20,950,6.594763,12,1200,[1 0]
3708,70,1.239557,6,5080,80.0,-1.354446,25,1100,7.706908,4,2590,[0 -1 0]
3708,70,2.779444,6,5460,80.0,-0.330181,20,960,6.585678,12,1200,[1 0]
3712,69,1.331069,6,5100,80.0,-1.390205,25,1080,7.717917,4,2590,[0 -1 0]
3712,69,2.772715,6,5460,80.0,-0.362743,20,950,6.590284,12,1210,[1 0]
3717,69,1.313731,6,5080,80.0,-1.386183,25,1080,7.686031,4,2610,[0 -1 0]
3717,69,2.774512,6,5460,80.0,-0.369507,20,950,6.582989,12,1210,[1 0]
3724,69,1.233566,6,5080,80.0,-1.373081,25,1090,7.699822,4,2600,[0 -1 0]
3724,69,2.775227,6,5460,80.0,-0.374894,20,950,6.583045,12,1210,[1 0]
3729,69,1.318234,6,5090,80.0,-1.378357,25,1090,7.718414,4,2590,[0 -1 0]
3729,69,2.780673,6,5460,80.0,-0.409119,20,950,6.632002,12,1190,[1 0]
3738,70,1.243294,6,5090,80.0,-1.369661,25,1090,7.710533,4,2590,[0 -1 0]
3738,70,2.778089,6,5460,80.0,-0.325952,20,960,6.590539,12,1200,[1 0]
3742,70,1.238941,6,5080,80.0,-1.355788,25,1100,7.70822,4,2590,[0 -1 0]
3742,70,2.778652,6,5460,80.0,-0.332536,20,960,6.589229,12,1200,[1 0]
3746,67,1.302138,6,5070,80.0,-1.400117,25,1080,7.658273,4,2640,[0 -1 0]
3746,67,2.773213,6,5430,80.0,-0.491116,20,940,6.517029,12,1260,[1 0]
3752,66,1.212646,6,5080,80.0,-1.420867,25,1070,7.68135,4,2630,[0 -1 0]
3752,66,2.769702,6,5440,80.0,-0.533289,20,930,6.560186,12,1250,[1 0]
3758,59,2.741496,6,5490,80.0,-0.785213,20,870,6.754635,12,1230,[1 0]
3760,72,1.09323,6,5060,80.0,-1.34054,25,1100,7.663212,4,2610,[0 -1 0]
3760,72,2.789227,6,5450,80.0,-1.405559,7,630,6.53892,12,1200,[1 0]
3762,69,1.31334,6,5080,80.0,-1.375115,25,1090,7.686949,4,2610,[0 -1 0]
3762,69,2.776534,6,5470,80.0,-0.371554,20,950,6.60667,12,1200,[1 0]
3764,71,1.094355,6,5070,80.0,-1.345899,25,1100,7.670046,4,2610,[0 -1 0]
3764,71,2.781912,6,5440,80.0,-1.421143,7,630,6.535339,12,1210,[1 0]
3769,62,2.749972,6,5470,80.0,-0.694691,20,890,6.662003,12,1250,[1 0]
3772,70,1.23319,6,5070,80.0,-1.354797,25,1100,7.665866,4,2620,[0 -1 0]
3772,70,2.776793,6,5450,80.0,-0.329636,20,960,6.565735,12,1210,[1 0]
3775,55,2.730844,6,5510,80.0,-0.960451,20,840,6.558757,12,1230,[1 0]
3777,52,3.595438,6,5520,80.0,-1.059359,20,820,6.591551,12,1240,[0 1]
3782,62,2.750128,6,5470,80.0,-0.694608,20,890,6.679402,12,1240,[1 0]
3787,70,1.30821,6,5070,80.0,-1.37214,25,1090,7.684494,4,2610,[0 -1 0]
3787,70,2.781863,6,5450,80.0,-0.320242,20,970,6.574018,12,1210,[1 0]
3792,54,2.721226,6,5510,80.0,-1.005216,20,830,6.546941,12,1250,[1 0]
3797,53,3.606005,6,5510,80.0,-1.068792,20,820,6.532825,12,1260,[0 1]
3800,70,1.230972,6,5060,80.0,-1.364939,25,1090,7.662693,4,2620,[0 -1 0]
3800,70,2.78459,6,5440,80.0,-1.420055,7,640,6.532915,12,1220,[1 0]
3802,70,1.082641,6,5060,80.0,-1.366005,25,1090,7.663538,4,2620,[0 -1 0]
3802,70,2.783925,6,5440,80.0,-1.422041,7,640,6.536559,12,1220,[1 0]
3806,71,1.087246,6,5060,80.0,-1.34667,25,1100,7.657704,4,2620,[0 -1 0]
3806,71,2.780124,6,5440,80.0,-1.426238,7,630,6.522107,12,1220,[1 0]
3813,62,3.148514,6,5470,80.0,-0.694413,20,890,6.662447,12,1250,[0 1]
3820,53,3.623181,6,5520,80.0,-1.126151,20,810,6.565085,12,1250,[0 1]
3824,56,2.728156,6,5490,80.0,-0.915078,20,850,6.513918,12,1250,[1 0]
3827,63,3.14324,6,5460,80.0,-0.699661,20,890,6.641665,12,1250,[0 1]
3831,71,1.232277,6,5060,80.0,-1.363727,25,1090,7.649337,4,2630,[0 -1 0]
3831,71,2.778603,6,5440,80.0,-1.41711,7,640,6.533149,12,1220,[1 0]
3837,72,1.08433,6,5050,80.0,-1.342904,25,1100,7.626456,4,2640,[0 -1 0]
3837,72,3.806243,6,5430,80.0,-1.436994,7,620,6.489794,12,1230,[0 1 0 1 0]
3841,71,1.087728,6,5060,80.0,-1.347842,25,1100,7.643641,4,2630,[0 -1 0]
3841,71,3.803007,6,5430,80.0,-0.340387,20,960,6.499256,12,1230,[0 1]
3845,53,3.128856,6,5510,80.0,-1.063426,20,820,6.519651,12,1270,[0 1]
3849,56,2.729521,6,5490,80.0,-1.031671,20,830,6.51412,12,1250,[1 0]
3855,71,1.078748,6,5050,80.0,-1.357927,25,1090,7.635019,4,2640,[0 -1 0]
3855,71,3.793467,6,5430,80.0,-1.440874,7,630,6.470665,12,1250,[0 1 0]
3856,58,2.739259,6,5480,80.0,-0.871683,20,860,6.490908,12,1240,[1 0]
3862,72,1.084138,6,5050,80.0,-1.343408,25,1100,7.627389,4,2640,[0 -1 0]
3862,72,3.811356,6,5440,80.0,-0.299824,20,970,6.490492,12,1230,[0 1 0]
3867,63,3.16731,6,5460,80.0,-0.649394,20,900,6.612469,12,1260,[0 1 0]
3872,61,2.744735,6,5460,80.0,-0.797276,20,870,6.62907,12,1270,[1 0]
3877,63,1.062504,6,5100,80.0,-1.462108,25,1060,7.682466,4,2650,[0]
3877,63,2.750426,6,5450,80.0,-0.749242,20,880,6.596817,12,1270,[1 0]
3880,65,2.765043,6,5450,80.0,-0.615409,20,910,6.581838,12,1250,[1 0]
3885,70,1.282623,6,5030,80.0,-1.366817,25,1090,7.566262,4,2690,[0 -1 0]
3885,70,2.769423,6,5410,80.0,-0.469298,20,930,6.398054,12,1290,[1 0]
3888,62,3.031704,6,5460,80.0,-0.750895,20,880,6.624633,12,1260,[0 1 0]
3893,61,2.74671,6,5460,80.0,-0.795879,20,870,6.621344,12,1270,[1 0]
3896,59,2.742573,6,5480,80.0,-0.874963,20,860,6.462882,12,1250,[1 0]
3912,69,1.060018,6,5030,80.0,-1.376614,25,1090,7.560673,4,2700,[0 -1 0]
3912,69,3.154306,6,5410,80.0,-0.555983,20,910,6.380199,12,1310,[0 1 0]
3916,61,2.744596,6,5460,80.0,-0.797067,20,870,6.629458,12,1270,[1 0]
3922,62,2.749508,6,5460,80.0,-0.748774,20,880,6.608819,12,1270,[1 0]
3927,63,2.752825,6,5460,80.0,-0.699534,20,890,6.616756,12,1260,[1 0]
3932,63,3.15462,6,5450,80.0,-0.703293,20,890,6.584146,12,1270,[0 1 0]
3937,62,2.748215,6,5460,80.0,-0.750102,20,880,6.615953,12,1270,[1 0]
3941,64,3.156316,6,5450,80.0,-0.706893,20,890,6.599,12,1260,[0 1 0]
3945,56,3.619567,6,5470,80.0,-0.967716,20,840,6.421864,12,1290,[0 1 0]
3950,63,2.752752,6,5460,80.0,-0.699417,20,890,6.616972,12,1260,[1 0]
3955,63,2.752734,6,5460,80.0,-0.699393,20,890,6.617025,12,1260,[1 0]
3958,68,1.291016,6,5060,80.0,-1.395685,25,1080,7.626256,4,2660,[0 -1 0]
3958,68,2.76835,6,5430,80.0,-0.491374,20,930,6.480752,12,1270,[1 0]
3963,66,1.279954,6,5050,80.0,-0.996522,28,510,7.596667,4,2690,[0 -1 0]
3963,66,2.66071,6,4550,80.0,-0.664222,20,900,5.199023,22,2160,[1 0]
3968,63,2.750191,6,5450,80.0,-0.747548,20,880,6.597237,12,1270,[1 0]
3974,63,2.753836,6,5450,80.0,-0.703115,20,890,6.584552,12,1270,[1 0]
3975,63,2.750168,6,5450,80.0,-0.74752,20,880,6.597296,12,1270,[1 0]
3977,61,2.743237,6,5460,80.0,-0.794925,20,870,6.632654,12,1270,[1 0]
3982,62,2.749538,6,5450,80.0,-0.752136,20,880,6.583372,12,1280,[1 0]
3987,62,2.747556,6,5440,80.0,-0.750494,20,880,6.538459,12,1300,[1 0]
3992,66,1.287362,6,5070,80.0,-1.427275,25,1070,7.643356,4,2660,[0 -1 0]
3992,66,2.762438,6,5420,80.0,-0.616955,20,910,6.486585,12,1290,[1 0]
3995,63,2.750057,6,5440,80.0,-0.702616,20,890,6.54732,12,1290,[1 0]
3998,63,3.028994,6,5440,80.0,-0.706439,20,890,6.539508,12,1290,[0 1 0]
3999,63,2.748195,6,5440,80.0,-0.747425,20,880,6.532631,12,1300,[1 0]
3003,42,2.762693,6,5550,80.0,-1.030169,20,890,6.965227,12,1110,[0 1 0 1 0]
3008,71,1.147574,6,5150,80.0,-1.344797,25,1100,7.868129,4,2460,[0 -1 0]
3008,71,2.806082,6,5520,80.0,-1.419177,7,630,6.797478,12,1080,[1 0]
3021,44,2.756426,6,5560,80.0,-1.006833,20,880,6.961175,12,1100,[0 1 0 1 0]
3028,73,1.151317,6,5130,80.0,-2.170713,25,1110,7.856671,4,2450,[-1]
3028,73,2.819016,6,5510,80.0,-1.375404,7,620,6.815393,12,1040,[1 0]
3041,43,2.755036,6,5540,80.0,-0.993276,20,890,6.938578,12,1120,[0 1 0 1 0]
3045,42,2.759058,6,5540,80.0,-1.031379,20,890,6.962552,12,1110,[0 1 0 1 0]
3050,44,2.751572,6,5550,80.0,-1.006336,20,880,6.932693,12,1120,[0 1 0 1 0]
3059,39,3.167941,6,5520,80.0,-1.196369,20,880,6.943656,12,1150,[0 1 0 1 0]
3065,48,2.748466,6,5580,80.0,-0.81945,20,880,6.914391,12,1090,[0 1 0 1 0]
3070,44,2.751479,6,5550,80.0,-1.005999,20,880,6.93285,12,1120,[0 1 0 1 0]
3075,44,2.751456,6,5550,80.0,-1.005916,20,880,6.932889,12,1120,[0 1 0 1 0]
3079,44,2.751438,6,5550,80.0,-1.005848,20,880,6.93292,12,1120,[0 1 0 1 0]
3083,42,2.753062,6,5530,80.0,-1.020479,20,890,6.937239,12,1130,[1 0]
3096,72,1.288094,6,5120,80.0,-1.333997,25,1100,7.816048,4,2490,[0 -1 0]
3096,72,2.812934,6,5490,80.0,-1.360658,7,640,6.742697,12,1090,[1 0]
3111,43,2.750933,6,5540,80.0,-1.114992,20,870,6.928138,12,1130,[0 1 0 1 0]
3116,44,2.753831,6,5550,80.0,-1.019156,20,880,6.927401,12,1120,[0 1 0 1 0]
3127,52,2.737003,6,5580,80.0,-0.867482,20,850,6.80762,12,1120,[1 0]
3132,44,2.747137,6,5540,80.0,-1.074259,20,870,6.901992,12,1140,[1 0]
3142,44,2.746772,6,5540,80.0,-1.004821,20,880,6.917883,12,1130,[1 0]
3149,46,2.744492,6,5560,80.0,-0.952616,20,870,6.895683,12,1120,[1 0]
3154,44,2.746721,6,5540,80.0,-1.075104,20,870,6.902318,12,1140,[1 0]
3158,44,2.746896,6,5550,80.0,-1.033424,20,870,6.906593,12,1130,[1 0]
3166,45,2.749366,6,5550,80.0,-1.040379,20,870,6.904432,12,1130,[1 0]
3169,66,1.362558,6,5160,80.0,-1.410747,25,1080,7.875423,4,2490,[0 -1 0]
3169,66,2.78298,6,5500,80.0,-0.329922,20,970,6.818209,12,1130,[1 0]
3173,45,2.744393,6,5550,80.0,-0.997108,20,870,6.891365,12,1130,[1 0]
3182,48,2.739877,6,5560,80.0,-0.954837,20,860,6.848714,12,1130,[1 0]
3187,71,1.111602,6,5090,80.0,-1.341301,25,1100,7.74609,4,2550,[-1]
3187,71,2.797666,6,5480,80.0,-0.131065,20,1010,6.666652,12,1140,[1 0]
3193,45,2.747765,6,5550,80.0,-1.03626,20,870,6.903511,12,1130,[1 0]
3202,44,2.749757,6,5540,80.0,-1.017811,20,880,6.912461,12,1130,[1 0]
3209,44,2.742358,6,5530,80.0,-1.074339,20,870,6.886456,12,1150,[1 0]
3213,45,2.739443,6,5540,80.0,-0.989738,20,870,6.843386,12,1160,[1 0]
3217,70,1.341414,6,5110,80.0,-1.355494,25,1100,7.763025,4,2550,[0 -1 0]
3217,70,2.7879,6,5490,80.0,-0.238541,20,980,6.688097,12,1150,[1 0]
3223,43,2.745968,6,5540,80.0,-1.068341,20,870,6.869854,12,1160,[1 0]
3227,58,2.761269,6,5540,80.0,-0.656454,20,900,6.712581,12,1120,[1 0]
3242,45,2.744503,6,5540,80.0,-1.10903,20,860,6.872362,12,1150,[1 0]
3251,45,2.739471,6,5530,80.0,-1.03544,20,870,6.854196,12,1160,[1 0]
3256,69,1.106411,6,5110,80.0,-1.384102,25,1080,7.768945,4,2550,[0 -1 0]
3256,69,2.788188,6,5480,80.0,-0.222494,20,990,6.702132,12,1150,[1 0]
3266,45,2.739221,6,5540,80.0,-1.128974,20,850,6.843847,12,1160,[1 0]
3272,54,2.742194,6,5560,80.0,-0.768943,20,870,6.758527,12,1130,[1 0]
3276,68,1.345818,6,5130,80.0,-1.395274,25,1080,7.818983,4,2520,[0 -1 0]
3276,68,2.790395,6,5480,80.0,-0.304434,20,980,6.728154,12,1150,[1 0]
3287,70,1.350132,6,5120,80.0,-1.353938,25,1100,7.801672,4,2520,[0 -1 0]
3287,70,2.799006,6,5470,80.0,-0.141116,20,1020,6.703995,12,1140,[1 0]
3292,65,1.138908,6,5210,80.0,-1.447051,25,1060,7.936779,4,2450,[0 -1 0]
3292,65,2.785233,6,5550,80.0,-0.256313,20,970,6.933093,12,1080,[1 0]
3306,47,2.73916,6,5540,80.0,-1.039975,20,860,6.843593,12,1150,[1 0]
3310,65,1.128696,6,5190,80.0,-1.439344,25,1060,7.904211,4,2470,[0 -1 0]
3310,65,2.783168,6,5530,80.0,-0.32509,20,960,6.900264,12,1090,[1 0]
3320,48,2.733731,6,5550,80.0,-0.941448,20,860,6.802564,12,1160,[1 0]
3325,62,2.762673,6,5510,80.0,-0.53526,20,920,6.819755,12,1170,[1 0]
3334,65,1.122302,6,5170,80.0,-1.429212,25,1070,7.868241,4,2500,[0 -1 0]
3334,65,2.782541,6,5510,80.0,-0.313318,20,970,6.82748,12,1130,[1 0]
3339,72,1.104473,6,5080,80.0,-1.340047,25,1100,7.692997,4,2590,[-1]
3339,72,2.788069,6,5450,80.0,-0.172221,20,1000,6.565577,12,1190,[1 0]
3344,46,2.73864,6,5530,80.0,-1.076958,20,860,6.819949,12,1170,[1 0]
3348,47,2.73442,6,5540,80.0,-0.989568,20,860,6.798024,12,1170,[1 0]
3351,48,2.736186,6,5540,80.0,-1.067132,20,850,6.810588,12,1160,[1 0]
3362,52,2.729286,6,5560,80.0,-0.935805,20,840,6.757843,12,1150,[1 0]
3369,56,2.743245,6,5530,80.0,-0.73513,20,880,6.657863,12,1170,[1 0]
3376,46,2.733102,6,5530,80.0,-1.163031,20,840,6.796461,12,1180,[1 0]
3380,47,2.735673,6,5530,80.0,-1.105554,20,850,6.807975,12,1170,[1 0]
3398,68,1.329949,6,5100,80.0,-1.393296,25,1080,7.735198,4,2580,[0 -1 0]
3398,68,2.780699,6,5470,80.0,-0.316058,20,970,6.664308,12,1180,[1 0]
3403,52,2.730464,6,5560,80.0,-0.866608,20,850,6.718036,12,1170,[1 0]
3408,57,3.143815,6,5530,80.0,-0.804869,20,870,6.651801,12,1170,[0 1]
3420,71,1.233301,6,5060,80.0,-1.349742,25,1100,7.674692,4,2610,[-1 0]
3420,71,2.787309,6,5440,80.0,-1.415669,7,640,6.567819,12,1200,[1 0]
3422,51,2.725427,6,5550,80.0,-0.961068,20,840,6.743288,12,1170,[1 0]
3426,49,2.730326,6,5530,80.0,-1.027801,20,850,6.759727,12,1180,[1 0]
3433,77,1.252994,6,5010,80.0,-1.267784,25,1130,7.582909,4,2640,[-1 0]
3433,77,2.804883,6,5400,80.0,-1.286903,7,630,6.396269,12,1220,[1 0]
3440,66,1.319781,6,5100,80.0,-0.983569,28,510,7.721538,4,2600,[0 -1 0]
3440,66,2.773376,6,5450,80.0,-0.435398,20,950,6.616567,12,1220,[1 0]
3445,47,2.731269,6,5530,80.0,-1.058174,20,850,6.758267,12,1190,[1 0]
3450,48,2.732534,6,5530,80.0,-1.064931,20,850,6.775517,12,1180,[1 0]
3455,53,2.729766,6,5550,80.0,-0.882149,20,850,6.694951,12,1180,[1 0]
3465,48,2.726969,6,5530,80.0,-1.082775,20,840,6.750422,12,1190,[1 0]
3470,49,2.728613,6,5540,80.0,-1.045917,20,840,6.751984,12,1180,[1 0]
3473,48,3.646752,6,5520,80.0,-1.060364,20,850,6.738314,12,1200,[0 1 0 1 0]
3477,49,2.725828,6,5530,80.0,-0.98062,20,850,6.712475,12,1200,[1 0]
3486,49,2.727821,6,5540,80.0,-1.041422,20,840,6.752242,12,1180,[1 0]
3496,55,3.115325,6,5540,80.0,-0.841219,20,860,6.693139,12,1160,[0 1]
3500,48,2.727426,6,5530,80.0,-1.019975,20,850,6.746904,12,1190,[1 0]
3511,70,1.309353,6,5070,80.0,-1.368806,25,1090,7.68145,4,2610,[0 -1 0]
3511,70,2.783904,6,5450,80.0,-0.323685,20,970,6.587718,12,1200,[1 0]
3512,61,2.752225,6,5500,80.0,-0.68376,20,890,6.765779,12,1210,[1 0]
3525,54,2.734268,6,5550,80.0,-0.88691,20,850,6.680704,12,1180,[1 0]
3533,68,1.437865,6,5090,80.0,-1.397916,25,1080,7.71241,4,2600,[0 -1 0]
3533,68,2.777845,6,5440,80.0,-0.444864,20,950,6.591885,12,1220,[1 0]
3537,49,2.725388,6,5530,80.0,-1.114645,20,830,6.714329,12,1200,[1 0]
3540,70,1.31158,6,5070,80.0,-1.366564,25,1090,7.680216,4,2610,[0 -1 0]
3540,70,2.779909,6,5460,80.0,-0.333535,20,960,6.58532,12,1200,[1 0]
3551,73,1.094099,6,5050,80.0,-1.319947,25,1110,7.654841,4,2610,[0 -1 0]
3551,73,2.793446,6,5440,80.0,-1.376883,7,630,6.517801,12,1200,[1 0]
3555,67,1.074674,6,5080,80.0,-1.403983,25,1080,7.679336,4,2630,[0 -1 0]
3555,67,2.770693,6,5440,80.0,-0.484825,20,940,6.575826,12,1240,[1 0]
3561,66,1.080508,6,5100,80.0,-0.981399,28,500,7.70001,4,2620,[0 -1 0]
3561,66,2.767383,6,5450,80.0,-0.567838,20,920,6.59549,12,1240,[1 0]
3563,67,1.466858,6,5140,80.0,-1.418202,25,1070,7.816843,4,2530,[0 -1 0]
3563,67,2.781353,6,5480,80.0,-0.338851,20,970,6.719698,12,1170,[1 0]
3572,70,1.236879,6,5080,80.0,-1.369221,25,1090,7.696955,4,2600,[0 -1 0]
3572,70,2.788082,6,5440,80.0,-0.273208,20,990,6.570228,12,1210,[1 0]
3576,55,2.734858,6,5530,80.0,-0.846346,20,860,6.644424,12,1190,[1 0]
3581,69,1.111129,6,5120,80.0,-1.374821,25,1090,7.770758,4,2550,[0 -1 0]
3581,69,2.781579,6,5490,80.0,-0.272344,20,970,6.688536,12,1160,[1 0]
3597,68,1.462286,6,5120,80.0,-1.394121,25,1080,7.792025,4,2540,[0 -1 0]
3597,68,2.781666,6,5480,80.0,-0.357762,20,960,6.708331,12,1160,[1 0]
3610,50,2.722437,6,5530,80.0,-1.135202,20,820,6.680223,12,1210,[1 0]
3614,53,2.722697,6,5530,80.0,-1.004733,20,830,6.619966,12,1220,[1 0]
3616,57,2.739395,6,5510,80.0,-0.864632,20,860,6.613997,12,1190,[1 0]
3625,51,2.723634,6,5530,80.0,-1.009127,20,840,6.675418,12,1210,[1 0]
3628,50,3.633259,6,5520,80.0,-1.046518,20,840,6.671128,12,1220,[0 1 0 1 0]
3636,48,2.722266,6,5510,80.0,-1.148654,20,830,6.647426,12,1240,[1 0]
3642,50,2.723033,6,5530,80.0,-1.13921,20,820,6.680554,12,1210,[1 0]
3649,70,1.221844,6,5050,80.0,-1.355265,25,1100,7.623951,4,2650,[0 -1 0]
3649,70,2.772308,6,5430,80.0,-0.378787,20,950,6.463737,12,1260,[1 0]
3652,70,1.231295,6,5060,80.0,-1.352676,25,1100,7.648546,4,2630,[0 -1 0]
3652,70,2.775237,6,5430,80.0,-1.464771,7,620,6.472631,12,1250,[1 0]
3660,54,2.727139,6,5530,80.0,-0.9481,20,840,6.626784,12,1210,[1 0]
3670,55,2.728345,6,5510,80.0,-0.905542,20,850,6.550085,12,1240,[1 0]
3678,57,3.060796,6,5500,80.0,-0.868569,20,860,6.544424,12,1220,[0 1]
3681,67,1.306329,6,5080,80.0,-1.414704,25,1070,7.676495,4,2630,[0]
3681,67,2.773774,6,5440,80.0,-0.438056,20,950,6.585941,12,1230,[1 0]
3686,52,2.72036,6,5530,80.0,-1.05736,20,820,6.606129,12,1230,[1 0]
3691,70,1.074374,6,5050,80.0,-1.369056,25,1090,7.612572,4,2660,[0 -1 0]
3691,70,2.772132,6,5430,80.0,-0.466252,20,930,6.48666,12,1250,[1 0]
3698,37,2.735479,6,5430,80.0,-1.523266,20,850,6.728401,12,1290,[1 0]
3702,68,1.32202,6,5090,80.0,-1.392811,25,1080,7.705139,4,2600,[0 -1 0]
3702,68,2.782858,6,5450,80.0,-0.35435,20,970,6.598135,12,1210,[1 0]
3713,70,1.082427,6,5060,80.0,-1.354206,25,1100,7.636968,4,2640,[0 -1 0]
3713,70,2.77521,6,5440,80.0,-1.474746,7,620,6.501876,12,1240,[1 0]
3718,59,2.745524,6,5490,80.0,-0.763974,20,880,6.521765,12,1220,[1 0]
3721,70,1.214154,6,5040,80.0,-1.369562,25,1090,7.584004,4,2680,[0 -1 0]
3721,70,2.769722,6,5420,80.0,-0.463799,20,930,6.4453,12,1270,[1 0]
3725,69,1.414743,6,5050,80.0,-1.378623,25,1090,7.620096,4,2660,[0 -1 0]
3725,69,2.770302,6,5420,80.0,-1.464858,7,640,6.467716,12,1270,[1 0]
3732,58,3.043907,6,5490,80.0,-0.814528,20,870,6.514405,12,1230,[0 1]
3738,53,2.718225,6,5520,80.0,-0.99522,20,830,6.583999,12,1240,[1 0]
3744,71,1.315665,6,5070,80.0,-1.348432,25,1100,7.686481,4,2600,[0 -1 0]
3744,71,2.781516,6,5450,80.0,-0.294003,20,970,6.567397,12,1200,[1 0]
3746,69,1.301238,6,5060,80.0,-1.3904,25,1080,7.620041,4,2660,[0 -1 0]
3746,69,2.766217,6,5430,80.0,-0.456008,20,930,6.465656,12,1270,[1 0]
3753,61,2.749521,6,5470,80.0,-0.743819,20,880,6.641281,12,1260,[1 0]
3759,52,3.634707,6,5520,80.0,-1.059494,20,820,6.591405,12,1240,[0 1]
3766,59,3.052679,6,5490,80.0,-0.843146,20,860,6.733937,12,1240,[0 1]
3775,61,2.749429,6,5480,80.0,-0.691001,20,890,6.693069,12,1240,[1 0]
3789,63,1.066941,6,5100,80.0,-1.457448,25,1060,7.690823,4,2640,[0]
3789,63,3.155736,6,5450,80.0,-0.752397,20,880,6.579659,12,1270,[0 1 0]
3792,60,2.74363,6,5480,80.0,-0.792282,20,870,6.714723,12,1240,[1 0]
3797,57,2.735568,6,5500,80.0,-0.920659,20,850,6.519234,12,1240,[1 0]
3800,53,2.7184,6,5510,80.0,-1.003085,20,830,6.558592,12,1250,[1 0]
3804,59,2.745217,6,5490,80.0,-0.875363,20,860,6.52259,12,1220,[1 0]
3809,65,1.062532,6,5070,80.0,-1.428298,25,1070,7.630736,4,2670,[0 -1 0]
3809,65,3.145873,6,5430,80.0,-0.618188,20,910,6.516675,12,1280,[0 1]
3814,53,3.622437,6,5520,80.0,-1.1259,20,810,6.566695,12,1250,[0 1]
3822,71,1.225511,6,5040,80.0,-1.347548,25,1100,7.601254,4,2660,[0 -1 0]
3822,71,2.779362,6,5430,80.0,-0.386224,20,950,6.458638,12,1250,[1 0]
3826,71,1.284474,6,5030,80.0,-1.364307,25,1090,7.563068,4,2690,[0 -1 0]
3826,71,2.771923,6,5410,80.0,-0.466593,20,930,6.386034,12,1290,[1 0]
3835,60,2.743527,6,5490,80.0,-0.781108,20,870,6.702324,12,1250,[1 0]
3840,62,3.159966,6,5470,80.0,-0.648001,20,900,6.669257,12,1240,[0 1]
3846,63,2.754604,6,5460,80.0,-0.651557,20,900,6.653351,12,1240,[1 0]
3856,63,3.100265,6,5470,80.0,-0.752865,20,880,6.64017,12,1250,[0 1 0]
3860,63,2.753994,6,5460,80.0,-0.703298,20,890,6.635036,12,1250,[1 0]
3865,62,3.089781,6,5470,80.0,-0.747,20,880,6.641438,12,1260,[0 1 0]
3868,64,1.071615,6,5100,80.0,-1.452229,25,1060,7.714418,4,2620,[0 -1 0]
3868,64,2.75961,6,5450,80.0,-0.658747,20,900,6.606654,12,1250,[1 0]
3880,62,3.065833,6,5460,80.0,-0.750381,20,880,6.61542,12,1270,[0 1 0]
3883,54,2.71948,6,5500,80.0,-1.068079,20,820,6.503219,12,1270,[1 0]
3887,62,2.749619,6,5460,80.0,-0.748947,20,880,6.60849,12,1270,[1 0]
3895,61,2.744661,6,5460,80.0,-0.797166,20,870,6.629273,12,1270,[1 0]
3900,61,2.744191,6,5470,80.0,-0.847551,20,860,6.641163,12,1270,[1 0]
3903,62,2.748324,6,5460,80.0,-0.750268,20,880,6.615633,12,1270,[1 0]
3907,61,2.744169,6,5470,80.0,-0.847524,20,860,6.641228,12,1270,[1 0]
3911,62,2.751726,6,5460,80.0,-0.75242,20,880,6.626794,12,1260,[1 0]
3916,62,2.751644,6,5460,80.0,-0.750779,20,880,6.624906,12,1260,[1 0]
3920,63,2.752304,6,5460,80.0,-0.747741,20,880,6.618837,12,1260,[1 0]
3926,59,2.736638,6,5470,80.0,-0.842265,20,860,6.670013,12,1270,[1 0]
3929,63,2.752275,6,5460,80.0,-0.747706,20,880,6.618922,12,1260,[1 0]
3933,62,2.748228,6,5460,80.0,-0.750121,20,880,6.615916,12,1270,[1 0]
3938,61,2.745675,6,5460,80.0,-0.792205,20,870,6.622703,12,1270,[1 0]
3948,55,3.621372,6,5490,80.0,-1.084774,20,820,6.467226,12,1280,[0 1 0]
3954,55,3.628148,6,5480,80.0,-1.024452,20,830,6.457106,12,1280,[0 1 0]
3958,58,2.734343,6,5460,80.0,-0.869837,20,860,6.394475,12,1290,[1 0]
3963,61,2.744453,6,5460,80.0,-0.79685,20,870,6.629867,12,1270,[1 0]
3968,61,2.746466,6,5460,80.0,-0.79559,20,870,6.622042,12,1270,[1 0]
3973,61,2.740971,6,5440,80.0,-0.798271,20,870,6.541423,12,1310,[1 0]
3978,62,2.748088,6,5460,80.0,-0.749906,20,880,6.61633,12,1270,[1 0]
3983,63,2.749874,6,5450,80.0,-0.696065,20,890,6.576163,12,1280,[1 0]
3988,62,2.745156,6,5450,80.0,-0.746399,20,880,6.577354,12,1290,[1 0]
3993,62,2.745849,6,5450,80.0,-0.741731,20,880,6.568573,12,1290,[1 0]
3997,63,3.02949,6,5440,80.0,-0.706443,20,890,6.539868,12,1290,[0 1 0]
3999,59,2.73645,6,5450,80.0,-0.929406,20,850,6.382335,12,1290,[1 0]
