3002,46,-2.043916,13,930,80.0,-6.017461,3,710,-5.60994,3,980,[0]
3007,63,-0.417304,13,1040,80.0,-7.515923,11,4140,-6.43026,3,540,[0 -1 0]
3007,63,-2.69496,13,1070,80.0,-5.975148,3,560,-5.641905,3,850,[0]
3010,42,-1.904284,13,910,80.0,-5.999314,3,740,-5.596967,3,1000,[0]
3015,42,-1.947063,13,920,80.0,-6.012713,3,730,-5.597527,3,1000,[0]
3019,46,-2.037784,13,930,80.0,-6.018936,3,710,-5.611131,3,980,[0]
3022,42,-1.912953,13,910,80.0,-5.999679,3,740,-5.597069,3,1000,[0]
3027,73,-2.973547,13,1140,80.0,-5.919872,3,500,-5.62477,3,780,[0]
3033,41,-1.855499,13,900,80.0,-5.990233,3,750,-5.596287,3,1000,[0]
3037,69,-0.674122,13,1070,80.0,-7.503034,11,4140,-6.277964,3,510,[0 -1 0]
3037,69,-2.815352,13,1090,80.0,-5.932785,3,540,-5.620201,3,830,[0]
3044,62,-2.609967,13,1040,80.0,-5.934028,3,600,-5.634684,3,870,[0]
3047,59,-2.54084,13,1030,80.0,-5.964028,3,600,-5.64349,3,880,[0]
3054,49,-2.155297,13,950,80.0,-6.028236,3,690,-5.622244,3,960,[0]
3058,62,-2.636617,13,1050,80.0,-5.9426,3,590,-5.638399,3,860,[0]
3061,69,-2.844717,13,1100,80.0,-5.927046,3,540,-5.630727,3,810,[0]
3065,42,-1.94677,13,920,80.0,-6.013054,3,730,-5.59763,3,1000,[0]
3067,59,-2.531286,13,1030,80.0,-5.999137,3,620,-5.645359,3,880,[0]
3071,60,-2.560305,13,1030,80.0,-5.954422,3,600,-5.636088,3,880,[0]
3082,44,-1.968626,13,920,80.0,-6.020954,3,720,-5.597376,3,1000,[0]
3088,45,-2.031909,13,930,80.0,-6.043099,3,700,-5.60413,3,990,[0]
3093,49,-2.197438,13,960,80.0,-6.017962,3,690,-5.627213,3,950,[0]
3098,65,-0.584788,13,1070,80.0,-7.518265,11,4130,-6.443284,3,510,[0 -1 0]
3098,65,-2.74204,13,1080,80.0,-5.957802,3,560,-5.646437,3,830,[0]
3103,45,-2.033437,13,930,80.0,-6.041974,3,700,-5.604281,3,990,[0]
3109,44,-1.968477,13,920,80.0,-6.021163,3,720,-5.597435,3,1000,[0]
3114,44,-1.968449,13,920,80.0,-6.021202,3,720,-5.597447,3,1000,[0]
3118,43,-1.997762,13,930,80.0,-6.0247,3,720,-5.598676,3,1000,[0]
3124,64,-2.708104,13,1070,80.0,-5.952239,3,570,-5.643573,3,840,[0]
3129,69,-0.716533,13,1080,80.0,-7.509248,11,4130,-6.271503,3,510,[0 -1 0]
3129,69,-2.839713,13,1100,80.0,-5.948434,3,530,-5.628466,3,820,[0]
3134,44,-1.96834,13,920,80.0,-6.021357,3,720,-5.597491,3,1000,[0]
3139,74,-2.940775,13,1120,80.0,-5.898636,3,510,-5.618081,3,790,[0]
3144,43,-1.997617,13,930,80.0,-6.024863,3,720,-5.598732,3,1000,[0]
3150,58,-2.471611,13,1010,80.0,-6.010753,3,620,-5.634223,3,900,[0]
3155,64,-2.707723,13,1070,80.0,-5.967267,3,560,-5.643644,3,840,[0]
3158,44,-2.049802,13,940,80.0,-6.026507,3,710,-5.61071,3,980,[0]
3162,43,-1.952212,13,920,80.0,-6.010428,3,730,-5.597815,3,1000,[0]
3166,63,-2.644785,13,1050,80.0,-5.94205,3,590,-5.637901,3,860,[0]
3169,47,-2.128485,13,950,80.0,-6.020676,3,700,-5.622846,3,960,[0]
3175,44,-1.968121,13,920,80.0,-6.021663,3,720,-5.597578,3,1000,[0]
3180,44,-2.004493,13,930,80.0,-6.018422,3,720,-5.604678,3,990,[0]
3185,49,-2.159883,13,950,80.0,-6.019748,3,690,-5.62021,3,960,[0]
3191,64,-0.482345,13,1050,80.0,-7.514382,11,4140,-6.44709,3,520,[0 -1 0]
3191,64,-2.710811,13,1070,80.0,-5.967217,3,560,-5.6436,3,840,[0]
3197,44,-2.011269,13,930,80.0,-6.019822,3,720,-5.605082,3,990,[0]
3201,61,-2.620159,13,1050,80.0,-5.977369,3,580,-5.637801,3,870,[0]
3208,70,-2.850868,13,1100,80.0,-5.936359,3,530,-5.63022,3,810,[0]
3211,45,-2.056068,13,940,80.0,-6.027503,3,710,-5.61094,3,980,[0]
3215,44,-2.045072,13,940,80.0,-6.036138,3,710,-5.605517,3,990,[0]
3221,68,-0.695285,13,1080,80.0,-7.505787,11,4140,-6.337641,3,500,[0 -1 0]
3221,68,-2.789257,13,1080,80.0,-5.932601,3,550,-5.624247,3,830,[0]
3226,64,-2.707191,13,1070,80.0,-5.96852,3,560,-5.644068,3,840,[0]
3228,58,-2.504254,13,1020,80.0,-6.025078,3,610,-5.631881,3,900,[0]
3234,45,-2.050724,13,940,80.0,-6.029462,3,710,-5.611854,3,980,[0]
3241,61,-2.595337,13,1040,80.0,-5.962211,3,590,-5.632003,3,880,[0]
3248,49,-2.217179,13,970,80.0,-6.040898,3,680,-5.626892,3,950,[0]
3255,46,-2.076708,13,940,80.0,-6.037686,3,700,-5.616589,3,970,[0]
3258,60,-2.553841,13,1030,80.0,-5.975235,3,590,-5.639383,3,880,[0]
3268,68,-0.693256,13,1080,80.0,-7.506369,11,4140,-6.342055,3,500,[0 -1 0]
3268,68,-2.820326,13,1100,80.0,-5.950219,3,540,-5.632832,3,820,[0]
3274,68,-0.696866,13,1080,80.0,-7.505441,11,4140,-6.33567,3,500,[0 -1 0]
3274,68,-2.789553,13,1080,80.0,-5.928432,3,550,-5.624304,3,830,[0]
3278,49,-2.153813,13,950,80.0,-6.030231,3,690,-5.622786,3,960,[0]
3285,58,-2.499608,13,1020,80.0,-6.01025,3,620,-5.640981,3,890,[0]
3291,55,-2.375593,13,990,80.0,-6.021509,3,640,-5.631314,3,920,[0]
3298,45,-2.032478,13,930,80.0,-6.043164,3,700,-5.604696,3,990,[0]
3304,55,-2.365615,13,990,80.0,-6.032315,3,640,-5.634163,3,920,[0]
3308,49,-2.21319,13,970,80.0,-6.042844,3,680,-5.626915,3,950,[0]
3313,68,-0.634158,13,1070,80.0,-7.501873,11,4150,-6.350477,3,510,[0]
3313,68,-2.754542,13,1070,80.0,-5.929023,3,560,-5.623323,3,840,[0]
3318,69,-0.664981,13,1070,80.0,-7.504019,11,4140,-6.297513,3,510,[0 -1 0]
3318,69,-2.791856,13,1080,80.0,-5.922853,3,550,-5.624502,3,830,[0]
3332,46,-2.010541,13,920,80.0,-6.021915,3,710,-5.605205,3,990,[0]
3337,47,-2.087404,13,940,80.0,-6.030993,3,700,-5.617739,3,970,[0]
3340,58,-2.501219,13,1020,80.0,-5.996052,3,630,-5.6404,3,890,[0]
3346,62,-2.597294,13,1040,80.0,-5.941954,3,600,-5.638273,3,870,[0]
3350,73,-2.944181,13,1130,80.0,-5.939273,3,500,-5.62561,3,790,[0]
3356,61,-2.570143,13,1030,80.0,-5.949334,3,600,-5.635243,3,880,[0]
3362,64,-0.459065,13,1050,80.0,-7.522669,11,4130,-6.461581,3,530,[0 -1 0]
3362,64,-2.675655,13,1060,80.0,-5.950296,3,580,-5.641883,3,850,[0]
3366,70,-0.773412,13,1090,80.0,-7.501347,11,4140,-6.266619,3,500,[0 -1 0]
3366,70,-2.850688,13,1100,80.0,-5.940601,3,530,-5.62955,3,810,[0]
3373,62,-0.388404,13,1040,80.0,-7.525188,11,4130,-6.507564,3,530,[0 -1 0]
3373,62,-2.635048,13,1050,80.0,-5.947108,3,590,-5.640916,3,860,[0]
3378,64,-0.457957,13,1050,80.0,-7.523246,11,4130,-6.459981,3,530,[0 -1 0]
3378,64,-2.676982,13,1060,80.0,-5.952395,3,580,-5.641206,3,850,[0]
3381,46,-2.080233,13,940,80.0,-6.030584,3,700,-5.617715,3,970,[0]
3390,47,-2.096185,13,940,80.0,-6.02162,3,700,-5.617137,3,970,[0]
3394,62,-2.631223,13,1050,80.0,-5.971617,3,580,-5.64281,3,860,[0]
3401,46,-2.048696,13,930,80.0,-6.030944,3,700,-5.611059,3,980,[0]
3413,63,-2.64039,13,1050,80.0,-5.945954,3,590,-5.640188,3,860,[0]
3418,47,-2.096043,13,940,80.0,-6.021836,3,700,-5.617192,3,970,[0]
3423,51,-2.274876,13,980,80.0,-6.032403,3,670,-5.636546,3,930,[0]
3429,48,-2.135284,13,950,80.0,-6.021001,3,700,-5.623401,3,960,[0]
3433,68,-0.643718,13,1070,80.0,-7.500411,11,4150,-6.335359,3,510,[0]
3433,68,-2.757118,13,1070,80.0,-5.919219,3,560,-5.622327,3,840,[0]
3439,48,-2.136997,13,950,80.0,-6.022357,3,700,-5.623511,3,960,[0]
3442,70,-0.747066,13,1080,80.0,-7.493351,11,4150,-6.245461,3,500,[0]
3442,70,-2.856463,13,1100,80.0,-5.90624,3,540,-5.633492,3,800,[0]
3447,65,-0.543563,13,1060,80.0,-7.518783,11,4130,-6.4425,3,510,[0]
3447,65,-2.745859,13,1080,80.0,-5.975345,3,550,-5.645687,3,830,[0]
3453,47,-2.099421,13,940,80.0,-6.024436,3,700,-5.617118,3,970,[0]
3457,47,-2.099402,13,940,80.0,-6.024466,3,700,-5.617123,3,970,[0]
3466,64,-2.681495,13,1060,80.0,-5.941303,3,580,-5.647069,3,840,[0]
3510,65,-0.519913,13,1060,80.0,-7.515374,11,4140,-6.455463,3,520,[0]
3510,65,-2.711288,13,1070,80.0,-5.958241,3,570,-5.64453,3,840,[0]
3516,52,-2.262532,13,970,80.0,-6.023505,3,670,-5.636255,3,930,[0]
3525,49,-2.195021,13,960,80.0,-6.021703,3,690,-5.627949,3,950,[0]
3530,66,-0.56446,13,1060,80.0,-7.504572,11,4150,-6.404205,3,510,[0]
3530,66,-2.73714,13,1070,80.0,-5.965705,3,550,-5.61839,3,860,[0]
3535,53,-2.342034,13,990,80.0,-6.041256,3,650,-5.638557,3,920,[0]
3539,67,-0.622265,13,1070,80.0,-7.515388,11,4130,-6.372826,3,510,[0]
3539,67,-2.769818,13,1080,80.0,-5.952924,3,550,-5.628156,3,840,[0]
3543,67,-0.627264,13,1070,80.0,-7.508676,11,4140,-6.363727,3,510,[0]
3543,67,-2.749999,13,1070,80.0,-5.952949,3,550,-5.626938,3,840,[0]
3546,71,-2.856068,13,1100,80.0,-5.930653,3,530,-5.626972,3,810,[0]
3549,67,-2.724144,13,1060,80.0,-5.938632,3,560,-5.621445,3,850,[0]
3554,69,-0.712187,13,1080,80.0,-7.503662,11,4140,-6.282804,3,510,[0]
3554,69,-2.819168,13,1090,80.0,-5.93958,3,540,-5.62898,3,820,[0]
3560,65,-2.714562,13,1070,80.0,-5.949115,3,570,-5.641418,3,840,[0]
3567,71,-2.882106,13,1110,80.0,-5.944777,3,520,-5.631446,3,800,[0]
3570,61,-0.302727,13,1030,80.0,-7.529223,11,4130,-6.575724,3,530,[0 -1 0]
3570,61,-2.565958,13,1030,80.0,-5.982668,3,580,-5.628457,3,890,[0]
3574,68,-0.603704,13,1060,80.0,-7.506511,11,4140,-6.334057,3,510,[0 -1 0]
3574,68,-2.757839,13,1070,80.0,-5.923428,3,560,-5.622187,3,840,[0]
3579,70,-0.768666,13,1090,80.0,-7.501878,11,4140,-6.276214,3,500,[0 -1 0]
3579,70,-2.849339,13,1100,80.0,-5.942018,3,530,-5.631883,3,810,[0]
3584,54,-2.356719,13,990,80.0,-6.03685,3,640,-5.628822,3,930,[0]
3590,69,-0.663489,13,1070,80.0,-7.504872,11,4140,-6.295743,3,510,[0]
3590,69,-2.792925,13,1080,80.0,-5.923071,3,550,-5.634205,3,820,[0]
3596,61,-2.592112,13,1040,80.0,-5.968009,3,590,-5.633444,3,880,[0]
3598,70,-0.724614,13,1080,80.0,-7.508068,11,4130,-6.286387,3,500,[0]
3598,70,-2.823091,13,1090,80.0,-5.927177,3,540,-5.626775,3,820,[0]
3600,68,-0.58719,13,1060,80.0,-7.508922,11,4140,-6.333873,3,520,[0]
3600,68,-2.751848,13,1070,80.0,-5.934579,3,560,-5.625388,3,840,[0]
3603,68,-0.640517,13,1070,80.0,-7.500718,11,4150,-6.342204,3,510,[0]
3603,68,-2.75685,13,1070,80.0,-5.925049,3,560,-5.623389,3,840,[0]
3609,50,-2.223859,13,970,80.0,-6.035452,3,680,-5.625808,3,950,[0]
3612,69,-0.746251,13,1090,80.0,-7.516163,11,4120,-6.320274,3,500,[0 -1 0]
3612,69,-2.832072,13,1100,80.0,-5.93871,3,540,-5.631938,3,820,[0]
3618,50,-2.200775,13,960,80.0,-6.012977,3,690,-5.626558,3,950,[0]
3621,69,-0.699978,13,1080,80.0,-7.50475,11,4140,-6.332989,3,500,[0 -1 0]
3621,69,-2.786955,13,1080,80.0,-5.926432,3,550,-5.62521,3,830,[0]
3623,69,-0.746234,13,1090,80.0,-7.504677,11,4140,-6.318049,3,500,[0 -1 0]
3623,69,-2.816055,13,1090,80.0,-5.944986,3,540,-5.631511,3,820,[0]
3626,69,-0.747681,13,1090,80.0,-7.510223,11,4130,-6.316567,3,500,[0 -1 0]
3626,69,-2.816667,13,1090,80.0,-5.941533,3,540,-5.630291,3,820,[0]
3633,67,-0.625939,13,1070,80.0,-7.508853,11,4140,-6.366391,3,510,[0]
3633,67,-2.749354,13,1070,80.0,-5.95436,3,550,-5.627406,3,840,[0]
3635,68,-0.670887,13,1080,80.0,-7.50841,11,4140,-6.385974,3,500,[0 -1 0]
3635,68,-2.754144,13,1070,80.0,-5.934793,3,560,-5.624544,3,840,[0]
3642,70,-2.85193,13,1100,80.0,-5.932042,3,530,-5.630196,3,810,[0]
3645,70,-2.850227,13,1100,80.0,-5.943925,3,530,-5.629301,3,810,[0]
3647,69,-0.705735,13,1080,80.0,-7.504324,11,4140,-6.320457,3,500,[0 -1 0]
3647,69,-2.791992,13,1080,80.0,-5.921263,3,550,-5.624272,3,830,[0]
3653,53,-2.340686,13,990,80.0,-6.043587,3,650,-5.632597,3,930,[0]
3658,57,-2.426456,13,1000,80.0,-6.044658,3,620,-5.628682,3,920,[0]
3661,69,-0.699275,13,1080,80.0,-7.511123,11,4130,-6.334281,3,500,[0 -1 0]
3661,69,-2.788853,13,1080,80.0,-5.931155,3,550,-5.626291,3,830,[0]
3668,68,-0.692105,13,1080,80.0,-7.506499,11,4140,-6.342841,3,500,[0 -1 0]
3668,68,-2.786317,13,1080,80.0,-5.9387,3,550,-5.625895,3,830,[0]
3675,69,-0.745358,13,1090,80.0,-7.516289,11,4120,-6.322215,3,500,[0 -1 0]
3675,69,-2.831689,13,1100,80.0,-5.939685,3,540,-5.632302,3,820,[0]
3679,68,-0.688025,13,1080,80.0,-7.506518,11,4140,-6.353919,3,500,[0 -1 0]
3679,68,-2.785391,13,1080,80.0,-5.941041,3,550,-5.629226,3,830,[0]
3681,69,-0.705626,13,1080,80.0,-7.504504,11,4140,-6.29513,3,510,[0]
3681,69,-2.815766,13,1090,80.0,-5.943635,3,540,-5.63192,3,820,[0]
3684,51,-2.243383,13,970,80.0,-6.034689,3,670,-5.631589,3,940,[0]
3691,69,-0.698905,13,1080,80.0,-7.5049,11,4140,-6.335145,3,500,[0 -1 0]
3691,69,-2.786484,13,1080,80.0,-5.927567,3,550,-5.625592,3,830,[0]
3696,69,-0.720033,13,1080,80.0,-7.502518,11,4140,-6.2958,3,500,[0 -1 0]
3696,69,-2.842681,13,1100,80.0,-5.929429,3,540,-5.634852,3,810,[0]
3699,69,-0.663382,13,1070,80.0,-7.504695,11,4140,-6.299987,3,510,[0]
3699,69,-2.791333,13,1080,80.0,-5.929447,3,550,-5.624749,3,830,[0]
3703,69,-0.704915,13,1080,80.0,-7.504617,11,4140,-6.297168,3,510,[0]
3703,69,-2.793745,13,1080,80.0,-5.926257,3,550,-5.632119,3,820,[0]
3706,69,-0.716978,13,1080,80.0,-7.502904,11,4140,-6.30208,3,500,[0 -1 0]
3706,69,-2.820782,13,1090,80.0,-5.932421,3,540,-5.628367,3,820,[0]
3708,70,-0.729116,13,1080,80.0,-7.496001,11,4150,-6.277631,3,500,[0 -1 0]
3708,70,-2.84824,13,1100,80.0,-5.946349,3,530,-5.631524,3,810,[0]
3712,69,-0.661108,13,1070,80.0,-7.504985,11,4140,-6.304104,3,510,[0]
3712,69,-2.789481,13,1080,80.0,-5.929985,3,550,-5.624831,3,830,[0]
3717,69,-0.709899,13,1080,80.0,-7.503969,11,4140,-6.287634,3,510,[0]
3717,69,-2.818055,13,1090,80.0,-5.942094,3,540,-5.629849,3,820,[0]
3724,69,-0.708629,13,1080,80.0,-7.504515,11,4140,-6.31418,3,500,[0 -1 0]
3724,69,-2.817281,13,1090,80.0,-5.942766,3,540,-5.628935,3,820,[0]
3729,69,-0.660275,13,1070,80.0,-7.505006,11,4140,-6.30695,3,510,[0]
3729,69,-2.788054,13,1080,80.0,-5.929448,3,550,-5.625946,3,830,[0]
3738,70,-2.822715,13,1090,80.0,-5.931577,3,540,-5.625965,3,820,[0]
3742,70,-0.72609,13,1080,80.0,-7.496069,11,4150,-6.284623,3,500,[0 -1 0]
3742,70,-2.847322,13,1100,80.0,-5.945319,3,530,-5.624609,3,820,[0]
3746,67,-0.66665,13,1080,80.0,-7.515016,11,4130,-6.393392,3,500,[0]
3746,67,-2.751209,13,1070,80.0,-5.937476,3,560,-5.625571,3,840,[0]
3752,66,-0.603025,13,1070,80.0,-7.511311,11,4140,-6.409044,3,510,[0]
3752,66,-2.716138,13,1060,80.0,-5.950811,3,560,-5.626623,3,850,[0]
3758,59,-2.515326,13,1020,80.0,-5.97257,3,600,-5.631051,3,900,[0]
3760,72,-2.914656,13,1120,80.0,-5.946384,3,510,-5.622825,3,800,[0]
3762,69,-0.745806,13,1090,80.0,-7.510477,11,4130,-6.320643,3,500,[0 -1 0]
3762,69,-2.815764,13,1090,80.0,-5.943569,3,540,-5.630999,3,820,[0]
3764,71,-0.801389,13,1090,80.0,-7.491874,11,4150,-6.217218,3,500,[0 -1 0]
3764,71,-2.884981,13,1110,80.0,-5.936009,3,520,-5.622576,3,810,[0]
3769,62,-2.594827,13,1040,80.0,-5.945723,3,600,-5.641697,3,870,[0]
3772,70,-0.728195,13,1080,80.0,-7.496133,11,4150,-6.279472,3,500,[0 -1 0]
3772,70,-2.847829,13,1100,80.0,-5.947311,3,530,-5.62417,3,820,[0]
3775,55,-2.373394,13,990,80.0,-6.025985,3,640,-5.633549,3,920,[0]
3777,52,-2.325149,13,990,80.0,-6.039237,3,660,-5.643354,3,920,[0]
3782,62,-2.600793,13,1040,80.0,-5.943699,3,600,-5.639372,3,870,[0]
3787,70,-0.719558,13,1080,80.0,-7.496845,11,4150,-6.296626,3,500,[0 -1 0]
3787,70,-2.85554,13,1110,80.0,-5.944778,3,530,-5.635973,3,810,[0]
3792,54,-2.350072,13,990,80.0,-6.03388,3,650,-5.631965,3,930,[0]
3797,53,-2.287636,13,970,80.0,-6.02653,3,660,-5.632117,3,930,[0]
3800,70,-2.852572,13,1100,80.0,-5.93289,3,530,-5.628981,3,810,[0]
3802,70,-2.851949,13,1100,80.0,-5.94111,3,530,-5.630095,3,810,[0]
3806,71,-0.792902,13,1090,80.0,-7.493503,11,4150,-6.229854,3,500,[0 -1 0]
3806,71,-2.882286,13,1110,80.0,-5.947148,3,520,-5.622172,3,810,[0]
3813,62,-2.594581,13,1040,80.0,-5.94621,3,600,-5.641874,3,870,[0]
3820,53,-2.300619,13,980,80.0,-6.032422,3,660,-5.635145,3,930,[0]
3824,56,-2.407375,13,1000,80.0,-6.038342,3,630,-5.637753,3,910,[0]
3827,63,-2.608723,13,1040,80.0,-5.936143,3,600,-5.64279,3,860,[0]
3831,71,-2.878157,13,1110,80.0,-5.949862,3,520,-5.61889,3,820,[0]
3837,72,-2.889429,13,1110,80.0,-5.93252,3,520,-5.619987,3,810,[0]
3841,71,-0.789743,13,1090,80.0,-7.499948,11,4140,-6.235112,3,500,[0 -1 0]
3841,71,-2.882293,13,1110,80.0,-5.947185,3,520,-5.622964,3,810,[0]
3845,53,-2.309867,13,980,80.0,-6.045608,3,650,-5.627072,3,940,[0]
3849,56,-2.408546,13,1000,80.0,-6.042405,3,630,-5.639447,3,910,[0]
3855,71,-2.869848,13,1110,80.0,-5.949523,3,520,-5.627935,3,810,[0]
3856,58,-2.49975,13,1020,80.0,-6.004112,3,630,-5.643222,3,890,[0]
3862,72,-2.907737,13,1120,80.0,-5.951748,3,510,-5.620594,3,810,[0]
3867,63,-2.643291,13,1050,80.0,-5.967732,3,580,-5.63999,3,860,[0]
3872,61,-2.590518,13,1040,80.0,-5.970935,3,590,-5.634658,3,880,[0]
3877,63,-0.383567,13,1040,80.0,-7.520063,11,4140,-6.514644,3,530,[0 -1 0]
3877,63,-2.605796,13,1040,80.0,-5.947676,3,590,-5.644077,3,860,[0]
3880,65,-2.701754,13,1060,80.0,-5.951859,3,570,-5.641711,3,840,[0]
3885,70,-0.768011,13,1090,80.0,-7.508286,11,4130,-6.278266,3,500,[0 -1 0]
3885,70,-2.829901,13,1090,80.0,-5.929882,3,540,-5.630073,3,810,[0]
3888,62,-2.629436,13,1050,80.0,-5.953529,3,590,-5.644531,3,860,[0]
3893,61,-2.594625,13,1040,80.0,-5.962673,3,590,-5.641309,3,870,[0]
3896,59,-2.528019,13,1030,80.0,-6.014597,3,620,-5.639879,3,890,[0]
3912,69,-0.741698,13,1090,80.0,-7.511168,11,4130,-6.327404,3,500,[0]
3912,69,-2.813539,13,1090,80.0,-5.947229,3,540,-5.632576,3,820,[0]
3916,61,-2.590284,13,1040,80.0,-5.971364,3,590,-5.634834,3,880,[0]
3922,62,-2.606384,13,1040,80.0,-5.958183,3,590,-5.637204,3,870,[0]
3927,63,-2.637933,13,1050,80.0,-5.949765,3,590,-5.641711,3,860,[0]
3932,63,-2.641901,13,1050,80.0,-5.941867,3,590,-5.639962,3,860,[0]
3937,62,-2.603307,13,1040,80.0,-5.94568,3,600,-5.638968,3,870,[0]
3941,64,-2.672449,13,1060,80.0,-5.956656,3,580,-5.645127,3,850,[0]
3945,56,-2.41175,13,1000,80.0,-6.032526,3,630,-5.636839,3,910,[0]
3950,63,-2.6378,13,1050,80.0,-5.950011,3,590,-5.641798,3,860,[0]
3955,63,-2.637771,13,1050,80.0,-5.950064,3,590,-5.641817,3,860,[0]
3958,68,-0.640751,13,1070,80.0,-7.506907,11,4140,-6.342912,3,510,[0]
3958,68,-2.799723,13,1090,80.0,-5.940674,3,550,-5.638936,3,820,[0]
3963,66,-0.559555,13,1060,80.0,-7.51715,11,4130,-6.389041,3,520,[0]
3963,66,-2.732862,13,1070,80.0,-5.951551,3,560,-5.636627,3,840,[0]
3968,63,-2.633111,13,1050,80.0,-5.951509,3,590,-5.642677,3,860,[0]
3974,63,-2.641664,13,1050,80.0,-5.942354,3,590,-5.640138,3,860,[0]
3975,63,-2.633075,13,1050,80.0,-5.951581,3,590,-5.642706,3,860,[0]
3977,61,-2.565755,13,1030,80.0,-5.957355,3,600,-5.637291,3,880,[0]
3982,62,-2.604808,13,1040,80.0,-5.938667,3,600,-5.645395,3,860,[0]
3987,62,-2.628925,13,1050,80.0,-5.954584,3,590,-5.644901,3,860,[0]
3992,66,-0.503137,13,1050,80.0,-7.512157,11,4140,-6.413543,3,520,[0]
3992,66,-2.726163,13,1070,80.0,-5.956336,3,560,-5.630716,3,850,[0]
3995,63,-2.639637,13,1050,80.0,-5.951791,3,590,-5.64046,3,860,[0]
3998,63,-0.401727,13,1040,80.0,-7.517992,11,4140,-6.487611,3,530,[0 -1 0]
3998,63,-2.64525,13,1050,80.0,-5.943646,3,590,-5.64608,3,850,[0]
3999,63,-2.632956,13,1050,80.0,-5.951831,3,590,-5.642793,3,860,[0]
3003,42,-1.950207,13,920,80.0,-6.014423,3,730,-5.598027,3,1000,[0]
3008,71,-2.863451,13,1100,80.0,-5.916394,3,530,-5.622194,3,810,[0]
3021,44,-1.968973,13,920,80.0,-6.020464,3,720,-5.597239,3,1000,[0]
3028,73,-2.93705,13,1120,80.0,-5.902873,3,510,-5.616866,3,790,[0]
3041,43,-1.998218,13,930,80.0,-6.025752,3,720,-5.599047,3,1000,[0]
3045,42,-1.916767,13,910,80.0,-6.017425,3,730,-5.596551,3,1000,[0]
3050,44,-1.968807,13,920,80.0,-6.020702,3,720,-5.597303,3,1000,[0]
3059,39,-1.781861,13,890,80.0,-5.988304,3,760,-5.580106,3,1020,[0]
3065,48,-2.185849,13,960,80.0,-6.039235,3,680,-5.627665,3,950,[0]
3070,44,-1.968693,13,920,80.0,-6.020861,3,720,-5.597349,3,1000,[0]
3075,44,-1.968665,13,920,80.0,-6.020898,3,720,-5.597361,3,1000,[0]
3079,44,-1.968643,13,920,80.0,-6.020931,3,720,-5.597367,3,1000,[0]
3083,42,-1.906789,13,910,80.0,-6.001984,3,740,-5.598279,3,1000,[0]
3096,72,-2.903492,13,1110,80.0,-5.903704,3,520,-5.610189,3,810,[0]
3111,43,-1.952494,13,920,80.0,-6.010042,3,730,-5.597703,3,1000,[0]
3116,44,-2.044004,13,940,80.0,-6.035329,3,710,-5.605004,3,990,[0]
3127,52,-2.274415,13,970,80.0,-6.037253,3,660,-5.629082,3,940,[0]
3132,44,-2.000471,13,930,80.0,-6.020099,3,720,-5.604595,3,990,[0]
3142,44,-1.968297,13,920,80.0,-6.021417,3,720,-5.597507,3,1000,[0]
3149,46,-2.081037,13,940,80.0,-6.035453,3,700,-5.616382,3,970,[0]
3154,44,-1.968232,13,920,80.0,-6.021506,3,720,-5.597532,3,1000,[0]
3158,44,-2.049802,13,940,80.0,-6.026507,3,710,-5.61071,3,980,[0]
3166,45,-2.051069,13,940,80.0,-6.028952,3,710,-5.611703,3,980,[0]
3169,66,-0.549045,13,1060,80.0,-7.512021,11,4140,-6.43145,3,510,[0 -1 0]
3169,66,-2.707646,13,1060,80.0,-5.956319,3,560,-5.628875,3,850,[0]
3173,45,-2.039915,13,930,80.0,-6.037202,3,700,-5.604908,3,990,[0]
3182,48,-2.150384,13,950,80.0,-6.026843,3,690,-5.622161,3,960,[0]
3187,71,-2.888208,13,1110,80.0,-5.927992,3,520,-5.617398,3,810,[0]
3193,45,-2.053517,13,940,80.0,-6.029325,3,710,-5.610985,3,980,[0]
3202,44,-2.044427,13,940,80.0,-6.035007,3,710,-5.605433,3,990,[0]
3209,44,-1.967944,13,920,80.0,-6.021913,3,720,-5.597649,3,1000,[0]
3213,45,-2.032883,13,930,80.0,-6.042662,3,700,-5.60452,3,990,[0]
3217,70,-0.72816,13,1080,80.0,-7.501736,11,4140,-6.277984,3,500,[0]
3217,70,-2.824394,13,1090,80.0,-5.923698,3,540,-5.624445,3,820,[0]
3223,43,-1.999514,13,930,80.0,-6.027056,3,720,-5.604249,3,990,[0]
3227,58,-2.503824,13,1020,80.0,-5.995869,3,630,-5.640608,3,890,[0]
3242,45,-2.054656,13,940,80.0,-6.027591,3,710,-5.611724,3,980,[0]
3251,45,-2.053229,13,940,80.0,-6.029754,3,710,-5.611113,3,980,[0]
3256,69,-0.712427,13,1080,80.0,-7.503369,11,4140,-6.307044,3,500,[0 -1 0]
3256,69,-2.794909,13,1080,80.0,-5.914146,3,550,-5.621864,3,830,[0]
3266,45,-2.032628,13,930,80.0,-6.042979,3,700,-5.60463,3,990,[0]
3272,54,-2.356655,13,990,80.0,-6.043669,3,640,-5.628407,3,930,[0]
3276,68,-0.643488,13,1070,80.0,-7.506366,11,4140,-6.335454,3,510,[0 -1 0]
3276,68,-2.777316,13,1080,80.0,-5.935019,3,550,-5.622293,3,840,[0]
3287,70,-2.845951,13,1100,80.0,-5.933553,3,530,-5.624295,3,820,[0]
3292,65,-0.491569,13,1050,80.0,-7.513286,11,4140,-6.434569,3,520,[0 -1 0]
3292,65,-2.691111,13,1060,80.0,-5.950857,3,570,-5.646014,3,840,[0]
3306,47,-2.059472,13,930,80.0,-6.030558,3,700,-5.611068,3,980,[0]
3310,65,-2.69754,13,1060,80.0,-5.942337,3,570,-5.63643,3,840,[0]
3320,48,-2.17057,13,960,80.0,-6.028177,3,690,-5.628559,3,950,[0]
3325,62,-2.603986,13,1040,80.0,-5.937939,3,600,-5.637276,3,870,[0]
3334,65,-0.537164,13,1060,80.0,-7.512648,11,4140,-6.428671,3,520,[0]
3334,65,-2.714292,13,1070,80.0,-5.943145,3,570,-5.640855,3,840,[0]
3339,72,-2.911229,13,1120,80.0,-5.942645,3,510,-5.632808,3,790,[0]
3344,46,-2.011066,13,920,80.0,-6.023431,3,710,-5.605808,3,990,[0]
3348,47,-2.096401,13,940,80.0,-6.021286,3,700,-5.61705,3,970,[0]
3351,48,-2.169801,13,960,80.0,-6.036342,3,690,-5.628014,3,950,[0]
3362,52,-2.3272,13,990,80.0,-6.035487,3,660,-5.639643,3,920,[0]
3369,56,-2.413209,13,1000,80.0,-6.027064,3,630,-5.635643,3,910,[0]
3376,46,-2.080259,13,940,80.0,-6.03054,3,700,-5.617704,3,970,[0]
3380,47,-2.089475,13,940,80.0,-6.0321,3,700,-5.61813,3,970,[0]
3398,68,-0.692215,13,1080,80.0,-7.505783,11,4140,-6.345116,3,500,[0 -1 0]
3398,68,-2.786504,13,1080,80.0,-5.935209,3,550,-5.627197,3,830,[0]
3403,52,-2.328718,13,990,80.0,-6.034215,3,660,-5.639864,3,920,[0]
3408,57,-2.449932,13,1010,80.0,-6.024018,3,630,-5.641851,3,900,[0]
3420,71,-2.854574,13,1100,80.0,-5.92842,3,530,-5.625377,3,810,[0]
3422,51,-2.216094,13,960,80.0,-6.017578,3,680,-5.625054,3,950,[0]
3426,49,-2.183581,13,960,80.0,-6.03174,3,690,-5.620641,3,960,[0]
3440,66,-0.566719,13,1060,80.0,-7.51041,11,4140,-6.371819,3,520,[0 -1 0]
3440,66,-2.739713,13,1070,80.0,-5.943168,3,560,-5.632825,3,840,[0]
3445,47,-2.133996,13,950,80.0,-6.022576,3,700,-5.622708,3,960,[0]
3450,48,-2.168449,13,960,80.0,-6.036282,3,690,-5.624296,3,960,[0]
3455,53,-2.313296,13,980,80.0,-6.03133,3,660,-5.639045,3,920,[0]
3465,48,-2.172411,13,960,80.0,-6.030103,3,690,-5.621684,3,960,[0]
3470,49,-2.188415,13,960,80.0,-6.036065,3,680,-5.621859,3,960,[0]
3473,48,-2.136741,13,950,80.0,-6.023598,3,700,-5.623331,3,960,[0]
3477,49,-2.195316,13,960,80.0,-6.021292,3,690,-5.627831,3,950,[0]
3486,49,-2.188918,13,960,80.0,-6.037477,3,680,-5.615292,3,970,[0]
3496,55,-2.39822,13,1000,80.0,-6.051587,3,630,-5.632044,3,920,[0]
3500,48,-2.146883,13,950,80.0,-6.028625,3,690,-5.615522,3,970,[0]
3511,70,-0.765764,13,1090,80.0,-7.501727,11,4140,-6.283051,3,500,[0 -1 0]
3511,70,-2.82518,13,1090,80.0,-5.920829,3,540,-5.625428,3,820,[0]
3512,61,-2.557326,13,1030,80.0,-5.968383,3,590,-5.63738,3,880,[0]
3525,54,-2.349823,13,990,80.0,-6.047548,3,640,-5.630396,3,930,[0]
3533,68,-0.637111,13,1070,80.0,-7.501102,11,4150,-6.34849,3,510,[0]
3533,68,-2.775188,13,1080,80.0,-5.959541,3,540,-5.624238,3,840,[0]
3537,49,-2.196359,13,960,80.0,-6.021591,3,690,-5.627632,3,950,[0]
3540,70,-0.728891,13,1080,80.0,-7.502008,11,4140,-6.276151,3,500,[0]
3540,70,-2.828621,13,1090,80.0,-5.924119,3,540,-5.624328,3,820,[0]
3551,73,-2.927599,13,1120,80.0,-5.917517,3,510,-5.615064,3,800,[0]
3555,67,-2.761088,13,1080,80.0,-5.94434,3,560,-5.631375,3,840,[0]
3561,66,-0.49868,13,1050,80.0,-7.513238,11,4140,-6.416756,3,520,[0 -1 0]
3561,66,-2.703802,13,1060,80.0,-5.962516,3,560,-5.6326,3,850,[0]
3563,67,-0.606144,13,1070,80.0,-7.51112,11,4140,-6.402135,3,510,[0]
3563,67,-2.739621,13,1070,80.0,-5.966286,3,550,-5.623404,3,850,[0]
3572,70,-0.763235,13,1090,80.0,-7.508034,11,4130,-6.289136,3,500,[0 -1 0]
3572,70,-2.82129,13,1090,80.0,-5.906381,3,550,-5.633698,3,810,[0]
3576,55,-2.370293,13,990,80.0,-6.032847,3,640,-5.633173,3,920,[0]
3581,69,-0.665184,13,1070,80.0,-7.504441,11,4140,-6.296476,3,510,[0]
3581,69,-2.792125,13,1080,80.0,-5.927506,3,550,-5.624094,3,830,[0]
3597,68,-0.685577,13,1080,80.0,-7.506527,11,4140,-6.333879,3,510,[0]
3597,68,-2.782342,13,1080,80.0,-5.939611,3,550,-5.629581,3,830,[0]
3610,50,-2.237432,13,970,80.0,-6.026198,3,680,-5.63313,3,940,[0]
3614,53,-2.335861,13,990,80.0,-6.042896,3,650,-5.63981,3,920,[0]
3616,57,-2.45167,13,1010,80.0,-6.037545,3,620,-5.633993,3,910,[0]
3625,51,-2.242715,13,970,80.0,-6.025514,3,680,-5.631344,3,940,[0]
3628,50,-2.198148,13,960,80.0,-6.021418,3,690,-5.628795,3,950,[0]
3636,48,-2.178713,13,960,80.0,-6.030597,3,690,-5.622448,3,960,[0]
3642,50,-2.236488,13,970,80.0,-6.030248,3,680,-5.633496,3,940,[0]
3649,70,-0.766659,13,1090,80.0,-7.501913,11,4140,-6.281871,3,500,[0 -1 0]
3649,70,-2.847933,13,1100,80.0,-5.943876,3,530,-5.631817,3,810,[0]
3652,70,-0.78087,13,1090,80.0,-7.506248,11,4130,-6.255816,3,500,[0 -1 0]
3652,70,-2.833316,13,1090,80.0,-5.914403,3,540,-5.628984,3,810,[0]
3660,54,-2.317862,13,980,80.0,-6.033212,3,650,-5.630824,3,930,[0]
3670,55,-2.394849,13,1000,80.0,-6.053656,3,630,-5.635437,3,920,[0]
3678,57,-2.459175,13,1010,80.0,-6.015249,3,630,-5.639464,3,900,[0]
3681,67,-0.618856,13,1070,80.0,-7.509207,11,4140,-6.38271,3,510,[0]
3681,67,-2.721935,13,1060,80.0,-5.938376,3,560,-5.622034,3,850,[0]
3686,52,-2.327134,13,990,80.0,-6.03668,3,660,-5.64071,3,920,[0]
3691,70,-0.723908,13,1080,80.0,-7.496407,11,4150,-6.288503,3,500,[0]
3691,70,-2.842682,13,1100,80.0,-5.949332,3,530,-5.634252,3,810,[0]
3698,37,1.161112,13,880,80.0,-7.603621,11,4250,-7.064474,3,650,[0 -1 0]
3698,37,-1.662844,13,870,80.0,-5.966369,3,780,-5.55832,3,1050,[0]
3702,68,-0.648757,13,1070,80.0,-7.499773,11,4150,-6.325596,3,510,[0 -1 0]
3702,68,-2.807378,13,1090,80.0,-5.933497,3,550,-5.628114,3,830,[0]
3713,70,-0.728301,13,1080,80.0,-7.502314,11,4140,-6.278263,3,500,[0]
3713,70,-2.829554,13,1090,80.0,-5.927773,3,540,-5.633117,3,810,[0]
3718,59,-2.528928,13,1030,80.0,-6.013031,3,620,-5.639218,3,890,[0]
3721,70,-2.822822,13,1090,80.0,-5.931302,3,540,-5.625873,3,820,[0]
3725,69,-0.699449,13,1080,80.0,-7.510825,11,4130,-6.335828,3,500,[0]
3725,69,-2.808381,13,1090,80.0,-5.928497,3,550,-5.633535,3,820,[0]
3732,58,-2.491125,13,1020,80.0,-6.003212,3,630,-5.643992,3,890,[0]
3738,53,-2.330222,13,990,80.0,-6.046703,3,650,-5.63445,3,930,[0]
3744,71,-0.784894,13,1090,80.0,-7.50039,11,4140,-6.244237,3,500,[0 -1 0]
3744,71,-2.859987,13,1100,80.0,-5.946426,3,520,-5.61706,3,820,[0]
3746,69,-0.660612,13,1070,80.0,-7.505058,11,4140,-6.305075,3,510,[0]
3746,69,-2.789261,13,1080,80.0,-5.930519,3,550,-5.625012,3,830,[0]
3753,61,-2.592942,13,1040,80.0,-5.96276,3,590,-5.641534,3,870,[0]
3759,52,-2.32524,13,990,80.0,-6.039098,3,660,-5.643312,3,920,[0]
3766,59,-2.542125,13,1030,80.0,-5.98768,3,590,-5.627958,3,900,[0]
3775,61,-2.591053,13,1040,80.0,-5.969952,3,590,-5.634251,3,880,[0]
3789,63,-2.6683,13,1060,80.0,-5.973807,3,570,-5.645277,3,850,[0]
3792,60,-2.527912,13,1020,80.0,-5.964772,3,600,-5.634294,3,890,[0]
3797,57,-2.420692,13,1000,80.0,-6.027495,3,630,-5.636788,3,910,[0]
3800,53,-2.364297,13,1000,80.0,-6.04446,3,650,-5.639862,3,920,[0]
3804,59,-2.52848,13,1030,80.0,-6.013806,3,620,-5.639545,3,890,[0]
3809,65,-2.700466,13,1060,80.0,-5.9653,3,560,-5.632862,3,850,[0]
3814,53,-2.301233,13,980,80.0,-6.031147,3,660,-5.635705,3,930,[0]
3822,71,-2.882479,13,1110,80.0,-5.947444,3,520,-5.623631,3,810,[0]
3826,71,-2.854748,13,1100,80.0,-5.933696,3,530,-5.628676,3,810,[0]
3835,60,-2.495578,13,1010,80.0,-5.947497,3,610,-5.635705,3,890,[0]
3840,62,-2.605635,13,1040,80.0,-5.937031,3,600,-5.644856,3,860,[0]
3846,63,-2.640491,13,1050,80.0,-5.950216,3,590,-5.639832,3,860,[0]
3856,63,-2.636181,13,1050,80.0,-5.950883,3,590,-5.642962,3,860,[0]
3860,63,-2.639072,13,1050,80.0,-5.951717,3,590,-5.642004,3,860,[0]
3865,62,-2.594296,13,1040,80.0,-5.946775,3,600,-5.642071,3,870,[0]
3868,64,-2.700827,13,1070,80.0,-5.963854,3,570,-5.648109,3,840,[0]
3880,62,-2.603643,13,1040,80.0,-5.945092,3,600,-5.638749,3,870,[0]
3883,54,-2.35229,13,990,80.0,-6.046699,3,640,-5.624358,3,940,[0]
3887,62,-2.606589,13,1040,80.0,-5.957808,3,590,-5.637058,3,870,[0]
3895,61,-2.590394,13,1040,80.0,-5.97116,3,590,-5.634752,3,880,[0]
3900,61,-2.558583,13,1030,80.0,-5.971741,3,590,-5.637529,3,880,[0]
3903,62,-2.603506,13,1040,80.0,-5.945331,3,600,-5.638838,3,870,[0]
3907,61,-2.558546,13,1030,80.0,-5.971817,3,590,-5.637557,3,880,[0]
3911,62,-2.605215,13,1040,80.0,-5.937863,3,600,-5.645133,3,860,[0]
3916,62,-2.629289,13,1050,80.0,-5.953832,3,590,-5.644637,3,860,[0]
3920,63,-2.633353,13,1050,80.0,-5.950999,3,590,-5.642498,3,860,[0]
3926,59,-2.517134,13,1020,80.0,-5.956855,3,610,-5.635652,3,890,[0]
3929,63,-2.633307,13,1050,80.0,-5.951094,3,590,-5.642535,3,860,[0]
3933,62,-2.60333,13,1040,80.0,-5.945638,3,600,-5.638953,3,870,[0]
3938,61,-2.590776,13,1040,80.0,-5.969882,3,590,-5.634867,3,880,[0]
3948,55,-2.367283,13,990,80.0,-6.037652,3,640,-5.634453,3,920,[0]
3954,55,-2.371716,13,990,80.0,-6.028935,3,640,-5.633499,3,920,[0]
3958,58,-2.489975,13,1020,80.0,-6.005406,3,630,-5.644726,3,890,[0]
3963,61,-2.590038,13,1040,80.0,-5.971813,3,590,-5.63502,3,880,[0]
3968,61,-2.594234,13,1040,80.0,-5.963487,3,590,-5.641585,3,870,[0]
3973,61,-0.301364,13,1030,80.0,-7.529795,11,4130,-6.549332,3,540,[0 -1 0]
3973,61,-2.568361,13,1030,80.0,-5.955204,3,600,-5.634143,3,880,[0]
3978,62,-2.60307,13,1040,80.0,-5.946096,3,600,-5.639118,3,870,[0]
3983,63,-2.632082,13,1050,80.0,-5.968983,3,580,-5.643187,3,860,[0]
3988,62,-2.593652,13,1040,80.0,-5.948053,3,600,-5.642524,3,870,[0]
3993,62,-2.600613,13,1040,80.0,-5.962204,3,590,-5.640301,3,870,[0]
3997,63,-0.399171,13,1040,80.0,-7.518391,11,4140,-6.490322,3,530,[0 -1 0]
3997,63,-2.642178,13,1050,80.0,-5.945127,3,590,-5.647496,3,850,[0]
3999,59,-2.502509,13,1020,80.0,-6.001154,3,630,-5.641,3,890,[0]
