3002,46,-1.934315,7,520,80.0,1.677129,19,390,1.454445,10,4700,[1]
3002,46,-0.965102,7,630,80.0,1.454445,10,4700,1.554959,0,8360,[0]
3002,46,-0.49112,7,580,80.0,1.554959,0,8360,2.147495,19,1130,[0]
3002,46,-0.205089,7,640,80.0,0.361525,24,1150,1.565181,14,3580,[0]
3007,63,-0.709001,7,560,80.0,1.016876,24,260,1.32086,10,4710,[0]
3007,63,-0.703098,7,610,80.0,1.32086,10,4710,1.536461,0,8360,[0]
3007,63,-0.373109,7,500,80.0,1.536461,0,8360,1.958537,19,1230,[0]
3007,63,-0.170616,7,510,80.0,0.362833,24,1110,1.550858,14,3570,[0]
3010,42,-0.01382,7,930,80.0,0.0,-1,0,2.488081,10,4690,[0 1]
3010,42,-1.00589,7,640,80.0,2.488081,10,4690,1.557459,0,8370,[0]
3010,42,-0.53637,7,570,80.0,1.557459,0,8370,2.206977,19,1120,[0]
3010,42,-0.209564,7,670,80.0,0.362784,24,1150,1.549485,14,3560,[0]
3015,42,-1.001077,7,640,80.0,1.152988,10,4690,1.557044,0,8370,[0]
3015,42,-0.532052,7,570,80.0,1.557044,0,8370,2.203374,19,1120,[0]
3015,42,-0.208238,7,670,80.0,0.362663,24,1150,1.551632,14,3560,[0]
3019,46,-1.934771,7,520,80.0,1.685016,19,390,1.452121,10,4700,[1]
3019,46,-0.96796,7,630,80.0,1.452121,10,4700,1.555164,0,8360,[0]
3019,46,-0.495448,7,580,80.0,1.555164,0,8360,2.15105,19,1130,[0]
3019,46,-0.205774,7,640,80.0,0.361618,24,1150,1.541804,14,3560,[0]
3022,42,-0.984956,7,650,80.0,1.155234,10,4680,1.557046,0,8370,[0]
3022,42,-0.522728,7,580,80.0,1.557046,0,8370,2.203038,19,1120,[0]
3022,42,-0.212003,7,660,80.0,0.362713,24,1150,1.535883,14,3560,[0]
3027,73,-0.43221,7,570,80.0,0.569195,24,220,1.058028,10,4700,[0 1]
3027,73,-0.538739,7,600,80.0,1.058028,10,4700,1.517296,27,10090,[0]
3027,73,-1.355466,7,630,80.0,2.082386,16,420,2.815884,6,5500,[1]
3033,41,-0.0086,7,940,80.0,0.0,-1,0,2.534306,10,4680,[0 1]
3033,41,-1.002635,7,650,80.0,2.534306,10,4680,1.558417,0,8370,[0]
3033,41,-0.545047,7,570,80.0,1.558417,0,8370,2.216639,19,1120,[0]
3033,41,-0.215748,7,660,80.0,0.363067,24,1150,1.536189,14,3570,[0]
3037,69,-0.576681,7,540,80.0,0.756652,24,240,1.066299,10,4730,[1]
3037,69,-0.624956,7,600,80.0,1.066299,10,4730,1.74447,27,10090,[0]
3044,62,-0.787678,7,540,80.0,1.049252,24,280,1.792688,10,4720,[1]
3044,62,-0.744408,7,600,80.0,1.792688,10,4720,1.536333,0,8370,[0]
3044,62,-0.385199,7,510,80.0,1.536333,0,8370,1.996833,19,1220,[0]
3047,59,-0.858108,7,550,80.0,1.228029,24,290,1.891832,10,4710,[0]
3047,59,-0.763894,7,620,80.0,1.891832,10,4710,1.544611,0,8340,[0]
3047,59,-0.383858,7,550,80.0,1.544611,0,8340,2.08426,19,1190,[0]
3047,59,-0.187803,7,530,80.0,0.361491,24,1130,1.574657,14,3580,[0]
3054,49,-1.697489,7,540,80.0,1.630813,19,360,1.443788,10,4690,[1]
3054,49,-0.905252,7,640,80.0,1.443788,10,4690,1.555574,0,8340,[0]
3054,49,-0.474974,7,570,80.0,1.555574,0,8340,2.277689,19,1170,[0]
3054,49,-0.202068,7,620,80.0,0.360726,24,1150,1.630001,14,3570,[0]
3058,62,-0.769262,7,540,80.0,1.010978,24,280,1.332311,10,4720,[1]
3058,62,-0.734047,7,600,80.0,1.332311,10,4720,1.53762,0,8360,[0]
3058,62,-0.373636,7,520,80.0,1.53762,0,8360,1.989788,19,1220,[0]
3061,69,-0.564943,7,530,80.0,0.74768,24,250,1.061757,10,4740,[0]
3061,69,-0.6225,7,590,80.0,1.061757,10,4740,1.482432,27,10090,[0]
3065,42,-1.001538,7,640,80.0,1.153068,10,4690,1.557066,0,8370,[0]
3065,42,-0.532309,7,570,80.0,1.557066,0,8370,2.203666,19,1120,[0]
3065,42,-0.208353,7,670,80.0,0.362675,24,1150,1.540684,14,3550,[0]
3067,59,-0.869957,7,550,80.0,1.249762,24,290,1.919335,10,4710,[1]
3067,59,-0.773159,7,620,80.0,1.919335,10,4710,1.543326,0,8350,[0]
3067,59,-0.397939,7,540,80.0,1.543326,0,8350,2.091322,19,1190,[0]
3067,59,-0.188487,7,530,80.0,0.361558,24,1130,1.601543,14,3610,[0]
3071,60,-0.813921,7,550,80.0,1.15484,24,280,1.847015,10,4720,[1]
3071,60,-0.758302,7,610,80.0,1.847015,10,4720,1.539812,0,8360,[0]
3071,60,-0.387326,7,530,80.0,1.539812,0,8360,2.068381,19,1190,[0]
3071,60,-0.189448,7,510,80.0,0.360425,24,1130,1.59929,14,3620,[0]
3077,75,-0.360569,7,570,80.0,0.493764,24,220,1.052567,10,4700,[0]
3077,75,-0.523165,7,580,80.0,1.052567,10,4700,1.77713,27,10090,[0]
3077,75,-1.290291,7,640,80.0,1.953575,16,420,2.81911,6,5450,[1]
3082,44,-0.968077,7,650,80.0,1.149877,10,4690,1.557463,0,8360,[0]
3082,44,-0.513518,7,580,80.0,1.557463,0,8360,2.191461,19,1120,[0]
3082,44,-0.207127,7,660,80.0,0.356062,24,1170,1.540956,14,3550,[0]
3088,45,-1.946303,7,520,80.0,1.704426,19,390,1.457296,10,4690,[1]
3088,45,-0.957564,7,640,80.0,1.457296,10,4690,1.555566,0,8360,[0]
3088,45,-0.496527,7,580,80.0,1.555566,0,8360,2.152109,19,1130,[0]
3088,45,-0.204753,7,650,80.0,0.361717,24,1150,1.543275,14,3550,[0]
3093,49,-1.68452,7,530,80.0,1.578333,19,360,1.439725,10,4700,[1]
3093,49,-0.908461,7,630,80.0,1.439725,10,4700,1.554772,0,8340,[0]
3093,49,-0.459889,7,580,80.0,1.554772,0,8340,2.285268,19,1160,[0]
3093,49,-0.198396,7,620,80.0,0.360509,24,1150,1.606534,14,3540,[0]
3098,65,-0.691111,7,540,80.0,0.910768,24,260,1.296169,10,4730,[0]
3098,65,-0.68857,7,600,80.0,1.296169,10,4730,1.534941,0,8360,[0]
3098,65,-0.360109,7,500,80.0,1.534941,0,8360,1.940086,19,1230,[0]
3103,45,-1.942804,7,520,80.0,1.701018,19,390,1.457333,10,4690,[1]
3103,45,-0.957653,7,640,80.0,1.457333,10,4690,1.555501,0,8360,[0]
3103,45,-0.497099,7,580,80.0,1.555501,0,8360,2.152899,19,1130,[0]
3103,45,-0.204136,7,650,80.0,0.361696,24,1150,1.543655,14,3550,[0]
3109,44,-0.968317,7,650,80.0,1.149918,10,4690,1.557475,0,8360,[0]
3109,44,-0.513665,7,580,80.0,1.557475,0,8360,2.191628,19,1120,[0]
3109,44,-0.207191,7,660,80.0,0.356068,24,1170,1.540778,14,3550,[0]
3114,44,-0.968361,7,650,80.0,1.149926,10,4690,1.557477,0,8360,[0]
3114,44,-0.513692,7,580,80.0,1.557477,0,8360,2.191659,19,1120,[0]
3114,44,-0.207203,7,660,80.0,0.356069,24,1170,1.530424,14,3540,[0]
3118,43,-0.973814,7,650,80.0,1.15326,10,4680,1.557897,0,8360,[0]
3118,43,-0.525408,7,570,80.0,1.557897,0,8360,2.176131,19,1130,[0]
3118,43,-0.21174,7,650,80.0,0.362309,24,1150,1.523666,14,3550,[0]
3124,64,-0.690985,7,560,80.0,1.001722,24,250,1.310295,10,4720,[1]
3124,64,-0.70347,7,600,80.0,1.310295,10,4720,1.533994,0,8370,[0]
3124,64,-0.370618,7,500,80.0,1.533994,0,8370,1.951131,19,1230,[0]
3129,69,-0.565894,7,540,80.0,0.736806,24,240,1.064898,10,4730,[0 1]
3129,69,-0.615962,7,600,80.0,1.064898,10,4730,1.74528,27,10090,[0]
3134,44,-0.968535,7,650,80.0,1.149955,10,4690,1.557485,0,8360,[0]
3134,44,-0.513799,7,580,80.0,1.557485,0,8360,2.191781,19,1120,[0]
3134,44,-0.20725,7,660,80.0,0.356073,24,1170,1.530297,14,3540,[0]
3139,74,-0.431505,7,560,80.0,0.567787,24,220,1.054988,10,4710,[0 1]
3139,74,-0.542288,7,590,80.0,1.054988,10,4710,1.516548,27,10090,[0]
3139,74,-1.305748,7,650,80.0,1.924524,16,380,2.809354,6,5450,[1]
3144,43,-0.974041,7,650,80.0,1.153301,10,4680,1.557908,0,8360,[0]
3144,43,-0.525531,7,570,80.0,1.557908,0,8360,2.176279,19,1130,[0]
3144,43,-0.211792,7,650,80.0,0.362315,24,1150,1.5235,14,3550,[0]
3150,58,-0.908098,7,540,80.0,1.271665,24,300,1.941177,10,4720,[1]
3150,58,-0.797526,7,610,80.0,1.941177,10,4720,1.544055,0,8350,[0]
3150,58,-0.406009,7,540,80.0,1.544055,0,8350,2.083827,19,1200,[0]
3150,58,-0.192303,7,530,80.0,0.359348,24,1140,1.587572,14,3590,[0]
3155,64,-0.68105,7,560,80.0,0.994767,24,250,1.303759,10,4720,[1]
3155,64,-0.696793,7,600,80.0,1.303759,10,4720,1.535444,0,8360,[0]
3155,64,-0.363725,7,500,80.0,1.535444,0,8360,1.930769,19,1240,[0]
3158,44,-0.971275,7,640,80.0,1.147652,10,4690,1.556479,0,8360,[0]
3158,44,-0.505777,7,580,80.0,1.556479,0,8360,2.182326,19,1120,[0]
3158,44,-0.206545,7,650,80.0,0.361962,24,1150,1.524369,14,3540,[0]
3162,43,-2.083483,7,520,80.0,1.75795,19,410,1.468512,10,4680,[1]
3162,43,-0.995494,7,640,80.0,1.468512,10,4680,1.55471,0,8380,[0]
3162,43,-0.530087,7,570,80.0,1.55471,0,8380,2.200316,19,1120,[0]
3162,43,-0.210365,7,660,80.0,0.362525,24,1150,1.522011,14,3540,[0]
3166,63,-0.757864,7,540,80.0,1.030176,24,270,1.327526,10,4730,[1]
3166,63,-0.727462,7,600,80.0,1.327526,10,4730,1.53723,0,8360,[0]
3166,63,-0.375735,7,510,80.0,1.53723,0,8360,1.984115,19,1220,[0]
3169,47,-1.858504,7,520,80.0,1.637584,19,380,1.449451,10,4700,[1]
3169,47,-0.946186,7,630,80.0,1.449451,10,4700,1.55541,0,8350,[0]
3169,47,-0.482237,7,580,80.0,1.55541,0,8350,2.097083,19,1150,[0]
3169,47,-0.199943,7,640,80.0,0.361132,24,1150,1.604386,14,3530,[0]
3175,44,-0.968885,7,650,80.0,1.150015,10,4690,1.557501,0,8360,[0]
3175,44,-0.514015,7,580,80.0,1.557501,0,8360,2.192028,19,1120,[0]
3175,44,-0.207343,7,660,80.0,0.356081,24,1170,1.530041,14,3540,[0]
3180,44,-2.019,7,520,80.0,1.752563,19,400,1.46085,10,4690,[1]
3180,44,-0.967528,7,650,80.0,1.46085,10,4690,1.557372,0,8360,[0]
3180,44,-0.522616,7,570,80.0,1.557372,0,8360,2.17192,19,1130,[0]
3180,44,-0.209966,7,650,80.0,0.362227,24,1150,1.516178,14,3540,[0]
3185,49,-1.708849,7,530,80.0,1.612945,19,360,1.442031,10,4700,[1]
3185,49,-0.917464,7,630,80.0,1.442031,10,4700,1.553516,0,8350,[0]
3185,49,-0.474125,7,570,80.0,1.553516,0,8350,2.274423,19,1170,[0]
3185,49,-0.196841,7,630,80.0,0.360633,24,1150,1.606317,14,3530,[0]
3191,64,-0.696783,7,550,80.0,0.960256,24,260,1.303919,10,4720,[1]
3191,64,-0.687662,7,610,80.0,1.303919,10,4720,1.537321,0,8350,[0]
3191,64,-0.364502,7,500,80.0,1.537321,0,8350,1.947173,19,1230,[0]
3197,44,-2.014417,7,520,80.0,1.726681,19,400,1.45904,10,4690,[1]
3197,44,-0.976129,7,640,80.0,1.45904,10,4690,1.556875,0,8360,[0]
3197,44,-0.498282,7,590,80.0,1.556875,0,8360,2.18516,19,1120,[0]
3197,44,-0.208994,7,650,80.0,0.362112,24,1150,1.511325,14,3530,[0]
3201,61,-0.79288,7,550,80.0,1.098648,24,280,1.829691,10,4710,[0 1]
3201,61,-0.730799,7,620,80.0,1.829691,10,4710,1.540697,0,8350,[0]
3201,61,-0.386863,7,520,80.0,1.540697,0,8350,2.022351,19,1210,[0]
3201,61,-0.188183,7,500,80.0,0.359389,24,1130,1.581395,14,3610,[0]
3208,70,-0.543469,7,540,80.0,0.701429,24,240,1.062885,10,4730,[0 1]
3208,70,-0.60562,7,600,80.0,1.062885,10,4730,1.744041,27,10090,[0]
3211,45,-1.952489,7,520,80.0,1.731677,19,390,1.458256,10,4700,[1]
3211,45,-0.977603,7,630,80.0,1.458256,10,4700,1.555905,0,8360,[0]
3211,45,-0.49157,7,590,80.0,1.555905,0,8360,2.156724,19,1130,[0]
3211,45,-0.206663,7,650,80.0,0.361834,24,1150,1.528081,14,3540,[0]
3215,44,-1.943389,7,530,80.0,1.763309,19,390,1.461682,10,4690,[1]
3215,44,-0.973589,7,640,80.0,1.461682,10,4690,1.556663,0,8360,[0]
3215,44,-0.506325,7,580,80.0,1.556663,0,8360,2.164517,19,1130,[0]
3215,44,-0.208527,7,650,80.0,0.362019,24,1150,1.522195,14,3540,[0]
3221,68,-0.580147,7,550,80.0,0.78331,24,240,1.069865,10,4720,[1]
3221,68,-0.633251,7,600,80.0,1.069865,10,4720,1.747146,27,10090,[0]
3226,64,-0.708078,7,540,80.0,0.925286,24,270,1.303959,10,4720,[1]
3226,64,-0.697823,7,600,80.0,1.303959,10,4720,1.535492,0,8360,[0]
3226,64,-0.364304,7,500,80.0,1.535492,0,8360,1.931353,19,1240,[0]
3228,58,-0.908854,7,530,80.0,1.199497,24,310,1.933358,10,4720,[1]
3228,58,-0.790572,7,610,80.0,1.933358,10,4720,1.543626,0,8350,[0]
3228,58,-0.401245,7,540,80.0,1.543626,0,8350,2.095237,19,1190,[0]
3228,58,-0.187645,7,540,80.0,0.358979,24,1140,1.567076,14,3550,[0]
3234,45,-0.984326,7,630,80.0,1.147174,10,4690,1.556332,0,8360,[0]
3234,45,-0.496027,7,590,80.0,1.556332,0,8360,2.161599,19,1130,[0]
3234,45,-0.206713,7,650,80.0,0.361884,24,1150,1.506167,14,3520,[0]
3241,61,-0.796588,7,550,80.0,1.108641,24,280,1.833072,10,4710,[1]
3241,61,-0.742522,7,610,80.0,1.833072,10,4710,1.538905,0,8360,[0]
3241,61,-0.386441,7,520,80.0,1.538905,0,8360,2.022078,19,1210,[0]
3241,61,-0.184717,7,510,80.0,0.359543,24,1130,1.538722,14,3550,[0]
3248,49,-1.825341,7,520,80.0,1.579515,19,370,1.1303,10,4710,[1]
3248,49,-0.932805,7,620,80.0,1.1303,10,4710,1.553551,0,8350,[0]
3248,49,-0.466528,7,580,80.0,1.553551,0,8350,2.295364,19,1160,[0]
3248,49,-0.197754,7,630,80.0,0.36073,24,1150,1.585219,14,3510,[0]
3255,46,-1.866909,7,530,80.0,1.70533,19,380,1.454244,10,4690,[1]
3255,46,-0.944926,7,640,80.0,1.454244,10,4690,1.554607,0,8360,[0]
3255,46,-0.498476,7,570,80.0,1.554607,0,8360,2.125252,19,1140,[0]
3255,46,-0.205027,7,640,80.0,0.361498,24,1150,1.515746,14,3530,[0]
3258,60,-0.845962,7,540,80.0,1.147565,24,290,1.62324,10,4720,[1]
3258,60,-0.775954,7,600,80.0,1.62324,10,4720,1.538246,0,8370,[0]
3258,60,-0.399497,7,520,80.0,1.538246,0,8370,2.038729,19,1210,[0]
3258,60,-0.187165,7,520,80.0,0.360641,24,1130,1.561311,14,3570,[0]
3268,68,-0.583692,7,540,80.0,0.749366,24,250,1.069456,10,4720,[0 1]
3268,68,-0.630601,7,600,80.0,1.069456,10,4720,1.745083,27,10090,[0]
3274,68,-0.578726,7,550,80.0,0.777979,24,240,1.067527,10,4730,[0 1]
3274,68,-0.642035,7,590,80.0,1.067527,10,4730,1.746994,27,10090,[0]
3274,68,-1.459362,7,640,80.0,2.04651,16,350,2.789436,6,5490,[1]
3278,49,-1.700768,7,540,80.0,1.63972,19,360,1.444384,10,4690,[1]
3278,49,-0.907514,7,640,80.0,1.444384,10,4690,1.555674,0,8340,[0]
3278,49,-0.476071,7,570,80.0,1.555674,0,8340,2.279173,19,1170,[0]
3278,49,-0.202592,7,620,80.0,0.360768,24,1150,1.579037,14,3520,[0]
3285,58,-0.905326,7,540,80.0,1.266096,24,300,1.93965,10,4710,[0 1]
3285,58,-0.782771,7,620,80.0,1.93965,10,4710,1.542039,0,8360,[0]
3285,58,-0.403667,7,540,80.0,1.542039,0,8360,2.117026,19,1180,[0]
3285,58,-0.195971,7,520,80.0,0.3593,24,1140,1.537724,14,3550,[0]
3291,55,-0.991072,7,540,80.0,1.379116,24,320,2.041512,10,4710,[1]
3291,55,-0.828161,7,620,80.0,2.041512,10,4710,1.546675,0,8350,[0]
3291,55,-0.424331,7,550,80.0,1.546675,0,8350,2.157105,19,1180,[0]
3291,55,-0.191341,7,570,80.0,0.361358,24,1140,1.57179,14,3540,[0]
3298,45,-1.9287,7,530,80.0,1.707644,19,390,1.461037,10,4690,[1]
3298,45,-0.974573,7,630,80.0,1.461037,10,4690,1.555574,0,8360,[0]
3298,45,-0.498053,7,580,80.0,1.555574,0,8360,2.135176,19,1140,[0]
3298,45,-0.204559,7,650,80.0,0.361735,24,1150,1.512102,14,3520,[0]
3304,55,-1.033238,7,530,80.0,1.394791,24,330,1.831609,10,4710,[1]
3304,55,-0.840335,7,620,80.0,1.831609,10,4710,1.547468,0,8350,[0]
3304,55,-0.424823,7,560,80.0,1.547468,0,8350,2.186315,19,1170,[0]
3304,55,-0.198299,7,560,80.0,0.358775,24,1150,1.555148,14,3530,[0]
3308,49,-1.82083,7,530,80.0,1.589557,19,370,1.133031,10,4700,[1]
3308,49,-0.934682,7,620,80.0,1.133031,10,4700,1.553693,0,8350,[0]
3308,49,-0.465968,7,580,80.0,1.553693,0,8350,2.295959,19,1160,[0]
3308,49,-0.198196,7,630,80.0,0.360782,24,1150,1.584008,14,3510,[0]
3313,68,-0.616863,7,540,80.0,0.772275,24,260,1.074968,10,4710,[1]
3313,68,-0.637901,7,610,80.0,1.074968,10,4710,1.748896,27,10090,[0]
3318,69,-0.584907,7,540,80.0,0.742008,24,250,1.069418,10,4720,[0 1]
3318,69,-0.629879,7,600,80.0,1.069418,10,4720,1.744704,27,10100,[0]
3332,46,-2.021278,7,520,80.0,1.67083,19,390,1.143907,10,4690,[1]
3332,46,-0.950246,7,640,80.0,1.143907,10,4690,1.55494,0,8360,[0]
3332,46,-0.501498,7,570,80.0,1.55494,0,8360,2.128778,19,1140,[0]
3332,46,-0.206146,7,640,80.0,0.361522,24,1150,1.504904,14,3520,[0]
3337,47,-1.85691,7,530,80.0,1.666962,19,380,1.455512,10,4690,[1]
3337,47,-0.952619,7,630,80.0,1.455512,10,4690,1.553981,0,8360,[0]
3337,47,-0.492786,7,570,80.0,1.553981,0,8360,2.101361,19,1150,[0]
3337,47,-0.203083,7,640,80.0,0.361294,24,1150,1.581692,14,3510,[0]
3340,58,-0.910166,7,540,80.0,1.230342,24,310,1.953608,10,4700,[1]
3340,58,-0.785707,7,620,80.0,1.953608,10,4700,1.542149,0,8360,[0]
3340,58,-0.411829,7,530,80.0,1.542149,0,8360,2.100732,19,1190,[0]
3340,58,-0.188555,7,540,80.0,0.359211,24,1140,1.545829,14,3530,[0]
3346,62,-0.787075,7,550,80.0,1.084436,24,280,1.81665,10,4710,[1]
3346,62,-0.739105,7,610,80.0,1.81665,10,4710,1.538529,0,8360,[0]
3346,62,-0.388511,7,510,80.0,1.538529,0,8360,2.001381,19,1220,[0]
3346,62,-0.182504,7,510,80.0,0.358887,24,1130,1.550274,14,3560,[0]
3350,73,-0.453396,7,550,80.0,0.621504,24,240,1.059412,10,4710,[0 1]
3350,73,-0.570483,7,590,80.0,1.059412,10,4710,1.475698,27,10100,[0]
3350,73,-1.390536,7,630,80.0,1.941056,16,380,2.795832,6,5460,[1]
3356,61,-0.823583,7,540,80.0,1.090783,24,290,1.825314,10,4710,[1]
3356,61,-0.749833,7,610,80.0,1.825314,10,4710,1.53741,0,8370,[0]
3356,61,-0.397108,7,510,80.0,1.53741,0,8370,2.01043,19,1220,[0]
3356,61,-0.186286,7,510,80.0,0.359774,24,1130,1.554059,14,3570,[0]
3362,64,-0.713347,7,560,80.0,1.025589,24,260,1.321541,10,4710,[0 1]
3362,64,-0.70559,7,610,80.0,1.321541,10,4710,1.536566,0,8360,[0]
3362,64,-0.375851,7,500,80.0,1.536566,0,8360,1.975706,19,1220,[0]
3366,70,-0.533387,7,550,80.0,0.735915,24,230,1.062711,10,4730,[1]
3366,70,-0.614846,7,590,80.0,1.062711,10,4730,1.742087,27,10090,[0]
3373,62,-0.765149,7,550,80.0,1.068098,24,270,1.341815,10,4720,[1]
3373,62,-0.727163,7,610,80.0,1.341815,10,4720,1.539689,0,8350,[0]
3373,62,-0.383518,7,510,80.0,1.539689,0,8350,1.992702,19,1220,[0]
3378,64,-0.710032,7,560,80.0,1.018378,24,260,1.321106,10,4710,[1]
3378,64,-0.70366,7,610,80.0,1.321106,10,4710,1.536455,0,8360,[0]
3378,64,-0.374427,7,500,80.0,1.536455,0,8360,1.973964,19,1220,[0]
3381,46,-1.864532,7,530,80.0,1.69424,19,380,1.457138,10,4690,[1]
3381,46,-0.943649,7,640,80.0,1.457138,10,4690,1.554438,0,8360,[0]
3381,46,-0.498805,7,570,80.0,1.554438,0,8360,2.12559,19,1140,[0]
3381,46,-0.203806,7,640,80.0,0.361411,24,1150,1.489385,14,3500,[0]
3390,47,-1.789219,7,540,80.0,1.679609,19,370,1.45354,10,4690,[1]
3390,47,-0.944119,7,630,80.0,1.45354,10,4690,1.553395,0,8360,[0]
3390,47,-0.490045,7,570,80.0,1.553395,0,8360,2.09607,19,1150,[0]
3390,47,-0.200775,7,640,80.0,0.361128,24,1150,1.567719,14,3490,[0]
3394,62,-0.789489,7,540,80.0,1.054891,24,280,1.785343,10,4730,[1]
3394,62,-0.742086,7,600,80.0,1.785343,10,4730,1.539939,0,8350,[0]
3394,62,-0.385558,7,510,80.0,1.539939,0,8350,1.97943,19,1230,[0]
3394,62,-0.180965,7,510,80.0,0.358593,24,1130,1.545795,14,3550,[0]
3401,46,-1.993672,7,520,80.0,1.641634,19,390,1.141914,10,4690,[1]
3401,46,-0.940473,7,640,80.0,1.141914,10,4690,1.556053,0,8350,[0]
3401,46,-0.485439,7,580,80.0,1.556053,0,8350,2.140188,19,1130,[0]
3401,46,-0.206928,7,630,80.0,0.361354,24,1150,1.486827,14,3510,[0]
3413,63,-0.753097,7,550,80.0,1.049974,24,270,1.340365,10,4720,[1]
3413,63,-0.720285,7,610,80.0,1.340365,10,4720,1.539289,0,8350,[0]
3413,63,-0.378032,7,510,80.0,1.539289,0,8350,1.987165,19,1220,[0]
3418,47,-1.789493,7,540,80.0,1.680503,19,370,1.453601,10,4690,[1]
3418,47,-0.944349,7,630,80.0,1.453601,10,4690,1.553406,0,8360,[0]
3418,47,-0.490169,7,570,80.0,1.553406,0,8360,2.096224,19,1150,[0]
3418,47,-0.200836,7,640,80.0,0.361132,24,1150,1.567573,14,3490,[0]
3423,51,-1.590454,7,540,80.0,1.564778,19,350,1.43833,10,4700,[1]
3423,51,-0.905969,7,620,80.0,1.43833,10,4700,1.551744,0,8350,[0]
3423,51,-0.458421,7,570,80.0,1.551744,0,8350,2.248008,19,1170,[0]
3423,51,-0.197195,7,610,80.0,0.360244,24,1150,1.562195,14,3500,[0]
3429,48,-1.837937,7,540,80.0,1.658288,19,370,1.13899,10,4690,[1]
3429,48,-0.939223,7,630,80.0,1.13899,10,4690,1.553054,0,8360,[0]
3429,48,-0.485501,7,570,80.0,1.553054,0,8360,2.091856,19,1150,[0]
3429,48,-0.202659,7,630,80.0,0.36109,24,1150,1.565859,14,3500,[0]
3433,68,-0.604848,7,540,80.0,0.788398,24,250,1.071245,10,4720,[1]
3433,68,-0.629762,7,610,80.0,1.071245,10,4720,1.747999,27,10090,[0]
3439,48,-1.836468,7,540,80.0,1.654255,19,370,1.138607,10,4690,[1]
3439,48,-0.937496,7,630,80.0,1.138607,10,4690,1.554797,0,8350,[0]
3439,48,-0.484402,7,570,80.0,1.554797,0,8350,2.090674,19,1150,[0]
3439,48,-0.202359,7,630,80.0,0.361048,24,1150,1.566263,14,3500,[0]
3442,70,-0.530383,7,540,80.0,0.678351,24,240,1.061866,10,4730,[0 1]
3442,70,-0.609816,7,590,80.0,1.061866,10,4730,1.739618,27,10090,[0]
3442,70,-2.142824,7,630,80.0,1.777496,16,350,2.788746,6,5450,[1]
3447,65,-0.674836,7,550,80.0,0.915308,24,260,1.301607,10,4720,[0 1]
3447,65,-0.686988,7,600,80.0,1.301607,10,4720,1.490147,27,10090,[0]
3453,47,-1.783468,7,540,80.0,1.677405,19,370,1.452578,10,4690,[0 1]
3453,47,-0.942031,7,630,80.0,1.452578,10,4690,1.553223,0,8360,[0]
3453,47,-0.486344,7,570,80.0,1.553223,0,8360,2.093752,19,1150,[0]
3453,47,-0.20028,7,640,80.0,0.361116,24,1150,1.567687,14,3490,[0]
3457,47,-1.783507,7,540,80.0,1.677529,19,370,1.452587,10,4690,[1]
3457,47,-0.942065,7,630,80.0,1.452587,10,4690,1.553224,0,8360,[0]
3457,47,-0.486365,7,570,80.0,1.553224,0,8360,2.093776,19,1150,[0]
3457,47,-0.200289,7,640,80.0,0.361117,24,1150,1.567666,14,3490,[0]
3466,64,-0.713807,7,550,80.0,0.989399,24,260,1.314138,10,4720,[0 1]
3466,64,-0.697855,7,610,80.0,1.314138,10,4720,1.536154,0,8360,[0]
3466,64,-0.373202,7,500,80.0,1.536154,0,8360,1.970245,19,1220,[0]
3510,65,-0.683043,7,560,80.0,0.993065,24,250,1.317558,10,4720,[0 1]
3510,65,-0.689536,7,610,80.0,1.317558,10,4720,1.537396,0,8350,[0]
3510,65,-0.366561,7,500,80.0,1.537396,0,8350,1.947955,19,1230,[0]
3516,52,-1.101866,7,540,80.0,1.492689,24,350,2.225851,10,4690,[0 1]
3516,52,-0.886985,7,620,80.0,2.225851,10,4690,1.550438,0,8350,[0]
3516,52,-0.437784,7,580,80.0,1.550438,0,8350,2.24913,19,1160,[0]
3516,52,-0.193075,7,610,80.0,0.360002,24,1150,1.554329,14,3480,[0]
3525,49,-1.779948,7,540,80.0,1.598309,19,360,1.134104,10,4690,[0 1]
3525,49,-0.912481,7,630,80.0,1.134104,10,4690,1.554949,0,8340,[0]
3525,49,-0.453192,7,590,80.0,1.554949,0,8340,2.287779,19,1160,[0]
3525,49,-0.199697,7,620,80.0,0.360608,24,1150,1.557648,14,3490,[0]
3530,66,-0.650258,7,550,80.0,0.894708,24,250,1.287787,10,4730,[0 1]
3530,66,-0.67293,7,600,80.0,1.287787,10,4730,1.488614,27,10090,[0]
3535,53,-1.063993,7,540,80.0,1.445217,24,340,2.135023,10,4700,[0 1]
3535,53,-0.87957,7,610,80.0,2.135023,10,4700,1.549099,0,8350,[0]
3535,53,-0.434237,7,570,80.0,1.549099,0,8350,2.190528,19,1180,[0]
3535,53,-0.194424,7,590,80.0,0.359663,24,1150,1.548744,14,3490,[0]
3539,67,-0.629946,7,540,80.0,0.819067,24,250,1.071846,10,4730,[0 1]
3539,67,-0.656622,7,600,80.0,1.071846,10,4730,1.749668,27,10090,[0]
3543,67,-0.622019,7,550,80.0,0.839096,24,250,1.074269,10,4720,[1]
3543,67,-0.657531,7,600,80.0,1.074269,10,4720,1.747968,27,10090,[0]
3546,71,-0.534591,7,540,80.0,0.738599,24,240,1.062144,10,4730,[1]
3546,71,-0.611134,7,590,80.0,1.062144,10,4730,1.479524,27,10100,[0]
3549,67,-0.616083,7,560,80.0,0.875638,24,240,1.074355,10,4720,[0 1]
3549,67,-0.658577,7,600,80.0,1.074355,10,4720,1.748197,27,10090,[0]
3554,69,-0.573054,7,540,80.0,0.753945,24,240,1.063528,10,4740,[0 1]
3554,69,-0.632291,7,590,80.0,1.063528,10,4740,1.745585,27,10100,[0]
3560,65,-0.689507,7,550,80.0,0.942247,24,260,1.306146,10,4720,[0 1]
3560,65,-0.697051,7,600,80.0,1.306146,10,4720,1.491124,27,10090,[0]
3567,71,-0.520259,7,540,80.0,0.666443,24,240,1.060465,10,4730,[1]
3567,71,-0.601824,7,590,80.0,1.060465,10,4730,1.740282,27,10100,[0]
3570,61,-0.826285,7,540,80.0,1.105808,24,290,1.82944,10,4720,[1]
3570,61,-0.752976,7,610,80.0,1.82944,10,4720,1.541241,0,8350,[0]
3570,61,-0.384652,7,530,80.0,1.541241,0,8350,2.029717,19,1210,[0]
3570,61,-0.175949,7,540,80.0,0.363054,24,1120,1.518382,14,3500,[0]
3574,68,-0.58723,7,560,80.0,0.861333,24,230,1.069527,10,4730,[0 1]
3574,68,-0.654911,7,590,80.0,1.069527,10,4730,1.744377,27,10100,[0]
3579,70,-0.536761,7,550,80.0,0.737399,24,230,1.063062,10,4730,[1]
3579,70,-0.616419,7,590,80.0,1.063062,10,4730,1.742188,27,10090,[0]
3584,54,-1.009767,7,550,80.0,1.467571,24,320,2.090324,10,4700,[0 1]
3584,54,-0.849505,7,620,80.0,2.090324,10,4700,1.548116,0,8350,[0]
3584,54,-0.42592,7,570,80.0,1.548116,0,8350,2.195307,19,1170,[0]
3584,54,-0.196607,7,570,80.0,0.358933,24,1150,1.522494,14,3480,[0]
3590,69,-0.573246,7,550,80.0,0.850955,24,240,1.06902,10,4720,[0 1]
3590,69,-0.627815,7,600,80.0,1.06902,10,4720,1.483854,27,10090,[0]
3596,61,-0.804495,7,550,80.0,1.129565,24,280,1.824424,10,4710,[0 1]
3596,61,-0.747582,7,610,80.0,1.824424,10,4710,1.539067,0,8360,[0]
3596,61,-0.388166,7,520,80.0,1.539067,0,8360,2.025286,19,1210,[0]
3596,61,-0.18614,7,510,80.0,0.359729,24,1130,1.49628,14,3500,[0]
3598,70,-0.561935,7,540,80.0,0.770978,24,250,1.067042,10,4720,[0 1]
3598,70,-0.627026,7,590,80.0,1.067042,10,4720,1.481264,27,10100,[0]
3600,68,-0.614217,7,550,80.0,0.88802,24,250,1.073521,10,4720,[0 1]
3600,68,-0.663782,7,590,80.0,1.073521,10,4720,1.484935,27,10100,[0]
3603,68,-0.616677,7,540,80.0,0.801224,24,250,1.070311,10,4730,[0 1]
3603,68,-0.648155,7,600,80.0,1.070311,10,4730,1.748692,27,10090,[0]
3609,50,-1.730045,7,520,80.0,1.554949,19,370,1.43692,10,4700,[0 1]
3609,50,-0.910567,7,630,80.0,1.43692,10,4700,1.55481,0,8340,[0]
3609,50,-0.460782,7,580,80.0,1.55481,0,8340,2.285943,19,1160,[0]
3609,50,-0.199243,7,620,80.0,0.360568,24,1150,1.548748,14,3480,[0]
3612,69,-0.569839,7,550,80.0,0.777645,24,240,1.066585,10,4730,[1]
3612,69,-0.637732,7,590,80.0,1.066585,10,4730,1.746385,27,10090,[0]
3612,69,-1.453389,7,640,80.0,1.898975,16,330,2.783921,6,5470,[1]
3618,50,-1.665179,7,540,80.0,1.577976,19,360,1.44312,10,4690,[1]
3618,50,-0.919915,7,620,80.0,1.44312,10,4690,1.552617,0,8350,[0]
3618,50,-0.458916,7,580,80.0,1.552617,0,8350,2.261427,19,1170,[0]
3618,50,-0.197508,7,620,80.0,0.360497,24,1150,1.543316,14,3470,[0]
3621,69,-0.590712,7,540,80.0,0.759807,24,250,1.067829,10,4730,[0 1]
3621,69,-0.634483,7,600,80.0,1.067829,10,4730,1.747167,27,10090,[0]
3623,69,-0.566519,7,550,80.0,0.757224,24,240,1.068453,10,4720,[1]
3623,69,-0.62387,7,600,80.0,1.068453,10,4720,1.745959,27,10090,[0]
3626,69,-0.566862,7,550,80.0,0.761584,24,240,1.068606,10,4720,[0 1]
3626,69,-0.625293,7,600,80.0,1.068606,10,4720,1.746158,27,10090,[0]
3633,67,-0.623964,7,550,80.0,0.843285,24,250,1.074465,10,4720,[0 1]
3633,67,-0.65864,7,600,80.0,1.074465,10,4720,1.748063,27,10090,[0]
3635,68,-0.625019,7,540,80.0,0.81868,24,250,1.071163,10,4730,[0 1]
3635,68,-0.652655,7,600,80.0,1.071163,10,4730,1.749214,27,10090,[0]
3642,70,-0.540792,7,540,80.0,0.695508,24,240,1.062694,10,4730,[0 1]
3642,70,-0.613828,7,590,80.0,1.062694,10,4730,1.741621,27,10100,[0]
3645,70,-0.546399,7,540,80.0,0.705923,24,240,1.063048,10,4730,[0 1]
3645,70,-0.605422,7,600,80.0,1.063048,10,4730,1.743914,27,10090,[0]
3647,69,-0.580699,7,540,80.0,0.748827,24,250,1.066474,10,4730,[0 1]
3647,69,-0.636636,7,590,80.0,1.066474,10,4730,1.74608,27,10100,[0]
3653,53,-1.085327,7,530,80.0,1.44636,24,340,2.135495,10,4710,[0 1]
3653,53,-0.869043,7,620,80.0,2.135495,10,4710,1.55109,0,8340,[0]
3653,53,-0.435579,7,570,80.0,1.55109,0,8340,2.211984,19,1170,[0]
3653,53,-0.192111,7,600,80.0,0.359644,24,1150,1.536647,14,3460,[0]
3658,57,-0.964019,7,540,80.0,1.349233,24,310,2.006773,10,4710,[0 1]
3658,57,-0.813303,7,620,80.0,2.006773,10,4710,1.543882,0,8360,[0]
3658,57,-0.423939,7,540,80.0,1.543882,0,8360,2.125908,19,1190,[0]
3658,57,-0.194531,7,550,80.0,0.360715,24,1140,1.512827,14,3490,[0]
3661,69,-0.583228,7,550,80.0,0.788689,24,240,1.070325,10,4720,[0 1]
3661,69,-0.63521,7,600,80.0,1.070325,10,4720,1.74717,27,10090,[0]
3668,68,-0.599392,7,540,80.0,0.770474,24,250,1.068583,10,4730,[0 1]
3668,68,-0.637914,7,600,80.0,1.068583,10,4730,1.747516,27,10090,[0]
3675,69,-0.57118,7,550,80.0,0.780445,24,240,1.066724,10,4730,[0 1]
3675,69,-0.638535,7,590,80.0,1.066724,10,4730,1.746451,27,10090,[0]
3675,69,-1.454565,7,640,80.0,1.830545,16,320,2.781007,6,5460,[1]
3679,68,-0.604633,7,540,80.0,0.775065,24,250,1.068677,10,4730,[0 1]
3679,68,-0.639003,7,600,80.0,1.068677,10,4730,1.747744,27,10090,[0]
3681,69,-0.588891,7,530,80.0,0.73494,24,250,1.06416,10,4740,[0 1]
3681,69,-0.636433,7,590,80.0,1.06416,10,4740,1.745929,27,10100,[0]
3684,51,-1.601488,7,540,80.0,1.561823,19,350,1.974992,10,4690,[0 1]
3684,51,-0.893019,7,630,80.0,1.974992,10,4690,1.551744,0,8350,[0]
3684,51,-0.459583,7,570,80.0,1.551744,0,8350,2.267549,19,1160,[0]
3684,51,-0.197529,7,610,80.0,0.360237,24,1150,1.538009,14,3470,[0]
3691,69,-0.592204,7,540,80.0,0.762826,24,250,1.067975,10,4730,[0 1]
3691,69,-0.635338,7,600,80.0,1.067975,10,4730,1.747239,27,10090,[0]
3696,69,-0.566895,7,540,80.0,0.777027,24,250,1.06547,10,4730,[0 1]
3696,69,-0.629793,7,590,80.0,1.06547,10,4730,1.482925,27,10090,[0]
3699,69,-0.572912,7,550,80.0,0.853514,24,240,1.069113,10,4720,[0 1]
3699,69,-0.62913,7,600,80.0,1.069113,10,4720,1.662782,27,10090,[0]
3703,69,-0.582677,7,540,80.0,0.740174,24,250,1.066982,10,4730,[0 1]
3703,69,-0.640165,7,590,80.0,1.066982,10,4730,1.746297,27,10100,[0]
3706,69,-0.569659,7,540,80.0,0.74388,24,240,1.065681,10,4730,[0 1]
3706,69,-0.621397,7,600,80.0,1.065681,10,4730,1.745575,27,10090,[0]
3708,70,-0.540989,7,550,80.0,0.751567,24,230,1.063498,10,4730,[0 1]
3708,70,-0.619392,7,590,80.0,1.063498,10,4730,1.742462,27,10090,[0]
3712,69,-0.590241,7,540,80.0,0.756286,24,250,1.067629,10,4730,[0 1]
3712,69,-0.643715,7,590,80.0,1.067629,10,4730,1.746736,27,10100,[0]
3717,69,-0.576492,7,540,80.0,0.761039,24,240,1.063875,10,4740,[0 1]
3717,69,-0.634369,7,590,80.0,1.063875,10,4740,1.74576,27,10100,[0]
3724,69,-0.575728,7,540,80.0,0.757094,24,240,1.065986,10,4730,[0 1]
3724,69,-0.622998,7,600,80.0,1.065986,10,4730,1.745837,27,10090,[0]
3729,69,-0.581717,7,550,80.0,0.784107,24,240,1.070293,10,4720,[0 1]
3729,69,-0.634526,7,600,80.0,1.070293,10,4720,1.745254,27,10090,[0]
3738,70,-0.560342,7,540,80.0,0.732792,24,240,1.064597,10,4730,[0 1]
3738,70,-0.625511,7,590,80.0,1.064597,10,4730,1.742866,27,10100,[0]
3742,70,-0.54529,7,550,80.0,0.757461,24,230,1.063981,10,4730,[0 1]
3742,70,-0.622304,7,590,80.0,1.063981,10,4730,1.74279,27,10090,[0]
3746,67,-0.631821,7,540,80.0,0.828426,24,250,1.071659,10,4730,[0 1]
3746,67,-0.655548,7,600,80.0,1.071659,10,4730,1.749545,27,10090,[0]
3752,66,-0.664306,7,540,80.0,0.856062,24,260,1.288808,10,4720,[0 1]
3752,66,-0.662491,7,610,80.0,1.288808,10,4720,1.488556,27,10090,[0]
3758,59,-0.865291,7,550,80.0,1.235357,24,290,1.901328,10,4720,[0 1]
3758,59,-0.782034,7,610,80.0,1.901328,10,4720,1.543024,0,8350,[0]
3758,59,-0.396187,7,540,80.0,1.543024,0,8350,2.087231,19,1190,[0]
3758,59,-0.188612,7,530,80.0,0.358419,24,1140,1.501912,14,3480,[0]
3760,72,-0.490643,7,540,80.0,0.638864,24,230,1.057548,10,4730,[0 1]
3760,72,-0.575532,7,600,80.0,1.057548,10,4730,1.738669,27,10090,[0]
3760,72,-1.405559,7,630,80.0,1.810812,16,350,2.789227,6,5450,[1]
3762,69,-0.569678,7,550,80.0,0.767329,24,240,1.068892,10,4720,[0 1]
3762,69,-0.626909,7,600,80.0,1.068892,10,4720,1.746298,27,10090,[0]
3764,71,-0.515474,7,540,80.0,0.65748,24,240,1.059927,10,4730,[0 1]
3764,71,-0.60887,7,580,80.0,1.059927,10,4730,1.738099,27,10100,[0]
3764,71,-1.421143,7,630,80.0,1.794672,16,340,2.781912,6,5440,[1]
3769,62,-0.80168,7,550,80.0,1.110227,24,280,1.837265,10,4710,[1]
3769,62,-0.748003,7,610,80.0,1.837265,10,4710,1.53903,0,8360,[0]
3769,62,-0.397105,7,510,80.0,1.53903,0,8360,2.007887,19,1220,[0]
3769,62,-0.177268,7,530,80.0,0.362528,24,1120,1.495138,14,3480,[0]
3772,70,-0.542264,7,550,80.0,0.754193,24,230,1.06363,10,4730,[0 1]
3772,70,-0.620154,7,590,80.0,1.06363,10,4730,1.742525,27,10090,[0]
3775,55,-1.004956,7,540,80.0,1.41005,24,320,2.048235,10,4710,[0 1]
3775,55,-0.836077,7,620,80.0,2.048235,10,4710,1.547196,0,8350,[0]
3775,55,-0.424088,7,560,80.0,1.547196,0,8350,2.181857,19,1170,[0]
3775,55,-0.189239,7,580,80.0,0.361552,24,1140,1.521208,14,3470,[0]
3777,52,-1.118822,7,530,80.0,1.479482,24,350,1.960236,10,4700,[1]
3777,52,-0.887179,7,620,80.0,1.960236,10,4700,1.548517,0,8360,[0]
3777,52,-0.45385,7,560,80.0,1.548517,0,8360,2.228777,19,1170,[0]
3777,52,-0.192811,7,610,80.0,0.359953,24,1150,1.524522,14,3440,[0]
3782,62,-0.790976,7,550,80.0,1.102832,24,280,1.821878,10,4710,[1]
3782,62,-0.740307,7,610,80.0,1.821878,10,4710,1.538635,0,8360,[0]
3782,62,-0.391816,7,510,80.0,1.538635,0,8360,2.002764,19,1220,[0]
3782,62,-0.179536,7,520,80.0,0.359074,24,1130,1.495307,14,3480,[0]
3787,70,-0.549184,7,560,80.0,0.772255,24,230,1.067795,10,4720,[0 1]
3787,70,-0.619637,7,600,80.0,1.067795,10,4720,1.745451,27,10090,[0]
3792,54,-1.050222,7,540,80.0,1.430288,24,340,1.881067,10,4700,[0 1]
3792,54,-0.874343,7,610,80.0,1.881067,10,4700,1.546782,0,8360,[0]
3792,54,-0.444746,7,550,80.0,1.546782,0,8360,2.185607,19,1180,[0]
3792,54,-0.19265,7,590,80.0,0.359372,24,1150,1.518138,14,3450,[0]
3797,53,-1.090678,7,530,80.0,1.451904,24,340,1.893588,10,4700,[0 1]
3797,53,-0.85723,7,630,80.0,1.893588,10,4700,1.549309,0,8350,[0]
3797,53,-0.43645,7,570,80.0,1.549309,0,8350,2.212432,19,1170,[0]
3797,53,-0.195583,7,590,80.0,0.35967,24,1150,1.516781,14,3450,[0]
3800,70,-0.53814,7,540,80.0,0.699348,24,240,1.062474,10,4730,[0 1]
3800,70,-0.613797,7,590,80.0,1.062474,10,4730,1.741595,27,10100,[0]
3800,70,-1.420055,7,640,80.0,1.724578,16,320,2.78459,6,5440,[1]
3802,70,-0.545162,7,540,80.0,0.707505,24,240,1.063082,10,4730,[0 1]
3802,70,-0.606403,7,600,80.0,1.063082,10,4730,1.743946,27,10090,[0]
3802,70,-1.422041,7,640,80.0,1.732489,16,320,2.783925,6,5440,[1]
3806,71,-0.511457,7,550,80.0,0.699491,24,230,1.060403,10,4730,[0 1]
3806,71,-0.611029,7,580,80.0,1.060403,10,4730,1.738345,27,10100,[0]
3806,71,-1.426238,7,630,80.0,1.804258,16,340,2.780124,6,5440,[1]
3813,62,-0.802432,7,550,80.0,1.112219,24,280,1.837502,10,4710,[0 1]
3813,62,-0.74842,7,610,80.0,1.837502,10,4710,1.539049,0,8360,[0]
3813,62,-0.397332,7,510,80.0,1.539049,0,8360,2.008123,19,1220,[0]
3813,62,-0.177393,7,530,80.0,0.362552,24,1120,1.494917,14,3480,[0]
3820,53,-1.08734,7,540,80.0,1.496336,24,340,1.950697,10,4700,[0 1]
3820,53,-0.878441,7,620,80.0,1.950697,10,4700,1.549842,0,8350,[0]
3820,53,-0.449592,7,560,80.0,1.549842,0,8350,2.202697,19,1180,[0]
3820,53,-0.190896,7,610,80.0,0.359839,24,1150,1.520235,14,3430,[0]
3824,56,-0.988386,7,540,80.0,1.366649,24,320,1.781693,10,4710,[0 1]
3824,56,-0.826984,7,620,80.0,1.781693,10,4710,1.548472,0,8340,[0]
3824,56,-0.418314,7,560,80.0,1.548472,0,8340,2.155253,19,1180,[0]
3824,56,-0.18787,7,580,80.0,0.361396,24,1140,1.5117,14,3450,[0]
3827,63,-0.780347,7,540,80.0,1.04613,24,280,1.781882,10,4720,[0 1]
3827,63,-0.727039,7,610,80.0,1.781882,10,4720,1.539641,0,8350,[0]
3827,63,-0.373881,7,520,80.0,1.539641,0,8350,1.991371,19,1220,[0]
3827,63,-0.176183,7,520,80.0,0.361686,24,1120,1.482869,14,3470,[0]
3831,71,-0.537089,7,540,80.0,0.746768,24,240,1.061981,10,4730,[0 1]
3831,71,-0.611444,7,590,80.0,1.061981,10,4730,1.479577,27,10100,[0]
3831,71,-1.41711,7,640,80.0,1.811956,16,320,2.778603,6,5440,[1]
3837,72,-0.501745,7,570,80.0,0.662759,24,230,1.065271,10,4700,[0 1]
3837,72,-0.581541,7,600,80.0,1.065271,10,4700,1.479142,27,10090,[0]
3837,72,-1.436994,7,620,80.0,1.651882,16,340,3.806243,6,5430,[0]
3841,71,-0.522588,7,540,80.0,0.692859,24,230,1.060677,10,4730,[0 1]
3841,71,-0.592406,7,600,80.0,1.060677,10,4730,1.74052,27,10090,[0]
3845,53,-1.073617,7,540,80.0,1.473411,24,340,1.896395,10,4700,[0 1]
3845,53,-0.872546,7,620,80.0,1.896395,10,4700,1.549459,0,8350,[0]
3845,53,-0.437091,7,570,80.0,1.549459,0,8350,2.234663,19,1160,[0]
3845,53,-0.192789,7,600,80.0,0.359815,24,1150,1.518357,14,3440,[0]
3849,56,-0.991547,7,540,80.0,1.36718,24,320,1.780029,10,4710,[0 1]
3849,56,-0.82726,7,620,80.0,1.780029,10,4710,1.548472,0,8340,[0]
3849,56,-0.417923,7,560,80.0,1.548472,0,8340,2.156221,19,1180,[0]
3849,56,-0.187923,7,580,80.0,0.361402,24,1140,1.511626,14,3450,[0]
3855,71,-0.539852,7,530,80.0,0.719159,24,250,1.060581,10,4730,[0 1]
3855,71,-0.589185,7,600,80.0,1.060581,10,4730,1.48001,27,10090,[0]
3855,71,-1.440874,7,630,80.0,1.782681,16,330,3.793467,6,5430,[0]
3856,58,-0.90085,7,550,80.0,1.290385,24,300,1.94627,10,4710,[0 1]
3856,58,-0.800258,7,610,80.0,1.94627,10,4710,1.542255,0,8360,[0]
3856,58,-0.406267,7,540,80.0,1.542255,0,8360,2.102698,19,1190,[0]
3856,58,-0.190757,7,540,80.0,0.35964,24,1140,1.496283,14,3470,[0]
3862,72,-0.515647,7,530,80.0,0.637286,24,240,1.056718,10,4740,[0 1]
3862,72,-0.603327,7,580,80.0,1.056718,10,4740,1.737496,27,10100,[0]
3867,63,-0.771523,7,540,80.0,1.021479,24,280,1.781812,10,4720,[0 1]
3867,63,-0.722425,7,610,80.0,1.781812,10,4720,1.539388,0,8350,[0]
3867,63,-0.372879,7,520,80.0,1.539388,0,8350,1.987843,19,1220,[0]
3867,63,-0.181246,7,500,80.0,0.361185,24,1120,1.477858,14,3490,[0]
3872,61,-0.809295,7,550,80.0,1.14253,24,280,1.841664,10,4710,[0 1]
3872,61,-0.750277,7,610,80.0,1.841664,10,4710,1.53919,0,8360,[0]
3872,61,-0.389761,7,520,80.0,1.53919,0,8360,2.026903,19,1210,[0]
3872,61,-0.183322,7,520,80.0,0.359887,24,1130,1.484798,14,3470,[0]
3877,63,-0.760321,7,550,80.0,1.089566,24,270,1.802441,10,4720,[0 1]
3877,63,-0.726588,7,610,80.0,1.802441,10,4720,1.539627,0,8350,[0]
3877,63,-0.374496,7,520,80.0,1.539627,0,8350,2.008452,19,1210,[0]
3880,65,-0.686804,7,550,80.0,0.96719,24,250,1.29338,10,4740,[0 1]
3880,65,-0.704993,7,590,80.0,1.29338,10,4740,1.489192,27,10100,[0]
3880,65,-0.168327,7,500,80.0,0.361454,24,1110,1.980868,14,3470,[0]
3885,70,-0.550398,7,540,80.0,0.717269,24,240,1.063409,10,4730,[0 1]
3885,70,-0.608707,7,600,80.0,1.063409,10,4730,1.7442,27,10090,[0]
3888,62,-0.777057,7,550,80.0,1.063471,24,280,1.817481,10,4710,[0 1]
3888,62,-0.74578,7,600,80.0,1.817481,10,4710,1.538193,0,8360,[0]
3888,62,-0.380208,7,520,80.0,1.538193,0,8360,1.996969,19,1220,[0]
3888,62,-0.172991,7,530,80.0,0.361795,24,1120,1.485696,14,3460,[0]
3893,61,-0.802389,7,550,80.0,1.123686,24,280,1.837279,10,4710,[0 1]
3893,61,-0.74791,7,610,80.0,1.837279,10,4710,1.539077,0,8360,[0]
3893,61,-0.389585,7,520,80.0,1.539077,0,8360,2.024819,19,1210,[0]
3893,61,-0.181051,7,520,80.0,0.359448,24,1130,1.486243,14,3470,[0]
3896,59,-0.90583,7,540,80.0,1.256224,24,300,1.931317,10,4710,[0 1]
3896,59,-0.782808,7,620,80.0,1.931317,10,4710,1.541929,0,8360,[0]
3896,59,-0.412421,7,530,80.0,1.541929,0,8360,2.097998,19,1190,[0]
3896,59,-0.185196,7,550,80.0,0.359281,24,1140,1.496802,14,3450,[0]
3912,69,-0.577002,7,550,80.0,0.781566,24,240,1.069545,10,4720,[0 1]
3912,69,-0.631037,7,600,80.0,1.069545,10,4720,1.744398,27,10090,[0]
3916,61,-0.810001,7,550,80.0,1.144435,24,280,1.841886,10,4710,[0 1]
3916,61,-0.750674,7,610,80.0,1.841886,10,4710,1.53921,0,8360,[0]
3916,61,-0.389995,7,520,80.0,1.53921,0,8360,2.027139,19,1210,[0]
3916,61,-0.183438,7,520,80.0,0.35991,24,1130,1.48459,14,3470,[0]
3922,62,-0.781096,7,550,80.0,1.080267,24,280,1.801893,10,4710,[0 1]
3922,62,-0.734381,7,610,80.0,1.801893,10,4710,1.538284,0,8360,[0]
3922,62,-0.388694,7,510,80.0,1.538284,0,8360,1.998622,19,1220,[0]
3922,62,-0.177875,7,520,80.0,0.358834,24,1130,1.483916,14,3460,[0]
3927,63,-0.762738,7,550,80.0,1.073535,24,270,1.800371,10,4720,[0 1]
3927,63,-0.738468,7,600,80.0,1.800371,10,4720,1.537735,0,8360,[0]
3927,63,-0.381878,7,510,80.0,1.537735,0,8360,1.990703,19,1220,[0]
3927,63,-0.181614,7,500,80.0,0.358048,24,1130,1.480669,14,3480,[0]
3932,63,-0.752047,7,550,80.0,1.04483,24,270,1.337478,10,4720,[0 1]
3932,63,-0.73127,7,600,80.0,1.337478,10,4720,1.537319,0,8360,[0]
3932,63,-0.378397,7,510,80.0,1.537319,0,8360,1.985656,19,1220,[0]
3932,63,-0.175677,7,510,80.0,0.360767,24,1120,1.483294,14,3480,[0]
3937,62,-0.792199,7,550,80.0,1.097157,24,280,1.606268,10,4710,[0 1]
3937,62,-0.742669,7,610,80.0,1.606268,10,4710,1.538657,0,8360,[0]
3937,62,-0.391415,7,510,80.0,1.538657,0,8360,2.003023,19,1220,[0]
3937,62,-0.178806,7,520,80.0,0.358962,24,1130,1.482967,14,3460,[0]
3941,64,-0.738467,7,550,80.0,1.012273,24,270,1.335925,10,4720,[0 1]
3941,64,-0.723924,7,600,80.0,1.335925,10,4720,1.536856,0,8360,[0]
3941,64,-0.372071,7,510,80.0,1.536856,0,8360,1.979674,19,1220,[0]
3941,64,-0.177955,7,500,80.0,0.360394,24,1120,1.47618,14,3480,[0]
3945,56,-0.975392,7,540,80.0,1.346805,24,320,1.763898,10,4710,[0 1]
3945,56,-0.836142,7,610,80.0,1.763898,10,4710,1.546256,0,8350,[0]
3945,56,-0.414813,7,560,80.0,1.546256,0,8350,2.150311,19,1180,[0]
3945,56,-0.185338,7,580,80.0,0.360979,24,1140,1.499093,14,3430,[0]
3950,63,-0.763114,7,550,80.0,1.074494,24,270,1.800481,10,4720,[0 1]
3950,63,-0.738686,7,600,80.0,1.800481,10,4720,1.537743,0,8360,[0]
3950,63,-0.382001,7,510,80.0,1.537743,0,8360,1.990825,19,1220,[0]
3950,63,-0.18168,7,500,80.0,0.358063,24,1130,1.473768,14,3470,[0]
3955,63,-0.763195,7,550,80.0,1.074701,24,270,1.800505,10,4720,[0 1]
3955,63,-0.738733,7,600,80.0,1.800505,10,4720,1.537746,0,8360,[0]
3955,63,-0.382027,7,510,80.0,1.537746,0,8360,1.990852,19,1220,[0]
3955,63,-0.181694,7,500,80.0,0.358066,24,1130,1.466945,14,3460,[0]
3958,68,-0.599338,7,550,80.0,0.833087,24,240,1.069935,10,4730,[0 1]
3958,68,-0.646287,7,600,80.0,1.069935,10,4730,1.748387,27,10090,[0]
3963,66,-0.644656,7,560,80.0,0.917909,24,250,1.29433,10,4720,[0 1]
3963,66,-0.676697,7,600,80.0,1.29433,10,4720,1.488943,27,10090,[0]
3968,63,-0.782184,7,540,80.0,1.054626,24,280,1.801049,10,4720,[0 1]
3968,63,-0.739668,7,600,80.0,1.801049,10,4720,1.537813,0,8360,[0]
3968,63,-0.375389,7,520,80.0,1.537813,0,8360,1.992288,19,1220,[0]
3968,63,-0.182965,7,500,80.0,0.358261,24,1130,1.470887,14,3470,[0]
3974,63,-0.752734,7,550,80.0,1.046557,24,270,1.33756,10,4720,[0 1]
3974,63,-0.731663,7,600,80.0,1.33756,10,4720,1.537337,0,8360,[0]
3974,63,-0.378619,7,510,80.0,1.537337,0,8360,1.985876,19,1220,[0]
3974,63,-0.1758,7,510,80.0,0.360793,24,1120,1.469527,14,3460,[0]
3975,63,-0.7823,7,540,80.0,1.054912,24,280,1.801083,10,4720,[0 1]
3975,63,-0.739733,7,600,80.0,1.801083,10,4720,1.537816,0,8360,[0]
3975,63,-0.375429,7,520,80.0,1.537816,0,8360,1.992327,19,1220,[0]
3975,63,-0.182985,7,500,80.0,0.358266,24,1130,1.470855,14,3470,[0]
3977,61,-0.830493,7,540,80.0,1.116751,24,290,1.844359,10,4710,[0 1]
3977,61,-0.754084,7,610,80.0,1.844359,10,4710,1.537584,0,8370,[0]
3977,61,-0.40043,7,510,80.0,1.537584,0,8370,2.029582,19,1210,[0]
3977,61,-0.184483,7,520,80.0,0.360129,24,1130,1.476522,14,3460,[0]
3982,62,-0.796739,7,540,80.0,1.0675,24,280,1.807297,10,4720,[0 1]
3982,62,-0.748363,7,600,80.0,1.807297,10,4720,1.53835,0,8360,[0]
3982,62,-0.382428,7,520,80.0,1.53835,0,8360,1.999264,19,1220,[0]
3982,62,-0.173843,7,530,80.0,0.361832,24,1120,1.478784,14,3450,[0]
3987,62,-0.778713,7,550,80.0,1.067592,24,280,1.817983,10,4710,[0 1]
3987,62,-0.746677,7,600,80.0,1.817983,10,4710,1.538233,0,8360,[0]
3987,62,-0.380715,7,520,80.0,1.538233,0,8360,1.997501,19,1220,[0]
3987,62,-0.173276,7,530,80.0,0.361851,24,1120,1.478428,14,3450,[0]
3992,66,-0.685095,7,540,80.0,0.928667,24,270,1.299971,10,4710,[0 1]
3992,66,-0.686559,7,600,80.0,1.299971,10,4710,1.488463,27,10100,[0]
3995,63,-0.757813,7,550,80.0,1.059657,24,270,1.80337,10,4720,[0 1]
3995,63,-0.734472,7,600,80.0,1.80337,10,4720,1.537523,0,8360,[0]
3995,63,-0.380047,7,510,80.0,1.537523,0,8360,1.987521,19,1220,[0]
3995,63,-0.181191,7,500,80.0,0.35792,24,1130,1.468315,14,3460,[0]
3998,63,-0.743937,7,550,80.0,1.026647,24,270,1.336446,10,4720,[0 1]
3998,63,-0.727019,7,600,80.0,1.336446,10,4720,1.537009,0,8360,[0]
3998,63,-0.373478,7,510,80.0,1.537009,0,8360,1.98206,19,1220,[0]
3998,63,-0.178732,7,500,80.0,0.360618,24,1120,1.466709,14,3470,[0]
3999,63,-0.782696,7,540,80.0,1.055884,24,280,1.801196,10,4720,[0 1]
3999,63,-0.739955,7,600,80.0,1.801196,10,4720,1.537824,0,8360,[0]
3999,63,-0.375564,7,520,80.0,1.537824,0,8360,1.992462,19,1220,[0]
3999,63,-0.183053,7,500,80.0,0.358281,24,1130,1.470751,14,3470,[0]
3003,42,-2.088944,7,520,80.0,1.767242,19,410,1.469141,10,4680,[1]
3003,42,-0.983632,7,650,80.0,1.469141,10,4680,1.556847,0,8370,[0]
3003,42,-0.531732,7,570,80.0,1.556847,0,8370,2.182353,19,1130,[0]
3003,42,-0.211262,7,660,80.0,0.362544,24,1150,1.562945,14,3580,[0]
3008,71,-0.51111,7,540,80.0,0.668619,24,230,1.057445,10,4740,[0 1]
3008,71,-0.597444,7,590,80.0,1.057445,10,4740,1.738189,27,10090,[0]
3008,71,-1.419177,7,630,80.0,2.097418,16,390,2.806082,6,5520,[1]
3021,44,-0.967522,7,650,80.0,1.149783,10,4690,1.557437,0,8360,[0]
3021,44,-0.513176,7,580,80.0,1.557437,0,8360,2.191071,19,1120,[0]
3021,44,-0.206979,7,660,80.0,0.356049,24,1170,1.552065,14,3560,[0]
3028,73,-0.4222,7,570,80.0,0.593537,24,210,1.0557,10,4710,[0 1]
3028,73,-0.548068,7,590,80.0,1.0557,10,4710,1.515814,27,10100,[0]
3028,73,-1.375404,7,620,80.0,2.09433,16,440,2.819016,6,5510,[1]
3041,43,-0.969039,7,650,80.0,1.152554,10,4680,1.557629,0,8360,[0]
3041,43,-0.522577,7,570,80.0,1.557629,0,8360,2.172326,19,1130,[0]
3041,43,-0.211915,7,650,80.0,0.362245,24,1150,1.546306,14,3570,[0]
3045,42,-0.022599,7,930,80.0,0.0,-1,0,2.500827,10,4690,[0 1]
3045,42,-0.998323,7,640,80.0,2.500827,10,4690,1.558633,0,8360,[0]
3045,42,-0.522337,7,580,80.0,1.558633,0,8360,2.201874,19,1120,[0]
3045,42,-0.211649,7,660,80.0,0.356417,24,1170,1.541775,14,3560,[0]
3050,44,-0.967788,7,650,80.0,1.149828,10,4690,1.55745,0,8360,[0]
3050,44,-0.51334,7,580,80.0,1.55745,0,8360,2.191258,19,1120,[0]
3050,44,-0.20705,7,660,80.0,0.356055,24,1170,1.54117,14,3550,[0]
3059,39,-0.017023,7,950,80.0,0.0,-1,0,1.48512,10,4680,[0 1]
3059,39,-1.028528,7,650,80.0,1.48512,10,4680,1.560848,0,8370,[0]
3059,39,-0.542315,7,590,80.0,1.560848,0,8370,2.256616,19,1110,[0]
3059,39,-0.217119,7,680,80.0,0.363896,24,1150,1.518051,14,3560,[0]
3059,39,-0.255678,7,640,80.0,0.119486,24,470,2.537843,26,380,[0]
3065,48,-1.768133,7,530,80.0,1.600782,19,370,1.443436,10,4690,[1]
3065,48,-0.918616,7,630,80.0,1.443436,10,4690,1.553707,0,8350,[0]
3065,48,-0.465696,7,580,80.0,1.553707,0,8350,2.316513,19,1150,[0]
3065,48,-0.201235,7,620,80.0,0.360814,24,1150,1.617579,14,3560,[0]
3070,44,-0.967969,7,650,80.0,1.149859,10,4690,1.557458,0,8360,[0]
3070,44,-0.513451,7,580,80.0,1.557458,0,8360,2.191385,19,1120,[0]
3070,44,-0.207099,7,660,80.0,0.356059,24,1170,1.541036,14,3550,[0]
3075,44,-0.968015,7,650,80.0,1.149867,10,4690,1.55746,0,8360,[0]
3075,44,-0.513479,7,580,80.0,1.55746,0,8360,2.191417,19,1120,[0]
3075,44,-0.207111,7,660,80.0,0.35606,24,1170,1.541002,14,3550,[0]
3079,44,-0.96805,7,650,80.0,1.149873,10,4690,1.557462,0,8360,[0]
3079,44,-0.513501,7,580,80.0,1.557462,0,8360,2.191442,19,1120,[0]
3079,44,-0.20712,7,660,80.0,0.356061,24,1170,1.540975,14,3550,[0]
3083,42,-1.001689,7,640,80.0,1.153093,10,4690,1.557102,0,8370,[0]
3083,42,-0.532367,7,570,80.0,1.557102,0,8370,2.203775,19,1120,[0]
3083,42,-0.209063,7,670,80.0,0.362679,24,1150,1.540665,14,3550,[0]
3096,72,-0.476555,7,530,80.0,0.604253,24,230,1.052992,10,4740,[0 1]
3096,72,-0.571445,7,590,80.0,1.052992,10,4740,1.737187,27,10100,[0]
3096,72,-1.360658,7,640,80.0,2.063309,16,400,2.812934,6,5490,[1]
3111,43,-2.083134,7,520,80.0,1.756328,19,410,1.468403,10,4680,[1]
3111,43,-0.995094,7,640,80.0,1.468403,10,4680,1.55469,0,8380,[0]
3111,43,-0.529842,7,570,80.0,1.55469,0,8380,2.200039,19,1120,[0]
3111,43,-0.210253,7,660,80.0,0.362514,24,1150,1.532517,14,3550,[0]
3116,44,-2.007187,7,520,80.0,1.715986,19,400,1.458557,10,4690,[1]
3116,44,-0.972686,7,640,80.0,1.458557,10,4690,1.556663,0,8360,[0]
3116,44,-0.514609,7,570,80.0,1.556663,0,8360,2.144454,19,1140,[0]
3116,44,-0.208822,7,650,80.0,0.362072,24,1150,1.533093,14,3550,[0]
3127,52,-1.091059,7,540,80.0,1.495322,24,340,2.18027,10,4700,[1]
3127,52,-0.865795,7,630,80.0,2.18027,10,4700,1.551868,0,8340,[0]
3127,52,-0.4322,7,580,80.0,1.551868,0,8340,2.261108,19,1150,[0]
3127,52,-0.195215,7,600,80.0,0.359914,24,1150,1.582559,14,3520,[0]
3132,44,-2.013579,7,520,80.0,1.75121,19,400,1.460746,10,4690,[1]
3132,44,-0.967148,7,650,80.0,1.460746,10,4690,1.557417,0,8360,[0]
3132,44,-0.521694,7,570,80.0,1.557417,0,8360,2.170936,19,1130,[0]
3132,44,-0.210199,7,650,80.0,0.362241,24,1150,1.526403,14,3550,[0]
3142,44,-0.968604,7,650,80.0,1.149967,10,4690,1.557487,0,8360,[0]
3142,44,-0.513842,7,580,80.0,1.557487,0,8360,2.19183,19,1120,[0]
3142,44,-0.207268,7,660,80.0,0.356074,24,1170,1.530247,14,3540,[0]
3149,46,-1.859817,7,530,80.0,1.693767,19,380,1.456899,10,4690,[1]
3149,46,-0.943435,7,640,80.0,1.456899,10,4690,1.554508,0,8360,[0]
3149,46,-0.497619,7,570,80.0,1.554508,0,8360,2.12467,19,1140,[0]
3149,46,-0.204483,7,640,80.0,0.361434,24,1150,1.527443,14,3540,[0]
3154,44,-0.968707,7,650,80.0,1.149984,10,4690,1.557492,0,8360,[0]
3154,44,-0.513905,7,580,80.0,1.557492,0,8360,2.191902,19,1120,[0]
3154,44,-0.207296,7,660,80.0,0.356077,24,1170,1.530172,14,3540,[0]
3158,44,-0.971275,7,640,80.0,1.147652,10,4690,1.556479,0,8360,[0]
3158,44,-0.505777,7,580,80.0,1.556479,0,8360,2.182326,19,1120,[0]
3158,44,-0.206545,7,650,80.0,0.361962,24,1150,1.524369,14,3540,[0]
3166,45,-0.968401,7,640,80.0,1.149524,10,4680,1.556309,0,8360,[0]
3166,45,-0.49571,7,590,80.0,1.556309,0,8360,2.1805,19,1120,[0]
3166,45,-0.206563,7,650,80.0,0.361871,24,1150,1.526254,14,3540,[0]
3169,66,-0.688676,7,530,80.0,0.919489,24,270,1.076364,10,4730,[1]
3169,66,-0.682283,7,600,80.0,1.076364,10,4730,1.491115,27,10080,[0]
3173,45,-1.880217,7,530,80.0,1.736797,19,380,1.456981,10,4690,[1]
3173,45,-0.955582,7,640,80.0,1.456981,10,4690,1.555346,0,8360,[0]
3173,45,-0.496707,7,580,80.0,1.555346,0,8360,2.151459,19,1130,[0]
3173,45,-0.203085,7,650,80.0,0.361688,24,1150,1.524458,14,3530,[0]
3182,48,-1.698628,7,540,80.0,1.640256,19,360,1.44471,10,4690,[1]
3182,48,-0.909105,7,640,80.0,1.44471,10,4690,1.555772,0,8340,[0]
3182,48,-0.467717,7,580,80.0,1.555772,0,8340,2.299623,19,1160,[0]
3182,48,-0.202692,7,620,80.0,0.360793,24,1150,1.588304,14,3530,[0]
3187,71,-0.49096,7,570,80.0,0.632439,24,230,1.064522,10,4700,[0 1]
3187,71,-0.588907,7,590,80.0,1.064522,10,4700,1.477513,27,10100,[0]
3193,45,-2.00239,7,520,80.0,1.698532,19,400,1.460063,10,4690,[1]
3193,45,-0.967639,7,640,80.0,1.460063,10,4690,1.558069,0,8350,[0]
3193,45,-0.503547,7,580,80.0,1.558069,0,8350,2.160112,19,1130,[0]
3193,45,-0.209863,7,640,80.0,0.361898,24,1150,1.511475,14,3540,[0]
3202,44,-2.011047,7,520,80.0,1.722874,19,400,1.458533,10,4690,[1]
3202,44,-0.973412,7,640,80.0,1.458533,10,4690,1.556749,0,8360,[0]
3202,44,-0.497513,7,590,80.0,1.556749,0,8360,2.183266,19,1120,[0]
3202,44,-0.208668,7,650,80.0,0.362089,24,1150,1.511841,14,3530,[0]
3209,44,-0.969169,7,650,80.0,1.150063,10,4690,1.557515,0,8360,[0]
3209,44,-0.51419,7,580,80.0,1.557515,0,8360,2.192225,19,1120,[0]
3209,44,-0.207419,7,660,80.0,0.356088,24,1170,1.519892,14,3530,[0]
3213,45,-1.943769,7,520,80.0,1.70485,19,390,1.456804,10,4700,[1]
3213,45,-0.973836,7,630,80.0,1.456804,10,4700,1.555542,0,8360,[0]
3213,45,-0.497651,7,580,80.0,1.555542,0,8360,2.153563,19,1130,[0]
3213,45,-0.204381,7,650,80.0,0.361719,24,1150,1.522453,14,3530,[0]
3217,70,-0.555574,7,540,80.0,0.716022,24,240,1.064197,10,4730,[0 1]
3217,70,-0.612375,7,600,80.0,1.064197,10,4730,1.744975,27,10080,[0]
3223,43,-0.970686,7,650,80.0,1.150238,10,4690,1.55759,0,8360,[0]
3223,43,-0.51394,7,580,80.0,1.55759,0,8360,2.192758,19,1120,[0]
3223,43,-0.210938,7,650,80.0,0.362283,24,1150,1.514697,14,3540,[0]
3227,58,-0.91794,7,530,80.0,1.201066,24,310,1.922876,10,4710,[1]
3227,58,-0.780331,7,620,80.0,1.922876,10,4710,1.543734,0,8350,[0]
3227,58,-0.402075,7,540,80.0,1.543734,0,8350,2.097738,19,1190,[0]
3227,58,-0.188183,7,540,80.0,0.35911,24,1140,1.567441,14,3550,[0]
3242,45,-0.984454,7,630,80.0,1.147187,10,4690,1.556263,0,8360,[0]
3242,45,-0.496103,7,590,80.0,1.556263,0,8360,2.161638,19,1130,[0]
3242,45,-0.206403,7,650,80.0,0.361886,24,1150,1.506061,14,3520,[0]
3251,45,-2.002898,7,520,80.0,1.70041,19,400,1.46019,10,4690,[1]
3251,45,-0.96813,7,640,80.0,1.46019,10,4690,1.55809,0,8350,[0]
3251,45,-0.495277,7,590,80.0,1.55809,0,8350,2.179724,19,1120,[0]
3251,45,-0.209981,7,640,80.0,0.361909,24,1150,1.511131,14,3540,[0]
3256,69,-0.58194,7,530,80.0,0.729994,24,250,1.06553,10,4730,[0 1]
3256,69,-0.620678,7,600,80.0,1.06553,10,4730,1.74335,27,10100,[0]
3266,45,-1.94421,7,520,80.0,1.706609,19,390,1.456919,10,4700,[1]
3266,45,-0.9743,7,630,80.0,1.456919,10,4700,1.555562,0,8360,[0]
3266,45,-0.497904,7,580,80.0,1.555562,0,8360,2.134989,19,1140,[0]
3266,45,-0.204493,7,650,80.0,0.361729,24,1150,1.512288,14,3520,[0]
3272,54,-1.030547,7,540,80.0,1.415454,24,330,1.842543,10,4700,[1]
3272,54,-0.837317,7,630,80.0,1.842543,10,4700,1.549996,0,8340,[0]
3272,54,-0.432302,7,560,80.0,1.549996,0,8340,2.195581,19,1170,[0]
3272,54,-0.19384,7,580,80.0,0.359123,24,1150,1.570709,14,3520,[0]
3276,68,-0.612661,7,540,80.0,0.792993,24,250,1.06996,10,4730,[0 1]
3276,68,-0.645536,7,600,80.0,1.06996,10,4730,1.748524,27,10090,[0]
3287,70,-0.549501,7,540,80.0,0.713066,24,240,1.061215,10,4740,[0 1]
3287,70,-0.619176,7,590,80.0,1.061215,10,4740,1.744565,27,10080,[0]
3292,65,-0.721757,7,530,80.0,0.95135,24,280,1.30428,10,4720,[0 1]
3292,65,-0.70211,7,600,80.0,1.30428,10,4720,1.491654,27,10090,[0]
3306,47,-1.869458,7,540,80.0,1.704463,19,370,1.140815,10,4690,[1]
3306,47,-0.948674,7,630,80.0,1.140815,10,4690,1.55383,0,8360,[0]
3306,47,-0.48333,7,580,80.0,1.55383,0,8360,2.117467,19,1140,[0]
3306,47,-0.202247,7,640,80.0,0.361251,24,1150,1.59176,14,3520,[0]
3310,65,-0.681936,7,540,80.0,0.904058,24,260,1.292794,10,4730,[1]
3310,65,-0.685618,7,600,80.0,1.292794,10,4730,1.490021,27,10090,[0]
3320,48,-1.81556,7,520,80.0,1.679623,19,380,1.137652,10,4690,[1]
3320,48,-0.916687,7,640,80.0,1.137652,10,4690,1.554465,0,8350,[0]
3320,48,-0.483155,7,570,80.0,1.554465,0,8350,2.088106,19,1150,[0]
3320,48,-0.200474,7,630,80.0,0.360946,24,1150,1.586744,14,3520,[0]
3325,62,-0.781872,7,550,80.0,1.079345,24,280,1.815707,10,4710,[0 1]
3325,62,-0.735155,7,610,80.0,1.815707,10,4710,1.538392,0,8360,[0]
3325,62,-0.38877,7,510,80.0,1.538392,0,8360,1.999756,19,1220,[0]
3325,62,-0.181524,7,510,80.0,0.358752,24,1130,1.52499,14,3530,[0]
3334,65,-0.671708,7,560,80.0,0.966316,24,250,1.316951,10,4710,[0 1]
3334,65,-0.671288,7,620,80.0,1.316951,10,4710,1.537045,0,8350,[0]
3334,65,-0.36271,7,500,80.0,1.537045,0,8350,1.943146,19,1230,[0]
3339,72,-0.494142,7,540,80.0,0.642552,24,230,1.057746,10,4730,[0 1]
3339,72,-0.586133,7,590,80.0,1.057746,10,4730,1.738726,27,10100,[0]
3344,46,-2.015948,7,520,80.0,1.6673,19,390,1.14339,10,4690,[1]
3344,46,-0.947714,7,640,80.0,1.14339,10,4690,1.554771,0,8360,[0]
3344,46,-0.498596,7,570,80.0,1.554771,0,8360,2.126256,19,1140,[0]
3344,46,-0.206171,7,640,80.0,0.361524,24,1150,1.505414,14,3520,[0]
3348,47,-1.788803,7,540,80.0,1.678245,19,370,1.453446,10,4690,[1]
3348,47,-0.943767,7,630,80.0,1.453446,10,4690,1.553381,0,8360,[0]
3348,47,-0.489855,7,570,80.0,1.553381,0,8360,2.095833,19,1150,[0]
3348,47,-0.200682,7,640,80.0,0.361121,24,1150,1.57687,14,3500,[0]
3351,48,-1.9023,7,520,80.0,1.5998,19,380,1.137943,10,4690,[1]
3351,48,-0.919542,7,640,80.0,1.137943,10,4690,1.554651,0,8350,[0]
3351,48,-0.483559,7,570,80.0,1.554651,0,8350,2.089345,19,1150,[0]
3351,48,-0.201712,7,630,80.0,0.360994,24,1150,1.576754,14,3510,[0]
3362,52,-1.106694,7,530,80.0,1.453849,24,350,2.167864,10,4690,[1]
3362,52,-0.865058,7,630,80.0,2.167864,10,4690,1.55004,0,8350,[0]
3362,52,-0.442176,7,570,80.0,1.55004,0,8350,2.222706,19,1170,[0]
3362,52,-0.191607,7,610,80.0,0.359876,24,1150,1.568334,14,3490,[0]
3369,56,-0.971905,7,540,80.0,1.332246,24,320,2.024695,10,4700,[1]
3369,56,-0.806183,7,630,80.0,2.024695,10,4700,1.548037,0,8340,[0]
3369,56,-0.413859,7,560,80.0,1.548037,0,8340,2.16753,19,1170,[0]
3369,56,-0.19511,7,550,80.0,0.360804,24,1140,1.533147,14,3520,[0]
3376,46,-1.864488,7,530,80.0,1.694082,19,380,1.457128,10,4690,[1]
3376,46,-0.943609,7,640,80.0,1.457128,10,4690,1.554436,0,8360,[0]
3376,46,-0.498782,7,570,80.0,1.554436,0,8360,2.125562,19,1140,[0]
3376,46,-0.203795,7,640,80.0,0.36141,24,1150,1.498532,14,3510,[0]
3380,47,-1.846141,7,530,80.0,1.656847,19,380,1.454595,10,4690,[1]
3380,47,-0.949924,7,630,80.0,1.454595,10,4690,1.553824,0,8360,[0]
3380,47,-0.491028,7,570,80.0,1.553824,0,8360,2.099271,19,1150,[0]
3380,47,-0.202229,7,640,80.0,0.361258,24,1150,1.565032,14,3490,[0]
3398,68,-0.603642,7,540,80.0,0.774183,24,250,1.071092,10,4720,[0 1]
3398,68,-0.629646,7,610,80.0,1.071092,10,4720,1.747886,27,10090,[0]
3403,52,-1.10705,7,530,80.0,1.45143,24,350,2.168005,10,4690,[1]
3403,52,-0.865395,7,630,80.0,2.168005,10,4690,1.550001,0,8350,[0]
3403,52,-0.442846,7,570,80.0,1.550001,0,8350,2.223063,19,1170,[0]
3403,52,-0.191108,7,610,80.0,0.359863,24,1150,1.568456,14,3490,[0]
3408,57,-0.956695,7,540,80.0,1.295636,24,320,1.99451,10,4700,[1]
3408,57,-0.810702,7,620,80.0,1.99451,10,4700,1.545657,0,8350,[0]
3408,57,-0.415253,7,550,80.0,1.545657,0,8350,2.141828,19,1180,[0]
3408,57,-0.193697,7,550,80.0,0.360734,24,1140,1.537543,14,3520,[0]
3420,71,-0.529363,7,540,80.0,0.678949,24,240,1.061516,10,4730,[0 1]
3420,71,-0.608289,7,590,80.0,1.061516,10,4730,1.74123,27,10090,[0]
3420,71,-1.415669,7,640,80.0,1.767527,16,330,2.787309,6,5440,[1]
3422,51,-1.598807,7,540,80.0,1.555825,19,350,1.439109,10,4690,[0 1]
3422,51,-0.89149,7,630,80.0,1.439109,10,4690,1.551721,0,8350,[0]
3422,51,-0.450579,7,580,80.0,1.551721,0,8350,2.266586,19,1160,[0]
3422,51,-0.193456,7,620,80.0,0.360239,24,1150,1.568245,14,3490,[0]
3426,49,-1.75241,7,530,80.0,1.592865,19,370,1.443232,10,4700,[1]
3426,49,-0.921604,7,630,80.0,1.443232,10,4700,1.55559,0,8340,[0]
3426,49,-0.458327,7,590,80.0,1.55559,0,8340,2.316965,19,1150,[0]
3426,49,-0.201951,7,620,80.0,0.360771,24,1150,1.561293,14,3500,[0]
3433,77,-0.32866,7,600,80.0,0.479885,24,210,1.054349,10,4680,[0 1]
3433,77,-0.512882,7,570,80.0,1.054349,10,4680,1.508819,27,10100,[0]
3433,77,-1.286903,7,630,80.0,1.73238,16,390,2.804883,6,5400,[1]
3440,66,-0.65541,7,540,80.0,0.841826,24,260,1.076263,10,4720,[0 1]
3440,66,-0.657371,7,610,80.0,1.076263,10,4720,1.751341,27,10080,[0]
3445,47,-1.847579,7,540,80.0,1.673267,19,370,1.13927,10,4690,[1]
3445,47,-0.940661,7,630,80.0,1.13927,10,4690,1.553136,0,8360,[0]
3445,47,-0.485103,7,570,80.0,1.553136,0,8360,2.092445,19,1150,[0]
3445,47,-0.199633,7,640,80.0,0.361115,24,1150,1.568231,14,3490,[0]
3450,48,-1.786676,7,530,80.0,1.650082,19,370,1.450227,10,4700,[1]
3450,48,-0.936204,7,630,80.0,1.450227,10,4700,1.554734,0,8350,[0]
3450,48,-0.474696,7,580,80.0,1.554734,0,8350,2.10791,19,1140,[0]
3450,48,-0.202381,7,630,80.0,0.361034,24,1150,1.558365,14,3490,[0]
3455,53,-1.078617,7,540,80.0,1.48452,24,340,1.908698,10,4700,[1]
3455,53,-0.867057,7,620,80.0,1.908698,10,4700,1.551077,0,8340,[0]
3455,53,-0.4263,7,580,80.0,1.551077,0,8340,2.212709,19,1170,[0]
3455,53,-0.191133,7,610,80.0,0.359785,24,1150,1.569815,14,3490,[0]
3465,48,-1.90247,7,520,80.0,1.588877,19,380,1.135459,10,4700,[1]
3465,48,-0.933674,7,630,80.0,1.135459,10,4700,1.554493,0,8350,[0]
3465,48,-0.474145,7,580,80.0,1.554493,0,8350,2.106712,19,1140,[0]
3465,48,-0.203297,7,620,80.0,0.360905,24,1150,1.555758,14,3500,[0]
3470,49,-1.740532,7,530,80.0,1.574905,19,370,1.440736,10,4700,[0 1]
3470,49,-0.927152,7,620,80.0,1.440736,10,4700,1.553156,0,8350,[0]
3470,49,-0.460974,7,580,80.0,1.553156,0,8350,2.308444,19,1150,[0]
3470,49,-0.199918,7,620,80.0,0.360671,24,1150,1.554792,14,3490,[0]
3473,48,-1.834481,7,540,80.0,1.655533,19,370,1.138847,10,4690,[1]
3473,48,-0.939074,7,630,80.0,1.138847,10,4690,1.554895,0,8350,[0]
3473,48,-0.477023,7,580,80.0,1.554895,0,8350,2.110356,19,1140,[0]
3473,48,-0.202426,7,630,80.0,0.361053,24,1150,1.56601,14,3500,[0]
3477,49,-1.779296,7,540,80.0,1.596675,19,360,1.134027,10,4690,[0 1]
3477,49,-0.912066,7,630,80.0,1.134027,10,4690,1.554932,0,8340,[0]
3477,49,-0.452956,7,590,80.0,1.554932,0,8340,2.28748,19,1160,[0]
3477,49,-0.199599,7,620,80.0,0.360601,24,1150,1.557904,14,3490,[0]
3486,49,-1.743369,7,530,80.0,1.575592,19,370,1.442114,10,4700,[1]
3486,49,-0.932069,7,620,80.0,1.442114,10,4700,1.553462,0,8350,[0]
3486,49,-0.466517,7,580,80.0,1.553462,0,8350,2.313316,19,1150,[0]
3486,49,-0.200585,7,620,80.0,0.360673,24,1150,1.554873,14,3490,[0]
3496,55,-1.004525,7,540,80.0,1.363515,24,330,2.05186,10,4700,[1]
3496,55,-0.836463,7,620,80.0,2.05186,10,4700,1.547272,0,8350,[0]
3496,55,-0.429825,7,550,80.0,1.547272,0,8350,2.145669,19,1190,[0]
3496,55,-0.190322,7,580,80.0,0.358748,24,1150,1.550363,14,3490,[0]
3500,48,-1.813926,7,520,80.0,1.579019,19,380,1.445073,10,4700,[1]
3500,48,-0.927799,7,630,80.0,1.445073,10,4700,1.554132,0,8350,[0]
3500,48,-0.470618,7,580,80.0,1.554132,0,8350,2.121228,19,1130,[0]
3500,48,-0.203365,7,620,80.0,0.360847,24,1150,1.557371,14,3500,[0]
3511,70,-0.556799,7,540,80.0,0.726838,24,240,1.064223,10,4730,[0 1]
3511,70,-0.623198,7,590,80.0,1.064223,10,4730,1.742764,27,10100,[0]
3512,61,-0.823904,7,550,80.0,1.18221,24,280,1.846758,10,4720,[0 1]
3512,61,-0.76003,7,610,80.0,1.846758,10,4720,1.541724,0,8350,[0]
3512,61,-0.390983,7,530,80.0,1.541724,0,8350,2.052481,19,1200,[0]
3512,61,-0.184865,7,520,80.0,0.360162,24,1130,1.510377,14,3510,[0]
3525,54,-1.048527,7,540,80.0,1.464708,24,330,2.039357,10,4700,[0 1]
3525,54,-0.845232,7,630,80.0,2.039357,10,4700,1.55046,0,8340,[0]
3525,54,-0.436042,7,560,80.0,1.55046,0,8340,2.184558,19,1180,[0]
3525,54,-0.19599,7,580,80.0,0.359316,24,1150,1.538212,14,3490,[0]
3533,68,-0.59813,7,560,80.0,0.840351,24,240,1.073163,10,4720,[0 1]
3533,68,-0.661462,7,590,80.0,1.073163,10,4720,1.746932,27,10100,[0]
3537,49,-1.778865,7,540,80.0,1.598487,19,360,1.13415,10,4690,[1]
3537,49,-0.913424,7,630,80.0,1.13415,10,4690,1.554986,0,8340,[0]
3537,49,-0.453701,7,590,80.0,1.554986,0,8340,2.287638,19,1160,[0]
3537,49,-0.199102,7,620,80.0,0.360589,24,1150,1.557319,14,3490,[0]
3540,70,-0.553858,7,540,80.0,0.720824,24,240,1.063613,10,4730,[0 1]
3540,70,-0.608764,7,600,80.0,1.063613,10,4730,1.744301,27,10090,[0]
3551,73,-0.456511,7,570,80.0,0.612663,24,220,1.058473,10,4710,[0 1]
3551,73,-0.565679,7,590,80.0,1.058473,10,4710,1.476557,27,10090,[0]
3551,73,-1.376883,7,630,80.0,1.839736,16,370,2.793446,6,5440,[1]
3555,67,-0.654237,7,540,80.0,0.917153,24,260,1.075967,10,4720,[0 1]
3555,67,-0.665944,7,600,80.0,1.075967,10,4720,1.663515,27,10090,[0]
3561,66,-0.683797,7,540,80.0,0.872568,24,270,1.309313,10,4720,[0 1]
3561,66,-0.685959,7,600,80.0,1.309313,10,4720,1.489951,27,10090,[0]
3563,67,-0.654499,7,540,80.0,0.908918,24,260,1.076207,10,4720,[1]
3563,67,-0.656805,7,610,80.0,1.076207,10,4720,1.488073,27,10090,[0]
3572,70,-0.560437,7,540,80.0,0.735692,24,240,1.062346,10,4740,[0 1]
3572,70,-0.625392,7,590,80.0,1.062346,10,4740,1.745007,27,10090,[0]
3576,55,-1.009812,7,540,80.0,1.416222,24,320,1.802307,10,4710,[0 1]
3576,55,-0.837639,7,620,80.0,1.802307,10,4710,1.547372,0,8350,[0]
3576,55,-0.432497,7,550,80.0,1.547372,0,8350,2.147692,19,1190,[0]
3576,55,-0.194458,7,570,80.0,0.358768,24,1150,1.528864,14,3480,[0]
3581,69,-0.570394,7,550,80.0,0.847802,24,240,1.068857,10,4720,[1]
3581,69,-0.627684,7,600,80.0,1.068857,10,4720,1.662666,27,10090,[0]
3597,68,-0.608921,7,540,80.0,0.78868,24,250,1.069496,10,4730,[0 1]
3597,68,-0.64287,7,600,80.0,1.069496,10,4730,1.748112,27,10090,[0]
3610,50,-1.728294,7,530,80.0,1.56076,19,360,1.129435,10,4700,[1]
3610,50,-0.900042,7,630,80.0,1.129435,10,4700,1.554108,0,8340,[0]
3610,50,-0.461129,7,570,80.0,1.554108,0,8340,2.255378,19,1170,[0]
3610,50,-0.196666,7,620,80.0,0.360429,24,1150,1.545128,14,3470,[0]
3614,53,-1.074911,7,540,80.0,1.479894,24,340,2.158723,10,4700,[1]
3614,53,-0.873675,7,620,80.0,2.158723,10,4700,1.549531,0,8350,[0]
3614,53,-0.437205,7,570,80.0,1.549531,0,8350,2.235188,19,1160,[0]
3614,53,-0.192625,7,600,80.0,0.359787,24,1150,1.540129,14,3470,[0]
3616,57,-0.975698,7,530,80.0,1.30021,24,320,2.00538,10,4710,[1]
3616,57,-0.812953,7,620,80.0,2.00538,10,4710,1.545703,0,8350,[0]
3616,57,-0.416451,7,550,80.0,1.545703,0,8350,2.124256,19,1190,[0]
3616,57,-0.190733,7,560,80.0,0.360707,24,1140,1.525447,14,3490,[0]
3625,51,-1.607494,7,540,80.0,1.582695,19,350,1.977494,10,4690,[0 1]
3625,51,-0.880926,7,640,80.0,1.977494,10,4690,1.553779,0,8340,[0]
3625,51,-0.452539,7,580,80.0,1.553779,0,8340,2.270799,19,1160,[0]
3625,51,-0.198547,7,610,80.0,0.360351,24,1150,1.535352,14,3470,[0]
3628,50,-1.681787,7,540,80.0,1.594127,19,360,1.444219,10,4690,[0 1]
3628,50,-0.911042,7,630,80.0,1.444219,10,4690,1.554853,0,8340,[0]
3628,50,-0.461392,7,580,80.0,1.554853,0,8340,2.286436,19,1160,[0]
3628,50,-0.199279,7,620,80.0,0.360576,24,1150,1.541449,14,3470,[0]
3636,48,-1.756231,7,530,80.0,1.616515,19,370,1.448462,10,4690,[1]
3636,48,-0.912599,7,640,80.0,1.448462,10,4690,1.555867,0,8340,[0]
3636,48,-0.460846,7,590,80.0,1.555867,0,8340,2.322429,19,1150,[0]
3636,48,-0.202688,7,620,80.0,0.360877,24,1150,1.533625,14,3470,[0]
3642,50,-1.674725,7,540,80.0,1.591477,19,350,1.131809,10,4690,[1]
3642,50,-0.886575,7,640,80.0,1.131809,10,4690,1.554093,0,8340,[0]
3642,50,-0.454755,7,580,80.0,1.554093,0,8340,2.27523,19,1160,[0]
3642,50,-0.200115,7,610,80.0,0.360374,24,1150,1.534505,14,3470,[0]
3649,70,-0.54339,7,550,80.0,0.753552,24,230,1.063784,10,4730,[0 1]
3649,70,-0.621168,7,590,80.0,1.063784,10,4730,1.742695,27,10090,[0]
3652,70,-0.537838,7,540,80.0,0.698805,24,240,1.06476,10,4720,[0 1]
3652,70,-0.604374,7,600,80.0,1.06476,10,4720,1.741908,27,10090,[0]
3652,70,-1.464771,7,620,80.0,1.734057,16,340,2.775237,6,5430,[1]
3660,54,-1.055711,7,540,80.0,1.473791,24,330,2.043401,10,4700,[0 1]
3660,54,-0.849732,7,630,80.0,2.043401,10,4700,1.550755,0,8340,[0]
3660,54,-0.425333,7,580,80.0,1.550755,0,8340,2.225764,19,1160,[0]
3660,54,-0.196902,7,580,80.0,0.359364,24,1150,1.529185,14,3480,[0]
3670,55,-1.019014,7,540,80.0,1.430709,24,320,2.053173,10,4710,[0 1]
3670,55,-0.843096,7,620,80.0,2.053173,10,4710,1.547641,0,8350,[0]
3670,55,-0.419844,7,570,80.0,1.547641,0,8350,2.206664,19,1160,[0]
3670,55,-0.195123,7,570,80.0,0.35882,24,1150,1.51979,14,3470,[0]
3678,57,-0.942189,7,540,80.0,1.307424,24,310,1.983843,10,4720,[1]
3678,57,-0.813889,7,610,80.0,1.983843,10,4720,1.544964,0,8350,[0]
3678,57,-0.407407,7,550,80.0,1.544964,0,8350,2.132381,19,1180,[0]
3678,57,-0.190997,7,550,80.0,0.360247,24,1140,1.51693,14,3490,[0]
3681,67,-0.640041,7,540,80.0,0.884185,24,260,1.074795,10,4720,[0 1]
3681,67,-0.660923,7,600,80.0,1.074795,10,4720,1.485792,27,10100,[0]
3686,52,-1.112019,7,530,80.0,1.461818,24,350,1.95597,10,4700,[1]
3686,52,-0.881873,7,620,80.0,1.95597,10,4700,1.550112,0,8350,[0]
3686,52,-0.444287,7,570,80.0,1.550112,0,8350,2.224769,19,1170,[0]
3686,52,-0.191729,7,610,80.0,0.359902,24,1150,1.53407,14,3450,[0]
3691,70,-0.549052,7,550,80.0,0.759466,24,230,1.064318,10,4730,[0 1]
3691,70,-0.613796,7,600,80.0,1.064318,10,4730,1.744807,27,10090,[0]
3698,37,-1.599667,7,520,80.0,1.901043,19,439,2.658108,10,4670,[1]
3698,37,-1.058847,7,650,80.0,2.658108,10,4670,1.559881,0,8390,[0]
3698,37,-0.582067,7,570,80.0,1.559881,0,8390,2.258977,19,1120,[0]
3698,37,-0.222084,7,690,80.0,0.364957,24,1150,1.443086,14,3490,[0]
3698,37,-0.257162,7,660,80.0,0.144522,24,500,2.057457,26,270,[0]
3702,68,-0.597423,7,540,80.0,0.769397,24,250,1.068646,10,4730,[0 1]
3702,68,-0.638286,7,600,80.0,1.068646,10,4730,1.747741,27,10090,[0]
3713,70,-0.551181,7,540,80.0,0.714352,24,240,1.063432,10,4730,[0 1]
3713,70,-0.619035,7,590,80.0,1.063432,10,4730,1.740179,27,10090,[0]
3713,70,-1.474746,7,620,80.0,1.749038,16,340,2.77521,6,5440,[1]
3718,59,-0.902965,7,540,80.0,1.249002,24,300,1.93026,10,4710,[0 1]
3718,59,-0.781224,7,620,80.0,1.93026,10,4710,1.541854,0,8360,[0]
3718,59,-0.41143,7,530,80.0,1.541854,0,8360,2.097018,19,1190,[0]
3718,59,-0.184738,7,550,80.0,0.359204,24,1140,1.519721,14,3480,[0]
3721,70,-0.55999,7,540,80.0,0.732093,24,240,1.064562,10,4730,[0 1]
3721,70,-0.625306,7,590,80.0,1.064562,10,4730,1.742849,27,10100,[0]
3725,69,-0.582003,7,550,80.0,0.79935,24,240,1.068017,10,4730,[0 1]
3725,69,-0.646118,7,590,80.0,1.068017,10,4730,1.747262,27,10090,[0]
3725,69,-1.464858,7,640,80.0,1.641803,16,290,2.770302,6,5420,[1]
3732,58,-0.925948,7,540,80.0,1.263624,24,310,1.95733,10,4710,[0 1]
3732,58,-0.806626,7,610,80.0,1.95733,10,4710,1.542616,0,8360,[0]
3732,58,-0.411343,7,540,80.0,1.542616,0,8360,2.125075,19,1180,[0]
3732,58,-0.187454,7,550,80.0,0.359605,24,1140,1.513881,14,3480,[0]
3738,53,-1.0879,7,540,80.0,1.499704,24,340,1.950773,10,4700,[1]
3738,53,-0.878934,7,620,80.0,1.950773,10,4700,1.548077,0,8360,[0]
3738,53,-0.450255,7,560,80.0,1.548077,0,8360,2.221822,19,1170,[0]
3738,53,-0.194073,7,600,80.0,0.35988,24,1150,1.522797,14,3450,[0]
3744,71,-0.535286,7,530,80.0,0.738138,24,240,1.058753,10,4740,[0 1]
3744,71,-0.605297,7,590,80.0,1.058753,10,4740,1.480488,27,10090,[0]
3746,69,-0.590937,7,540,80.0,0.757695,24,250,1.067698,10,4730,[0 1]
3746,69,-0.644111,7,590,80.0,1.067698,10,4730,1.746769,27,10100,[0]
3753,61,-0.801846,7,550,80.0,1.118264,24,280,1.829739,10,4710,[0 1]
3753,61,-0.746676,7,610,80.0,1.829739,10,4710,1.539005,0,8360,[0]
3753,61,-0.381145,7,530,80.0,1.539005,0,8360,2.04095,19,1200,[0]
3753,61,-0.180767,7,520,80.0,0.359281,24,1130,1.487164,14,3470,[0]
3759,52,-1.11854,7,530,80.0,1.478892,24,350,1.960039,10,4700,[1]
3759,52,-0.887034,7,620,80.0,1.960039,10,4700,1.548509,0,8360,[0]
3759,52,-0.453764,7,560,80.0,1.548509,0,8360,2.228679,19,1170,[0]
3759,52,-0.192776,7,610,80.0,0.359951,24,1150,1.531978,14,3450,[0]
3766,59,-0.864967,7,550,80.0,1.235679,24,290,1.901936,10,4710,[0 1]
3766,59,-0.783247,7,610,80.0,1.901936,10,4710,1.541128,0,8360,[0]
3766,59,-0.402807,7,530,80.0,1.541128,0,8360,2.069879,19,1200,[0]
3766,59,-0.184037,7,540,80.0,0.358368,24,1140,1.513702,14,3480,[0]
3775,61,-0.807685,7,550,80.0,1.138181,24,280,1.841157,10,4710,[0 1]
3775,61,-0.749374,7,610,80.0,1.841157,10,4710,1.53915,0,8360,[0]
3775,61,-0.389226,7,520,80.0,1.53915,0,8360,2.026361,19,1210,[0]
3775,61,-0.183058,7,520,80.0,0.359834,24,1130,1.499578,14,3490,[0]
3789,63,-0.742391,7,550,80.0,1.029631,24,270,1.330844,10,4720,[0 1]
3789,63,-0.727318,7,600,80.0,1.330844,10,4720,1.537106,0,8360,[0]
3789,63,-0.36884,7,520,80.0,1.537106,0,8360,1.999124,19,1210,[0]
3792,60,-0.837617,7,550,80.0,1.172979,24,290,1.888021,10,4710,[0 1]
3792,60,-0.765778,7,610,80.0,1.888021,10,4710,1.542018,0,8350,[0]
3792,60,-0.392674,7,530,80.0,1.542018,0,8350,2.039556,19,1210,[0]
3792,60,-0.184527,7,530,80.0,0.360861,24,1130,1.496564,14,3480,[0]
3797,57,-0.982626,7,530,80.0,1.311959,24,320,1.74451,10,4720,[1]
3797,57,-0.827301,7,610,80.0,1.74451,10,4720,1.54583,0,8350,[0]
3797,57,-0.417378,7,550,80.0,1.54583,0,8350,2.125947,19,1190,[0]
3797,57,-0.190855,7,560,80.0,0.360841,24,1140,1.501541,14,3460,[0]
3800,53,-1.065222,7,540,80.0,1.469051,24,340,1.923079,10,4700,[0 1]
3800,53,-0.870906,7,620,80.0,1.923079,10,4700,1.549413,0,8350,[0]
3800,53,-0.444486,7,560,80.0,1.549413,0,8350,2.195013,19,1180,[0]
3800,53,-0.195871,7,590,80.0,0.359797,24,1150,1.513877,14,3450,[0]
3804,59,-0.904381,7,540,80.0,1.252573,24,300,1.930782,10,4710,[0 1]
3804,59,-0.782007,7,620,80.0,1.930782,10,4710,1.54189,0,8360,[0]
3804,59,-0.41192,7,530,80.0,1.54189,0,8360,2.097502,19,1190,[0]
3804,59,-0.184964,7,550,80.0,0.359242,24,1140,1.50436,14,3460,[0]
3809,65,-0.679022,7,550,80.0,0.959914,24,250,1.301554,10,4730,[0 1]
3809,65,-0.690544,7,600,80.0,1.301554,10,4730,1.534886,0,8360,[0]
3809,65,-0.359812,7,500,80.0,1.534886,0,8360,1.939956,19,1230,[0]
3814,53,-1.091325,7,540,80.0,1.500414,24,340,1.954543,10,4700,[0 1]
3814,53,-0.88083,7,620,80.0,1.954543,10,4700,1.550035,0,8350,[0]
3814,53,-0.451951,7,560,80.0,1.550035,0,8350,2.204527,19,1180,[0]
3814,53,-0.191185,7,610,80.0,0.359858,24,1150,1.519899,14,3430,[0]
3822,71,-0.530046,7,530,80.0,0.659738,24,240,1.058326,10,4740,[0 1]
3822,71,-0.60268,7,590,80.0,1.058326,10,4740,1.740518,27,10090,[0]
3826,71,-0.536407,7,540,80.0,0.689457,24,240,1.062361,10,4730,[0 1]
3826,71,-0.602951,7,600,80.0,1.062361,10,4730,1.743475,27,10090,[0]
3835,60,-0.854957,7,550,80.0,1.222259,24,290,1.878361,10,4710,[0 1]
3835,60,-0.778215,7,610,80.0,1.878361,10,4710,1.540913,0,8360,[0]
3835,60,-0.401149,7,530,80.0,1.540913,0,8360,2.066279,19,1200,[0]
3835,60,-0.182219,7,540,80.0,0.357998,24,1140,1.499735,14,3460,[0]
3840,62,-0.794362,7,540,80.0,1.061511,24,280,1.806629,10,4720,[0 1]
3840,62,-0.747059,7,600,80.0,1.806629,10,4720,1.538293,0,8360,[0]
3840,62,-0.381688,7,520,80.0,1.538293,0,8360,1.998488,19,1220,[0]
3840,62,-0.173428,7,530,80.0,0.361749,24,1120,1.500572,14,3480,[0]
3846,63,-0.755364,7,550,80.0,1.053413,24,270,1.802655,10,4720,[0 1]
3846,63,-0.733052,7,600,80.0,1.802655,10,4720,1.537459,0,8360,[0]
3846,63,-0.379246,7,510,80.0,1.537459,0,8360,1.986723,19,1220,[0]
3846,63,-0.180758,7,500,80.0,0.357825,24,1130,1.482608,14,3480,[0]
3856,63,-0.768372,7,550,80.0,1.078819,24,270,1.801353,10,4720,[0 1]
3856,63,-0.738811,7,600,80.0,1.801353,10,4720,1.537762,0,8360,[0]
3856,63,-0.374789,7,520,80.0,1.537762,0,8360,2.007885,19,1210,[0]
3856,63,-0.179038,7,510,80.0,0.361466,24,1120,1.479427,14,3480,[0]
3860,63,-0.758961,7,550,80.0,1.058331,24,270,1.803653,10,4720,[0 1]
3860,63,-0.73529,7,600,80.0,1.803653,10,4720,1.53759,0,8360,[0]
3860,63,-0.380339,7,510,80.0,1.53759,0,8360,1.988231,19,1220,[0]
3860,63,-0.177842,7,510,80.0,0.361297,24,1120,1.482195,14,3480,[0]
3865,62,-0.803298,7,550,80.0,1.114519,24,280,1.837774,10,4710,[0 1]
3865,62,-0.7489,7,610,80.0,1.837774,10,4710,1.539071,0,8360,[0]
3865,62,-0.397595,7,510,80.0,1.539071,0,8360,2.008399,19,1220,[0]
3865,62,-0.177537,7,530,80.0,0.362581,24,1120,1.487521,14,3470,[0]
3868,64,-0.737464,7,540,80.0,0.97376,24,270,1.322472,10,4730,[0 1]
3868,64,-0.727037,7,590,80.0,1.322472,10,4730,1.534514,0,8370,[0]
3868,64,-0.375894,7,500,80.0,1.534514,0,8370,1.957291,19,1230,[0]
3880,62,-0.791237,7,550,80.0,1.094733,24,280,1.606,10,4710,[0 1]
3880,62,-0.742135,7,610,80.0,1.606,10,4710,1.538632,0,8360,[0]
3880,62,-0.391101,7,510,80.0,1.538632,0,8360,2.002711,19,1220,[0]
3880,62,-0.178643,7,520,80.0,0.358929,24,1130,1.490079,14,3470,[0]
3883,54,-1.044578,7,540,80.0,1.45846,24,330,2.038769,10,4700,[0 1]
3883,54,-0.846032,7,630,80.0,2.038769,10,4700,1.550468,0,8340,[0]
3883,54,-0.429592,7,570,80.0,1.550468,0,8340,2.202899,19,1170,[0]
3883,54,-0.195495,7,580,80.0,0.359386,24,1150,1.508224,14,3450,[0]
3887,62,-0.780508,7,550,80.0,1.078781,24,280,1.801726,10,4710,[0 1]
3887,62,-0.734056,7,610,80.0,1.801726,10,4710,1.53827,0,8360,[0]
3887,62,-0.388502,7,510,80.0,1.53827,0,8360,1.998431,19,1220,[0]
3887,62,-0.177775,7,520,80.0,0.358814,24,1130,1.484082,14,3460,[0]
3895,61,-0.809666,7,550,80.0,1.143531,24,280,1.841781,10,4710,[0 1]
3895,61,-0.750486,7,610,80.0,1.841781,10,4710,1.539201,0,8360,[0]
3895,61,-0.389884,7,520,80.0,1.539201,0,8360,2.027027,19,1210,[0]
3895,61,-0.183383,7,520,80.0,0.359899,24,1130,1.484688,14,3470,[0]
3900,61,-0.846639,7,540,80.0,1.150685,24,290,1.850473,10,4720,[1]
3900,61,-0.764839,7,610,80.0,1.850473,10,4720,1.541841,0,8350,[0]
3900,61,-0.391892,7,530,80.0,1.541841,0,8350,2.05459,19,1200,[0]
3900,61,-0.18479,7,520,80.0,0.360182,24,1130,1.487039,14,3480,[0]
3903,62,-0.791629,7,550,80.0,1.09572,24,280,1.606109,10,4710,[0 1]
3903,62,-0.742352,7,610,80.0,1.606109,10,4710,1.538643,0,8360,[0]
3903,62,-0.391229,7,510,80.0,1.538643,0,8360,2.002839,19,1220,[0]
3903,62,-0.178709,7,520,80.0,0.358942,24,1130,1.489967,14,3470,[0]
3907,61,-0.846752,7,540,80.0,1.150974,24,290,1.850507,10,4720,[0 1]
3907,61,-0.764902,7,610,80.0,1.850507,10,4720,1.541845,0,8350,[0]
3907,61,-0.391928,7,530,80.0,1.541845,0,8350,2.037647,19,1210,[0]
3907,61,-0.184808,7,520,80.0,0.360186,24,1130,1.487006,14,3480,[0]
3911,62,-0.795571,7,540,80.0,1.064558,24,280,1.806969,10,4720,[0 1]
3911,62,-0.747722,7,600,80.0,1.806969,10,4720,1.53832,0,8360,[0]
3911,62,-0.382064,7,520,80.0,1.53832,0,8360,1.998882,19,1220,[0]
3911,62,-0.173639,7,530,80.0,0.361791,24,1120,1.485922,14,3460,[0]
3916,62,-0.777534,7,550,80.0,1.064657,24,280,1.817626,10,4710,[0 1]
3916,62,-0.746038,7,600,80.0,1.817626,10,4710,1.538205,0,8360,[0]
3916,62,-0.380354,7,520,80.0,1.538205,0,8360,1.997123,19,1220,[0]
3916,62,-0.173073,7,530,80.0,0.361811,24,1120,1.485565,14,3460,[0]
3920,63,-0.781373,7,540,80.0,1.05264,24,280,1.800818,10,4720,[0 1]
3920,63,-0.739213,7,600,80.0,1.800818,10,4720,1.537791,0,8360,[0]
3920,63,-0.375114,7,520,80.0,1.537791,0,8360,1.992013,19,1220,[0]
3920,63,-0.182826,7,500,80.0,0.358231,24,1130,1.477903,14,3480,[0]
3926,59,-0.8675,7,550,80.0,1.242301,24,290,1.902926,10,4710,[0 1]
3926,59,-0.784691,7,610,80.0,1.902926,10,4710,1.541194,0,8360,[0]
3926,59,-0.396216,7,540,80.0,1.541194,0,8360,2.088177,19,1190,[0]
3926,59,-0.184463,7,540,80.0,0.358446,24,1140,1.491193,14,3450,[0]
3929,63,-0.781527,7,540,80.0,1.053015,24,280,1.800861,10,4720,[0 1]
3929,63,-0.739299,7,600,80.0,1.800861,10,4720,1.537795,0,8360,[0]
3929,63,-0.375166,7,520,80.0,1.537795,0,8360,1.992065,19,1220,[0]
3929,63,-0.182852,7,500,80.0,0.358237,24,1130,1.477861,14,3480,[0]
3933,62,-0.792132,7,550,80.0,1.096989,24,280,1.60625,10,4710,[0 1]
3933,62,-0.742632,7,610,80.0,1.60625,10,4710,1.538656,0,8360,[0]
3933,62,-0.391393,7,510,80.0,1.538656,0,8360,2.003002,19,1220,[0]
3933,62,-0.178795,7,520,80.0,0.35896,24,1130,1.482986,14,3460,[0]
3938,61,-0.804817,7,550,80.0,1.136864,24,280,1.840935,10,4710,[0 1]
3938,61,-0.749837,7,610,80.0,1.840935,10,4710,1.539167,0,8360,[0]
3938,61,-0.390417,7,520,80.0,1.539167,0,8360,2.026594,19,1210,[0]
3938,61,-0.182902,7,520,80.0,0.359922,24,1130,1.484806,14,3470,[0]
3948,55,-1.015326,7,540,80.0,1.386893,24,330,1.833649,10,4700,[1]
3948,55,-0.842062,7,620,80.0,1.833649,10,4700,1.547548,0,8350,[0]
3948,55,-0.427543,7,560,80.0,1.547548,0,8350,2.168854,19,1180,[0]
3948,55,-0.19167,7,580,80.0,0.358836,24,1150,1.509434,14,3440,[0]
3954,55,-1.002447,7,540,80.0,1.404964,24,320,2.047672,10,4710,[0 1]
3954,55,-0.83469,7,620,80.0,2.047672,10,4710,1.546976,0,8350,[0]
3954,55,-0.428232,7,550,80.0,1.546976,0,8350,2.161209,19,1180,[0]
3954,55,-0.189615,7,580,80.0,0.361539,24,1140,1.500376,14,3440,[0]
3958,58,-0.929625,7,540,80.0,1.272281,24,310,1.958851,10,4710,[0 1]
3958,58,-0.808602,7,610,80.0,1.958851,10,4710,1.542703,0,8360,[0]
3958,58,-0.40511,7,550,80.0,1.542703,0,8360,2.144478,19,1170,[0]
3958,58,-0.188029,7,550,80.0,0.359702,24,1140,1.484731,14,3440,[0]
3963,61,-0.810737,7,550,80.0,1.146424,24,280,1.842119,10,4710,[0 1]
3963,61,-0.751087,7,610,80.0,1.842119,10,4710,1.539229,0,8360,[0]
3963,61,-0.39024,7,520,80.0,1.539229,0,8360,2.027388,19,1210,[0]
3963,61,-0.183558,7,520,80.0,0.359935,24,1130,1.477572,14,3460,[0]
3968,61,-0.803583,7,550,80.0,1.12686,24,280,1.83765,10,4710,[0 1]
3968,61,-0.748571,7,610,80.0,1.83765,10,4710,1.539107,0,8360,[0]
3968,61,-0.389977,7,520,80.0,1.539107,0,8360,2.025216,19,1210,[0]
3968,61,-0.181264,7,520,80.0,0.359491,24,1130,1.479104,14,3460,[0]
3973,61,-0.826231,7,540,80.0,1.107116,24,290,1.842122,10,4720,[0 1]
3973,61,-0.752473,7,610,80.0,1.842122,10,4720,1.541153,0,8350,[0]
3973,61,-0.39143,7,520,80.0,1.541153,0,8350,2.028059,19,1210,[0]
3973,61,-0.179455,7,530,80.0,0.359872,24,1130,1.475237,14,3440,[0]
3978,62,-0.792874,7,550,80.0,1.098859,24,280,1.606456,10,4710,[0 1]
3978,62,-0.743043,7,610,80.0,1.606456,10,4710,1.538675,0,8360,[0]
3978,62,-0.391636,7,510,80.0,1.538675,0,8360,2.003243,19,1220,[0]
3978,62,-0.17892,7,520,80.0,0.358986,24,1130,1.475958,14,3450,[0]
3983,63,-0.766912,7,550,80.0,1.09263,24,270,1.342017,10,4720,[0 1]
3983,63,-0.727957,7,610,80.0,1.342017,10,4720,1.539673,0,8350,[0]
3983,63,-0.382412,7,510,80.0,1.539673,0,8350,1.976415,19,1230,[0]
3983,63,-0.179096,7,510,80.0,0.358342,24,1130,1.46847,14,3450,[0]
3988,62,-0.805261,7,550,80.0,1.119726,24,280,1.838392,10,4710,[0 1]
3988,62,-0.749987,7,610,80.0,1.838392,10,4710,1.539122,0,8360,[0]
3988,62,-0.398189,7,510,80.0,1.539122,0,8360,2.009018,19,1220,[0]
3988,62,-0.177864,7,530,80.0,0.362645,24,1120,1.473291,14,3450,[0]
3993,62,-0.786355,7,550,80.0,1.099423,24,280,1.605936,10,4710,[0 1]
3993,62,-0.738571,7,610,80.0,1.605936,10,4710,1.538511,0,8360,[0]
3993,62,-0.389559,7,510,80.0,1.538511,0,8360,2.001242,19,1220,[0]
3993,62,-0.180444,7,520,80.0,0.359216,24,1130,1.475713,14,3450,[0]
3997,63,-0.75223,7,550,80.0,1.031288,24,270,1.337272,10,4720,[0 1]
3997,63,-0.73004,7,600,80.0,1.337272,10,4720,1.537199,0,8360,[0]
3997,63,-0.37777,7,510,80.0,1.537199,0,8360,1.98477,19,1220,[0]
3997,63,-0.179346,7,500,80.0,0.360755,24,1120,1.466494,14,3470,[0]
3999,59,-0.906938,7,540,80.0,1.256379,24,300,1.915165,10,4720,[0 1]
3999,59,-0.79629,7,610,80.0,1.915165,10,4720,1.542015,0,8360,[0]
3999,59,-0.405559,7,540,80.0,1.542015,0,8360,2.098567,19,1190,[0]
3999,59,-0.188991,7,540,80.0,0.359332,24,1140,1.479126,14,3440,[0]
