3139,74,2.58684,2,1300,80.0,6.599925,12,1150,4.735237,22,580,[0]
3139,74,2.623816,2,1270,80.0,4.735237,22,580,7.272903,15,5940,[0]
3208,70,2.599764,2,1330,80.0,6.683251,12,1150,4.8036,22,560,[0]
3208,70,2.591092,2,1270,80.0,4.8036,22,560,7.158153,15,5940,[0]
3268,68,2.551172,2,1300,80.0,6.68947,12,1160,4.805024,22,590,[0]
3268,68,2.546855,2,1250,80.0,4.805024,22,590,7.152987,15,5970,[0]
3274,68,2.619711,2,1350,80.0,6.730795,12,1140,4.840861,22,540,[0]
3274,68,2.591558,2,1280,80.0,4.840861,22,540,7.162873,15,5940,[0]
3318,69,2.491753,2,1260,80.0,6.649197,12,1180,4.773504,22,630,[1 0]
3318,69,2.506545,2,1220,80.0,4.773504,22,630,7.138995,15,5990,[0]
3350,73,2.49646,2,1240,80.0,6.586236,12,1170,4.697052,22,650,[0]
3350,73,2.561747,2,1230,80.0,4.697052,22,650,7.203995,15,5970,[0]
3362,64,2.61018,2,1370,80.0,6.800992,12,1160,4.958437,22,510,[0 1 0]
3362,64,2.560899,2,1290,80.0,4.958437,22,510,7.178157,15,5940,[0]
3442,70,2.406876,2,1190,80.0,6.568605,12,1200,4.687672,22,710,[1 0]
3442,70,2.481207,2,1190,80.0,4.687672,22,710,7.124207,15,6010,[0]
3453,47,2.288273,2,1390,80.0,6.760476,12,1190,5.28177,22,500,[0 1 0]
3453,47,2.429578,2,1300,80.0,5.28177,22,500,7.168618,15,5950,[0]
3457,47,2.288256,2,1390,80.0,6.742186,12,1200,5.281812,22,500,[0 1 0]
3457,47,2.429559,2,1300,80.0,5.281812,22,500,7.168622,15,5950,[0]
3510,65,2.561091,2,1330,80.0,6.759013,12,1170,4.908087,22,540,[0]
3510,65,2.57097,2,1290,80.0,4.908087,22,540,7.174189,15,5940,[0]
3516,52,2.313399,2,1380,80.0,6.689792,12,1190,5.182064,22,510,[0 1 0]
3516,52,2.436372,2,1280,80.0,5.182064,22,510,7.150572,15,5970,[0]
3525,49,2.258744,2,1360,80.0,6.712872,12,1200,5.199033,22,530,[0 1 0]
3525,49,2.415647,2,1280,80.0,5.199033,22,530,7.149119,15,5980,[0]
3530,66,2.612419,2,1360,80.0,6.743909,12,1160,4.894726,22,530,[0]
3530,66,2.570335,2,1280,80.0,4.894726,22,530,7.165132,15,5950,[0]
3535,53,2.500216,2,1350,80.0,6.668438,12,1190,5.117698,22,540,[0 1 0]
3535,53,2.435181,2,1270,80.0,5.117698,22,540,7.145354,15,5970,[0]
3539,67,2.578869,2,1330,80.0,6.743273,12,1150,4.848548,22,560,[0]
3539,67,2.57965,2,1280,80.0,4.848548,22,560,7.166421,15,5940,[0]
3543,67,2.606526,2,1350,80.0,6.744798,12,1150,4.873137,22,530,[0]
3543,67,2.57954,2,1280,80.0,4.873137,22,530,7.165374,15,5940,[0]
3546,71,2.62872,2,1350,80.0,6.694017,12,1140,4.814236,22,540,[0]
3546,71,2.606528,2,1280,80.0,4.814236,22,540,7.157593,15,5940,[0]
3549,67,2.5649,2,1320,80.0,6.726956,12,1160,4.861361,22,560,[0]
3549,67,2.573081,2,1280,80.0,4.861361,22,560,7.166831,15,5950,[0]
3554,69,2.578776,2,1320,80.0,6.702707,12,1150,4.812127,22,570,[0]
3554,69,2.582408,2,1270,80.0,4.812127,22,570,7.160306,15,5940,[0]
3560,65,2.41,2,1220,80.0,6.668367,12,1210,4.7809,22,680,[1 0]
3560,65,2.41072,2,1180,80.0,4.7809,22,680,7.13594,15,6020,[0]
3567,71,2.536215,2,1280,80.0,6.664357,12,1150,4.754203,22,610,[0]
3567,71,2.556949,2,1240,80.0,4.754203,22,610,7.136233,15,5980,[0]
3570,61,2.44798,2,1270,80.0,6.781205,12,1200,4.898812,22,620,[0 1 0]
3570,61,2.446661,2,1230,80.0,4.898812,22,620,7.157271,15,6000,[0]
3574,68,2.541502,2,1300,80.0,6.688576,12,1170,4.826498,22,580,[0]
3574,68,2.554294,2,1260,80.0,4.826498,22,580,7.156756,15,5960,[0]
3579,70,2.570642,2,1310,80.0,6.664456,12,1160,4.798601,22,570,[0]
3579,70,2.589769,2,1270,80.0,4.798601,22,570,7.148938,15,5960,[0]
3584,54,2.406495,2,1280,80.0,6.613228,12,1210,4.997231,22,620,[0 1 0]
3584,54,2.381955,2,1230,80.0,4.997231,22,620,7.124619,15,6010,[0]
3590,69,2.534824,2,1290,80.0,6.669042,12,1170,4.8102,22,580,[0]
3590,69,2.563654,2,1260,80.0,4.8102,22,580,7.143953,15,5980,[0]
3596,61,2.393022,2,1230,80.0,6.73359,12,1220,4.840925,22,670,[1 0]
3596,61,2.3757,2,1180,80.0,4.840925,22,670,7.141807,15,6030,[0]
3598,70,2.339781,2,1150,80.0,6.548944,12,1220,4.652259,22,770,[1 0]
3598,70,2.414453,2,1150,80.0,4.652259,22,770,7.107005,15,6050,[0]
3600,68,2.525395,2,1290,80.0,6.697089,12,1170,4.815362,22,600,[0]
3600,68,2.537771,2,1250,80.0,4.815362,22,600,7.147192,15,5980,[0]
3603,68,2.427816,2,1220,80.0,6.609465,12,1210,4.745399,22,680,[1 0]
3603,68,2.438942,2,1180,80.0,4.745399,22,680,7.122676,15,6030,[0]
3609,50,2.192018,2,1320,80.0,6.671577,12,1220,5.123982,22,580,[0 1 0]
3609,50,2.340625,2,1230,80.0,5.123982,22,580,7.129523,15,6020,[0]
3612,69,2.522157,2,1280,80.0,6.666556,12,1170,4.787297,22,610,[0]
3612,69,2.534461,2,1240,80.0,4.787297,22,610,7.144695,15,5980,[0]
3618,50,2.166261,2,1300,80.0,6.665313,12,1220,5.10804,22,590,[1 0]
3618,50,2.354437,2,1240,80.0,5.10804,22,590,7.135005,15,6010,[0]
3621,69,2.535347,2,1290,80.0,6.652769,12,1180,4.797045,22,600,[0]
3621,69,2.517835,2,1230,80.0,4.797045,22,600,7.145324,15,5980,[0]
3623,69,2.535444,2,1290,80.0,6.665365,12,1170,4.791371,22,600,[0]
3623,69,2.538276,2,1240,80.0,4.791371,22,600,7.142333,15,5980,[0]
3626,69,2.522274,2,1280,80.0,6.666279,12,1170,4.781997,22,610,[0]
3626,69,2.524284,2,1230,80.0,4.781997,22,610,7.137546,15,5990,[0]
3633,67,2.197337,2,1070,80.0,6.540891,12,1250,4.606331,22,850,[1 0]
3633,67,2.350236,2,1120,80.0,4.606331,22,850,7.102057,15,6070,[0]
3635,68,2.511892,2,1280,80.0,6.675147,12,1180,4.805719,22,610,[0]
3635,68,2.524735,2,1240,80.0,4.805719,22,610,7.142514,15,5990,[0]
3642,70,2.504351,2,1260,80.0,6.616539,12,1180,4.759147,22,620,[0]
3642,70,2.533808,2,1230,80.0,4.759147,22,620,7.134778,15,5990,[0]
3645,70,2.486583,2,1250,80.0,6.623441,12,1180,4.744961,22,640,[0]
3645,70,2.520673,2,1220,80.0,4.744961,22,640,7.129141,15,6000,[0]
3647,69,2.493441,2,1260,80.0,6.646509,12,1180,4.771862,22,630,[0]
3647,69,2.506399,2,1220,80.0,4.771862,22,630,7.139445,15,5990,[0]
3653,53,2.428819,2,1300,80.0,6.612129,12,1220,5.039423,22,600,[0 1 0]
3653,53,2.372494,2,1230,80.0,5.039423,22,600,7.127587,15,6010,[0]
3658,57,2.432152,2,1290,80.0,6.598629,12,1200,4.961761,22,620,[0 1 0]
3658,57,2.390831,2,1220,80.0,4.961761,22,620,7.165947,15,6010,[0]
3661,69,2.491033,2,1260,80.0,6.653291,12,1180,4.76922,22,640,[0]
3661,69,2.488805,2,1210,80.0,4.76922,22,640,7.130128,15,6010,[0]
3668,68,2.476996,2,1250,80.0,6.656364,12,1180,4.760239,22,650,[0]
3668,68,2.489385,2,1210,80.0,4.760239,22,650,7.134574,15,6000,[0]
3675,69,2.451403,2,1230,80.0,6.626145,12,1190,4.740905,22,670,[0]
3675,69,2.491243,2,1210,80.0,4.740905,22,670,7.135099,15,6000,[0]
3679,68,2.474447,2,1250,80.0,6.663262,12,1180,4.767329,22,650,[0]
3679,68,2.471625,2,1200,80.0,4.767329,22,650,7.128099,15,6020,[0]
3681,69,2.45094,2,1230,80.0,6.626965,12,1190,4.733989,22,670,[0]
3681,69,2.4815,2,1200,80.0,4.733989,22,670,7.128112,15,6010,[0]
3684,51,2.174145,2,1300,80.0,6.629871,12,1230,5.077248,22,600,[1 0]
3684,51,2.33358,2,1220,80.0,5.077248,22,600,7.12588,15,6020,[0]
3691,69,2.478261,2,1250,80.0,6.632936,12,1190,4.758696,22,650,[0]
3691,69,2.474772,2,1200,80.0,4.758696,22,650,7.125955,15,6020,[0]
3696,69,2.441344,2,1220,80.0,6.614162,12,1190,4.722479,22,680,[0]
3696,69,2.484439,2,1200,80.0,4.722479,22,680,7.126264,15,6010,[0]
3699,69,2.477748,2,1250,80.0,6.628803,12,1190,4.748085,22,660,[0 1 0]
3699,69,2.463255,2,1190,80.0,4.748085,22,660,7.125617,15,6020,[0]
3703,69,2.449851,2,1230,80.0,6.629033,12,1190,4.737153,22,670,[0]
3703,69,2.479711,2,1200,80.0,4.737153,22,670,7.128428,15,6010,[0]
3706,69,2.397437,2,1190,80.0,6.594763,12,1200,4.709312,22,700,[0]
3706,69,2.482714,2,1200,80.0,4.709312,22,700,7.127739,15,6010,[0]
3708,70,2.444463,2,1220,80.0,6.585678,12,1200,4.716076,22,680,[0]
3708,70,2.489647,2,1200,80.0,4.716076,22,680,7.130541,15,6000,[0]
3712,69,2.420289,2,1210,80.0,6.590284,12,1210,4.734875,22,680,[0]
3712,69,2.475802,2,1200,80.0,4.734875,22,680,7.125306,15,6020,[0]
3717,69,2.437256,2,1220,80.0,6.582989,12,1210,4.735552,22,670,[0]
3717,69,2.482009,2,1200,80.0,4.735552,22,670,7.127366,15,6010,[0]
3724,69,2.393559,2,1190,80.0,6.583045,12,1210,4.703175,22,710,[0]
3724,69,2.467665,2,1190,80.0,4.703175,22,710,7.127865,15,6010,[0]
3729,69,2.419386,2,1210,80.0,6.632002,12,1190,4.720758,22,700,[0 1 0]
3729,69,2.460455,2,1190,80.0,4.720758,22,700,7.125651,15,6020,[0]
3738,70,2.428118,2,1210,80.0,6.590539,12,1200,4.713291,22,690,[0]
3738,70,2.470946,2,1190,80.0,4.713291,22,690,7.127116,15,6010,[0]
3742,70,2.397449,2,1190,80.0,6.589229,12,1200,4.695968,22,710,[0]
3742,70,2.475068,2,1190,80.0,4.695968,22,710,7.125181,15,6010,[0]
3746,67,2.16495,2,1050,80.0,6.517029,12,1260,4.606807,22,850,[1 0]
3746,67,2.364517,2,1130,80.0,4.606807,22,850,7.102826,15,6070,[0]
3752,66,2.204984,2,1080,80.0,6.560186,12,1250,4.625069,22,840,[1 0]
3752,66,2.325792,2,1110,80.0,4.625069,22,840,7.100388,15,6080,[0]
3758,59,2.351989,2,1210,80.0,6.754635,12,1230,4.846082,22,690,[1 0]
3758,59,2.355107,2,1180,80.0,4.846082,22,690,7.143105,15,6040,[0]
3760,72,2.358822,2,1150,80.0,6.53892,12,1200,4.633254,22,760,[0]
3760,72,2.482746,2,1180,80.0,4.633254,22,760,7.188713,15,6010,[0]
3762,69,2.392584,2,1190,80.0,6.60667,12,1200,4.695556,22,720,[0]
3762,69,2.438743,2,1170,80.0,4.695556,22,720,7.11806,15,6030,[0]
3764,71,2.411414,2,1190,80.0,6.535339,12,1210,4.66247,22,730,[0]
3764,71,2.460219,2,1170,80.0,4.66247,22,730,7.116432,15,6020,[0]
3769,62,2.353099,2,1200,80.0,6.662003,12,1250,4.808658,22,700,[1 0]
3769,62,2.346132,2,1160,80.0,4.808658,22,700,7.13682,15,6040,[0]
3772,70,2.341176,2,1150,80.0,6.565735,12,1210,4.647326,22,770,[0]
3772,70,2.433541,2,1160,80.0,4.647326,22,770,7.110611,15,6040,[0]
3775,55,2.340571,2,1230,80.0,6.558757,12,1230,4.91082,22,680,[1 0]
3775,55,2.299489,2,1170,80.0,4.91082,22,680,7.102861,15,6050,[0]
3777,52,2.075145,2,1230,80.0,6.591551,12,1240,4.953034,22,680,[1 0]
3777,52,2.284683,2,1180,80.0,4.953034,22,680,7.111554,15,6050,[0]
3782,62,2.365403,2,1210,80.0,6.679402,12,1240,4.805812,22,700,[1 0]
3782,62,2.336686,2,1150,80.0,4.805812,22,700,7.125156,15,6060,[0]
3787,70,2.323276,2,1140,80.0,6.574018,12,1210,4.665131,22,760,[1 0]
3787,70,2.437583,2,1170,80.0,4.665131,22,760,7.112254,15,6040,[0]
3792,54,2.287797,2,1200,80.0,6.546941,12,1250,4.905724,22,700,[1 0]
3792,54,2.284969,2,1170,80.0,4.905724,22,700,7.102422,15,6060,[0]
3797,53,2.316676,2,1220,80.0,6.532825,12,1260,4.938334,22,680,[1 0]
3797,53,2.264463,2,1160,80.0,4.938334,22,680,7.097995,15,6070,[0]
3800,70,2.315381,2,1130,80.0,6.532915,12,1220,4.633692,22,780,[1 0]
3800,70,2.437942,2,1160,80.0,4.633692,22,780,7.114349,15,6030,[0]
3802,70,2.344622,2,1150,80.0,6.536559,12,1220,4.650604,22,760,[1 0]
3802,70,2.437419,2,1160,80.0,4.650604,22,760,7.115078,15,6030,[0]
3806,71,2.334282,2,1140,80.0,6.522107,12,1220,4.63532,22,770,[1 0]
3806,71,2.44523,2,1160,80.0,4.63532,22,770,7.106955,15,6040,[0]
3813,62,2.338571,2,1190,80.0,6.662447,12,1250,4.798273,22,710,[1 0]
3813,62,2.330892,2,1150,80.0,4.798273,22,710,7.126716,15,6060,[0]
3820,53,2.310972,2,1220,80.0,6.565085,12,1250,4.946969,22,680,[1 0]
3820,53,2.272143,2,1170,80.0,4.946969,22,680,7.105138,15,6060,[0]
3824,56,2.268564,2,1180,80.0,6.513918,12,1250,4.828951,22,740,[1 0]
3824,56,2.262433,2,1140,80.0,4.828951,22,740,7.083598,15,6080,[0]
3827,63,2.329931,2,1180,80.0,6.641665,12,1250,4.764523,22,730,[1 0]
3827,63,2.32735,2,1140,80.0,4.764523,22,730,7.118903,15,6070,[0]
3831,71,2.280519,2,1110,80.0,6.533149,12,1220,4.615884,22,810,[0]
3831,71,2.426153,2,1150,80.0,4.615884,22,810,7.108999,15,6040,[0]
3837,72,2.258742,2,1090,80.0,6.489794,12,1230,4.596019,22,820,[1 0]
3837,72,2.450771,2,1160,80.0,4.596019,22,820,7.173994,15,6040,[0]
3841,71,2.303397,2,1120,80.0,6.499256,12,1230,4.613898,22,800,[1 0]
3841,71,2.43182,2,1150,80.0,4.613898,22,800,7.106843,15,6040,[0]
3845,53,2.284957,2,1200,80.0,6.519651,12,1270,4.912936,22,700,[1 0]
3845,53,2.24867,2,1150,80.0,4.912936,22,700,7.091912,15,6080,[0]
3849,56,2.228449,2,1150,80.0,6.51412,12,1250,4.799462,22,770,[1 0]
3849,56,2.24433,2,1130,80.0,4.799462,22,770,7.083652,15,6090,[0]
3855,71,2.187157,2,1050,80.0,6.470665,12,1250,4.577683,22,860,[1 0]
3855,71,2.408925,2,1140,80.0,4.577683,22,860,7.104915,15,6050,[0]
3856,58,2.254903,2,1160,80.0,6.490908,12,1240,4.781444,22,760,[1 0]
3856,58,2.287364,2,1140,80.0,4.781444,22,760,7.129875,15,6070,[0]
3862,72,2.258189,2,1090,80.0,6.490492,12,1230,4.596924,22,820,[1 0]
3862,72,2.423528,2,1140,80.0,4.596924,22,820,7.169143,15,6050,[0]
3867,63,2.181673,2,1080,80.0,6.612469,12,1260,4.663993,22,830,[1 0]
3867,63,2.303898,2,1120,80.0,4.663993,22,830,7.110642,15,6080,[0]
3872,61,2.214582,2,1110,80.0,6.62907,12,1270,4.719168,22,790,[1 0]
3872,61,2.286093,2,1120,80.0,4.719168,22,790,7.111453,15,6090,[0]
3877,63,2.134279,2,1050,80.0,6.596817,12,1270,4.614584,22,880,[1 0]
3877,63,2.239908,2,1080,80.0,4.614584,22,880,7.09258,15,6120,[0]
3880,65,2.228077,2,1100,80.0,6.581838,12,1250,4.661752,22,810,[1 0]
3880,65,2.329647,2,1120,80.0,4.661752,22,810,7.103494,15,6080,[0]
3885,70,2.048819,2,970,80.0,6.398054,12,1290,4.481021,22,980,[1]
3885,70,2.275346,2,1040,80.0,4.481021,22,980,7.067672,15,6120,[0]
3888,62,2.223973,2,1110,80.0,6.624633,12,1260,4.698538,22,800,[1 0]
3888,62,2.280914,2,1110,80.0,4.698538,22,800,7.108685,15,6090,[0]
3893,61,2.26441,2,1140,80.0,6.621344,12,1270,4.74745,22,760,[1 0]
3893,61,2.286925,2,1120,80.0,4.74745,22,760,7.111432,15,6090,[0]
3896,59,2.215919,2,1130,80.0,6.462882,12,1250,4.755207,22,780,[1 0]
3896,59,2.274187,2,1130,80.0,4.755207,22,780,7.120023,15,6090,[0]
3912,69,1.954203,2,920,80.0,6.380199,12,1310,4.447399,22,1030,[1]
3912,69,2.23428,2,1020,80.0,4.447399,22,1030,7.059571,15,6140,[0]
3916,61,2.169101,2,1080,80.0,6.629458,12,1270,4.668315,22,840,[1 0]
3916,61,2.256733,2,1100,80.0,4.668315,22,840,7.106229,15,6100,[0]
3922,62,2.159458,2,1070,80.0,6.608819,12,1270,4.662342,22,840,[1 0]
3922,62,2.265945,2,1100,80.0,4.662342,22,840,7.103913,15,6100,[0]
3927,63,2.227171,2,1110,80.0,6.616756,12,1260,4.683756,22,810,[1 0]
3927,63,2.272509,2,1100,80.0,4.683756,22,810,7.101137,15,6100,[0]
3932,63,2.153774,2,1060,80.0,6.584146,12,1270,4.643173,22,850,[1 0]
3932,63,2.274577,2,1100,80.0,4.643173,22,850,7.100797,15,6100,[0]
3937,62,2.142334,2,1060,80.0,6.615953,12,1270,4.653427,22,850,[1 0]
3937,62,2.262904,2,1100,80.0,4.653427,22,850,7.098641,15,6110,[0]
3941,64,2.186578,2,1080,80.0,6.599,12,1260,4.648003,22,840,[1 0]
3941,64,2.280886,2,1100,80.0,4.648003,22,840,7.098917,15,6100,[0]
3945,56,2.157877,2,1100,80.0,6.421864,12,1290,4.744829,22,810,[1 0]
3945,56,2.204804,2,1100,80.0,4.744829,22,810,7.065654,15,6120,[0]
3950,63,2.134027,2,1050,80.0,6.616972,12,1260,4.626705,22,870,[1 0]
3950,63,2.272374,2,1100,80.0,4.626705,22,870,7.101163,15,6100,[0]
3955,63,2.134005,2,1050,80.0,6.617025,12,1260,4.626727,22,870,[1 0]
3955,63,2.272345,2,1100,80.0,4.626727,22,870,7.101166,15,6100,[0]
3958,68,2.119863,2,1020,80.0,6.480752,12,1270,4.561265,22,900,[1 0]
3958,68,2.330925,2,1100,80.0,4.561265,22,900,7.096151,15,6080,[0]
3963,66,1.870075,2,890,80.0,5.199023,22,2160,4.444052,22,1060,[1]
3963,66,2.215752,2,1030,80.0,4.444052,22,1060,7.068682,15,6140,[0]
3968,63,2.134077,2,1050,80.0,6.597237,12,1270,4.62928,22,870,[1 0]
3968,63,2.267875,2,1100,80.0,4.62928,22,870,7.103673,15,6100,[0]
3974,63,2.12213,2,1040,80.0,6.584552,12,1270,4.623656,22,870,[1 0]
3974,63,2.274361,2,1100,80.0,4.623656,22,870,7.100841,15,6100,[0]
3975,63,2.134046,2,1050,80.0,6.597296,12,1270,4.629303,22,870,[1 0]
3975,63,2.267838,2,1100,80.0,4.629303,22,870,7.103673,15,6100,[0]
3977,61,2.1382,2,1060,80.0,6.632654,12,1270,4.649495,22,860,[1 0]
3977,61,2.24053,2,1090,80.0,4.649495,22,860,7.100757,15,6110,[0]
3982,62,2.098595,2,1030,80.0,6.583372,12,1280,4.624053,22,880,[1 0]
3982,62,2.263684,2,1100,80.0,4.624053,22,880,7.104815,15,6100,[0]
3987,62,2.082996,2,1020,80.0,6.538459,12,1300,4.610785,22,890,[1 0]
3987,62,2.251817,2,1090,80.0,4.610785,22,890,7.10354,15,6100,[0]
3992,66,2.089906,2,1010,80.0,6.486585,12,1290,4.568825,22,910,[1 0]
3992,66,2.275984,2,1080,80.0,4.568825,22,910,7.09209,15,6100,[0]
3995,63,2.086447,2,1020,80.0,6.54732,12,1290,4.596841,22,900,[1 0]
3995,63,2.231473,2,1070,80.0,4.596841,22,900,7.089913,15,6120,[0]
3998,63,2.087344,2,1020,80.0,6.539508,12,1290,4.595224,22,900,[1 0]
3998,63,2.235247,2,1070,80.0,4.595224,22,900,7.095615,15,6110,[0]
3999,63,2.085289,2,1020,80.0,6.532631,12,1300,4.61048,22,890,[1 0]
3999,63,2.239694,2,1080,80.0,4.61048,22,890,7.098248,15,6110,[0]
3187,71,2.585801,2,1310,80.0,6.666652,12,1140,4.771999,22,570,[0]
3187,71,2.616899,2,1280,80.0,4.771999,22,570,7.22144,15,5950,[0]
3217,70,2.583827,2,1320,80.0,6.688097,12,1150,4.818295,22,550,[0]
3217,70,2.615255,2,1290,80.0,4.818295,22,550,7.159462,15,5940,[0]
3256,69,2.606865,2,1340,80.0,6.702132,12,1150,4.82865,22,550,[0]
3256,69,2.580293,2,1270,80.0,4.82865,22,550,7.157903,15,5950,[0]
3276,68,2.625962,2,1360,80.0,6.728154,12,1150,4.881409,22,510,[0 1 0]
3276,68,2.61139,2,1300,80.0,4.881409,22,510,7.165628,15,5940,[0]
3287,70,2.626437,2,1350,80.0,6.703995,12,1140,4.83041,22,530,[0]
3287,70,2.628967,2,1300,80.0,4.83041,22,530,7.169356,15,5920,[0]
3325,62,2.55417,2,1340,80.0,6.819755,12,1170,4.963591,22,540,[0 1 0]
3325,62,2.530677,2,1280,80.0,4.963591,22,540,7.177895,15,5950,[0]
3339,72,2.45688,2,1220,80.0,6.565577,12,1190,4.696643,22,680,[0]
3339,72,2.522352,2,1210,80.0,4.696643,22,680,7.199295,15,5990,[0]
3369,56,2.574807,2,1390,80.0,6.657863,12,1170,5.108224,22,500,[0 1 0]
3369,56,2.506155,2,1300,80.0,5.108224,22,500,7.153556,15,5940,[0]
3398,68,2.514709,2,1280,80.0,6.664308,12,1180,4.798263,22,610,[1 0]
3398,68,2.516857,2,1230,80.0,4.798263,22,610,7.139999,15,5990,[0]
3408,57,2.532834,2,1360,80.0,6.651801,12,1170,5.064797,22,530,[0 1 0]
3408,57,2.482546,2,1280,80.0,5.064797,22,530,7.184749,15,5970,[0]
3420,71,2.379227,2,1170,80.0,6.567819,12,1200,4.655777,22,750,[1 0]
3420,71,2.452494,2,1170,80.0,4.655777,22,750,7.12014,15,6020,[0]
3433,77,2.272934,2,1070,80.0,6.396269,12,1220,4.524942,22,850,[0]
3433,77,2.50928,2,1160,80.0,4.524942,22,850,7.217721,15,6020,[0]
3440,66,2.405027,2,1210,80.0,6.616567,12,1220,4.751315,22,690,[1 0]
3440,66,2.41294,2,1170,80.0,4.751315,22,690,7.120553,15,6040,[0]
3470,49,2.304267,2,1390,80.0,6.751984,12,1180,5.250511,22,500,[0 1 0]
3470,49,2.443052,2,1300,80.0,5.250511,22,500,7.160713,15,5960,[0]
3477,49,2.275265,2,1370,80.0,6.712475,12,1200,5.239993,22,500,[0 1 0]
3477,49,2.463917,2,1310,80.0,5.239993,22,500,7.16241,15,5950,[0]
3486,49,2.304782,2,1390,80.0,6.752242,12,1180,5.250622,22,500,[0 1 0]
3486,49,2.443173,2,1300,80.0,5.250622,22,500,7.15966,15,5960,[0]
3496,55,2.554812,2,1380,80.0,6.693139,12,1160,5.115682,22,510,[0 1 0]
3496,55,2.500656,2,1300,80.0,5.115682,22,510,7.145492,15,5960,[0]
3500,48,2.261818,2,1370,80.0,6.746904,12,1190,5.234782,22,520,[0 1 0]
3500,48,2.424142,2,1290,80.0,5.234782,22,520,7.158453,15,5960,[0]
3511,70,2.384815,2,1180,80.0,6.587718,12,1200,4.690703,22,720,[1 0]
3511,70,2.472086,2,1190,80.0,4.690703,22,720,7.122165,15,6020,[0]
3512,61,2.404397,2,1240,80.0,6.765779,12,1210,4.872211,22,650,[1 0]
3512,61,2.426694,2,1220,80.0,4.872211,22,650,7.159412,15,6000,[0]
3525,54,2.488578,2,1340,80.0,6.680704,12,1180,5.095176,22,550,[0 1 0]
3525,54,2.45364,2,1280,80.0,5.095176,22,550,7.150378,15,5960,[0]
3533,68,2.384568,2,1190,80.0,6.591885,12,1220,4.721073,22,710,[1 0]
3533,68,2.423728,2,1170,80.0,4.721073,22,710,7.117047,15,6040,[0]
3537,49,2.225062,2,1340,80.0,6.714329,12,1200,5.169573,22,550,[0 1 0]
3537,49,2.401155,2,1270,80.0,5.169573,22,550,7.143825,15,5990,[0]
3540,70,2.386674,2,1180,80.0,6.58532,12,1200,4.678444,22,730,[1 0]
3540,70,2.447537,2,1170,80.0,4.678444,22,730,7.115168,15,6030,[0]
3551,73,2.379667,2,1160,80.0,6.517801,12,1200,4.631125,22,750,[0]
3551,73,2.492936,2,1180,80.0,4.631125,22,750,7.184504,15,6010,[0]
3555,67,2.29884,2,1140,80.0,6.575826,12,1240,4.682958,22,770,[1 0]
3555,67,2.357755,2,1130,80.0,4.682958,22,770,7.104244,15,6070,[0]
3561,66,2.294694,2,1140,80.0,6.59549,12,1240,4.698249,22,760,[1 0]
3561,66,2.376389,2,1150,80.0,4.698249,22,760,7.112908,15,6060,[0]
3563,67,2.558541,2,1320,80.0,6.719698,12,1170,4.873845,22,550,[0]
3563,67,2.558334,2,1270,80.0,4.873845,22,550,7.158807,15,5960,[0]
3572,70,2.355061,2,1160,80.0,6.570228,12,1210,4.683167,22,730,[1 0]
3572,70,2.470028,2,1190,80.0,4.683167,22,730,7.122766,15,6020,[0]
3576,55,2.436716,2,1300,80.0,6.644424,12,1190,5.011357,22,600,[0 1 0]
3576,55,2.404913,2,1240,80.0,5.011357,22,600,7.126846,15,6000,[0]
3581,69,2.576079,2,1320,80.0,6.688536,12,1160,4.818526,22,570,[0]
3581,69,2.549917,2,1250,80.0,4.818526,22,570,7.154305,15,5960,[0]
3597,68,2.567112,2,1320,80.0,6.708331,12,1160,4.834417,22,570,[0]
3597,68,2.543247,2,1250,80.0,4.834417,22,570,7.145679,15,5980,[0]
3610,50,2.183663,2,1310,80.0,6.680223,12,1210,5.104422,22,590,[0 1 0]
3610,50,2.359277,2,1240,80.0,5.104422,22,590,7.134255,15,6010,[0]
3614,53,2.424368,2,1300,80.0,6.619966,12,1220,5.061741,22,590,[0 1 0]
3614,53,2.384289,2,1240,80.0,5.061741,22,590,7.132859,15,6000,[0]
3616,57,2.462127,2,1310,80.0,6.613997,12,1190,4.983608,22,600,[0 1 0]
3616,57,2.406526,2,1230,80.0,4.983608,22,600,7.170931,15,6000,[0]
3625,51,2.170979,2,1300,80.0,6.675418,12,1210,5.081674,22,600,[0 1 0]
3625,51,2.347923,2,1230,80.0,5.081674,22,600,7.127291,15,6020,[0]
3628,50,2.163597,2,1300,80.0,6.671128,12,1220,5.097468,22,600,[1 0]
3628,50,2.353121,2,1240,80.0,5.097468,22,600,7.134934,15,6010,[0]
3636,48,2.138444,2,1290,80.0,6.647426,12,1240,5.113455,22,600,[1 0]
3636,48,2.312478,2,1220,80.0,5.113455,22,600,7.128104,15,6030,[0]
3642,50,2.17051,2,1300,80.0,6.680554,12,1210,5.085046,22,600,[0 1 0]
3642,50,2.344415,2,1230,80.0,5.085046,22,600,7.129665,15,6020,[0]
3649,70,2.184463,2,1050,80.0,6.463737,12,1260,4.576353,22,860,[1 0]
3649,70,2.379639,2,1120,80.0,4.576353,22,860,7.094383,15,6070,[0]
3652,70,2.221931,2,1070,80.0,6.472631,12,1250,4.595856,22,830,[1 0]
3652,70,2.423887,2,1150,80.0,4.595856,22,830,7.10422,15,6050,[0]
3660,54,2.402417,2,1280,80.0,6.626784,12,1210,5.009941,22,620,[1 0]
3660,54,2.357974,2,1220,80.0,5.009941,22,620,7.126908,15,6010,[0]
3670,55,2.380127,2,1260,80.0,6.550085,12,1240,4.963027,22,640,[1 0]
3670,55,2.311892,2,1180,80.0,4.963027,22,640,7.102899,15,6050,[0]
3678,57,2.436381,2,1290,80.0,6.544424,12,1220,4.96382,22,610,[1 0]
3678,57,2.382625,2,1210,80.0,4.96382,22,610,7.159486,15,6020,[0]
3681,67,2.303303,2,1140,80.0,6.585941,12,1230,4.670756,22,780,[1 0]
3681,67,2.358457,2,1130,80.0,4.670756,22,780,7.105725,15,6070,[0]
3686,52,2.367818,2,1260,80.0,6.606129,12,1230,5.001006,22,640,[1 0]
3686,52,2.33376,2,1210,80.0,5.001006,22,640,7.124049,15,6020,[0]
3691,70,2.150508,2,1030,80.0,6.48666,12,1250,4.549594,22,900,[1 0]
3691,70,2.361019,2,1110,80.0,4.549594,22,900,7.097295,15,6070,[0]
3698,37,2.04261,2,1300,80.0,6.728401,12,1290,5.335878,22,580,[1 0]
3698,37,2.203923,2,1220,80.0,5.335878,22,580,7.148465,15,6040,[0]
3702,68,2.374457,2,1180,80.0,6.598135,12,1210,4.708551,22,710,[1 0]
3702,68,2.461699,2,1190,80.0,4.708551,22,710,7.119868,15,6030,[0]
3713,70,2.248961,2,1090,80.0,6.501876,12,1240,4.607986,22,820,[1 0]
3713,70,2.407243,2,1140,80.0,4.607986,22,820,7.104947,15,6050,[0]
3718,59,2.374426,2,1240,80.0,6.521765,12,1220,4.877939,22,670,[1 0]
3718,59,2.349059,2,1180,80.0,4.877939,22,670,7.14547,15,6040,[0]
3721,70,2.116659,2,1010,80.0,6.4453,12,1270,4.532863,22,920,[1 0]
3721,70,2.334344,2,1090,80.0,4.532863,22,920,7.08556,15,6090,[0]
3725,69,2.110078,2,1010,80.0,6.467716,12,1270,4.539132,22,920,[1 0]
3725,69,2.322945,2,1090,80.0,4.539132,22,920,7.093775,15,6080,[0]
3732,58,2.384872,2,1250,80.0,6.514405,12,1230,4.91015,22,650,[1 0]
3732,58,2.354328,2,1190,80.0,4.91015,22,650,7.148291,15,6040,[0]
3738,53,2.354177,2,1250,80.0,6.583999,12,1240,4.973769,22,660,[1 0]
3738,53,2.287541,2,1180,80.0,4.973769,22,660,7.109304,15,6050,[0]
3744,71,2.376896,2,1170,80.0,6.567397,12,1200,4.660808,22,740,[0]
3744,71,2.484574,2,1190,80.0,4.660808,22,740,7.12314,15,6010,[0]
3746,69,2.109583,2,1010,80.0,6.465656,12,1270,4.548563,22,910,[1 0]
3746,69,2.336753,2,1100,80.0,4.548563,22,910,7.094423,15,6080,[0]
3753,61,2.173757,2,1080,80.0,6.641281,12,1260,4.677833,22,830,[1 0]
3753,61,2.27224,2,1110,80.0,4.677833,22,830,7.106097,15,6100,[0]
3759,52,2.075223,2,1230,80.0,6.591405,12,1240,4.952922,22,680,[1 0]
3759,52,2.299914,2,1190,80.0,4.952922,22,680,7.11654,15,6040,[0]
3766,59,2.364063,2,1220,80.0,6.733937,12,1240,4.858336,22,680,[1 0]
3766,59,2.341178,2,1170,80.0,4.858336,22,680,7.137737,15,6050,[0]
3775,61,2.333727,2,1190,80.0,6.693069,12,1240,4.801448,22,710,[1 0]
3775,61,2.3451,2,1160,80.0,4.801448,22,710,7.131906,15,6050,[0]
3789,63,2.123274,2,1040,80.0,6.579659,12,1270,4.611692,22,880,[1 0]
3789,63,2.26446,2,1090,80.0,4.611692,22,880,7.100588,15,6100,[0]
3792,60,2.313225,2,1180,80.0,6.714723,12,1240,4.801149,22,720,[1 0]
3792,60,2.334926,2,1160,80.0,4.801149,22,720,7.129921,15,6060,[0]
3797,57,2.290064,2,1190,80.0,6.519234,12,1240,4.85517,22,710,[1 0]
3797,57,2.314307,2,1170,80.0,4.85517,22,710,7.141224,15,6060,[0]
3800,53,2.29909,2,1210,80.0,6.558592,12,1250,4.909359,22,700,[1 0]
3800,53,2.280562,2,1170,80.0,4.909359,22,700,7.104119,15,6060,[0]
3804,59,2.303198,2,1190,80.0,6.52259,12,1220,4.811497,22,730,[0 1 0]
3804,59,2.318806,2,1160,80.0,4.811497,22,730,7.135514,15,6060,[0]
3809,65,2.118647,2,1030,80.0,6.516675,12,1280,4.586648,22,890,[1 0]
3809,65,2.274392,2,1080,80.0,4.586648,22,890,7.0871,15,6110,[0]
3814,53,2.309663,2,1220,80.0,6.566695,12,1250,4.949999,22,680,[1 0]
3814,53,2.271739,2,1170,80.0,4.949999,22,680,7.104377,15,6060,[0]
3822,71,2.16035,2,1030,80.0,6.458638,12,1250,4.54454,22,890,[0]
3822,71,2.379119,2,1110,80.0,4.54454,22,890,7.086312,15,6080,[0]
3826,71,2.054929,2,970,80.0,6.386034,12,1290,4.487514,22,970,[1]
3826,71,2.304554,2,1060,80.0,4.487514,22,970,7.077589,15,6100,[0]
3835,60,2.267252,2,1150,80.0,6.702324,12,1250,4.778653,22,750,[1 0]
3835,60,2.312634,2,1150,80.0,4.778653,22,750,7.128314,15,6070,[0]
3840,62,2.328235,2,1180,80.0,6.669257,12,1240,4.759871,22,740,[1 0]
3840,62,2.308381,2,1130,80.0,4.759871,22,740,7.120381,15,6070,[0]
3846,63,2.274188,2,1140,80.0,6.653351,12,1240,4.710652,22,780,[1 0]
3846,63,2.318141,2,1130,80.0,4.710652,22,780,7.116308,15,6070,[0]
3856,63,2.239662,2,1120,80.0,6.64017,12,1250,4.717306,22,780,[1 0]
3856,63,2.314519,2,1130,80.0,4.717306,22,780,7.117592,15,6070,[0]
3860,63,2.301882,2,1160,80.0,6.635036,12,1250,4.741002,22,750,[1 0]
3860,63,2.317193,2,1130,80.0,4.741002,22,750,7.116177,15,6070,[0]
3865,62,2.218629,2,1110,80.0,6.641438,12,1260,4.71801,22,790,[1 0]
3865,62,2.301267,2,1130,80.0,4.71801,22,790,7.121598,15,6070,[0]
3868,64,2.238075,2,1110,80.0,6.606654,12,1250,4.673269,22,810,[1 0]
3868,64,2.312549,2,1120,80.0,4.673269,22,810,7.108842,15,6080,[0]
3880,62,2.204378,2,1100,80.0,6.61542,12,1270,4.703372,22,800,[1 0]
3880,62,2.277861,2,1110,80.0,4.703372,22,800,7.109079,15,6090,[0]
3883,54,1.660218,2,860,80.0,6.503219,12,1270,4.569048,22,1040,[1 0]
3883,54,2.242909,2,1140,80.0,4.569048,22,1040,7.084862,15,6090,[0]
3887,62,2.190743,2,1090,80.0,6.60849,12,1270,4.691722,22,810,[1 0]
3887,62,2.280721,2,1110,80.0,4.691722,22,810,7.109116,15,6090,[0]
3895,61,2.214464,2,1110,80.0,6.629273,12,1270,4.719277,22,790,[1 0]
3895,61,2.285978,2,1120,80.0,4.719277,22,790,7.111477,15,6090,[0]
3900,61,2.257181,2,1140,80.0,6.641163,12,1270,4.759097,22,760,[1 0]
3900,61,2.277496,2,1120,80.0,4.759097,22,760,7.114234,15,6090,[0]
3903,62,2.188504,2,1090,80.0,6.615633,12,1270,4.693816,22,810,[1 0]
3903,62,2.277741,2,1110,80.0,4.693816,22,810,7.098606,15,6110,[0]
3907,61,2.181232,2,1090,80.0,6.641228,12,1270,4.706838,22,810,[1 0]
3907,61,2.277463,2,1120,80.0,4.706838,22,810,7.114238,15,6090,[0]
3911,62,2.177836,2,1080,80.0,6.626794,12,1260,4.66276,22,840,[1 0]
3911,62,2.264056,2,1100,80.0,4.66276,22,840,7.104748,15,6100,[0]
3916,62,2.178694,2,1080,80.0,6.624906,12,1260,4.658673,22,840,[1 0]
3916,62,2.266149,2,1100,80.0,4.658673,22,840,7.103472,15,6100,[0]
3920,63,2.180179,2,1080,80.0,6.618837,12,1260,4.659231,22,840,[1 0]
3920,63,2.268123,2,1100,80.0,4.659231,22,840,7.103633,15,6100,[0]
3926,59,2.24666,2,1140,80.0,6.670013,12,1270,4.749382,22,780,[1 0]
3926,59,2.237589,2,1100,80.0,4.749382,22,780,7.111937,15,6100,[0]
3929,63,2.180134,2,1080,80.0,6.618922,12,1260,4.65927,22,840,[1 0]
3929,63,2.268076,2,1100,80.0,4.65927,22,840,7.103639,15,6100,[0]
3933,62,2.142355,2,1060,80.0,6.615916,12,1270,4.653414,22,850,[1 0]
3933,62,2.262926,2,1100,80.0,4.653414,22,850,7.098636,15,6110,[0]
3938,61,2.158608,2,1070,80.0,6.622703,12,1270,4.655656,22,850,[1 0]
3938,61,2.257592,2,1100,80.0,4.655656,22,850,7.106423,15,6100,[0]
3948,55,2.222526,2,1150,80.0,6.467226,12,1280,4.802926,22,770,[1 0]
3948,55,2.193619,2,1100,80.0,4.802926,22,770,7.072635,15,6110,[0]
3954,55,2.211473,2,1140,80.0,6.457106,12,1280,4.789692,22,780,[1 0]
3954,55,2.19511,2,1100,80.0,4.789692,22,780,7.073193,15,6110,[0]
3958,58,2.136416,2,1080,80.0,6.394475,12,1290,4.709414,22,830,[1 0]
3958,58,2.20503,2,1090,80.0,4.709414,22,830,7.10671,15,6120,[0]
3963,61,2.153123,2,1070,80.0,6.629867,12,1270,4.658949,22,850,[1 0]
3963,61,2.242018,2,1090,80.0,4.658949,22,850,7.100918,15,6110,[0]
3968,61,2.126395,2,1050,80.0,6.622042,12,1270,4.637227,22,870,[1 0]
3968,61,2.242967,2,1090,80.0,4.637227,22,870,7.100868,15,6110,[0]
3973,61,2.04161,2,1000,80.0,6.541423,12,1310,4.589905,22,920,[1 0]
3973,61,2.199284,2,1060,80.0,4.589905,22,920,7.090194,15,6130,[0]
3978,62,2.126134,2,1050,80.0,6.61633,12,1270,4.643917,22,860,[1 0]
3978,62,2.262684,2,1100,80.0,4.643917,22,860,7.09869,15,6110,[0]
3983,63,2.11682,2,1040,80.0,6.576163,12,1280,4.617664,22,880,[1 0]
3983,63,2.255512,2,1090,80.0,4.617664,22,880,7.102821,15,6100,[0]
3988,62,2.09361,2,1030,80.0,6.577354,12,1290,4.619125,22,890,[1 0]
3988,62,2.228153,2,1080,80.0,4.619125,22,890,7.100578,15,6110,[0]
3993,62,2.081715,2,1020,80.0,6.568573,12,1290,4.601244,22,900,[1 0]
3993,62,2.221937,2,1070,80.0,4.601244,22,900,7.09269,15,6120,[0]
3997,63,2.088469,2,1020,80.0,6.539868,12,1290,4.599297,22,900,[1 0]
3997,63,2.231217,2,1070,80.0,4.599297,22,900,7.096749,15,6110,[0]
3999,59,2.09442,2,1050,80.0,6.382335,12,1290,4.64886,22,880,[1 0]
3999,59,2.186197,2,1070,80.0,4.64886,22,880,7.098947,15,6130,[0]
