3002,46,-3.478954,17,280,80.0,-0.299825,1,660,-5.559772,3,910,[1]
3002,46,-4.061779,17,830,80.0,1.641026,18,430,-7.521118,11,4250,[1]
3002,46,-2.510514,17,190,80.0,2.9481,19,530,-6.891076,3,610,[0]
3007,63,-3.476307,17,400,80.0,-0.498914,1,520,-5.529984,3,750,[1]
3007,63,-4.049822,17,830,80.0,1.446983,18,530,-7.515923,11,4140,[1]
3010,42,-3.560462,17,270,80.0,-0.270129,1,690,-5.565832,3,940,[0]
3010,42,-4.042766,17,850,80.0,1.684918,18,400,-7.590843,11,4250,[1]
3010,42,-2.575291,17,190,80.0,3.287304,19,520,-6.988891,3,620,[0]
3015,42,-3.583545,17,270,80.0,-0.274589,1,690,-5.571714,3,930,[0]
3015,42,-4.023933,17,860,80.0,1.738968,18,390,-7.590065,11,4250,[1]
3015,42,-2.57507,17,190,80.0,3.257576,19,520,-6.98023,3,620,[0]
3019,46,-3.468087,17,280,80.0,-0.295126,1,660,-5.55268,3,920,[0]
3019,46,-4.078514,17,820,80.0,1.577147,18,440,-7.521342,11,4250,[1]
3019,46,-2.453912,17,190,80.0,2.957616,19,530,-6.900062,3,610,[0]
3022,42,-3.515583,17,280,80.0,-0.247757,1,680,-5.565274,3,940,[0]
3022,42,-4.067226,17,840,80.0,1.572969,18,410,-7.590643,11,4250,[1]
3022,42,-2.434068,17,180,80.0,3.207748,19,530,-6.950973,3,630,[0]
3027,73,-4.04267,17,770,80.0,1.373723,18,590,-7.491426,11,4140,[1]
3033,41,-3.521855,17,270,80.0,-0.246329,1,690,-5.565685,3,950,[0]
3033,41,-4.060268,17,850,80.0,1.611608,18,400,-7.593011,11,4250,[1]
3033,41,-2.452694,17,190,80.0,3.278158,19,530,-6.983961,3,630,[0]
3037,69,-4.06989,17,800,80.0,1.397219,18,570,-7.503034,11,4140,[1]
3044,62,-3.536358,17,390,80.0,-0.50523,1,540,-5.533643,3,760,[1]
3044,62,-4.071001,17,840,80.0,1.455721,18,530,-7.519993,11,4140,[1]
3044,62,-2.429027,17,270,80.0,1.934339,19,500,-6.491349,3,540,[0]
3047,59,-3.516047,17,370,80.0,-0.456701,1,560,-5.552431,3,770,[1]
3047,59,-4.075498,17,860,80.0,1.446944,18,510,-7.532478,11,4130,[1]
3047,59,-2.560168,17,250,80.0,2.107673,19,510,-6.578776,3,550,[0]
3054,49,-3.454273,17,310,80.0,-0.311525,1,630,-5.555554,3,880,[1]
3054,49,-4.045916,17,930,80.0,1.711658,18,460,-7.551714,11,4130,[1]
3054,49,-2.591223,17,210,80.0,2.770861,19,530,-6.862889,3,590,[0]
3058,62,-3.512782,17,400,80.0,-0.49325,1,530,-5.539195,3,750,[1]
3058,62,-4.068204,17,830,80.0,1.475312,18,540,-7.518626,11,4140,[1]
3058,62,-2.47606,17,270,80.0,1.898273,19,500,-6.499121,3,530,[0]
3061,69,-4.04248,17,800,80.0,1.27936,18,540,-7.50266,11,4140,[1]
3065,42,-3.581985,17,270,80.0,-0.273734,1,690,-5.571877,3,930,[0]
3065,42,-4.023495,17,860,80.0,1.742999,18,390,-7.590135,11,4250,[1]
3065,42,-2.570951,17,190,80.0,3.259729,19,520,-6.981259,3,620,[0]
3067,59,-3.503128,17,370,80.0,-0.448023,1,560,-5.546854,3,780,[1]
3067,59,-4.069139,17,860,80.0,1.679089,18,540,-7.526363,11,4140,[1]
3067,59,-2.525431,17,250,80.0,2.131613,19,510,-6.59614,3,550,[0]
3071,60,-3.47398,17,390,80.0,-0.45229,1,540,-5.538891,3,770,[1]
3071,60,-4.083942,17,850,80.0,1.663867,18,560,-7.53062,11,4130,[1]
3071,60,-2.477194,17,270,80.0,2.06958,19,500,-6.564913,3,540,[0]
3077,75,-4.050375,17,750,80.0,1.124307,18,570,-7.486309,11,4140,[1]
3082,44,-3.533185,17,270,80.0,-0.290647,1,680,-5.566933,3,920,[0]
3082,44,-4.040493,17,850,80.0,1.734272,18,410,-7.586784,11,4250,[1]
3082,44,-2.516866,17,190,80.0,3.170351,19,520,-6.936308,3,620,[0]
3088,45,-3.454231,17,280,80.0,-0.286532,1,660,-5.555264,3,920,[0]
3088,45,-4.059618,17,840,80.0,1.703886,18,430,-7.529333,11,4240,[1]
3088,45,-2.565226,17,180,80.0,3.002796,19,530,-6.887054,3,620,[0]
3093,49,-3.490502,17,310,80.0,-0.336561,1,630,-5.556665,3,870,[1]
3093,49,-4.05448,17,920,80.0,1.542072,18,450,-7.550546,11,4130,[1]
3093,49,-2.562837,17,200,80.0,2.700959,19,530,-6.798616,3,600,[0]
3098,65,-3.521997,17,420,80.0,-0.531874,1,510,-5.539256,3,720,[1]
3098,65,-4.067108,17,820,80.0,1.317671,18,530,-7.518265,11,4130,[1]
3103,45,-3.453751,17,280,80.0,-0.288502,1,660,-5.555322,3,920,[0]
3103,45,-4.06088,17,840,80.0,1.69804,18,430,-7.528841,11,4240,[1]
3103,45,-2.446738,17,190,80.0,3.053657,19,520,-6.914058,3,610,[0]
3109,44,-3.53235,17,270,80.0,-0.290166,1,680,-5.567017,3,920,[0]
3109,44,-4.040256,17,850,80.0,1.736387,18,410,-7.586825,11,4250,[1]
3109,44,-2.514695,17,190,80.0,3.171542,19,520,-6.936873,3,620,[0]
3114,44,-3.532198,17,270,80.0,-0.290078,1,680,-5.567034,3,920,[0]
3114,44,-4.040211,17,850,80.0,1.736775,18,410,-7.586831,11,4250,[1]
3114,44,-2.514298,17,190,80.0,3.171761,19,520,-6.936978,3,620,[0]
3118,43,-3.582758,17,280,80.0,-0.281309,1,680,-5.567778,3,920,[0]
3118,43,-4.045028,17,860,80.0,1.771826,18,410,-7.594664,11,4240,[1]
3118,43,-2.58988,17,200,80.0,3.139168,19,530,-6.985335,3,610,[0]
3124,64,-3.495899,17,420,80.0,-0.499533,1,510,-5.539498,3,730,[1]
3124,64,-4.090318,17,820,80.0,1.262065,18,530,-7.520304,11,4130,[1]
3124,64,-2.52872,17,280,80.0,1.766934,19,500,-6.45328,3,520,[0]
3129,69,-4.079881,17,800,80.0,1.299565,18,560,-7.509248,11,4130,[1]
3134,44,-3.53159,17,270,80.0,-0.289729,1,680,-5.567094,3,920,[0]
3134,44,-4.04004,17,850,80.0,1.738316,18,410,-7.586874,11,4250,[1]
3134,44,-2.512718,17,190,80.0,3.172628,19,520,-6.93739,3,620,[0]
3139,74,-4.048704,17,770,80.0,1.190424,18,560,-7.490934,11,4140,[1]
3144,43,-3.581993,17,280,80.0,-0.280853,1,680,-5.567881,3,920,[1]
3144,43,-4.04481,17,860,80.0,1.773819,18,410,-7.594701,11,4240,[1]
3144,43,-2.587862,17,200,80.0,3.140142,19,530,-6.985857,3,610,[0]
3150,58,-3.469042,17,370,80.0,-0.418182,1,560,-5.539147,3,800,[1]
3150,58,-4.077362,17,850,80.0,1.490162,18,520,-7.5282,11,4140,[1]
3150,58,-2.542737,17,260,80.0,2.226186,19,500,-6.649382,3,540,[0]
3155,64,-3.492506,17,420,80.0,-0.502603,1,510,-5.536862,3,730,[1]
3155,64,-4.086697,17,820,80.0,1.260961,18,530,-7.520576,11,4130,[1]
3155,64,-2.535194,17,280,80.0,1.772972,19,500,-6.453001,3,520,[0]
3158,44,-3.414899,17,280,80.0,-0.263409,1,660,-5.554411,3,930,[0]
3158,44,-4.048036,17,840,80.0,1.716149,18,420,-7.528564,11,4240,[1]
3158,44,-2.479275,17,180,80.0,3.038303,19,530,-6.902095,3,620,[0]
3162,43,-3.602388,17,270,80.0,-0.291777,1,690,-5.566074,3,930,[0]
3162,43,-4.033482,17,860,80.0,1.759977,18,400,-7.594815,11,4240,[1]
3162,43,-2.520665,17,180,80.0,3.174666,19,530,-6.938293,3,630,[0]
3166,63,-3.517467,17,400,80.0,-0.506871,1,530,-5.533583,3,750,[1]
3166,63,-4.071967,17,830,80.0,1.585028,18,560,-7.51847,11,4140,[1]
3166,63,-2.486745,17,270,80.0,1.877056,19,500,-6.487674,3,530,[0]
3169,47,-3.489378,17,290,80.0,-0.316431,1,650,-5.554671,3,900,[1]
3169,47,-4.063615,17,840,80.0,1.564954,18,420,-7.524346,11,4240,[1]
3169,47,-2.392394,17,210,80.0,2.960657,19,510,-6.875818,3,600,[0]
3175,44,-3.53037,17,270,80.0,-0.289025,1,680,-5.567219,3,920,[0]
3175,44,-4.039689,17,850,80.0,1.741415,18,410,-7.586934,11,4250,[1]
3175,44,-2.634038,17,200,80.0,3.174375,19,520,-6.970005,3,610,[0]
3180,44,-3.534662,17,290,80.0,-0.264687,1,670,-5.56636,3,920,[1]
3180,44,-4.041487,17,850,80.0,1.736034,18,410,-7.592058,11,4240,[1]
3180,44,-2.622051,17,200,80.0,3.10015,19,530,-6.962361,3,610,[0]
3185,49,-3.470737,17,310,80.0,-0.319465,1,630,-5.555302,3,880,[1]
3185,49,-4.043825,17,920,80.0,1.512733,18,440,-7.543955,11,4140,[1]
3185,49,-2.50248,17,220,80.0,2.840311,19,510,-6.847402,3,590,[0]
3191,64,-3.534901,17,410,80.0,-0.530364,1,520,-5.537862,3,730,[1]
3191,64,-4.063974,17,830,80.0,1.507996,18,550,-7.514382,11,4140,[1]
3197,44,-3.555247,17,290,80.0,-0.279561,1,670,-5.567735,3,910,[1]
3197,44,-4.047276,17,850,80.0,1.597223,18,400,-7.592152,11,4240,[1]
3197,44,-2.415709,17,200,80.0,3.14431,19,520,-6.960276,3,610,[0]
3201,61,-3.543007,17,380,80.0,-0.506954,1,550,-5.539989,3,760,[1]
3201,61,-4.066939,17,850,80.0,1.526465,18,530,-7.522391,11,4140,[1]
3201,61,-2.549582,17,270,80.0,2.001007,19,500,-6.554982,3,530,[0]
3208,70,-4.041274,17,790,80.0,1.245737,18,540,-7.500849,11,4140,[1]
3211,45,-3.434493,17,280,80.0,-0.271533,1,660,-5.560058,3,920,[1]
3211,45,-4.053499,17,840,80.0,1.503813,18,400,-7.529006,11,4240,[1]
3211,45,-2.515681,17,180,80.0,3.035824,19,530,-6.904305,3,620,[0]
3215,44,-3.453247,17,270,80.0,-0.282233,1,670,-5.556216,3,930,[0]
3215,44,-4.064476,17,830,80.0,1.496668,18,410,-7.524756,11,4250,[1]
3215,44,-2.434905,17,180,80.0,3.073923,19,530,-6.890206,3,630,[0]
3221,68,-4.064043,17,800,80.0,1.429107,18,570,-7.505787,11,4140,[1]
3226,64,-3.526792,17,410,80.0,-0.529273,1,520,-5.537258,3,730,[1]
3226,64,-4.085893,17,820,80.0,1.456784,18,560,-7.520738,11,4130,[1]
3226,64,-2.52983,17,280,80.0,1.777224,19,500,-6.455519,3,520,[0]
3228,58,-3.521162,17,380,80.0,-0.432039,1,560,-5.548202,3,780,[1]
3228,58,-4.059638,17,860,80.0,1.392123,18,490,-7.528236,11,4140,[1]
3228,58,-2.476682,17,250,80.0,2.163676,19,510,-6.611876,3,550,[0]
3234,45,-3.423187,17,280,80.0,-0.266656,1,660,-5.554684,3,930,[1]
3234,45,-4.048604,17,840,80.0,1.532105,18,400,-7.528804,11,4240,[1]
3234,45,-2.473559,17,180,80.0,3.041329,19,530,-6.903561,3,620,[0]
3241,61,-3.5014,17,390,80.0,-0.473522,1,540,-5.534036,3,770,[1]
3241,61,-4.063916,17,850,80.0,1.270571,18,490,-7.522337,11,4140,[1]
3241,61,-2.525171,17,270,80.0,2.003787,19,500,-6.528756,3,540,[0]
3248,49,-3.503487,17,300,80.0,-0.340709,1,640,-5.554019,3,880,[1]
3248,49,-4.046979,17,930,80.0,1.467602,18,430,-7.551915,11,4130,[1]
3248,49,-2.472814,17,220,80.0,2.860054,19,510,-6.854851,3,590,[0]
3255,46,-3.486854,17,280,80.0,-0.307947,1,660,-5.555484,3,910,[1]
3255,46,-4.073419,17,840,80.0,1.534518,18,420,-7.527697,11,4240,[1]
3255,46,-2.400337,17,200,80.0,3.00188,19,520,-6.888182,3,610,[0]
3258,60,-3.509311,17,380,80.0,-0.465754,1,550,-5.543251,3,770,[1]
3258,60,-4.058603,17,860,80.0,1.494173,18,510,-7.524915,11,4140,[1]
3258,60,-2.450013,17,250,80.0,2.047975,19,510,-6.546391,3,550,[0]
3268,68,-4.061184,17,800,80.0,1.124088,18,520,-7.506369,11,4140,[1]
3274,68,-4.064726,17,800,80.0,1.181676,18,530,-7.505441,11,4140,[1]
3278,49,-3.447387,17,310,80.0,-0.307105,1,630,-5.556433,3,880,[1]
3278,49,-4.044043,17,930,80.0,1.416036,18,420,-7.552097,11,4130,[1]
3278,49,-2.574184,17,210,80.0,2.780415,19,530,-6.867961,3,590,[0]
3285,58,-3.477115,17,370,80.0,-0.419097,1,560,-5.548367,3,790,[1]
3285,58,-4.055399,17,860,80.0,1.335553,18,480,-7.528529,11,4140,[1]
3285,58,-2.453396,17,250,80.0,2.183203,19,510,-6.594358,3,560,[0]
3291,55,-3.454246,17,350,80.0,-0.383884,1,580,-5.554151,3,810,[1]
3291,55,-4.046985,17,900,80.0,1.532372,18,470,-7.540382,11,4130,[1]
3291,55,-2.392562,17,230,80.0,2.338928,19,520,-6.670424,3,570,[0]
3298,45,-3.447884,17,280,80.0,-0.285115,1,660,-5.556033,3,920,[0]
3298,45,-4.059278,17,840,80.0,1.464833,18,400,-7.529083,11,4240,[1]
3298,45,-2.431826,17,190,80.0,3.061437,19,520,-6.917618,3,610,[0]
3304,55,-3.46428,17,340,80.0,-0.383153,1,590,-5.553294,3,820,[1]
3304,55,-4.077224,17,880,80.0,1.327394,18,470,-7.535522,11,4140,[1]
3304,55,-2.416408,17,240,80.0,2.441307,19,510,-6.701499,3,570,[0]
3308,49,-3.501809,17,300,80.0,-0.335395,1,640,-5.555759,3,880,[1]
3308,49,-4.045219,17,930,80.0,1.400217,18,420,-7.551818,11,4130,[1]
3308,49,-2.468403,17,220,80.0,2.868937,19,510,-6.85773,3,590,[0]
3313,68,-3.521963,17,420,80.0,-0.592698,1,500,-5.531896,3,700,[1]
3313,68,-4.074262,17,790,80.0,1.319082,18,560,-7.501873,11,4150,[1]
3318,69,-4.068682,17,800,80.0,1.110374,18,520,-7.504019,11,4140,[1]
3332,46,-3.479255,17,280,80.0,-0.30425,1,660,-5.556504,3,910,[0]
3332,46,-4.06302,17,830,80.0,1.389567,18,400,-7.522529,11,4250,[1]
3332,46,-2.40412,17,200,80.0,3.024219,19,520,-6.902017,3,610,[0]
3337,47,-3.465112,17,290,80.0,-0.302571,1,650,-5.556843,3,900,[0]
3337,47,-4.053454,17,840,80.0,1.466569,18,400,-7.52674,11,4240,[1]
3337,47,-2.363323,17,210,80.0,3.020072,19,510,-6.868256,3,610,[0]
3340,58,-3.518989,17,360,80.0,-0.445205,1,570,-5.540613,3,800,[1]
3340,58,-4.067623,17,870,80.0,1.272598,18,470,-7.528288,11,4140,[1]
3340,58,-2.449204,17,250,80.0,2.178834,19,510,-6.620316,3,550,[0]
3346,62,-3.519327,17,390,80.0,-0.483955,1,540,-5.540127,3,760,[1]
3346,62,-4.063995,17,840,80.0,1.434494,18,520,-7.521376,11,4140,[1]
3346,62,-2.484225,17,260,80.0,1.979137,19,500,-6.514565,3,540,[0]
3350,73,-4.07688,17,780,80.0,1.11842,18,550,-7.50015,11,4130,[1]
3356,61,-3.494321,17,390,80.0,-0.463845,1,540,-5.536449,3,770,[1]
3356,61,-4.072807,17,860,80.0,1.429678,18,510,-7.528937,11,4130,[1]
3356,61,-2.423142,17,260,80.0,2.032189,19,500,-6.514036,3,550,[0]
3362,64,-3.500283,17,410,80.0,-0.494462,1,520,-5.539413,3,740,[1]
3362,64,-4.084067,17,830,80.0,1.212015,18,510,-7.522669,11,4130,[1]
3366,70,-4.039698,17,790,80.0,1.315134,18,550,-7.501347,11,4140,[1]
3373,62,-3.505309,17,400,80.0,-0.484846,1,530,-5.541677,3,750,[1]
3373,62,-4.077184,17,840,80.0,1.297544,18,510,-7.525188,11,4130,[1]
3378,64,-3.50755,17,410,80.0,-0.504683,1,520,-5.534856,3,740,[1]
3378,64,-4.086744,17,830,80.0,1.260364,18,520,-7.523246,11,4130,[1]
3381,46,-3.444453,17,290,80.0,-0.287309,1,650,-5.555916,3,910,[1]
3381,46,-4.045759,17,840,80.0,1.510407,18,400,-7.526567,11,4240,[1]
3381,46,-2.425892,17,200,80.0,2.979986,19,520,-6.880829,3,610,[0]
3390,47,-3.492873,17,290,80.0,-0.316871,1,650,-5.555456,3,900,[1]
3390,47,-4.064889,17,840,80.0,1.475685,18,410,-7.531302,11,4230,[1]
3390,47,-2.425326,17,210,80.0,2.978983,19,510,-6.884599,3,600,[0]
3394,62,-3.532028,17,390,80.0,-0.50126,1,540,-5.542535,3,750,[1]
3394,62,-4.071871,17,840,80.0,1.334884,18,510,-7.526958,11,4130,[1]
3394,62,-2.614406,17,270,80.0,1.914634,19,510,-6.52545,3,530,[0]
3401,46,-3.508464,17,280,80.0,-0.318481,1,660,-5.555143,3,910,[0]
3401,46,-4.073424,17,830,80.0,1.400382,18,410,-7.527056,11,4240,[1]
3401,46,-2.469788,17,200,80.0,2.923071,19,530,-6.87954,3,610,[0]
3413,63,-3.512152,17,400,80.0,-0.496209,1,530,-5.535923,3,750,[1]
3413,63,-4.080592,17,840,80.0,1.281087,18,510,-7.525449,11,4130,[1]
3413,63,-2.566746,17,260,80.0,1.900092,19,500,-6.502255,3,530,[0]
3418,47,-3.49214,17,290,80.0,-0.316413,1,650,-5.555548,3,900,[1]
3418,47,-4.064664,17,840,80.0,1.314384,18,390,-7.531339,11,4230,[1]
3418,47,-2.423424,17,210,80.0,2.980076,19,510,-6.885136,3,600,[0]
3423,51,-3.572566,17,320,80.0,-0.365524,1,630,-5.561217,3,850,[1]
3423,51,-4.042766,17,920,80.0,1.360366,18,420,-7.542023,11,4140,[1]
3423,51,-2.454851,17,220,80.0,2.669986,19,520,-6.786931,3,590,[0]
3429,48,-3.449174,17,300,80.0,-0.30132,1,640,-5.556672,3,890,[1]
3429,48,-4.056899,17,830,80.0,1.374061,18,400,-7.524918,11,4240,[1]
3429,48,-2.43908,17,210,80.0,2.894166,19,520,-6.869842,3,600,[0]
3433,68,-3.525782,17,420,80.0,-0.600718,1,500,-5.529734,3,700,[1]
3433,68,-4.076229,17,790,80.0,1.240932,18,550,-7.500411,11,4150,[1]
3439,48,-3.453619,17,300,80.0,-0.303361,1,640,-5.556706,3,890,[1]
3439,48,-4.05966,17,830,80.0,1.361502,18,400,-7.525251,11,4240,[1]
3439,48,-2.454749,17,210,80.0,2.88663,19,520,-6.866246,3,600,[0]
3442,70,-4.071249,17,780,80.0,0.986601,18,520,-7.493351,11,4150,[1]
3447,65,-3.553593,17,410,80.0,-0.557355,1,520,-5.537539,3,720,[1]
3447,65,-4.074958,17,830,80.0,1.262772,18,520,-7.518783,11,4130,[1]
3453,47,-3.491243,17,290,80.0,-0.318022,1,650,-5.560958,3,890,[1]
3453,47,-4.05359,17,830,80.0,1.394013,18,400,-7.525322,11,4240,[1]
3453,47,-2.421151,17,210,80.0,2.968899,19,510,-6.878448,3,600,[0]
3457,47,-3.491142,17,290,80.0,-0.317959,1,650,-5.560969,3,890,[1]
3457,47,-4.053561,17,830,80.0,1.394257,18,400,-7.525327,11,4240,[1]
3457,47,-2.420888,17,210,80.0,2.969051,19,510,-6.87852,3,600,[0]
3466,64,-3.52069,17,410,80.0,-0.516487,1,520,-5.540537,3,730,[1]
3466,64,-4.095408,17,830,80.0,1.162412,18,510,-7.527301,11,4120,[1]
3466,64,-2.591523,17,270,80.0,1.793813,19,500,-6.468141,3,520,[0]
3510,65,-3.496433,17,420,80.0,-0.508942,1,510,-5.534717,3,730,[1]
3510,65,-4.080504,17,810,80.0,1.188681,18,520,-7.515374,11,4140,[1]
3516,52,-3.527182,17,320,80.0,-0.374307,1,620,-5.556509,3,850,[1]
3516,52,-4.086562,17,910,80.0,1.162125,18,430,-7.552989,11,4120,[1]
3516,52,-2.542675,17,240,80.0,2.643499,19,510,-6.807372,3,570,[0]
3525,49,-3.527524,17,300,80.0,-0.354062,1,640,-5.557538,3,870,[1]
3525,49,-4.04967,17,920,80.0,1.183728,18,400,-7.550878,11,4130,[1]
3525,49,-2.528263,17,220,80.0,2.778321,19,520,-6.838253,3,590,[0]
3530,66,-3.546384,17,420,80.0,-0.561529,1,510,-5.539312,3,710,[1]
3530,66,-4.045576,17,820,80.0,1.188237,18,500,-7.504572,11,4150,[1]
3535,53,-3.500838,17,340,80.0,-0.36544,1,600,-5.55853,3,830,[1]
3535,53,-4.039624,17,900,80.0,1.318652,18,430,-7.539057,11,4140,[1]
3535,53,-2.372034,17,230,80.0,2.55081,19,510,-6.731145,3,580,[0]
3539,67,-3.549144,17,430,80.0,-0.581126,1,500,-5.535233,3,700,[1]
3539,67,-4.068823,17,820,80.0,1.217746,18,520,-7.515388,11,4130,[1]
3543,67,-4.052275,17,810,80.0,1.240494,18,520,-7.508676,11,4140,[1]
3546,71,-4.062871,17,800,80.0,1.220702,18,540,-7.505994,11,4130,[1]
3549,67,-4.048948,17,810,80.0,1.18304,18,510,-7.502859,11,4150,[1]
3549,67,-2.544903,17,280,80.0,1.58613,19,500,-6.374978,3,510,[0]
3554,69,-4.060907,17,790,80.0,1.207738,18,540,-7.503662,11,4140,[1]
3560,65,-3.543319,17,410,80.0,-0.544446,1,520,-5.540946,3,720,[1]
3560,65,-4.096838,17,820,80.0,1.037978,18,500,-7.513471,11,4140,[1]
3560,65,-2.561197,17,280,80.0,1.735623,19,500,-6.434806,3,520,[0]
3567,71,-4.056066,17,790,80.0,1.13474,18,530,-7.505486,11,4130,[1]
3570,61,-3.448516,17,380,80.0,-0.456097,1,540,-5.531358,3,780,[1]
3570,61,-4.094883,17,850,80.0,1.04328,18,470,-7.529223,11,4130,[1]
3574,68,-4.062644,17,810,80.0,1.184274,18,520,-7.506511,11,4140,[1]
3579,70,-4.065891,17,780,80.0,1.076431,18,530,-7.501878,11,4140,[1]
3584,54,-3.488378,17,350,80.0,-0.367871,1,590,-5.548414,3,830,[1]
3584,54,-4.0779,17,890,80.0,1.082976,18,430,-7.542285,11,4130,[1]
3584,54,-2.569708,17,240,80.0,2.472,19,510,-6.749461,3,560,[0]
3590,69,-4.065483,17,800,80.0,1.050923,18,510,-7.504872,11,4140,[1]
3596,61,-3.493804,17,390,80.0,-0.464019,1,540,-5.544101,3,760,[1]
3596,61,-4.074346,17,860,80.0,1.091565,18,460,-7.529416,11,4130,[1]
3596,61,-2.427708,17,260,80.0,2.026935,19,500,-6.539255,3,540,[0]
3598,70,-4.078196,17,800,80.0,0.878847,18,490,-7.508068,11,4130,[1]
3600,68,-4.057209,17,810,80.0,1.081944,18,500,-7.508922,11,4140,[1]
3603,68,-3.521676,17,420,80.0,-0.592012,1,500,-5.533338,3,700,[1]
3603,68,-4.075494,17,790,80.0,0.942757,18,500,-7.500718,11,4150,[1]
3609,50,-3.519793,17,320,80.0,-0.326966,1,630,-5.563191,3,860,[1]
3609,50,-4.04908,17,920,80.0,1.103885,18,390,-7.545222,11,4140,[1]
3609,50,-2.431192,17,210,80.0,2.770425,19,520,-6.806396,3,600,[0]
3612,69,-4.102114,17,800,80.0,1.061354,18,530,-7.516163,11,4120,[1]
3618,50,-3.496871,17,310,80.0,-0.337491,1,630,-5.556283,3,870,[1]
3618,50,-4.058989,17,920,80.0,1.138722,18,400,-7.54986,11,4130,[1]
3618,50,-2.567566,17,220,80.0,2.736585,19,520,-6.853322,3,580,[0]
3621,69,-4.060989,17,800,80.0,1.139886,18,520,-7.50475,11,4140,[1]
3623,69,-4.064078,17,790,80.0,1.084793,18,520,-7.504677,11,4140,[1]
3626,69,-4.096302,17,790,80.0,1.033898,18,530,-7.510223,11,4130,[1]
3633,67,-4.05141,17,810,80.0,0.932656,18,470,-7.508853,11,4140,[1]
3635,68,-3.5493,17,430,80.0,-0.582559,1,500,-5.540995,3,690,[1]
3635,68,-4.05629,17,810,80.0,1.091085,18,500,-7.50841,11,4140,[1]
3642,70,-4.072489,17,780,80.0,1.060611,18,530,-7.500242,11,4140,[1]
3645,70,-4.05195,17,800,80.0,1.075095,18,510,-7.501869,11,4140,[1]
3647,69,-4.064508,17,800,80.0,1.123552,18,520,-7.504324,11,4140,[1]
3653,53,-3.456674,17,330,80.0,-0.363431,1,600,-5.544015,3,850,[1]
3653,53,-4.048194,17,910,80.0,1.174277,18,410,-7.546006,11,4130,[1]
3653,53,-2.592545,17,230,80.0,2.519284,19,520,-6.769164,3,570,[0]
3658,57,-3.496969,17,350,80.0,-0.41775,1,580,-5.544783,3,810,[1]
3658,57,-4.045187,17,880,80.0,1.152709,18,430,-7.533333,11,4140,[1]
3658,57,-2.479161,17,230,80.0,2.280751,19,520,-6.641555,3,570,[0]
3661,69,-4.101808,17,800,80.0,0.944055,18,510,-7.511123,11,4130,[1]
3668,68,-4.060731,17,800,80.0,1.088999,18,510,-7.506499,11,4140,[1]
3675,69,-4.101505,17,800,80.0,1.003852,18,520,-7.516289,11,4120,[1]
3679,68,-4.057368,17,800,80.0,1.030448,18,500,-7.506518,11,4140,[1]
3681,69,-4.058425,17,790,80.0,1.037822,18,510,-7.504504,11,4140,[1]
3684,51,-3.491931,17,320,80.0,-0.339509,1,620,-5.55674,3,860,[1]
3684,51,-4.069856,17,910,80.0,1.113439,18,410,-7.542476,11,4140,[1]
3684,51,-2.582318,17,210,80.0,2.625911,19,530,-6.791715,3,590,[0]
3691,69,-4.060312,17,800,80.0,1.020718,18,500,-7.5049,11,4140,[1]
3696,69,-4.049842,17,810,80.0,1.071198,18,500,-7.502518,11,4140,[1]
3699,69,-4.064363,17,800,80.0,1.00223,18,500,-7.504695,11,4140,[1]
3703,69,-4.059494,17,790,80.0,1.039364,18,510,-7.504617,11,4140,[1]
3706,69,-4.066856,17,790,80.0,1.004408,18,510,-7.502904,11,4140,[1]
3708,70,-4.062335,17,780,80.0,1.035421,18,520,-7.496001,11,4150,[1]
3712,69,-4.064647,17,800,80.0,1.007488,18,500,-7.504985,11,4140,[1]
3717,69,-4.059343,17,790,80.0,1.033444,18,510,-7.503969,11,4140,[1]
3724,69,-4.062428,17,790,80.0,1.023188,18,510,-7.504515,11,4140,[1]
3729,69,-4.065619,17,800,80.0,1.00376,18,500,-7.505006,11,4140,[1]
3738,70,-4.059286,17,780,80.0,1.056009,18,520,-7.496657,11,4150,[1]
3742,70,-4.061976,17,780,80.0,1.040161,18,520,-7.496069,11,4150,[1]
3746,67,-3.54689,17,430,80.0,-0.577656,1,500,-5.542971,3,690,[1]
3746,67,-4.067622,17,820,80.0,0.912454,18,470,-7.515016,11,4130,[1]
3752,66,-3.518408,17,430,80.0,-0.540689,1,500,-5.537277,3,710,[1]
3752,66,-4.051772,17,820,80.0,0.919163,18,460,-7.511311,11,4140,[1]
3758,59,-3.508946,17,370,80.0,-0.453216,1,560,-5.545424,3,780,[1]
3758,59,-4.07352,17,860,80.0,1.048814,18,450,-7.527506,11,4140,[1]
3758,59,-2.634447,17,260,80.0,2.171879,19,500,-6.622664,3,540,[0]
3760,72,-4.059212,17,780,80.0,1.003554,18,520,-7.491074,11,4150,[1]
3762,69,-4.095052,17,790,80.0,0.918254,18,510,-7.510477,11,4130,[1]
3764,71,-4.07168,17,770,80.0,0.943032,18,520,-7.491874,11,4150,[1]
3769,62,-3.509259,17,390,80.0,-0.472259,1,540,-5.543395,3,760,[1]
3769,62,-4.070292,17,850,80.0,1.059262,18,460,-7.528175,11,4130,[1]
3769,62,-2.447901,17,260,80.0,2.004697,19,500,-6.532303,3,540,[0]
3772,70,-4.061753,17,780,80.0,0.916476,18,500,-7.496133,11,4150,[1]
3775,55,-3.435345,17,350,80.0,-0.368455,1,580,-5.54271,3,830,[1]
3775,55,-4.084436,17,880,80.0,1.002937,18,430,-7.541128,11,4130,[1]
3775,55,-2.43541,17,240,80.0,2.411812,19,510,-6.688484,3,570,[0]
3777,52,-3.493748,17,330,80.0,-0.353245,1,610,-5.543818,3,860,[1]
3777,52,-4.066523,17,920,80.0,1.073163,18,400,-7.553099,11,4120,[1]
3777,52,-2.43882,17,230,80.0,2.639733,19,510,-6.775212,3,580,[0]
3782,62,-3.506222,17,390,80.0,-0.475983,1,540,-5.542027,3,760,[1]
3782,62,-4.070761,17,850,80.0,0.987882,18,450,-7.527851,11,4130,[1]
3782,62,-2.457349,17,260,80.0,1.989444,19,500,-6.520707,3,540,[0]
3787,70,-4.042756,17,800,80.0,1.00028,18,490,-7.496845,11,4150,[1]
3792,54,-3.459894,17,350,80.0,-0.343971,1,590,-5.54966,3,840,[1]
3792,54,-4.041285,17,900,80.0,1.080053,18,400,-7.538133,11,4140,[1]
3792,54,-2.370541,17,230,80.0,2.524838,19,510,-6.717692,3,580,[0]
3797,53,-3.496983,17,340,80.0,-0.362211,1,600,-5.551273,3,840,[1]
3797,53,-4.071105,17,900,80.0,0.954938,18,400,-7.546007,11,4130,[1]
3797,53,-2.570709,17,230,80.0,2.517384,19,520,-6.771559,3,570,[0]
3800,70,-4.053123,17,800,80.0,1.004211,18,500,-7.500483,11,4140,[1]
3802,70,-4.049259,17,800,80.0,1.019666,18,500,-7.502111,11,4140,[1]
3806,71,-4.067043,17,770,80.0,0.903943,18,510,-7.493503,11,4150,[1]
3813,62,-3.508335,17,390,80.0,-0.471367,1,540,-5.543565,3,760,[1]
3813,62,-4.069945,17,850,80.0,0.994846,18,450,-7.528251,11,4130,[1]
3813,62,-2.445491,17,260,80.0,2.006558,19,500,-6.533323,3,540,[0]
3820,53,-3.468029,17,340,80.0,-0.33995,1,600,-5.55035,3,850,[1]
3820,53,-4.035378,17,910,80.0,1.100117,18,390,-7.540145,11,4140,[1]
3820,53,-2.504524,17,230,80.0,2.607647,19,510,-6.761367,3,580,[0]
3824,56,-3.461657,17,350,80.0,-0.389867,1,580,-5.545105,3,820,[1]
3824,56,-4.065689,17,880,80.0,0.940158,18,410,-7.540959,11,4130,[1]
3824,56,-2.323533,17,240,80.0,2.384736,19,510,-6.670941,3,570,[0]
3827,63,-3.533029,17,390,80.0,-0.5051,1,540,-5.542045,3,750,[1]
3827,63,-4.048344,17,850,80.0,0.989148,18,440,-7.526367,11,4130,[1]
3827,63,-2.619319,17,270,80.0,1.932011,19,500,-6.547661,3,520,[0]
3831,71,-4.062144,17,800,80.0,0.979184,18,500,-7.499823,11,4140,[1]
3837,72,-4.063086,17,790,80.0,0.916274,18,500,-7.497785,11,4140,[1]
3841,71,-4.056418,17,790,80.0,0.951306,18,500,-7.499948,11,4140,[1]
3845,53,-3.518551,17,330,80.0,-0.377888,1,610,-5.545819,3,850,[1]
3845,53,-4.072958,17,910,80.0,0.927236,18,390,-7.545851,11,4130,[1]
3845,53,-2.638413,17,220,80.0,2.482254,19,530,-6.747904,3,580,[0]
3849,56,-3.461131,17,350,80.0,-0.389442,1,580,-5.545191,3,820,[1]
3849,56,-4.095765,17,880,80.0,0.874843,18,420,-7.540747,11,4130,[1]
3849,56,-2.382924,17,230,80.0,2.337434,19,520,-6.670374,3,570,[0]
3855,71,-4.047409,17,790,80.0,0.928498,18,490,-7.500817,11,4140,[1]
3856,58,-3.503766,17,360,80.0,-0.436152,1,570,-5.541796,3,800,[1]
3856,58,-4.06158,17,870,80.0,1.024853,18,430,-7.529882,11,4140,[1]
3856,58,-2.503393,17,240,80.0,2.215909,19,510,-6.614918,3,560,[0]
3862,72,-4.052432,17,780,80.0,0.916308,18,500,-7.491825,11,4150,[1]
3867,63,-3.467707,17,390,80.0,-0.492312,1,530,-5.536684,3,750,[1]
3867,63,-4.053635,17,850,80.0,0.963294,18,440,-7.519426,11,4140,[1]
3867,63,-2.452021,17,270,80.0,1.904361,19,500,-6.500693,3,530,[0]
3872,61,-3.487775,17,390,80.0,-0.458223,1,540,-5.545206,3,760,[1]
3872,61,-4.07213,17,860,80.0,0.970832,18,440,-7.529904,11,4130,[1]
3872,61,-2.412042,17,260,80.0,2.038273,19,500,-6.517434,3,550,[0]
3877,63,-3.489213,17,400,80.0,-0.474485,1,530,-5.541266,3,750,[1]
3877,63,-4.072066,17,840,80.0,0.793267,18,430,-7.520063,11,4140,[1]
3880,65,-3.513349,17,420,80.0,-0.520897,1,510,-5.541517,3,720,[1]
3880,65,-4.064861,17,820,80.0,0.892179,18,460,-7.50761,11,4150,[1]
3880,65,-2.48268,17,270,80.0,1.732616,19,500,-6.405226,3,530,[0]
3885,70,-4.075727,17,790,80.0,0.723036,18,470,-7.508286,11,4130,[1]
3888,62,-3.491737,17,400,80.0,-0.468586,1,530,-5.543097,3,750,[1]
3888,62,-4.071424,17,840,80.0,0.936036,18,450,-7.526298,11,4130,[1]
3888,62,-2.41162,17,270,80.0,1.945096,19,500,-6.501299,3,540,[0]
3893,61,-3.498411,17,390,80.0,-0.465803,1,540,-5.543865,3,760,[1]
3893,61,-4.065536,17,850,80.0,0.945518,18,440,-7.528393,11,4130,[1]
3893,61,-2.421117,17,260,80.0,2.011611,19,500,-6.535762,3,540,[0]
3896,59,-3.475914,17,370,80.0,-0.425367,1,560,-5.543568,3,790,[1]
3896,59,-4.069806,17,870,80.0,0.917797,18,420,-7.529285,11,4140,[1]
3896,59,-2.46026,17,250,80.0,2.226413,19,500,-6.618613,3,550,[0]
3912,69,-4.094682,17,790,80.0,0.618267,18,460,-7.511168,11,4130,[1]
3916,61,-3.486889,17,390,80.0,-0.457372,1,540,-5.545368,3,760,[1]
3916,61,-4.071808,17,860,80.0,0.904919,18,430,-7.529982,11,4130,[1]
3916,61,-2.409744,17,260,80.0,2.039939,19,500,-6.518375,3,550,[0]
3922,62,-3.517196,17,390,80.0,-0.489044,1,540,-5.543223,3,750,[1]
3922,62,-4.07218,17,850,80.0,0.894668,18,440,-7.527549,11,4130,[1]
3922,62,-2.370987,17,270,80.0,1.964864,19,500,-6.510218,3,540,[0]
3927,63,-3.499051,17,400,80.0,-0.485958,1,530,-5.537619,3,750,[1]
3927,63,-4.075323,17,840,80.0,0.843833,18,440,-7.525919,11,4130,[1]
3927,63,-2.438911,17,270,80.0,1.918531,19,500,-6.481925,3,540,[0]
3932,63,-3.517831,17,400,80.0,-0.498071,1,530,-5.542494,3,740,[1]
3932,63,-4.085054,17,840,80.0,0.871768,18,450,-7.524409,11,4130,[1]
3932,63,-2.477521,17,270,80.0,1.885216,19,500,-6.467155,3,540,[0]
3937,62,-3.514138,17,390,80.0,-0.482755,1,540,-5.538481,3,760,[1]
3937,62,-4.073718,17,850,80.0,0.842005,18,430,-7.527881,11,4130,[1]
3937,62,-2.370121,17,270,80.0,1.975994,19,500,-6.515824,3,540,[0]
3941,64,-3.494762,17,410,80.0,-0.488792,1,520,-5.538294,3,740,[1]
3941,64,-4.047158,17,830,80.0,0.89994,18,440,-7.517947,11,4140,[1]
3941,64,-2.341283,17,270,80.0,1.862318,19,500,-6.451042,3,540,[0]
3945,56,-3.466029,17,350,80.0,-0.398192,1,580,-5.542592,3,820,[1]
3945,56,-4.067435,17,880,80.0,0.850029,18,400,-7.539666,11,4130,[1]
3945,56,-2.317056,17,240,80.0,2.345941,19,510,-6.649601,3,570,[0]
3950,63,-3.498601,17,400,80.0,-0.485496,1,530,-5.537718,3,750,[1]
3950,63,-4.075152,17,840,80.0,0.844881,18,440,-7.525946,11,4130,[1]
3950,63,-2.43774,17,270,80.0,1.919414,19,500,-6.482435,3,540,[0]
3955,63,-3.498502,17,400,80.0,-0.485397,1,530,-5.53774,3,750,[1]
3955,63,-4.075116,17,840,80.0,0.845107,18,440,-7.525956,11,4130,[1]
3955,63,-2.437488,17,270,80.0,1.919604,19,500,-6.482548,3,540,[0]
3958,68,-4.057499,17,810,80.0,0.884859,18,470,-7.506907,11,4140,[1]
3963,66,-3.499121,17,410,80.0,-0.548475,1,510,-5.532568,3,720,[1]
3963,66,-4.076656,17,820,80.0,0.708658,18,440,-7.51715,11,4130,[1]
3968,63,-3.490157,17,400,80.0,-0.473145,1,530,-5.543391,3,750,[1]
3968,63,-4.072104,17,840,80.0,0.863127,18,440,-7.525923,11,4130,[1]
3968,63,-2.426865,17,270,80.0,1.93221,19,500,-6.486508,3,540,[0]
3974,63,-3.517022,17,400,80.0,-0.497238,1,530,-5.542648,3,740,[1]
3974,63,-4.084737,17,840,80.0,0.873683,18,450,-7.524479,11,4130,[1]
3974,63,-2.475415,17,270,80.0,1.886911,19,500,-6.468137,3,540,[0]
3975,63,-3.490023,17,400,80.0,-0.473013,1,530,-5.543416,3,750,[1]
3975,63,-4.072052,17,840,80.0,0.863442,18,440,-7.525934,11,4130,[1]
3975,63,-2.426515,17,270,80.0,1.932476,19,500,-6.486668,3,540,[0]
3977,61,-3.480158,17,390,80.0,-0.452224,1,540,-5.544168,3,760,[1]
3977,61,-4.065937,17,860,80.0,0.922501,18,430,-7.530007,11,4130,[1]
3977,61,-2.386353,17,260,80.0,2.054309,19,500,-6.524292,3,550,[0]
3982,62,-3.492584,17,400,80.0,-0.466771,1,530,-5.543441,3,750,[1]
3982,62,-4.080093,17,850,80.0,0.870652,18,440,-7.526427,11,4130,[1]
3982,62,-2.406758,17,270,80.0,1.959212,19,500,-6.506277,3,540,[0]
3987,62,-3.489791,17,400,80.0,-0.466677,1,530,-5.543459,3,750,[1]
3987,62,-4.081619,17,850,80.0,0.872976,18,440,-7.526454,11,4130,[1]
3987,62,-2.406551,17,270,80.0,1.948926,19,500,-6.50353,3,540,[0]
3992,66,-3.491142,17,410,80.0,-0.541514,1,510,-5.536623,3,720,[1]
3992,66,-4.076361,17,820,80.0,0.855168,18,460,-7.512157,11,4140,[1]
3995,63,-3.508529,17,400,80.0,-0.490718,1,530,-5.544182,3,740,[1]
3995,63,-4.080689,17,840,80.0,0.828938,18,440,-7.526185,11,4130,[1]
3995,63,-2.464617,17,270,80.0,1.908806,19,500,-6.474722,3,540,[0]
3998,63,-3.524664,17,400,80.0,-0.504917,1,530,-5.542735,3,740,[1]
3998,63,-4.076881,17,830,80.0,0.854333,18,450,-7.517992,11,4140,[1]
3999,63,-3.489561,17,400,80.0,-0.472562,1,530,-5.543502,3,750,[1]
3999,63,-4.07188,17,840,80.0,0.864515,18,440,-7.519875,11,4140,[1]
3999,63,-2.425318,17,270,80.0,1.933379,19,500,-6.487188,3,540,[0]
3003,42,-3.54276,17,280,80.0,-0.261571,1,680,-5.567653,3,930,[1]
3003,42,-4.054423,17,850,80.0,1.780223,18,420,-7.59657,11,4240,[1]
3003,42,-2.631642,17,190,80.0,3.191134,19,530,-7.009798,3,610,[0]
3008,71,-4.057864,17,790,80.0,1.346244,18,570,-7.498755,11,4140,[1]
3021,44,-3.535119,17,270,80.0,-0.291763,1,680,-5.566737,3,920,[0]
3021,44,-4.041043,17,850,80.0,1.729358,18,410,-7.586671,11,4250,[1]
3021,44,-2.384105,17,180,80.0,3.167582,19,520,-6.904315,3,630,[0]
3028,73,-4.079217,17,770,80.0,1.376374,18,610,-7.491374,11,4140,[1]
3041,43,-3.585101,17,280,80.0,-0.287188,1,680,-5.567462,3,920,[1]
3041,43,-4.047324,17,860,80.0,1.753717,18,410,-7.5948,11,4240,[1]
3041,43,-2.471961,17,190,80.0,3.141969,19,530,-6.957018,3,620,[0]
3045,42,-3.49152,17,270,80.0,-0.26295,1,680,-5.561266,3,940,[0]
3045,42,-4.055074,17,850,80.0,1.683812,18,410,-7.596947,11,4240,[1]
3045,42,-2.645053,17,190,80.0,3.197956,19,530,-6.978325,3,620,[0]
3050,44,-3.53419,17,270,80.0,-0.291227,1,680,-5.56683,3,920,[0]
3050,44,-4.040778,17,850,80.0,1.731717,18,410,-7.586723,11,4250,[1]
3050,44,-2.381623,17,180,80.0,3.168911,19,520,-6.904914,3,630,[0]
3059,39,-3.540475,17,250,80.0,-0.240892,1,710,-5.572949,3,960,[0]
3059,39,-4.038038,17,870,80.0,1.697473,18,380,-7.599431,11,4250,[1]
3059,39,-2.745273,17,170,80.0,3.370373,19,540,-7.057684,3,630,[0]
3065,48,-3.506976,17,320,80.0,-0.304775,1,630,-5.556448,3,880,[1]
3065,48,-4.044389,17,930,80.0,1.722259,18,460,-7.55721,11,4120,[1]
3065,48,-2.444426,17,220,80.0,2.8067,19,520,-6.857462,3,590,[0]
3070,44,-3.533558,17,270,80.0,-0.290863,1,680,-5.566895,3,920,[0]
3070,44,-4.0406,17,850,80.0,1.73332,18,410,-7.586757,11,4250,[1]
3070,44,-2.379939,17,180,80.0,3.169813,19,520,-6.905322,3,630,[0]
3075,44,-3.533402,17,270,80.0,-0.290773,1,680,-5.566911,3,920,[0]
3075,44,-4.040556,17,850,80.0,1.733717,18,410,-7.586767,11,4250,[1]
3075,44,-2.517435,17,190,80.0,3.170038,19,520,-6.936158,3,620,[0]
3079,44,-3.533276,17,270,80.0,-0.290701,1,680,-5.566923,3,920,[0]
3079,44,-4.040519,17,850,80.0,1.734034,18,410,-7.586774,11,4250,[1]
3079,44,-2.51711,17,190,80.0,3.170216,19,520,-6.936241,3,620,[0]
3083,42,-3.581435,17,270,80.0,-0.273433,1,690,-5.571937,3,930,[0]
3083,42,-4.021233,17,860,80.0,1.746951,18,390,-7.591016,11,4250,[1]
3083,42,-2.569431,17,190,80.0,3.275313,19,520,-6.986779,3,620,[0]
3096,72,-4.068095,17,780,80.0,1.302771,18,580,-7.493982,11,4140,[1]
3111,43,-3.603871,17,270,80.0,-0.292644,1,690,-5.565878,3,930,[0]
3111,43,-4.033917,17,860,80.0,1.756081,18,400,-7.594749,11,4240,[1]
3111,43,-2.524653,17,180,80.0,3.172549,19,530,-6.937274,3,630,[0]
3116,44,-3.562891,17,290,80.0,-0.283265,1,670,-5.567416,3,910,[1]
3116,44,-4.051533,17,850,80.0,1.74299,18,420,-7.530832,11,4240,[1]
3116,44,-2.459027,17,200,80.0,3.138607,19,520,-6.953346,3,610,[0]
3127,52,-3.563976,17,340,80.0,-0.366976,1,610,-5.561146,3,830,[1]
3127,52,-4.061529,17,910,80.0,1.478601,18,460,-7.546494,11,4130,[1]
3127,52,-2.600575,17,220,80.0,2.57538,19,520,-6.76828,3,580,[0]
3132,44,-3.530823,17,290,80.0,-0.265485,1,670,-5.566174,3,920,[0]
3132,44,-4.040436,17,850,80.0,1.739113,18,410,-7.592032,11,4240,[1]
3132,44,-2.625409,17,200,80.0,3.10525,19,530,-6.963133,3,610,[0]
3142,44,-3.53135,17,270,80.0,-0.28959,1,680,-5.56712,3,920,[0]
3142,44,-4.039969,17,850,80.0,1.738928,18,410,-7.586884,11,4250,[1]
3142,44,-2.512091,17,190,80.0,3.172973,19,520,-6.937555,3,620,[0]
3149,46,-3.489983,17,280,80.0,-0.314141,1,660,-5.553548,3,910,[0]
3149,46,-4.075534,17,840,80.0,1.598676,18,430,-7.527631,11,4240,[1]
3149,46,-2.408544,17,200,80.0,2.991082,19,520,-6.915934,3,600,[0]
3154,44,-3.530991,17,270,80.0,-0.289383,1,680,-5.567156,3,920,[0]
3154,44,-4.039866,17,850,80.0,1.739838,18,410,-7.586901,11,4250,[1]
3154,44,-2.511158,17,190,80.0,3.173485,19,520,-6.937799,3,620,[0]
3158,44,-3.414899,17,280,80.0,-0.263409,1,660,-5.554411,3,930,[0]
3158,44,-4.048036,17,840,80.0,1.716149,18,420,-7.528564,11,4240,[1]
3158,44,-2.479275,17,180,80.0,3.038303,19,530,-6.902095,3,620,[0]
3166,45,-3.425258,17,280,80.0,-0.267774,1,660,-5.554442,3,930,[0]
3166,45,-4.049168,17,840,80.0,1.695352,18,420,-7.528721,11,4240,[1]
3166,45,-2.478717,17,180,80.0,3.038493,19,530,-6.902251,3,620,[0]
3169,66,-3.534258,17,420,80.0,-0.548391,1,510,-5.53336,3,720,[1]
3169,66,-4.074911,17,820,80.0,1.288768,18,530,-7.512021,11,4140,[1]
3173,45,-3.462175,17,280,80.0,-0.291742,1,660,-5.553972,3,920,[0]
3173,45,-4.052768,17,830,80.0,1.597843,18,420,-7.521194,11,4250,[1]
3173,45,-2.441311,17,190,80.0,3.030694,19,520,-6.904948,3,610,[0]
3182,48,-3.4458,17,310,80.0,-0.30675,1,630,-5.556069,3,880,[1]
3182,48,-4.044465,17,930,80.0,1.576625,18,440,-7.551971,11,4130,[1]
3182,48,-2.581148,17,210,80.0,2.782001,19,530,-6.871532,3,590,[0]
3187,71,-4.060296,17,780,80.0,1.117257,18,540,-7.491053,11,4150,[1]
3193,45,-3.576441,17,290,80.0,-0.293316,1,670,-5.566041,3,910,[1]
3193,45,-4.047373,17,840,80.0,1.530495,18,400,-7.528992,11,4240,[1]
3193,45,-2.47196,17,200,80.0,3.035607,19,530,-6.93713,3,610,[0]
3202,44,-3.560375,17,290,80.0,-0.279476,1,670,-5.567756,3,910,[1]
3202,44,-4.048679,17,850,80.0,1.590722,18,400,-7.53031,11,4240,[1]
3202,44,-2.415391,17,200,80.0,3.137259,19,520,-6.95858,3,610,[0]
3209,44,-3.52938,17,270,80.0,-0.288454,1,680,-5.567319,3,920,[0]
3209,44,-4.039407,17,850,80.0,1.574416,18,390,-7.586998,11,4250,[1]
3209,44,-2.63152,17,200,80.0,3.175791,19,520,-6.970712,3,610,[0]
3213,45,-3.450356,17,280,80.0,-0.286543,1,660,-5.555733,3,920,[1]
3213,45,-4.059954,17,840,80.0,1.541274,18,410,-7.528981,11,4240,[1]
3213,45,-2.438114,17,190,80.0,3.058156,19,520,-6.916115,3,610,[0]
3217,70,-4.072691,17,790,80.0,1.155144,18,540,-7.501736,11,4140,[1]
3223,43,-3.579738,17,280,80.0,-0.286255,1,680,-5.566525,3,920,[1]
3223,43,-4.036521,17,850,80.0,1.590619,18,390,-7.594134,11,4240,[1]
3223,43,-2.600103,17,200,80.0,3.121501,19,530,-6.974189,3,610,[0]
3227,58,-3.48596,17,370,80.0,-0.431533,1,560,-5.535538,3,800,[1]
3227,58,-4.069103,17,870,80.0,1.389611,18,490,-7.534426,11,4130,[1]
3227,58,-2.457442,17,250,80.0,2.173204,19,510,-6.617208,3,550,[0]
3242,45,-3.42295,17,280,80.0,-0.266527,1,660,-5.554713,3,930,[1]
3242,45,-4.049838,17,840,80.0,1.531205,18,400,-7.528906,11,4240,[1]
3242,45,-2.473027,17,180,80.0,3.034533,19,530,-6.901997,3,620,[0]
3251,45,-3.574821,17,290,80.0,-0.292345,1,670,-5.566261,3,910,[1]
3251,45,-4.046898,17,840,80.0,1.534584,18,400,-7.529064,11,4240,[1]
3251,45,-2.467609,17,200,80.0,3.037788,19,530,-6.938287,3,610,[0]
3256,69,-4.068728,17,800,80.0,1.160588,18,530,-7.503369,11,4140,[1]
3266,45,-3.448801,17,280,80.0,-0.285645,1,660,-5.555922,3,920,[0]
3266,45,-4.05953,17,840,80.0,1.544969,18,410,-7.529044,11,4240,[1]
3266,45,-2.434155,17,190,80.0,3.060222,19,520,-6.917058,3,610,[0]
3272,54,-3.541693,17,340,80.0,-0.39924,1,600,-5.55618,3,820,[1]
3272,54,-4.047301,17,890,80.0,1.363254,18,450,-7.537074,11,4140,[1]
3272,54,-2.478192,17,250,80.0,2.479152,19,510,-6.753434,3,560,[0]
3276,68,-4.066254,17,810,80.0,1.177845,18,520,-7.506366,11,4140,[1]
3287,70,-4.048434,17,800,80.0,1.268321,18,540,-7.507395,11,4130,[1]
3292,65,-3.535997,17,410,80.0,-0.539904,1,520,-5.536769,3,730,[1]
3292,65,-4.069907,17,830,80.0,1.437538,18,540,-7.513286,11,4140,[1]
3306,47,-3.470563,17,290,80.0,-0.304555,1,650,-5.556736,3,900,[1]
3306,47,-4.070958,17,820,80.0,1.368926,18,410,-7.520662,11,4250,[1]
3306,47,-2.488403,17,200,80.0,2.953175,19,520,-6.901213,3,600,[0]
3310,65,-3.485924,17,410,80.0,-0.531101,1,510,-5.531122,3,730,[1]
3310,65,-4.069207,17,820,80.0,1.3178,18,530,-7.512331,11,4140,[1]
3310,65,-2.610208,17,280,80.0,1.70349,19,500,-6.413572,3,520,[0]
3320,48,-3.470568,17,300,80.0,-0.312286,1,640,-5.553984,3,890,[1]
3320,48,-4.063688,17,830,80.0,1.478827,18,420,-7.523415,11,4240,[1]
3320,48,-2.491398,17,210,80.0,2.852358,19,520,-6.849905,3,600,[0]
3325,62,-3.517143,17,390,80.0,-0.486482,1,540,-5.540024,3,760,[1]
3325,62,-4.06382,17,840,80.0,1.230167,18,490,-7.520868,11,4140,[1]
3325,62,-2.485734,17,260,80.0,1.967558,19,500,-6.508694,3,540,[0]
3334,65,-3.513482,17,420,80.0,-0.52201,1,510,-5.539044,3,720,[1]
3334,65,-4.063457,17,820,80.0,1.280447,18,520,-7.512648,11,4140,[1]
3339,72,-4.057877,17,780,80.0,1.066936,18,530,-7.490554,11,4150,[1]
3344,46,-3.478929,17,280,80.0,-0.306243,1,660,-5.556547,3,910,[0]
3344,46,-4.063915,17,830,80.0,1.384531,18,400,-7.522684,11,4250,[1]
3344,46,-2.403335,17,200,80.0,3.024513,19,520,-6.902232,3,610,[0]
3348,47,-3.493993,17,290,80.0,-0.317572,1,650,-5.555315,3,900,[1]
3348,47,-4.065232,17,840,80.0,1.472969,18,410,-7.531238,11,4230,[1]
3348,47,-2.428232,17,210,80.0,2.977309,19,510,-6.883767,3,600,[0]
3351,48,-3.460554,17,300,80.0,-0.309598,1,640,-5.555635,3,890,[1]
3351,48,-4.059245,17,830,80.0,1.417155,18,410,-7.524899,11,4240,[1]
3351,48,-2.473336,17,210,80.0,2.878807,19,520,-6.862146,3,600,[0]
3362,52,-3.463931,17,340,80.0,-0.339258,1,600,-5.556894,3,840,[1]
3362,52,-4.054129,17,900,80.0,1.333819,18,440,-7.540156,11,4140,[1]
3362,52,-2.504909,17,230,80.0,2.621216,19,510,-6.764091,3,580,[0]
3369,56,-3.475904,17,350,80.0,-0.404826,1,580,-5.541851,3,820,[1]
3369,56,-4.047892,17,890,80.0,1.335919,18,450,-7.538471,11,4130,[1]
3369,56,-2.35181,17,240,80.0,2.340909,19,510,-6.643042,3,570,[0]
3376,46,-3.444588,17,290,80.0,-0.287389,1,650,-5.5559,3,910,[1]
3376,46,-4.045797,17,840,80.0,1.510085,18,400,-7.526561,11,4240,[1]
3376,46,-2.426236,17,200,80.0,2.979795,19,520,-6.880734,3,610,[0]
3380,47,-3.468809,17,290,80.0,-0.306182,1,650,-5.556992,3,900,[1]
3380,47,-4.055871,17,840,80.0,1.451685,18,400,-7.527095,11,4240,[1]
3380,47,-2.376619,17,210,80.0,3.007988,19,510,-6.86412,3,610,[0]
3398,68,-3.507026,17,410,80.0,-0.614299,1,500,-5.518975,3,710,[1]
3398,68,-4.059686,17,800,80.0,1.087632,18,510,-7.505783,11,4140,[1]
3403,52,-3.466587,17,340,80.0,-0.3406,1,600,-5.555521,3,840,[1]
3403,52,-4.055551,17,900,80.0,1.330382,18,440,-7.540341,11,4140,[1]
3403,52,-2.502188,17,230,80.0,2.610693,19,510,-6.76186,3,580,[0]
3408,57,-3.496825,17,350,80.0,-0.422225,1,580,-5.543061,3,810,[1]
3408,57,-4.069029,17,870,80.0,1.146866,18,450,-7.532203,11,4140,[1]
3408,57,-2.499667,17,250,80.0,2.309517,19,510,-6.657995,3,560,[0]
3420,71,-4.08624,17,790,80.0,0.976102,18,520,-7.499791,11,4140,[1]
3422,51,-3.540595,17,310,80.0,-0.370047,1,630,-5.555137,3,860,[1]
3422,51,-4.066515,17,910,80.0,1.259778,18,430,-7.547911,11,4130,[1]
3422,51,-2.556406,17,230,80.0,2.715984,19,510,-6.816707,3,580,[0]
3426,49,-3.452185,17,310,80.0,-0.308855,1,630,-5.556952,3,880,[1]
3426,49,-4.046246,17,930,80.0,1.323205,18,410,-7.552625,11,4130,[1]
3426,49,-2.564214,17,210,80.0,2.767054,19,530,-6.865964,3,590,[0]
3433,77,-4.05472,17,740,80.0,0.887939,18,540,-7.482887,11,4140,[1]
3440,66,-3.522603,17,410,80.0,-0.577259,1,510,-5.534881,3,710,[1]
3440,66,-4.077807,17,810,80.0,0.973184,18,490,-7.51041,11,4140,[1]
3445,47,-3.496317,17,290,80.0,-0.320323,1,650,-5.560938,3,890,[1]
3445,47,-4.055073,17,830,80.0,1.381364,18,400,-7.524818,11,4240,[1]
3445,47,-2.421744,17,210,80.0,2.955113,19,510,-6.873503,3,600,[0]
3450,48,-3.508851,17,290,80.0,-0.331872,1,650,-5.556742,3,890,[1]
3450,48,-4.060225,17,830,80.0,1.350731,18,400,-7.524983,11,4240,[1]
3450,48,-2.59249,17,220,80.0,2.890809,19,520,-6.893904,3,590,[0]
3455,53,-3.530457,17,330,80.0,-0.372761,1,610,-5.555781,3,840,[1]
3455,53,-4.064232,17,900,80.0,1.294731,18,440,-7.546045,11,4130,[1]
3455,53,-2.553843,17,230,80.0,2.607039,19,510,-6.784524,3,570,[0]
3465,48,-3.475884,17,300,80.0,-0.31414,1,640,-5.556017,3,890,[1]
3465,48,-4.047102,17,940,80.0,1.310474,18,400,-7.557957,11,4120,[1]
3465,48,-2.513429,17,210,80.0,2.790831,19,530,-6.875835,3,590,[0]
3470,49,-3.473243,17,310,80.0,-0.316859,1,630,-5.555535,3,880,[1]
3470,49,-4.054652,17,930,80.0,1.276866,18,410,-7.557003,11,4120,[1]
3470,49,-2.609174,17,210,80.0,2.729389,19,530,-6.879467,3,580,[0]
3473,48,-3.448031,17,300,80.0,-0.302805,1,640,-5.556817,3,890,[1]
3473,48,-4.057313,17,830,80.0,1.37019,18,400,-7.525144,11,4240,[1]
3473,48,-2.436241,17,210,80.0,2.889055,19,520,-6.868977,3,600,[0]
3477,49,-3.528691,17,300,80.0,-0.354898,1,640,-5.557379,3,870,[1]
3477,49,-4.050007,17,920,80.0,1.338972,18,420,-7.550812,11,4130,[1]
3477,49,-2.531287,17,220,80.0,2.776575,19,520,-6.837306,3,590,[0]
3486,49,-3.468396,17,310,80.0,-0.316598,1,630,-5.555586,3,880,[1]
3486,49,-4.052658,17,930,80.0,1.284607,18,410,-7.551166,11,4130,[1]
3486,49,-2.608111,17,210,80.0,2.742639,19,530,-6.852645,3,590,[0]
3496,55,-3.476306,17,360,80.0,-0.369972,1,580,-5.557368,3,810,[1]
3496,55,-4.063546,17,890,80.0,1.224793,18,440,-7.536296,11,4140,[1]
3496,55,-2.424438,17,240,80.0,2.424924,19,510,-6.702561,3,570,[0]
3500,48,-3.436954,17,310,80.0,-0.293049,1,630,-5.561377,3,880,[1]
3500,48,-4.041372,17,930,80.0,1.365632,18,410,-7.552199,11,4130,[1]
3500,48,-2.559245,17,210,80.0,2.794398,19,530,-6.878058,3,590,[0]
3511,70,-4.06631,17,790,80.0,0.985802,18,510,-7.501727,11,4140,[1]
3512,61,-3.508862,17,380,80.0,-0.468764,1,550,-5.542269,3,770,[1]
3512,61,-4.051206,17,850,80.0,1.145951,18,460,-7.52345,11,4140,[1]
3512,61,-2.556562,17,260,80.0,2.066126,19,500,-6.561631,3,540,[0]
3525,54,-3.509477,17,340,80.0,-0.375637,1,600,-5.56143,3,820,[1]
3525,54,-4.078819,17,900,80.0,1.217325,18,440,-7.54366,11,4130,[1]
3525,54,-2.512202,17,240,80.0,2.469274,19,520,-6.740489,3,570,[0]
3533,68,-3.521576,17,420,80.0,-0.590105,1,500,-5.533225,3,700,[1]
3533,68,-4.05115,17,800,80.0,1.011672,18,490,-7.501102,11,4150,[1]
3537,49,-3.527236,17,300,80.0,-0.353857,1,640,-5.557576,3,870,[1]
3537,49,-4.051443,17,920,80.0,1.182268,18,400,-7.550932,11,4130,[1]
3537,49,-2.527577,17,220,80.0,2.766112,19,520,-6.835232,3,590,[0]
3540,70,-4.077845,17,790,80.0,0.966388,18,510,-7.502008,11,4140,[1]
3551,73,-4.070437,17,770,80.0,0.975796,18,530,-7.493073,11,4140,[1]
3555,67,-3.489069,17,420,80.0,-0.545838,1,500,-5.532189,3,710,[1]
3555,67,-4.076811,17,810,80.0,0.910967,18,480,-7.510518,11,4140,[1]
3555,67,-2.503317,17,280,80.0,1.617171,19,500,-6.370602,3,520,[0]
3561,66,-3.521375,17,400,80.0,-0.566586,1,520,-5.533643,3,720,[1]
3561,66,-4.066638,17,820,80.0,0.933098,18,470,-7.513238,11,4140,[1]
3563,67,-3.525004,17,430,80.0,-0.547542,1,500,-5.541502,3,700,[1]
3563,67,-4.052075,17,820,80.0,1.223214,18,510,-7.51112,11,4140,[1]
3572,70,-4.052902,17,810,80.0,1.059022,18,500,-7.508034,11,4130,[1]
3576,55,-3.476293,17,340,80.0,-0.392992,1,590,-5.542879,3,830,[1]
3576,55,-4.060023,17,890,80.0,1.160864,18,430,-7.542163,11,4130,[1]
3576,55,-2.543289,17,230,80.0,2.386203,19,520,-6.695972,3,570,[0]
3581,69,-4.065512,17,800,80.0,1.179974,18,530,-7.504441,11,4140,[1]
3597,68,-3.492585,17,410,80.0,-0.598039,1,500,-5.524613,3,710,[1]
3597,68,-4.080542,17,790,80.0,1.053834,18,520,-7.506527,11,4140,[1]
3610,50,-3.463763,17,320,80.0,-0.318297,1,620,-5.561327,3,860,[1]
3610,50,-4.06393,17,920,80.0,1.104069,18,400,-7.549506,11,4130,[1]
3610,50,-2.490886,17,210,80.0,2.720856,19,520,-6.810113,3,590,[0]
3614,53,-3.523534,17,330,80.0,-0.37406,1,610,-5.548941,3,850,[1]
3614,53,-4.073375,17,910,80.0,1.144891,18,420,-7.545313,11,4130,[1]
3614,53,-2.430484,17,240,80.0,2.5772,19,510,-6.775655,3,570,[0]
3616,57,-3.496277,17,370,80.0,-0.393792,1,570,-5.556714,3,790,[1]
3616,57,-4.079972,17,880,80.0,1.146657,18,450,-7.538688,11,4130,[1]
3616,57,-2.512463,17,250,80.0,2.317274,19,510,-6.688373,3,550,[0]
3625,51,-3.47278,17,320,80.0,-0.329865,1,620,-5.556561,3,860,[1]
3625,51,-4.057396,17,910,80.0,1.077275,18,400,-7.543463,11,4140,[1]
3625,51,-2.509627,17,210,80.0,2.645749,19,530,-6.802592,3,590,[0]
3628,50,-3.484476,17,310,80.0,-0.328745,1,630,-5.557068,3,870,[1]
3628,50,-4.059925,17,930,80.0,1.09218,18,390,-7.550841,11,4130,[1]
3628,50,-2.526243,17,200,80.0,2.716547,19,530,-6.806686,3,600,[0]
3636,48,-3.530246,17,310,80.0,-0.323388,1,640,-5.557868,3,880,[1]
3636,48,-4.048492,17,940,80.0,1.128947,18,380,-7.552004,11,4130,[1]
3636,48,-2.400094,17,220,80.0,2.831208,19,520,-6.841402,3,600,[0]
3642,50,-3.464186,17,320,80.0,-0.325359,1,620,-5.558139,3,860,[1]
3642,50,-4.055036,17,910,80.0,1.097741,18,400,-7.543571,11,4140,[1]
3642,50,-2.493396,17,210,80.0,2.670655,19,530,-6.782258,3,600,[0]
3649,70,-4.062848,17,780,80.0,0.851334,18,490,-7.501913,11,4140,[1]
3652,70,-4.080294,17,790,80.0,0.882158,18,500,-7.506248,11,4130,[1]
3660,54,-3.506327,17,340,80.0,-0.371163,1,600,-5.549996,3,840,[1]
3660,54,-4.076994,17,900,80.0,1.151418,18,430,-7.544,11,4130,[1]
3660,54,-2.504024,17,240,80.0,2.48513,19,520,-6.750266,3,570,[0]
3670,55,-3.553941,17,340,80.0,-0.413772,1,600,-5.545275,3,830,[1]
3670,55,-4.056625,17,890,80.0,1.032673,18,410,-7.536185,11,4140,[1]
3670,55,-2.414765,17,240,80.0,2.450028,19,510,-6.707545,3,570,[0]
3678,57,-3.474346,17,360,80.0,-0.409836,1,570,-5.540938,3,810,[1]
3678,57,-4.090894,17,880,80.0,1.024814,18,440,-7.543427,11,4120,[1]
3678,57,-2.441258,17,240,80.0,2.267045,19,510,-6.611444,3,570,[0]
3681,67,-3.534118,17,430,80.0,-0.558689,1,500,-5.540596,3,700,[1]
3681,67,-4.059129,17,820,80.0,0.939896,18,470,-7.509207,11,4140,[1]
3686,52,-3.45965,17,340,80.0,-0.335638,1,600,-5.556461,3,840,[1]
3686,52,-4.053522,17,900,80.0,1.120503,18,410,-7.540781,11,4140,[1]
3686,52,-2.484634,17,230,80.0,2.621493,19,510,-6.767645,3,580,[0]
3691,70,-4.045276,17,800,80.0,0.923112,18,480,-7.496407,11,4150,[1]
3698,37,-3.462267,17,240,80.0,-0.202445,1,720,-5.569041,3,990,[0]
3698,37,-4.024211,17,870,80.0,1.288235,18,320,-7.603621,11,4250,[1]
3702,68,-4.083092,17,790,80.0,0.917506,18,500,-7.499773,11,4150,[1]
3713,70,-4.074819,17,790,80.0,0.898952,18,500,-7.502314,11,4140,[1]
3718,59,-3.479679,17,370,80.0,-0.428688,1,560,-5.542914,3,790,[1]
3718,59,-4.071096,17,870,80.0,1.051333,18,440,-7.528975,11,4140,[1]
3718,59,-2.469901,17,250,80.0,2.219527,19,500,-6.614961,3,550,[0]
3721,70,-4.059443,17,780,80.0,0.811469,18,480,-7.496627,11,4150,[1]
3725,69,-4.095866,17,800,80.0,0.836321,18,490,-7.510825,11,4130,[1]
3732,58,-3.496827,17,360,80.0,-0.430948,1,570,-5.543682,3,800,[1]
3732,58,-4.060545,17,870,80.0,1.041469,18,430,-7.52989,11,4140,[1]
3732,58,-2.402193,17,250,80.0,2.263085,19,500,-6.613438,3,560,[0]
3738,53,-3.509404,17,330,80.0,-0.365846,1,610,-5.55087,3,850,[1]
3738,53,-4.067431,17,910,80.0,1.02805,18,400,-7.545969,11,4130,[1]
3738,53,-2.602419,17,220,80.0,2.503589,19,530,-6.790568,3,570,[0]
3744,71,-4.048162,17,790,80.0,1.031698,18,510,-7.50039,11,4140,[1]
3746,69,-4.06433,17,800,80.0,0.885014,18,480,-7.505058,11,4140,[1]
3753,61,-3.501857,17,390,80.0,-0.469107,1,540,-5.54411,3,760,[1]
3753,61,-4.067783,17,850,80.0,0.868697,18,430,-7.527957,11,4130,[1]
3753,61,-2.536538,17,250,80.0,1.967705,19,510,-6.530623,3,540,[0]
3759,52,-3.494134,17,330,80.0,-0.353533,1,610,-5.543744,3,860,[1]
3759,52,-4.066642,17,920,80.0,1.072268,18,400,-7.553071,11,4120,[1]
3759,52,-2.439819,17,230,80.0,2.639122,19,510,-6.774886,3,580,[0]
3766,59,-3.471193,17,380,80.0,-0.426295,1,550,-5.544661,3,780,[1]
3766,59,-4.065161,17,850,80.0,0.977423,18,440,-7.521036,11,4150,[1]
3766,59,-2.440017,17,260,80.0,2.156096,19,500,-6.584708,3,550,[0]
3775,61,-3.489797,17,390,80.0,-0.460167,1,540,-5.544836,3,760,[1]
3775,61,-4.072873,17,860,80.0,1.034914,18,450,-7.529741,11,4130,[1]
3775,61,-2.417297,17,260,80.0,2.034469,19,500,-6.543408,3,540,[0]
3789,63,-3.517815,17,400,80.0,-0.505183,1,530,-5.542113,3,740,[1]
3789,63,-4.074335,17,830,80.0,0.862081,18,450,-7.51756,11,4140,[1]
3789,63,-2.488889,17,270,80.0,1.865877,19,500,-6.482107,3,530,[0]
3792,60,-3.497216,17,380,80.0,-0.454152,1,550,-5.537714,3,780,[1]
3792,60,-4.079924,17,850,80.0,0.981869,18,450,-7.525834,11,4140,[1]
3792,60,-2.419445,17,270,80.0,2.108914,19,500,-6.588174,3,540,[0]
3797,57,-3.445129,17,360,80.0,-0.38878,1,570,-5.538034,3,820,[1]
3797,57,-4.078254,17,880,80.0,0.951854,18,420,-7.539379,11,4130,[1]
3797,57,-2.373725,17,240,80.0,2.325778,19,510,-6.641982,3,570,[0]
3800,53,-3.472227,17,340,80.0,-0.352349,1,600,-5.543252,3,850,[1]
3800,53,-4.061784,17,900,80.0,1.001127,18,400,-7.539347,11,4140,[1]
3800,53,-2.532702,17,230,80.0,2.523416,19,520,-6.741519,3,580,[0]
3804,59,-3.477816,17,370,80.0,-0.427046,1,560,-5.543237,3,790,[1]
3804,59,-4.07046,17,870,80.0,0.983999,18,430,-7.529129,11,4140,[1]
3804,59,-2.465136,17,250,80.0,2.222931,19,500,-6.616767,3,550,[0]
3809,65,-3.477966,17,410,80.0,-0.528786,1,510,-5.530452,3,730,[1]
3809,65,-4.066636,17,820,80.0,0.820469,18,450,-7.513569,11,4140,[1]
3809,65,-2.500632,17,270,80.0,1.72234,19,500,-6.398549,3,530,[0]
3814,53,-3.468156,17,340,80.0,-0.337902,1,600,-5.550327,3,850,[1]
3814,53,-4.034278,17,910,80.0,1.101296,18,390,-7.539943,11,4140,[1]
3814,53,-2.504791,17,230,80.0,2.613822,19,510,-6.762887,3,580,[0]
3822,71,-4.056339,17,790,80.0,0.824814,18,480,-7.499957,11,4140,[1]
3826,71,-4.070065,17,780,80.0,0.759977,18,480,-7.500506,11,4140,[1]
3835,60,-3.472681,17,380,80.0,-0.431098,1,550,-5.542042,3,780,[1]
3835,60,-4.06371,17,850,80.0,0.896299,18,430,-7.525609,11,4140,[1]
3835,60,-2.436346,17,260,80.0,2.137496,19,500,-6.575747,3,550,[0]
3840,62,-3.49541,17,400,80.0,-0.469545,1,530,-5.542917,3,750,[1]
3840,62,-4.081172,17,850,80.0,0.931688,18,450,-7.532328,11,4120,[1]
3840,62,-2.414121,17,270,80.0,1.95363,19,500,-6.503026,3,540,[0]
3846,63,-3.511456,17,400,80.0,-0.493729,1,530,-5.543624,3,740,[1]
3846,63,-4.070728,17,830,80.0,0.955758,18,460,-7.519853,11,4140,[1]
3846,63,-2.472225,17,270,80.0,1.903043,19,500,-6.471366,3,540,[0]
3856,63,-3.503167,17,400,80.0,-0.479393,1,530,-5.541539,3,750,[1]
3856,63,-4.077063,17,840,80.0,0.978203,18,460,-7.525823,11,4130,[1]
3856,63,-2.442485,17,270,80.0,1.931478,19,500,-6.489216,3,540,[0]
3860,63,-3.511172,17,400,80.0,-0.491402,1,530,-5.537325,3,750,[1]
3860,63,-4.080773,17,840,80.0,0.956832,18,460,-7.525855,11,4130,[1]
3860,63,-2.461817,17,270,80.0,1.909712,19,500,-6.478292,3,540,[0]
3865,62,-3.507269,17,390,80.0,-0.47034,1,540,-5.543762,3,760,[1]
3865,62,-4.069547,17,850,80.0,0.997388,18,450,-7.528338,11,4130,[1]
3865,62,-2.442712,17,260,80.0,2.008705,19,500,-6.534505,3,540,[0]
3868,64,-3.552479,17,400,80.0,-0.53485,1,530,-5.543053,3,730,[1]
3868,64,-4.082295,17,820,80.0,0.855712,18,460,-7.510209,11,4150,[1]
3868,64,-2.480778,17,280,80.0,1.809876,19,500,-6.47835,3,520,[0]
3880,62,-3.515262,17,390,80.0,-0.483892,1,540,-5.538236,3,760,[1]
3880,62,-4.07414,17,850,80.0,0.975418,18,450,-7.527791,11,4130,[1]
3880,62,-2.373099,17,270,80.0,1.973886,19,500,-6.514579,3,540,[0]
3883,54,-3.50527,17,340,80.0,-0.379393,1,600,-5.543832,3,840,[1]
3883,54,-4.077075,17,900,80.0,0.921322,18,400,-7.543993,11,4130,[1]
3883,54,-2.613991,17,230,80.0,2.417868,19,530,-6.74019,3,570,[0]
3887,62,-3.517887,17,390,80.0,-0.489742,1,540,-5.543094,3,750,[1]
3887,62,-4.072442,17,850,80.0,0.960099,18,450,-7.527496,11,4130,[1]
3887,62,-2.372822,17,270,80.0,1.963572,19,500,-6.509465,3,540,[0]
3895,61,-3.487312,17,390,80.0,-0.457776,1,540,-5.545292,3,760,[1]
3895,61,-4.071962,17,860,80.0,0.971923,18,440,-7.529948,11,4130,[1]
3895,61,-2.410834,17,260,80.0,2.03915,19,500,-6.517929,3,550,[0]
3900,61,-3.511891,17,380,80.0,-0.464685,1,550,-5.54382,3,770,[1]
3900,61,-4.062772,17,860,80.0,0.944055,18,430,-7.529975,11,4130,[1]
3900,61,-2.544945,17,260,80.0,2.062074,19,500,-6.562699,3,540,[0]
3903,62,-3.514804,17,390,80.0,-0.48343,1,540,-5.538337,3,760,[1]
3903,62,-4.073969,17,850,80.0,0.840444,18,430,-7.527828,11,4130,[1]
3903,62,-2.371886,17,270,80.0,1.974743,19,500,-6.515085,3,540,[0]
3907,61,-3.511752,17,380,80.0,-0.464554,1,550,-5.543845,3,770,[1]
3907,61,-4.062725,17,860,80.0,0.944383,18,430,-7.529983,11,4130,[1]
3907,61,-2.544592,17,260,80.0,2.062359,19,500,-6.562859,3,540,[0]
3911,62,-3.493975,17,400,80.0,-0.468134,1,530,-5.543184,3,750,[1]
3911,62,-4.080624,17,850,80.0,0.867411,18,440,-7.532444,11,4120,[1]
3911,62,-2.410373,17,270,80.0,1.956472,19,500,-6.504674,3,540,[0]
3916,62,-3.491176,17,400,80.0,-0.468036,1,530,-5.543202,3,750,[1]
3916,62,-4.071214,17,840,80.0,0.869742,18,440,-7.526348,11,4130,[1]
3916,62,-2.410162,17,270,80.0,1.946199,19,500,-6.501942,3,540,[0]
3920,63,-3.491098,17,400,80.0,-0.474065,1,530,-5.543215,3,750,[1]
3920,63,-4.072458,17,840,80.0,0.860936,18,440,-7.525849,11,4130,[1]
3920,63,-2.429306,17,270,80.0,1.930365,19,500,-6.485437,3,540,[0]
3926,59,-3.467865,17,380,80.0,-0.4233,1,550,-5.545249,3,780,[1]
3926,59,-4.064034,17,850,80.0,0.914989,18,430,-7.521303,11,4150,[1]
3926,59,-2.528919,17,250,80.0,2.119759,19,510,-6.588096,3,550,[0]
3929,63,-3.490919,17,400,80.0,-0.473891,1,530,-5.543249,3,750,[1]
3929,63,-4.07239,17,840,80.0,0.861352,18,440,-7.525867,11,4130,[1]
3929,63,-2.428843,17,270,80.0,1.930714,19,500,-6.485639,3,540,[0]
3933,62,-3.514216,17,390,80.0,-0.482834,1,540,-5.538465,3,760,[1]
3933,62,-4.073748,17,850,80.0,0.841824,18,430,-7.527873,11,4130,[1]
3933,62,-2.370327,17,270,80.0,1.975848,19,500,-6.515735,3,540,[0]
3938,61,-3.486454,17,390,80.0,-0.460949,1,540,-5.54261,3,760,[1]
3938,61,-4.059948,17,850,80.0,0.900695,18,430,-7.529757,11,4130,[1]
3938,61,-2.408569,17,260,80.0,2.030195,19,500,-6.514834,3,550,[0]
3948,55,-3.512057,17,350,80.0,-0.386085,1,590,-5.552105,3,820,[1]
3948,55,-4.090775,17,890,80.0,0.80918,18,400,-7.548649,11,4120,[1]
3948,55,-2.624623,17,240,80.0,2.401365,19,520,-6.738351,3,560,[0]
3954,55,-3.438446,17,350,80.0,-0.371781,1,580,-5.543313,3,830,[1]
3954,55,-4.088499,17,880,80.0,0.845731,18,410,-7.541541,11,4130,[1]
3954,55,-2.35201,17,230,80.0,2.364344,19,520,-6.655666,3,580,[0]
3958,58,-3.492176,17,360,80.0,-0.426904,1,570,-5.544484,3,800,[1]
3958,58,-4.058935,17,870,80.0,0.909982,18,410,-7.530281,11,4140,[1]
3958,58,-2.390036,17,250,80.0,2.271756,19,500,-6.618154,3,560,[0]
3963,61,-3.485966,17,390,80.0,-0.456482,1,540,-5.545538,3,760,[1]
3963,61,-4.07147,17,860,80.0,0.907071,18,430,-7.530057,11,4130,[1]
3963,61,-2.40734,17,260,80.0,2.04168,19,500,-6.519351,3,550,[0]
3968,61,-3.496936,17,390,80.0,-0.464383,1,540,-5.544136,3,760,[1]
3968,61,-4.064984,17,850,80.0,0.880385,18,430,-7.528513,11,4130,[1]
3968,61,-2.41727,17,260,80.0,2.01457,19,500,-6.537387,3,540,[0]
3973,61,-3.52496,17,380,80.0,-0.485063,1,550,-5.544791,3,760,[1]
3973,61,-4.070255,17,860,80.0,0.838957,18,420,-7.529795,11,4130,[1]
3978,62,-3.513349,17,390,80.0,-0.481957,1,540,-5.538652,3,760,[1]
3978,62,-4.073423,17,850,80.0,0.843855,18,430,-7.527944,11,4130,[1]
3978,62,-2.368028,17,270,80.0,1.977474,19,500,-6.51669,3,540,[0]
3983,63,-3.488915,17,400,80.0,-0.473381,1,530,-5.541413,3,750,[1]
3983,63,-4.071103,17,840,80.0,0.867771,18,440,-7.520385,11,4140,[1]
3983,63,-2.514543,17,260,80.0,1.933502,19,500,-6.490871,3,540,[0]
3988,62,-3.504857,17,390,80.0,-0.468011,1,540,-5.544207,3,760,[1]
3988,62,-4.068643,17,850,80.0,0.86797,18,430,-7.528535,11,4130,[1]
3988,62,-2.436416,17,260,80.0,2.013568,19,500,-6.537173,3,540,[0]
3993,62,-3.501992,17,390,80.0,-0.481669,1,540,-5.537296,3,760,[1]
3993,62,-4.067741,17,850,80.0,0.85819,18,430,-7.528406,11,4130,[1]
3993,62,-2.456408,17,260,80.0,1.958834,19,510,-6.52393,3,540,[0]
3997,63,-3.527382,17,400,80.0,-0.5029,1,530,-5.544189,3,740,[1]
3997,63,-4.053803,17,840,80.0,0.918028,18,440,-7.518391,11,4140,[1]
3999,59,-3.475629,17,370,80.0,-0.424515,1,560,-5.544769,3,790,[1]
3999,59,-4.069937,17,870,80.0,0.84708,18,410,-7.535747,11,4130,[1]
3999,59,-2.645579,17,250,80.0,2.14309,19,520,-6.655671,3,540,[0]
