3002,46,-1.712804,25,980,80.0,2.147495,19,1130,0.361525,24,1150,[0]
3002,46,-1.037902,25,1260,80.0,0.55845,24,660,0.0,-1,0,[0]
3007,63,-1.451147,25,1060,80.0,1.958537,19,1230,0.362833,24,1110,[0]
3007,63,-1.02377,25,1230,80.0,0.429351,24,510,0.0,-1,0,[0]
3010,42,-1.751723,25,970,80.0,2.206977,19,1120,0.362784,24,1150,[1]
3010,42,-1.028368,25,1280,80.0,0.600003,24,680,0.0,-1,0,[0]
3015,42,-2.269923,25,510,80.0,1.744958,19,420,1.152988,10,4690,[1]
3015,42,-1.749879,25,970,80.0,2.203374,19,1120,0.362663,24,1150,[0]
3015,42,-1.034484,25,1270,80.0,0.595118,24,680,0.0,-1,0,[0]
3019,46,-1.715196,25,980,80.0,2.15105,19,1130,0.361618,24,1150,[0]
3019,46,-1.02924,25,1270,80.0,0.558629,24,660,0.0,-1,0,[0]
3022,42,-2.18531,25,520,80.0,1.794016,19,410,1.155234,10,4680,[1]
3022,42,-1.767405,25,960,80.0,2.203038,19,1120,0.362713,24,1150,[0]
3022,42,-1.035545,25,1270,80.0,0.596166,24,680,0.0,-1,0,[0]
3027,73,-2.171202,25,1110,80.0,1.517296,27,10090,1.144422,6,5120,[0]
3027,73,-0.854824,25,1160,80.0,0.485909,24,520,0.0,-1,0,[0]
3033,41,-1.774984,25,960,80.0,2.216639,19,1120,0.363067,24,1150,[1]
3033,41,-1.030056,25,1280,80.0,0.603438,24,690,0.0,-1,0,[0]
3037,69,-1.373424,25,1090,80.0,1.74447,27,10090,1.386736,6,5170,[0]
3037,69,-0.857562,25,1160,80.0,0.536157,24,560,0.0,-1,0,[0]
3044,62,-1.478539,25,1050,80.0,1.996833,19,1220,1.132275,6,5210,[1]
3044,62,-1.009943,25,1250,80.0,0.453234,24,510,0.0,-1,0,[0]
3047,59,-1.511913,25,1040,80.0,2.08426,19,1190,0.361491,24,1130,[1]
3047,59,-1.025919,25,1240,80.0,0.468655,24,540,0.0,-1,0,[0]
3054,49,-1.682137,25,980,80.0,2.277689,19,1170,0.360726,24,1150,[0]
3054,49,-1.030666,25,1260,80.0,0.542319,24,630,0.0,-1,0,[0]
3058,62,-1.473792,25,1050,80.0,1.989788,19,1220,1.135234,6,5210,[0]
3058,62,-1.00982,25,1250,80.0,0.443816,24,510,0.0,-1,0,[0]
3061,69,-1.36768,25,1090,80.0,1.482432,27,10090,1.366132,6,5140,[0]
3061,69,-0.857353,25,1160,80.0,0.532291,24,550,0.0,-1,0,[0]
3065,42,-2.270197,25,510,80.0,1.746589,19,420,1.153068,10,4690,[1]
3065,42,-1.750112,25,970,80.0,2.203666,19,1120,0.362675,24,1150,[0]
3065,42,-1.034516,25,1270,80.0,0.595368,24,680,0.0,-1,0,[0]
3067,59,-1.516527,25,1040,80.0,2.091322,19,1190,0.361558,24,1130,[1 0]
3067,59,-1.017738,25,1250,80.0,0.473147,24,540,0.0,-1,0,[0]
3071,60,-1.489777,25,1050,80.0,2.068381,19,1190,0.360425,24,1130,[1 0]
3071,60,-1.018072,25,1250,80.0,0.45855,24,530,0.0,-1,0,[0]
3077,75,-1.274871,25,1130,80.0,1.77713,27,10090,1.123895,6,5070,[0]
3077,75,-0.859405,25,1150,80.0,0.460004,24,510,0.0,-1,0,[0]
3082,44,-2.108249,25,520,80.0,1.752263,19,400,1.149877,10,4690,[1]
3082,44,-1.780882,25,950,80.0,2.191461,19,1120,0.356062,24,1170,[0]
3082,44,-1.032426,25,1270,80.0,0.571706,24,680,0.0,-1,0,[0]
3088,45,-1.715042,25,980,80.0,2.152109,19,1130,0.361717,24,1150,[0]
3088,45,-1.020386,25,1280,80.0,0.571968,24,650,0.0,-1,0,[0]
3093,49,-1.660839,25,990,80.0,2.285268,19,1160,0.360509,24,1150,[0]
3093,49,-1.028816,25,1260,80.0,0.52929,24,630,0.0,-1,0,[0]
3098,65,-1.816214,25,570,80.0,1.940086,19,1230,-0.983345,28,500,[0]
3103,45,-1.715852,25,980,80.0,2.152899,19,1130,0.361696,24,1150,[0]
3103,45,-1.021326,25,1280,80.0,0.57123,24,650,0.0,-1,0,[0]
3109,44,-2.10839,25,520,80.0,1.753171,19,400,1.149918,10,4690,[1]
3109,44,-1.781013,25,950,80.0,2.191628,19,1120,0.356068,24,1170,[0]
3109,44,-1.032453,25,1270,80.0,0.571855,24,680,0.0,-1,0,[0]
3114,44,-2.108415,25,520,80.0,1.753337,19,400,1.149926,10,4690,[1]
3114,44,-1.781037,25,950,80.0,2.191659,19,1120,0.356069,24,1170,[0]
3114,44,-1.032458,25,1270,80.0,0.571882,24,680,0.0,-1,0,[0]
3118,43,-2.106531,25,530,80.0,1.770768,19,400,1.15326,10,4680,[1]
3118,43,-1.746752,25,970,80.0,2.176131,19,1130,0.362309,24,1150,[0]
3118,43,-1.024413,25,1280,80.0,0.598387,24,660,0.0,-1,0,[0]
3124,64,-1.446991,25,1060,80.0,1.951131,19,1230,1.132429,6,5190,[0]
3124,64,-1.01367,25,1240,80.0,0.427719,24,500,0.0,-1,0,[0]
3129,69,-1.369549,25,1090,80.0,1.74528,27,10090,1.276561,6,5140,[0]
3129,69,-0.857831,25,1160,80.0,0.539425,24,550,0.0,-1,0,[0]
3134,44,-2.10852,25,520,80.0,1.753999,19,400,1.149955,10,4690,[1]
3134,44,-1.781132,25,950,80.0,2.191781,19,1120,0.356073,24,1170,[0]
3134,44,-1.032478,25,1270,80.0,0.571991,24,680,0.0,-1,0,[0]
3139,74,-2.117568,25,1120,80.0,1.516548,27,10090,1.119036,6,5080,[0]
3139,74,-0.853594,25,1160,80.0,0.49695,24,510,0.0,-1,0,[0]
3144,43,-2.10667,25,530,80.0,1.771631,19,400,1.153301,10,4680,[1]
3144,43,-1.746873,25,970,80.0,2.176279,19,1130,0.362315,24,1150,[0]
3144,43,-1.024428,25,1280,80.0,0.598495,24,660,0.0,-1,0,[0]
3150,58,-1.536431,25,1030,80.0,2.083827,19,1200,0.359348,24,1140,[1 0]
3150,58,-1.019784,25,1250,80.0,0.473771,24,550,0.0,-1,0,[0]
3155,64,-1.443719,25,1060,80.0,1.930769,19,1240,1.132654,6,5190,[0]
3155,64,-1.022498,25,1230,80.0,0.427416,24,500,0.0,-1,0,[0]
3158,44,-2.025708,25,530,80.0,1.749618,19,390,1.147652,10,4690,[1]
3158,44,-1.721783,25,980,80.0,2.182326,19,1120,0.361962,24,1150,[0]
3158,44,-1.031489,25,1270,80.0,0.567835,24,670,0.0,-1,0,[0]
3162,43,-1.748929,25,970,80.0,2.200316,19,1120,0.362525,24,1150,[0]
3162,43,-1.026604,25,1280,80.0,0.596386,24,670,0.0,-1,0,[0]
3166,63,-1.456989,25,1060,80.0,1.984115,19,1220,1.159628,6,5240,[0]
3166,63,-1.007652,25,1250,80.0,0.449957,24,500,0.0,-1,0,[0]
3169,47,-1.70513,25,980,80.0,2.097083,19,1150,0.361132,24,1150,[0]
3169,47,-1.023526,25,1270,80.0,0.551822,24,640,0.0,-1,0,[0]
3175,44,-2.108727,25,520,80.0,1.755329,19,400,1.150015,10,4690,[1]
3175,44,-1.781324,25,950,80.0,2.192028,19,1120,0.356081,24,1170,[0]
3175,44,-1.032518,25,1270,80.0,0.572209,24,680,0.0,-1,0,[0]
3180,44,-1.744394,25,970,80.0,2.17192,19,1130,0.362227,24,1150,[0]
3180,44,-1.025089,25,1280,80.0,0.589711,24,660,0.0,-1,0,[0]
3185,49,-1.681947,25,980,80.0,2.274423,19,1170,0.360633,24,1150,[0]
3185,49,-1.029814,25,1260,80.0,0.526006,24,640,0.0,-1,0,[0]
3191,64,-1.431033,25,1070,80.0,1.947173,19,1230,1.154507,6,5220,[0]
3197,44,-1.741275,25,970,80.0,2.18516,19,1120,0.362112,24,1150,[0]
3197,44,-1.031183,25,1270,80.0,0.586547,24,660,0.0,-1,0,[0]
3201,61,-1.483245,25,1050,80.0,2.022351,19,1210,0.359389,24,1130,[1]
3201,61,-1.011848,25,1250,80.0,0.452538,24,520,0.0,-1,0,[0]
3208,70,-1.364997,25,1090,80.0,1.744041,27,10090,1.114534,6,5110,[0]
3208,70,-0.864536,25,1150,80.0,0.517698,24,560,0.0,-1,0,[0]
3211,45,-1.735391,25,970,80.0,2.156724,19,1130,0.361834,24,1150,[0]
3211,45,-1.038884,25,1260,80.0,0.565493,24,670,0.0,-1,0,[0]
3215,44,-1.740085,25,970,80.0,2.164517,19,1130,0.362019,24,1150,[0]
3215,44,-1.039228,25,1260,80.0,0.5667,24,680,0.0,-1,0,[0]
3221,68,-1.37703,25,1090,80.0,1.747146,27,10090,1.304907,6,5190,[0]
3221,68,-0.866777,25,1150,80.0,0.533834,24,570,0.0,-1,0,[0]
3226,64,-1.444256,25,1060,80.0,1.931353,19,1240,1.146605,6,5210,[0]
3226,64,-1.022609,25,1230,80.0,0.428063,24,500,0.0,-1,0,[0]
3228,58,-1.517976,25,1040,80.0,2.095237,19,1190,0.358979,24,1140,[1]
3228,58,-1.010388,25,1260,80.0,0.487243,24,530,0.0,-1,0,[0]
3234,45,-2.0316,25,530,80.0,1.743858,19,390,1.147174,10,4690,[1]
3234,45,-1.738472,25,970,80.0,2.161599,19,1130,0.361884,24,1150,[0]
3234,45,-1.028634,25,1270,80.0,0.566452,24,670,0.0,-1,0,[0]
3241,61,-1.48289,25,1050,80.0,2.022078,19,1210,0.359543,24,1130,[1]
3241,61,-1.011894,25,1250,80.0,0.461445,24,510,0.0,-1,0,[0]
3248,49,-1.682171,25,980,80.0,2.295364,19,1160,0.36073,24,1150,[0]
3248,49,-1.030168,25,1260,80.0,0.527024,24,640,0.0,-1,0,[0]
3255,46,-1.710654,25,980,80.0,2.125252,19,1140,0.361498,24,1150,[0]
3255,46,-1.036386,25,1260,80.0,0.551705,24,660,0.0,-1,0,[0]
3258,60,-1.506842,25,1040,80.0,2.038729,19,1210,0.360641,24,1130,[1 0]
3258,60,-1.014166,25,1250,80.0,0.47402,24,520,0.0,-1,0,[0]
3268,68,-1.375783,25,1090,80.0,1.745083,27,10090,1.339835,6,5110,[0]
3268,68,-0.856824,25,1160,80.0,0.550168,24,550,0.0,-1,0,[0]
3274,68,-1.376813,25,1090,80.0,1.746994,27,10090,1.469206,6,5120,[0]
3274,68,-0.8652,25,1150,80.0,0.531885,24,570,0.0,-1,0,[0]
3278,49,-1.683453,25,980,80.0,2.279173,19,1170,0.360768,24,1150,[0]
3278,49,-1.030942,25,1260,80.0,0.54365,24,630,0.0,-1,0,[0]
3285,58,-1.51992,25,1040,80.0,2.117026,19,1180,0.3593,24,1140,[1]
3285,58,-1.028126,25,1240,80.0,0.473132,24,550,0.0,-1,0,[0]
3291,55,-1.570912,25,1020,80.0,2.157105,19,1180,0.361358,24,1140,[1]
3291,55,-1.017681,25,1260,80.0,0.503695,24,560,0.0,-1,0,[0]
3298,45,-1.734483,25,970,80.0,2.135176,19,1140,0.361735,24,1150,[0]
3298,45,-1.037753,25,1260,80.0,0.555299,24,670,0.0,-1,0,[0]
3304,55,-1.575303,25,1020,80.0,2.186315,19,1170,0.358775,24,1150,[1]
3304,55,-1.019713,25,1260,80.0,0.506711,24,570,0.0,-1,0,[0]
3308,49,-1.682754,25,980,80.0,2.295959,19,1160,0.360782,24,1150,[0]
3308,49,-1.030806,25,1260,80.0,0.528078,24,640,0.0,-1,0,[0]
3313,68,-1.396639,25,1080,80.0,1.748896,27,10090,1.494164,6,5160,[1]
3313,68,-0.865901,25,1150,80.0,0.549189,24,570,0.0,-1,0,[0]
3318,69,-2.234671,25,1080,80.0,1.744704,27,10100,1.099119,6,5100,[0]
3318,69,-0.86727,25,1150,80.0,0.53095,24,570,0.0,-1,0,[0]
3332,46,-1.713159,25,980,80.0,2.128778,19,1140,0.361522,24,1150,[0]
3332,46,-1.03835,25,1260,80.0,0.559277,24,660,0.0,-1,0,[0]
3337,47,-1.708272,25,980,80.0,2.101361,19,1150,0.361294,24,1150,[0]
3337,47,-1.034287,25,1260,80.0,0.555378,24,650,0.0,-1,0,[0]
3340,58,-1.521533,25,1040,80.0,2.100732,19,1190,0.359211,24,1140,[1]
3340,58,-1.02003,25,1250,80.0,0.473962,24,550,0.0,-1,0,[0]
3346,62,-1.481385,25,1050,80.0,2.001381,19,1220,0.358887,24,1130,[1]
3346,62,-1.020263,25,1240,80.0,0.451068,24,520,0.0,-1,0,[0]
3350,73,-2.224167,25,1100,80.0,1.475698,27,10100,1.111469,6,5080,[0]
3350,73,-0.861846,25,1150,80.0,0.495911,24,530,0.0,-1,0,[0]
3356,61,-1.500622,25,1040,80.0,2.01043,19,1220,0.359774,24,1130,[1]
3356,61,-1.010575,25,1250,80.0,0.470777,24,510,0.0,-1,0,[0]
3362,64,-1.814533,25,570,80.0,1.975706,19,1220,-1.010345,28,500,[0]
3362,64,-1.023243,25,1230,80.0,0.431773,24,510,0.0,-1,0,[0]
3366,70,-1.352351,25,1100,80.0,1.742087,27,10090,1.280654,6,5140,[0]
3366,70,-0.863644,25,1150,80.0,0.525795,24,550,0.0,-1,0,[0]
3373,62,-1.462753,25,1060,80.0,1.992702,19,1220,1.119606,6,5190,[0]
3373,62,-1.010016,25,1250,80.0,0.456237,24,500,0.0,-1,0,[0]
3378,64,-1.816747,25,570,80.0,1.973964,19,1220,-1.007108,28,500,[0]
3378,64,-1.021908,25,1230,80.0,0.429518,24,510,0.0,-1,0,[0]
3381,46,-1.711492,25,980,80.0,2.12559,19,1140,0.361411,24,1150,[0]
3381,46,-1.028058,25,1270,80.0,0.558464,24,650,0.0,-1,0,[0]
3390,47,-1.704593,25,980,80.0,2.09607,19,1150,0.361128,24,1150,[0]
3390,47,-1.025684,25,1270,80.0,0.552865,24,640,0.0,-1,0,[0]
3394,62,-1.478101,25,1050,80.0,1.97943,19,1230,0.358593,24,1130,[1]
3394,62,-1.017874,25,1240,80.0,0.450779,24,510,0.0,-1,0,[0]
3401,46,-1.691639,25,990,80.0,2.140188,19,1130,0.361354,24,1150,[0]
3401,46,-1.036319,25,1260,80.0,0.547787,24,660,0.0,-1,0,[0]
3413,63,-1.459262,25,1060,80.0,1.987165,19,1220,1.121556,6,5190,[1]
3413,63,-1.017014,25,1240,80.0,0.454389,24,500,0.0,-1,0,[0]
3418,47,-1.704724,25,980,80.0,2.096224,19,1150,0.361132,24,1150,[0]
3418,47,-1.025705,25,1270,80.0,0.553007,24,640,0.0,-1,0,[0]
3423,51,-1.65299,25,990,80.0,2.248008,19,1170,0.360244,24,1150,[0]
3423,51,-1.022634,25,1270,80.0,0.531795,24,600,0.0,-1,0,[0]
3429,48,-1.702364,25,980,80.0,2.091856,19,1150,0.36109,24,1150,[0]
3429,48,-1.03239,25,1260,80.0,0.550633,24,640,0.0,-1,0,[0]
3433,68,-1.393245,25,1080,80.0,1.747999,27,10090,1.487009,6,5150,[1]
3433,68,-0.867205,25,1150,80.0,0.554567,24,560,0.0,-1,0,[0]
3439,48,-1.684686,25,990,80.0,2.090674,19,1150,0.361048,24,1150,[0]
3439,48,-1.0326,25,1260,80.0,0.537537,24,650,0.0,-1,0,[0]
3442,70,-1.35049,25,1100,80.0,1.739618,27,10090,1.096774,6,5080,[0]
3442,70,-0.85798,25,1160,80.0,0.526234,24,540,0.0,-1,0,[0]
3447,65,-1.813316,25,570,80.0,1.490147,27,10090,-0.985194,28,500,[0]
3453,47,-1.703391,25,980,80.0,2.093752,19,1150,0.361116,24,1150,[0]
3453,47,-1.034772,25,1260,80.0,0.552444,24,640,0.0,-1,0,[0]
3457,47,-1.70341,25,980,80.0,2.093776,19,1150,0.361117,24,1150,[0]
3457,47,-1.034775,25,1260,80.0,0.552464,24,640,0.0,-1,0,[0]
3466,64,-1.818262,25,570,80.0,1.970245,19,1220,-1.000201,28,500,[0]
3466,64,-1.014147,25,1240,80.0,0.431707,24,500,0.0,-1,0,[0]
3510,65,-1.819821,25,570,80.0,1.947955,19,1230,-0.991558,28,500,[0]
3510,65,-1.020536,25,1230,80.0,0.425319,24,500,0.0,-1,0,[0]
3516,52,-1.628348,25,1000,80.0,2.24913,19,1160,0.360002,24,1150,[1]
3516,52,-1.024458,25,1260,80.0,0.527662,24,590,0.0,-1,0,[0]
3525,49,-1.679363,25,980,80.0,2.287779,19,1160,0.360608,24,1150,[0]
3525,49,-1.028849,25,1260,80.0,0.541128,24,620,0.0,-1,0,[0]
3530,66,-1.420224,25,1070,80.0,1.488614,27,10090,1.464308,6,5140,[0]
3530,66,-0.860623,25,1160,80.0,0.579088,24,570,0.0,-1,0,[0]
3535,53,-1.618531,25,1000,80.0,2.190528,19,1180,0.359663,24,1150,[1]
3535,53,-1.022029,25,1260,80.0,0.508943,24,590,0.0,-1,0,[0]
3539,67,-1.400377,25,1080,80.0,1.749668,27,10090,1.342951,6,5130,[0]
3539,67,-0.85918,25,1160,80.0,0.558243,24,570,0.0,-1,0,[0]
3543,67,-1.400902,25,1080,80.0,1.747968,27,10090,1.464612,6,5130,[0]
3543,67,-0.867601,25,1150,80.0,0.550887,24,580,0.0,-1,0,[0]
3546,71,-1.363287,25,1090,80.0,1.479524,27,10100,1.257565,6,5100,[0]
3546,71,-0.857841,25,1160,80.0,0.515868,24,550,0.0,-1,0,[0]
3549,67,-1.40104,25,1080,80.0,1.748197,27,10090,1.463362,6,5130,[0]
3549,67,-0.864858,25,1150,80.0,0.562117,24,570,0.0,-1,0,[0]
3554,69,-1.385159,25,1080,80.0,1.745585,27,10100,1.337674,6,5110,[0]
3554,69,-0.865477,25,1150,80.0,0.533887,24,560,0.0,-1,0,[0]
3560,65,-1.817812,25,570,80.0,1.491124,27,10090,-0.989725,28,500,[0]
3567,71,-1.359139,25,1090,80.0,1.740282,27,10100,1.105983,6,5090,[0]
3567,71,-0.865449,25,1150,80.0,0.519831,24,540,0.0,-1,0,[0]
3570,61,-1.502523,25,1040,80.0,2.029717,19,1210,0.363054,24,1120,[1]
3570,61,-1.020642,25,1240,80.0,0.463209,24,520,0.0,-1,0,[0]
3574,68,-1.394549,25,1080,80.0,1.744377,27,10100,1.337088,6,5120,[0]
3574,68,-0.867124,25,1150,80.0,0.544381,24,570,0.0,-1,0,[0]
3579,70,-1.353004,25,1100,80.0,1.742188,27,10090,1.259661,6,5110,[0]
3579,70,-0.866212,25,1150,80.0,0.527451,24,550,0.0,-1,0,[0]
3584,54,-1.596045,25,1010,80.0,2.195307,19,1170,0.358933,24,1150,[1]
3584,54,-1.012146,25,1270,80.0,0.521044,24,560,0.0,-1,0,[0]
3590,69,-1.387767,25,1080,80.0,1.483854,27,10090,1.342191,6,5130,[0]
3590,69,-0.865765,25,1150,80.0,0.5485,24,550,0.0,-1,0,[0]
3596,61,-1.485825,25,1050,80.0,2.025286,19,1210,0.359729,24,1130,[0]
3596,61,-1.013056,25,1250,80.0,0.465965,24,510,0.0,-1,0,[0]
3598,70,-1.370537,25,1090,80.0,1.481264,27,10100,1.230793,6,5070,[0]
3598,70,-0.858231,25,1160,80.0,0.53403,24,550,0.0,-1,0,[0]
3600,68,-1.398465,25,1080,80.0,1.484935,27,10100,1.34078,6,5120,[0]
3600,68,-0.86673,25,1150,80.0,0.542124,24,580,0.0,-1,0,[0]
3603,68,-1.396765,25,1080,80.0,1.748692,27,10090,1.4381,6,5090,[0]
3603,68,-0.86033,25,1160,80.0,0.557416,24,560,0.0,-1,0,[0]
3609,50,-1.661391,25,990,80.0,2.285943,19,1160,0.360568,24,1150,[0]
3609,50,-1.028081,25,1260,80.0,0.536313,24,620,0.0,-1,0,[0]
3612,69,-1.374593,25,1090,80.0,1.746385,27,10090,1.461054,6,5110,[0]
3612,69,-0.866298,25,1150,80.0,0.547807,24,550,0.0,-1,0,[0]
3618,50,-1.676279,25,980,80.0,2.261427,19,1170,0.360497,24,1150,[0]
3618,50,-1.02061,25,1270,80.0,0.540776,24,610,0.0,-1,0,[0]
3621,69,-1.390702,25,1080,80.0,1.747167,27,10090,1.338548,6,5110,[0]
3621,69,-0.866326,25,1150,80.0,0.532992,24,570,0.0,-1,0,[0]
3623,69,-1.373352,25,1090,80.0,1.745959,27,10090,1.329692,6,5100,[0]
3623,69,-0.866074,25,1150,80.0,0.54551,24,550,0.0,-1,0,[0]
3626,69,-1.37433,25,1090,80.0,1.746158,27,10090,1.329194,6,5100,[0]
3626,69,-0.865668,25,1150,80.0,0.545626,24,550,0.0,-1,0,[0]
3633,67,-1.401442,25,1080,80.0,1.748063,27,10090,1.418911,6,5070,[0]
3633,67,-0.867813,25,1150,80.0,0.551623,24,580,0.0,-1,0,[0]
3635,68,-1.398651,25,1080,80.0,1.749214,27,10090,1.340277,6,5120,[0]
3635,68,-0.859182,25,1160,80.0,0.561634,24,560,0.0,-1,0,[0]
3642,70,-1.364633,25,1090,80.0,1.741621,27,10100,1.336482,6,5100,[0]
3642,70,-0.858003,25,1160,80.0,0.529425,24,540,0.0,-1,0,[0]
3645,70,-1.365506,25,1090,80.0,1.743914,27,10090,1.100953,6,5090,[0]
3645,70,-0.865133,25,1150,80.0,0.522216,24,550,0.0,-1,0,[0]
3647,69,-1.386837,25,1080,80.0,1.74608,27,10100,1.331548,6,5100,[0]
3647,69,-0.874728,25,1140,80.0,0.528829,24,570,0.0,-1,0,[0]
3653,53,-1.60473,25,1010,80.0,2.211984,19,1170,0.359644,24,1150,[1]
3653,53,-1.022544,25,1260,80.0,0.510041,24,590,0.0,-1,0,[0]
3658,57,-1.564745,25,1020,80.0,2.125908,19,1190,0.360715,24,1140,[1]
3658,57,-1.01418,25,1260,80.0,0.500254,24,550,0.0,-1,0,[0]
3661,69,-1.378206,25,1090,80.0,1.74717,27,10090,1.452286,6,5100,[0]
3661,69,-0.858667,25,1160,80.0,0.553311,24,550,0.0,-1,0,[0]
3668,68,-1.392495,25,1080,80.0,1.747516,27,10090,1.330067,6,5100,[0]
3668,68,-0.866757,25,1150,80.0,0.535723,24,570,0.0,-1,0,[0]
3675,69,-1.374968,25,1090,80.0,1.746451,27,10090,1.445307,6,5090,[0]
3675,69,-0.866422,25,1150,80.0,0.548356,24,550,0.0,-1,0,[0]
3679,68,-1.392749,25,1080,80.0,1.747744,27,10090,1.329552,6,5100,[0]
3679,68,-0.863652,25,1150,80.0,0.55148,24,560,0.0,-1,0,[0]
3681,69,-1.386589,25,1080,80.0,1.745929,27,10100,1.321127,6,5090,[0]
3681,69,-0.866405,25,1150,80.0,0.537518,24,560,0.0,-1,0,[0]
3684,51,-1.637974,25,1000,80.0,2.267549,19,1160,0.360237,24,1150,[1]
3684,51,-1.021589,25,1270,80.0,0.536526,24,600,0.0,-1,0,[0]
3691,69,-1.391121,25,1080,80.0,1.747239,27,10090,1.330445,6,5100,[0]
3691,69,-0.866483,25,1150,80.0,0.533606,24,570,0.0,-1,0,[0]
3696,69,-1.371357,25,1090,80.0,1.482925,27,10090,1.315239,6,5080,[0]
3696,69,-0.856593,25,1160,80.0,0.535782,24,550,0.0,-1,0,[0]
3699,69,-1.375524,25,1090,80.0,1.662782,27,10090,1.091969,6,5090,[0]
3699,69,-0.875591,25,1140,80.0,0.529323,24,570,0.0,-1,0,[0]
3703,69,-1.388358,25,1080,80.0,1.746297,27,10100,1.238435,6,5090,[0]
3703,69,-0.865419,25,1150,80.0,0.538234,24,560,0.0,-1,0,[0]
3706,69,-1.37213,25,1090,80.0,1.745575,27,10090,1.240998,6,5090,[0]
3706,69,-0.866392,25,1150,80.0,0.529688,24,560,0.0,-1,0,[0]
3708,70,-1.354446,25,1100,80.0,1.742462,27,10090,1.239557,6,5080,[0]
3708,70,-0.864453,25,1150,80.0,0.528908,24,550,0.0,-1,0,[0]
3712,69,-1.390205,25,1080,80.0,1.746736,27,10100,1.331069,6,5100,[0]
3712,69,-0.866842,25,1150,80.0,0.531453,24,570,0.0,-1,0,[0]
3717,69,-1.386183,25,1080,80.0,1.74576,27,10100,1.313731,6,5080,[0]
3717,69,-0.865845,25,1150,80.0,0.535255,24,560,0.0,-1,0,[0]
3724,69,-1.373081,25,1090,80.0,1.745837,27,10090,1.233566,6,5080,[0]
3724,69,-0.866129,25,1150,80.0,0.531211,24,560,0.0,-1,0,[0]
3729,69,-1.378357,25,1090,80.0,1.745254,27,10090,1.318234,6,5090,[0]
3729,69,-0.866922,25,1150,80.0,0.532489,24,570,0.0,-1,0,[0]
3738,70,-1.369661,25,1090,80.0,1.742866,27,10100,1.243294,6,5090,[0]
3738,70,-0.866941,25,1150,80.0,0.533105,24,550,0.0,-1,0,[0]
3742,70,-1.355788,25,1100,80.0,1.74279,27,10090,1.238941,6,5080,[0]
3742,70,-0.866417,25,1150,80.0,0.532458,24,550,0.0,-1,0,[0]
3746,67,-1.400117,25,1080,80.0,1.749545,27,10090,1.302138,6,5070,[0]
3746,67,-0.859423,25,1160,80.0,0.565189,24,560,0.0,-1,0,[0]
3752,66,-1.420867,25,1070,80.0,1.488556,27,10090,1.212646,6,5080,[0]
3752,66,-0.860116,25,1160,80.0,0.57714,24,570,0.0,-1,0,[0]
3758,59,-1.515444,25,1040,80.0,2.087231,19,1190,0.358419,24,1140,[1]
3758,59,-1.016672,25,1250,80.0,0.480224,24,530,0.0,-1,0,[0]
3760,72,-1.34054,25,1100,80.0,1.738669,27,10090,1.09323,6,5060,[0]
3760,72,-0.864521,25,1150,80.0,0.507727,24,530,0.0,-1,0,[0]
3762,69,-1.375115,25,1090,80.0,1.746298,27,10090,1.31334,6,5080,[0]
3762,69,-0.865965,25,1150,80.0,0.546779,24,550,0.0,-1,0,[0]
3764,71,-1.345899,25,1100,80.0,1.738099,27,10100,1.094355,6,5070,[0]
3764,71,-0.86492,25,1150,80.0,0.513314,24,540,0.0,-1,0,[0]
3769,62,-1.486101,25,1050,80.0,2.007887,19,1220,0.362528,24,1120,[0]
3769,62,-1.012448,25,1250,80.0,0.454116,24,520,0.0,-1,0,[0]
3772,70,-1.354797,25,1100,80.0,1.742525,27,10090,1.23319,6,5070,[0]
3772,70,-0.864588,25,1150,80.0,0.52943,24,550,0.0,-1,0,[0]
3775,55,-1.574579,25,1020,80.0,2.181857,19,1170,0.361552,24,1140,[1]
3775,55,-1.02642,25,1250,80.0,0.490211,24,580,0.0,-1,0,[0]
3777,52,-1.628877,25,1000,80.0,2.228777,19,1170,0.359953,24,1150,[1]
3777,52,-1.022686,25,1260,80.0,0.526176,24,590,0.0,-1,0,[0]
3782,62,-1.482532,25,1050,80.0,2.002764,19,1220,0.359074,24,1130,[0]
3782,62,-1.020706,25,1240,80.0,0.451933,24,520,0.0,-1,0,[0]
3787,70,-1.37214,25,1090,80.0,1.745451,27,10090,1.30821,6,5070,[0]
3787,70,-0.856896,25,1160,80.0,0.53732,24,550,0.0,-1,0,[0]
3792,54,-1.600634,25,1010,80.0,2.185607,19,1180,0.359372,24,1150,[1]
3792,54,-1.020756,25,1260,80.0,0.512641,24,580,0.0,-1,0,[0]
3797,53,-1.621299,25,1000,80.0,2.212432,19,1170,0.35967,24,1150,[1]
3797,53,-1.013631,25,1270,80.0,0.517591,24,580,0.0,-1,0,[0]
3800,70,-1.364939,25,1090,80.0,1.741595,27,10100,1.230972,6,5060,[0]
3800,70,-0.866621,25,1150,80.0,0.511027,24,560,0.0,-1,0,[0]
3802,70,-1.366005,25,1090,80.0,1.743946,27,10090,1.082641,6,5060,[0]
3802,70,-0.865369,25,1150,80.0,0.521136,24,550,0.0,-1,0,[0]
3806,71,-1.34667,25,1100,80.0,1.738345,27,10100,1.087246,6,5060,[0]
3806,71,-0.865253,25,1150,80.0,0.517071,24,540,0.0,-1,0,[0]
3813,62,-1.486315,25,1050,80.0,2.008123,19,1220,0.362552,24,1120,[0]
3813,62,-1.012488,25,1250,80.0,0.454368,24,520,0.0,-1,0,[0]
3820,53,-1.625653,25,1000,80.0,2.202697,19,1180,0.359839,24,1150,[1]
3820,53,-1.015979,25,1270,80.0,0.518591,24,590,0.0,-1,0,[0]
3824,56,-1.571189,25,1020,80.0,2.155253,19,1180,0.361396,24,1140,[1]
3824,56,-1.027581,25,1250,80.0,0.50049,24,560,0.0,-1,0,[0]
3827,63,-1.476061,25,1050,80.0,1.991371,19,1220,0.361686,24,1120,[0]
3827,63,-1.01851,25,1240,80.0,0.457047,24,500,0.0,-1,0,[0]
3831,71,-1.363727,25,1090,80.0,1.479577,27,10100,1.232277,6,5060,[0]
3831,71,-0.865296,25,1150,80.0,0.515339,24,550,0.0,-1,0,[0]
3837,72,-1.342904,25,1100,80.0,1.479142,27,10090,1.08433,6,5050,[0]
3837,72,-0.865004,25,1150,80.0,0.519012,24,530,0.0,-1,0,[0]
3841,71,-1.347842,25,1100,80.0,1.74052,27,10090,1.087728,6,5060,[0]
3841,71,-0.865091,25,1150,80.0,0.516194,24,540,0.0,-1,0,[0]
3845,53,-1.606641,25,1010,80.0,2.234663,19,1160,0.359815,24,1150,[1]
3845,53,-1.022429,25,1260,80.0,0.526403,24,580,0.0,-1,0,[0]
3849,56,-1.570869,25,1020,80.0,2.156221,19,1180,0.361402,24,1140,[1]
3849,56,-1.022131,25,1250,80.0,0.50245,24,560,0.0,-1,0,[0]
3855,71,-1.357927,25,1090,80.0,1.48001,27,10090,1.078748,6,5050,[0]
3855,71,-0.865207,25,1150,80.0,0.52148,24,540,0.0,-1,0,[0]
3856,58,-1.538232,25,1030,80.0,2.102698,19,1190,0.35964,24,1140,[1]
3856,58,-1.824279,25,1240,80.0,0.4771,24,550,0.0,-1,0,[0]
3862,72,-1.343408,25,1100,80.0,1.737496,27,10100,1.084138,6,5050,[0]
3862,72,-0.865697,25,1150,80.0,0.510106,24,540,0.0,-1,0,[0]
3867,63,-1.47449,25,1050,80.0,1.987843,19,1220,0.361185,24,1120,[1]
3867,63,-1.016575,25,1240,80.0,0.453904,24,500,0.0,-1,0,[0]
3872,61,-1.487215,25,1050,80.0,2.026903,19,1210,0.359887,24,1130,[1]
3872,61,-1.021557,25,1240,80.0,0.458848,24,520,0.0,-1,0,[0]
3877,63,-1.462108,25,1060,80.0,2.008452,19,1210,1.062504,6,5100,[1 0]
3877,63,-1.025979,25,1230,80.0,0.438722,24,520,0.0,-1,0,[0]
3880,65,-1.849752,25,550,80.0,1.489192,27,10100,-1.004144,28,510,[0]
3885,70,-1.366817,25,1090,80.0,1.7442,27,10090,1.282623,6,5030,[0]
3885,70,-0.867481,25,1150,80.0,0.524895,24,550,0.0,-1,0,[0]
3888,62,-1.479883,25,1050,80.0,1.996969,19,1220,0.361795,24,1120,[0]
3888,62,-1.019994,25,1240,80.0,0.443934,24,520,0.0,-1,0,[0]
3893,61,-1.485874,25,1050,80.0,2.024819,19,1210,0.359448,24,1130,[1]
3893,61,-1.020962,25,1240,80.0,0.456055,24,520,0.0,-1,0,[0]
3896,59,-1.521154,25,1040,80.0,2.097998,19,1190,0.359281,24,1140,[1]
3896,59,-1.018349,25,1250,80.0,0.477686,24,540,0.0,-1,0,[0]
3912,69,-1.376614,25,1090,80.0,1.744398,27,10090,1.060018,6,5030,[0]
3912,69,-0.866371,25,1150,80.0,0.550375,24,550,0.0,-1,0,[0]
3916,61,-1.487419,25,1050,80.0,2.027139,19,1210,0.35991,24,1130,[1]
3916,61,-1.021607,25,1240,80.0,0.45912,24,520,0.0,-1,0,[0]
3922,62,-1.480333,25,1050,80.0,1.998622,19,1220,0.358834,24,1130,[1]
3922,62,-1.018016,25,1240,80.0,0.444374,24,520,0.0,-1,0,[0]
3927,63,-1.462393,25,1060,80.0,1.990703,19,1220,0.358048,24,1130,[1]
3927,63,-1.025567,25,1230,80.0,0.439933,24,520,0.0,-1,0,[0]
3932,63,-1.459173,25,1060,80.0,1.985656,19,1220,0.360767,24,1120,[0]
3932,63,-1.016996,25,1240,80.0,0.440721,24,510,0.0,-1,0,[0]
3937,62,-1.483988,25,1050,80.0,2.003023,19,1220,0.358962,24,1130,[1]
3937,62,-1.027412,25,1230,80.0,0.441585,24,530,0.0,-1,0,[0]
3941,64,-1.456275,25,1060,80.0,1.979674,19,1220,0.360394,24,1120,[0]
3941,64,-1.023458,25,1230,80.0,0.44556,24,500,0.0,-1,0,[0]
3945,56,-1.568671,25,1020,80.0,2.150311,19,1180,0.360979,24,1140,[1]
3945,56,-1.024105,25,1250,80.0,0.493696,24,560,0.0,-1,0,[0]
3950,63,-1.4625,25,1060,80.0,1.990825,19,1220,0.358063,24,1130,[1]
3950,63,-1.025597,25,1230,80.0,0.440068,24,520,0.0,-1,0,[0]
3955,63,-1.462523,25,1060,80.0,1.990852,19,1220,0.358066,24,1130,[1]
3955,63,-1.025604,25,1230,80.0,0.440097,24,520,0.0,-1,0,[0]
3958,68,-1.395685,25,1080,80.0,1.748387,27,10090,1.291016,6,5060,[0]
3958,68,-0.868948,25,1150,80.0,0.548238,24,570,0.0,-1,0,[0]
3963,66,-1.810145,25,560,80.0,1.488943,27,10090,-0.996522,28,510,[0]
3963,66,-0.869096,25,1150,80.0,0.570357,24,580,0.0,-1,0,[0]
3968,63,-1.476686,25,1050,80.0,1.992288,19,1220,0.358261,24,1130,[0]
3968,63,-1.027359,25,1230,80.0,0.441119,24,520,0.0,-1,0,[0]
3974,63,-1.459365,25,1060,80.0,1.985876,19,1220,0.360793,24,1120,[0]
3974,63,-1.01704,25,1240,80.0,0.440973,24,510,0.0,-1,0,[0]
3975,63,-1.47672,25,1050,80.0,1.992327,19,1220,0.358266,24,1130,[1]
3975,63,-1.027367,25,1230,80.0,0.441159,24,520,0.0,-1,0,[0]
3977,61,-1.488695,25,1050,80.0,2.029582,19,1210,0.360129,24,1130,[1]
3977,61,-1.02962,25,1230,80.0,0.454774,24,530,0.0,-1,0,[0]
3982,62,-1.48114,25,1050,80.0,1.999264,19,1220,0.361832,24,1120,[1]
3982,62,-1.017686,25,1240,80.0,0.444624,24,520,0.0,-1,0,[0]
3987,62,-1.480351,25,1050,80.0,1.997501,19,1220,0.361851,24,1120,[1]
3987,62,-1.020101,25,1240,80.0,0.444521,24,520,0.0,-1,0,[0]
3992,66,-1.427275,25,1070,80.0,1.488463,27,10100,1.287362,6,5070,[0]
3995,63,-1.46047,25,1060,80.0,1.987521,19,1220,0.35792,24,1130,[1 0]
3995,63,-1.024956,25,1230,80.0,0.433057,24,520,0.0,-1,0,[0]
3998,63,-1.457718,25,1060,80.0,1.98206,19,1220,0.360618,24,1120,[0]
3998,63,-1.025261,25,1230,80.0,0.445296,24,500,0.0,-1,0,[0]
3999,63,-1.476836,25,1050,80.0,1.992462,19,1220,0.358281,24,1130,[1]
3999,63,-1.027392,25,1230,80.0,0.441297,24,520,0.0,-1,0,[0]
3003,42,-1.767113,25,960,80.0,2.182353,19,1130,0.362544,24,1150,[0]
3003,42,-1.025512,25,1280,80.0,0.601636,24,670,0.0,-1,0,[0]
3008,71,-1.344797,25,1100,80.0,1.738189,27,10090,1.147574,6,5150,[0]
3008,71,-0.857343,25,1160,80.0,0.52865,24,530,0.0,-1,0,[0]
3021,44,-2.107918,25,520,80.0,1.750154,19,400,1.149783,10,4690,[1]
3021,44,-1.780579,25,950,80.0,2.191071,19,1120,0.356049,24,1170,[0]
3021,44,-1.032362,25,1270,80.0,0.57136,24,680,0.0,-1,0,[0]
3028,73,-2.170713,25,1110,80.0,1.515814,27,10100,1.151317,6,5130,[0]
3028,73,-0.870552,25,1140,80.0,0.477534,24,530,0.0,-1,0,[0]
3041,43,-2.099298,25,530,80.0,1.760284,19,400,1.152554,10,4680,[1]
3041,43,-1.743875,25,970,80.0,2.172326,19,1130,0.362245,24,1150,[0]
3041,43,-1.023729,25,1280,80.0,0.597207,24,660,0.0,-1,0,[0]
3045,42,-1.786405,25,950,80.0,2.201874,19,1120,0.356417,24,1170,[1]
3045,42,-1.034511,25,1270,80.0,0.590103,24,680,0.0,-1,0,[0]
3050,44,-2.108076,25,520,80.0,1.751166,19,400,1.149828,10,4690,[1]
3050,44,-1.780725,25,950,80.0,2.191258,19,1120,0.356055,24,1170,[0]
3050,44,-1.032393,25,1270,80.0,0.571527,24,680,0.0,-1,0,[0]
3059,39,-1.822889,25,940,80.0,2.256616,19,1110,0.363896,24,1150,[0]
3059,39,-1.033503,25,1280,80.0,0.441043,24,580,0.0,-1,0,[0]
3065,48,-1.664178,25,990,80.0,2.316513,19,1150,0.360814,24,1150,[0]
3065,48,-1.023482,25,1270,80.0,0.544469,24,630,0.0,-1,0,[0]
3070,44,-2.108183,25,520,80.0,1.751854,19,400,1.149859,10,4690,[1]
3070,44,-1.780824,25,950,80.0,2.191385,19,1120,0.356059,24,1170,[0]
3070,44,-1.032413,25,1270,80.0,0.571639,24,680,0.0,-1,0,[0]
3075,44,-2.10821,25,520,80.0,1.752025,19,400,1.149867,10,4690,[1]
3075,44,-1.780849,25,950,80.0,2.191417,19,1120,0.35606,24,1170,[0]
3075,44,-1.032418,25,1270,80.0,0.571667,24,680,0.0,-1,0,[0]
3079,44,-2.108231,25,520,80.0,1.752161,19,400,1.149873,10,4690,[1]
3079,44,-1.780868,25,950,80.0,2.191442,19,1120,0.356061,24,1170,[0]
3079,44,-1.032423,25,1270,80.0,0.571689,24,680,0.0,-1,0,[0]
3083,42,-2.271832,25,510,80.0,1.747252,19,420,1.153093,10,4690,[1]
3083,42,-1.749933,25,970,80.0,2.203775,19,1120,0.362679,24,1150,[0]
3083,42,-1.033645,25,1270,80.0,0.596096,24,680,0.0,-1,0,[0]
3096,72,-1.333997,25,1100,80.0,1.737187,27,10100,1.288094,6,5120,[0]
3096,72,-0.854615,25,1160,80.0,0.506224,24,520,0.0,-1,0,[0]
3111,43,-1.748711,25,970,80.0,2.200039,19,1120,0.362514,24,1150,[0]
3111,43,-1.026573,25,1280,80.0,0.596136,24,670,0.0,-1,0,[0]
3116,44,-1.739611,25,970,80.0,2.144454,19,1140,0.362072,24,1150,[0]
3116,44,-1.023347,25,1280,80.0,0.59074,24,650,0.0,-1,0,[0]
3127,52,-1.608802,25,1010,80.0,2.261108,19,1150,0.359914,24,1150,[1]
3127,52,-1.023791,25,1260,80.0,0.518297,24,600,0.0,-1,0,[0]
3132,44,-1.743399,25,970,80.0,2.170936,19,1130,0.362241,24,1150,[0]
3132,44,-1.02325,25,1280,80.0,0.589597,24,660,0.0,-1,0,[0]
3142,44,-2.108559,25,520,80.0,1.754261,19,400,1.149967,10,4690,[1]
3142,44,-1.78117,25,950,80.0,2.19183,19,1120,0.356074,24,1170,[0]
3142,44,-1.032486,25,1270,80.0,0.572034,24,680,0.0,-1,0,[0]
3149,46,-1.710498,25,980,80.0,2.12467,19,1140,0.361434,24,1150,[0]
3149,46,-1.028948,25,1270,80.0,0.558722,24,650,0.0,-1,0,[0]
3154,44,-2.10862,25,520,80.0,1.754651,19,400,1.149984,10,4690,[1]
3154,44,-1.781226,25,950,80.0,2.191902,19,1120,0.356077,24,1170,[0]
3154,44,-1.032498,25,1270,80.0,0.572098,24,680,0.0,-1,0,[0]
3158,44,-2.025708,25,530,80.0,1.749618,19,390,1.147652,10,4690,[1]
3158,44,-1.721783,25,980,80.0,2.182326,19,1120,0.361962,24,1150,[0]
3158,44,-1.031489,25,1270,80.0,0.567835,24,670,0.0,-1,0,[0]
3166,45,-2.031221,25,530,80.0,1.741653,19,390,1.149524,10,4680,[1]
3166,45,-1.720424,25,980,80.0,2.1805,19,1120,0.361871,24,1150,[0]
3166,45,-1.028573,25,1270,80.0,0.566091,24,670,0.0,-1,0,[0]
3169,66,-1.410747,25,1080,80.0,1.491115,27,10080,1.362558,6,5160,[0]
3173,45,-1.715128,25,980,80.0,2.151459,19,1130,0.361688,24,1150,[0]
3173,45,-1.029833,25,1270,80.0,0.562306,24,660,0.0,-1,0,[0]
3182,48,-1.683975,25,980,80.0,2.299623,19,1160,0.360793,24,1150,[0]
3182,48,-1.032189,25,1260,80.0,0.545576,24,630,0.0,-1,0,[0]
3187,71,-1.341301,25,1100,80.0,1.477513,27,10100,1.111602,6,5090,[0]
3187,71,-0.864037,25,1150,80.0,0.50571,24,540,0.0,-1,0,[0]
3193,45,-1.719762,25,980,80.0,2.160112,19,1130,0.361898,24,1150,[0]
3193,45,-1.022537,25,1280,80.0,0.583196,24,650,0.0,-1,0,[0]
3202,44,-1.739705,25,970,80.0,2.183266,19,1120,0.362089,24,1150,[0]
3202,44,-1.031295,25,1270,80.0,0.58573,24,660,0.0,-1,0,[0]
3209,44,-2.108897,25,520,80.0,1.756407,19,400,1.150063,10,4690,[1]
3209,44,-1.781479,25,950,80.0,2.192225,19,1120,0.356088,24,1170,[0]
3209,44,-1.032551,25,1270,80.0,0.572386,24,680,0.0,-1,0,[0]
3213,45,-1.716375,25,980,80.0,2.153563,19,1130,0.361719,24,1150,[0]
3213,45,-1.037646,25,1260,80.0,0.554796,24,670,0.0,-1,0,[0]
3217,70,-1.355494,25,1100,80.0,1.744975,27,10080,1.341414,6,5110,[0]
3217,70,-0.850499,25,1170,80.0,0.541541,24,540,0.0,-1,0,[0]
3223,43,-2.112085,25,520,80.0,1.761802,19,400,1.150238,10,4690,[1]
3223,43,-1.745302,25,970,80.0,2.192758,19,1120,0.362283,24,1150,[0]
3223,43,-1.02394,25,1280,80.0,0.590172,24,660,0.0,-1,0,[0]
3227,58,-1.519043,25,1040,80.0,2.097738,19,1190,0.35911,24,1140,[1]
3227,58,-1.015839,25,1250,80.0,0.472191,24,550,0.0,-1,0,[0]
3242,45,-2.030942,25,530,80.0,1.744029,19,390,1.147187,10,4690,[1]
3242,45,-1.738738,25,970,80.0,2.161638,19,1130,0.361886,24,1150,[0]
3242,45,-1.029477,25,1270,80.0,0.564336,24,670,0.0,-1,0,[0]
3251,45,-1.720008,25,980,80.0,2.179724,19,1120,0.361909,24,1150,[0]
3251,45,-1.022568,25,1280,80.0,0.583479,24,650,0.0,-1,0,[0]
3256,69,-1.384102,25,1080,80.0,1.74335,27,10100,1.106411,6,5110,[0]
3256,69,-0.873733,25,1140,80.0,0.525002,24,570,0.0,-1,0,[0]
3266,45,-1.734328,25,970,80.0,2.134989,19,1140,0.361729,24,1150,[0]
3266,45,-1.037714,25,1260,80.0,0.555113,24,670,0.0,-1,0,[0]
3272,54,-1.580368,25,1020,80.0,2.195581,19,1170,0.359123,24,1150,[1]
3272,54,-1.020154,25,1260,80.0,0.503189,24,580,0.0,-1,0,[0]
3276,68,-1.395274,25,1080,80.0,1.748524,27,10090,1.345818,6,5130,[0]
3276,68,-0.859742,25,1160,80.0,0.547707,24,570,0.0,-1,0,[0]
3287,70,-1.353938,25,1100,80.0,1.744565,27,10080,1.350132,6,5120,[0]
3287,70,-0.865944,25,1150,80.0,0.519932,24,560,0.0,-1,0,[0]
3292,65,-1.447051,25,1060,80.0,1.491654,27,10090,1.138908,6,5210,[0]
3306,47,-1.706298,25,980,80.0,2.117467,19,1140,0.361251,24,1150,[0]
3306,47,-1.035233,25,1260,80.0,0.552654,24,650,0.0,-1,0,[0]
3310,65,-1.439344,25,1060,80.0,1.490021,27,10090,1.128696,6,5190,[0]
3320,48,-1.682776,25,990,80.0,2.088106,19,1150,0.360946,24,1150,[0]
3320,48,-1.024257,25,1270,80.0,0.548342,24,630,0.0,-1,0,[0]
3325,62,-1.479859,25,1050,80.0,1.999756,19,1220,0.358752,24,1130,[1]
3325,62,-1.012178,25,1250,80.0,0.458022,24,510,0.0,-1,0,[0]
3334,65,-1.429212,25,1070,80.0,1.943146,19,1230,1.122302,6,5170,[0]
3339,72,-1.340047,25,1100,80.0,1.738726,27,10100,1.104473,6,5080,[0]
3339,72,-0.864675,25,1150,80.0,0.505417,24,540,0.0,-1,0,[0]
3344,46,-1.711823,25,980,80.0,2.126256,19,1140,0.361524,24,1150,[0]
3344,46,-1.037647,25,1260,80.0,0.557947,24,660,0.0,-1,0,[0]
3348,47,-1.704394,25,980,80.0,2.095833,19,1150,0.361121,24,1150,[0]
3348,47,-1.025651,25,1270,80.0,0.552647,24,640,0.0,-1,0,[0]
3351,48,-1.683599,25,990,80.0,2.089345,19,1150,0.360994,24,1150,[0]
3351,48,-1.032388,25,1260,80.0,0.542328,24,640,0.0,-1,0,[0]
3362,52,-1.624467,25,1000,80.0,2.222706,19,1170,0.359876,24,1150,[1]
3362,52,-1.022771,25,1260,80.0,0.520735,24,590,0.0,-1,0,[0]
3369,56,-1.551309,25,1030,80.0,2.16753,19,1170,0.360804,24,1140,[1]
3369,56,-1.015869,25,1260,80.0,0.502868,24,550,0.0,-1,0,[0]
3376,46,-1.71147,25,980,80.0,2.125562,19,1140,0.36141,24,1150,[0]
3376,46,-1.028054,25,1270,80.0,0.558438,24,650,0.0,-1,0,[0]
3380,47,-1.706966,25,980,80.0,2.099271,19,1150,0.361258,24,1150,[0]
3380,47,-1.033836,25,1260,80.0,0.55172,24,650,0.0,-1,0,[0]
3398,68,-1.393296,25,1080,80.0,1.747886,27,10090,1.329949,6,5100,[0]
3398,68,-0.865353,25,1150,80.0,0.549788,24,560,0.0,-1,0,[0]
3403,52,-1.625261,25,1000,80.0,2.223063,19,1170,0.359863,24,1150,[1]
3403,52,-1.022993,25,1260,80.0,0.520373,24,590,0.0,-1,0,[0]
3408,57,-1.548037,25,1030,80.0,2.141828,19,1180,0.360734,24,1140,[1]
3408,57,-1.02272,25,1250,80.0,0.489784,24,560,0.0,-1,0,[0]
3420,71,-1.349742,25,1100,80.0,1.74123,27,10090,1.233301,6,5060,[0]
3420,71,-0.857512,25,1160,80.0,0.514167,24,550,0.0,-1,0,[0]
3422,51,-1.652849,25,990,80.0,2.266586,19,1160,0.360239,24,1150,[0]
3422,51,-1.01869,25,1270,80.0,0.526658,24,610,0.0,-1,0,[0]
3426,49,-1.683747,25,980,80.0,2.316965,19,1150,0.360771,24,1150,[0]
3426,49,-1.029936,25,1260,80.0,0.537289,24,630,0.0,-1,0,[0]
3433,77,-1.267784,25,1130,80.0,1.508819,27,10100,1.252994,6,5010,[0]
3433,77,-0.860492,25,1150,80.0,0.446511,24,500,0.0,-1,0,[0]
3440,66,-1.78252,25,570,80.0,1.751341,27,10080,-0.983569,28,510,[0]
3440,66,-0.866043,25,1150,80.0,0.564075,24,580,0.0,-1,0,[0]
3445,47,-1.702885,25,980,80.0,2.092445,19,1150,0.361115,24,1150,[0]
3445,47,-1.034166,25,1260,80.0,0.551444,24,640,0.0,-1,0,[0]
3450,48,-1.684156,25,990,80.0,2.10791,19,1140,0.361034,24,1150,[0]
3450,48,-1.032862,25,1260,80.0,0.539684,24,650,0.0,-1,0,[0]
3455,53,-1.618991,25,1000,80.0,2.212709,19,1170,0.359785,24,1150,[1]
3455,53,-1.024135,25,1260,80.0,0.523116,24,580,0.0,-1,0,[0]
3465,48,-1.683608,25,990,80.0,2.106712,19,1140,0.360905,24,1150,[0]
3465,48,-1.024849,25,1270,80.0,0.547098,24,630,0.0,-1,0,[0]
3470,49,-1.661697,25,990,80.0,2.308444,19,1150,0.360671,24,1150,[0]
3470,49,-1.030547,25,1260,80.0,0.53367,24,630,0.0,-1,0,[0]
3473,48,-1.685455,25,990,80.0,2.110356,19,1140,0.361053,24,1150,[0]
3473,48,-1.032537,25,1260,80.0,0.540787,24,650,0.0,-1,0,[0]
3477,49,-1.679117,25,980,80.0,2.28748,19,1160,0.360601,24,1150,[0]
3477,49,-1.028801,25,1260,80.0,0.540887,24,620,0.0,-1,0,[0]
3486,49,-1.664539,25,990,80.0,2.313316,19,1150,0.360673,24,1150,[0]
3486,49,-1.022347,25,1270,80.0,0.536005,24,630,0.0,-1,0,[0]
3496,55,-1.590107,25,1010,80.0,2.145669,19,1190,0.358748,24,1150,[1]
3496,55,-1.018008,25,1260,80.0,0.499714,24,570,0.0,-1,0,[0]
3500,48,-1.664034,25,1000,80.0,2.121228,19,1130,0.360847,24,1150,[0]
3500,48,-1.035057,25,1260,80.0,0.548217,24,630,0.0,-1,0,[0]
3511,70,-1.368806,25,1090,80.0,1.742764,27,10100,1.309353,6,5070,[0]
3511,70,-0.864927,25,1150,80.0,0.520925,24,560,0.0,-1,0,[0]
3512,61,-1.491197,25,1050,80.0,2.052481,19,1200,0.360162,24,1130,[0]
3512,61,-1.014582,25,1250,80.0,0.458074,24,530,0.0,-1,0,[0]
3525,54,-1.599926,25,1010,80.0,2.184558,19,1180,0.359316,24,1150,[1]
3525,54,-1.021704,25,1260,80.0,0.52155,24,570,0.0,-1,0,[0]
3533,68,-1.397916,25,1080,80.0,1.746932,27,10100,1.437865,6,5090,[0]
3533,68,-0.859489,25,1160,80.0,0.560818,24,560,0.0,-1,0,[0]
3537,49,-1.680019,25,980,80.0,2.287638,19,1160,0.360589,24,1150,[0]
3537,49,-1.029622,25,1260,80.0,0.53896,24,620,0.0,-1,0,[0]
3540,70,-1.366564,25,1090,80.0,1.744301,27,10090,1.31158,6,5070,[0]
3540,70,-0.857523,25,1160,80.0,0.540826,24,540,0.0,-1,0,[0]
3551,73,-1.319947,25,1110,80.0,1.476557,27,10090,1.094099,6,5050,[0]
3551,73,-0.863083,25,1150,80.0,0.487369,24,530,0.0,-1,0,[0]
3555,67,-1.403983,25,1080,80.0,1.663515,27,10090,1.074674,6,5080,[0]
3555,67,-0.860453,25,1160,80.0,0.561075,24,580,0.0,-1,0,[0]
3561,66,-1.815764,25,570,80.0,1.489951,27,10090,-0.981399,28,500,[0]
3563,67,-1.418202,25,1070,80.0,1.488073,27,10090,1.466858,6,5140,[0]
3563,67,-0.859648,25,1160,80.0,0.570375,24,570,0.0,-1,0,[0]
3572,70,-1.369221,25,1090,80.0,1.745007,27,10090,1.236879,6,5080,[0]
3572,70,-0.858918,25,1160,80.0,0.524312,24,560,0.0,-1,0,[0]
3576,55,-1.591095,25,1010,80.0,2.147692,19,1190,0.358768,24,1150,[1]
3576,55,-1.026233,25,1250,80.0,0.492228,24,580,0.0,-1,0,[0]
3581,69,-1.374821,25,1090,80.0,1.662666,27,10090,1.111129,6,5120,[0]
3581,69,-0.860324,25,1160,80.0,0.547694,24,550,0.0,-1,0,[0]
3597,68,-1.394121,25,1080,80.0,1.748112,27,10090,1.462286,6,5120,[0]
3597,68,-0.867695,25,1150,80.0,0.554584,24,560,0.0,-1,0,[0]
3610,50,-1.656521,25,990,80.0,2.255378,19,1170,0.360429,24,1150,[0]
3610,50,-1.029281,25,1260,80.0,0.529893,24,620,0.0,-1,0,[0]
3614,53,-1.606298,25,1010,80.0,2.235188,19,1160,0.359787,24,1150,[1]
3614,53,-1.02388,25,1260,80.0,0.525957,24,580,0.0,-1,0,[0]
3616,57,-1.563429,25,1020,80.0,2.124256,19,1190,0.360707,24,1140,[1]
3616,57,-1.0153,25,1260,80.0,0.500153,24,550,0.0,-1,0,[0]
3625,51,-1.655128,25,990,80.0,2.270799,19,1160,0.360351,24,1150,[1]
3625,51,-1.02837,25,1260,80.0,0.530191,24,610,0.0,-1,0,[0]
3628,50,-1.662327,25,990,80.0,2.286436,19,1160,0.360576,24,1150,[0]
3628,50,-1.028837,25,1260,80.0,0.539414,24,620,0.0,-1,0,[0]
3636,48,-1.686123,25,980,80.0,2.322429,19,1150,0.360877,24,1150,[0]
3636,48,-1.031035,25,1260,80.0,0.536871,24,640,0.0,-1,0,[0]
3642,50,-1.656781,25,990,80.0,2.27523,19,1160,0.360374,24,1150,[0]
3642,50,-1.027363,25,1260,80.0,0.53783,24,610,0.0,-1,0,[0]
3649,70,-1.355265,25,1100,80.0,1.742695,27,10090,1.221844,6,5050,[0]
3649,70,-0.866214,25,1150,80.0,0.531679,24,550,0.0,-1,0,[0]
3652,70,-1.352676,25,1100,80.0,1.741908,27,10090,1.231295,6,5060,[0]
3652,70,-0.858552,25,1160,80.0,0.530185,24,540,0.0,-1,0,[0]
3660,54,-1.601969,25,1010,80.0,2.225764,19,1160,0.359364,24,1150,[1]
3660,54,-1.012942,25,1270,80.0,0.522819,24,570,0.0,-1,0,[0]
3670,55,-1.577475,25,1020,80.0,2.206664,19,1160,0.35882,24,1150,[1]
3670,55,-1.018122,25,1260,80.0,0.508439,24,570,0.0,-1,0,[0]
3678,57,-1.543686,25,1030,80.0,2.132381,19,1180,0.360247,24,1140,[1]
3678,57,-1.029946,25,1240,80.0,0.479752,24,560,0.0,-1,0,[0]
3681,67,-1.414704,25,1070,80.0,1.485792,27,10100,1.306329,6,5080,[1 0]
3681,67,-0.860799,25,1160,80.0,0.574203,24,560,0.0,-1,0,[0]
3686,52,-1.62667,25,1000,80.0,2.224769,19,1170,0.359902,24,1150,[1]
3686,52,-1.023248,25,1260,80.0,0.521983,24,590,0.0,-1,0,[0]
3691,70,-1.369056,25,1090,80.0,1.744807,27,10090,1.074374,6,5050,[0]
3691,70,-0.866235,25,1150,80.0,0.533463,24,550,0.0,-1,0,[0]
3698,37,-2.718843,25,460,80.0,-1.086524,1,180,-0.990301,28,280,[0]
3698,37,-1.046292,25,1270,80.0,0.441426,24,610,0.0,-1,0,[0]
3702,68,-1.392811,25,1080,80.0,1.747741,27,10090,1.32202,6,5090,[0]
3702,68,-0.867174,25,1150,80.0,0.543132,24,570,0.0,-1,0,[0]
3713,70,-1.354206,25,1100,80.0,1.740179,27,10090,1.082427,6,5060,[0]
3713,70,-0.858024,25,1160,80.0,0.527913,24,550,0.0,-1,0,[0]
3718,59,-1.520347,25,1040,80.0,2.097018,19,1190,0.359204,24,1140,[1]
3718,59,-1.018182,25,1250,80.0,0.476676,24,540,0.0,-1,0,[0]
3721,70,-1.369562,25,1090,80.0,1.742849,27,10100,1.214154,6,5040,[0]
3721,70,-0.86691,25,1150,80.0,0.532965,24,550,0.0,-1,0,[0]
3725,69,-1.378623,25,1090,80.0,1.747262,27,10090,1.414743,6,5050,[0]
3725,69,-0.85896,25,1160,80.0,0.554103,24,550,0.0,-1,0,[0]
3732,58,-1.525758,25,1040,80.0,2.125075,19,1180,0.359605,24,1140,[1]
3732,58,-1.02072,25,1250,80.0,0.471337,24,560,0.0,-1,0,[0]
3738,53,-1.625346,25,1000,80.0,2.221822,19,1170,0.35988,24,1150,[1]
3738,53,-1.014654,25,1270,80.0,0.528879,24,580,0.0,-1,0,[0]
3744,71,-1.348432,25,1100,80.0,1.480488,27,10090,1.315665,6,5070,[0]
3744,71,-0.865869,25,1150,80.0,0.514864,24,550,0.0,-1,0,[0]
3746,69,-1.3904,25,1080,80.0,1.746769,27,10100,1.301238,6,5060,[0]
3746,69,-0.866916,25,1150,80.0,0.531739,24,570,0.0,-1,0,[0]
3753,61,-1.485356,25,1050,80.0,2.04095,19,1200,0.359281,24,1130,[1 0]
3753,61,-1.021307,25,1240,80.0,0.456664,24,520,0.0,-1,0,[0]
3759,52,-1.628796,25,1000,80.0,2.228679,19,1170,0.359951,24,1150,[1]
3759,52,-1.022672,25,1260,80.0,0.526097,24,590,0.0,-1,0,[0]
3766,59,-1.515939,25,1040,80.0,2.069879,19,1200,0.358368,24,1140,[0]
3766,59,-1.017009,25,1250,80.0,0.465251,24,540,0.0,-1,0,[0]
3775,61,-1.486749,25,1050,80.0,2.026361,19,1210,0.359834,24,1130,[0]
3775,61,-1.021444,25,1240,80.0,0.458224,24,520,0.0,-1,0,[0]
3789,63,-1.457448,25,1060,80.0,1.999124,19,1210,1.066941,6,5100,[1 0]
3789,63,-1.0183,25,1240,80.0,0.445689,24,500,0.0,-1,0,[0]
3792,60,-1.508048,25,1040,80.0,2.039556,19,1210,0.360861,24,1130,[0]
3792,60,-1.015864,25,1250,80.0,0.475515,24,520,0.0,-1,0,[0]
3797,57,-1.56486,25,1020,80.0,2.125947,19,1190,0.360841,24,1140,[1]
3797,57,-1.833826,25,1250,80.0,0.492482,24,560,0.0,-1,0,[0]
3800,53,-1.621238,25,1000,80.0,2.195013,19,1180,0.359797,24,1150,[1]
3800,53,-1.022613,25,1260,80.0,0.514498,24,590,0.0,-1,0,[0]
3804,59,-1.520746,25,1040,80.0,2.097502,19,1190,0.359242,24,1140,[1]
3804,59,-1.018264,25,1250,80.0,0.477175,24,540,0.0,-1,0,[0]
3809,65,-1.428298,25,1070,80.0,1.939956,19,1230,1.062532,6,5070,[0]
3814,53,-1.626586,25,1000,80.0,2.204527,19,1180,0.359858,24,1150,[1]
3814,53,-1.015886,25,1270,80.0,0.520946,24,590,0.0,-1,0,[0]
3822,71,-1.347548,25,1100,80.0,1.740518,27,10090,1.225511,6,5040,[0]
3822,71,-0.865164,25,1150,80.0,0.507559,24,550,0.0,-1,0,[0]
3826,71,-1.364307,25,1090,80.0,1.743475,27,10090,1.284474,6,5030,[0]
3826,71,-0.865523,25,1150,80.0,0.517804,24,550,0.0,-1,0,[0]
3835,60,-1.513457,25,1040,80.0,2.066279,19,1200,0.357998,24,1140,[0]
3835,60,-1.015391,25,1250,80.0,0.462631,24,540,0.0,-1,0,[0]
3840,62,-1.480458,25,1050,80.0,1.998488,19,1220,0.361749,24,1120,[0]
3840,62,-1.017532,25,1240,80.0,0.44377,24,520,0.0,-1,0,[0]
3846,63,-1.459774,25,1060,80.0,1.986723,19,1220,0.357825,24,1130,[1]
3846,63,-1.024757,25,1230,80.0,0.432073,24,520,0.0,-1,0,[0]
3856,63,-1.46246,25,1060,80.0,2.007885,19,1210,0.361466,24,1120,[0]
3856,63,-1.027081,25,1230,80.0,0.441441,24,520,0.0,-1,0,[0]
3860,63,-1.460911,25,1060,80.0,1.988231,19,1220,0.361297,24,1120,[0]
3860,63,-1.025322,25,1230,80.0,0.437704,24,520,0.0,-1,0,[0]
3865,62,-1.486563,25,1050,80.0,2.008399,19,1220,0.362581,24,1120,[0]
3865,62,-1.020699,25,1240,80.0,0.446082,24,530,0.0,-1,0,[0]
3868,64,-1.452229,25,1060,80.0,1.957291,19,1230,1.071615,6,5100,[1]
3868,64,-1.014575,25,1240,80.0,0.435239,24,500,0.0,-1,0,[0]
3880,62,-1.483712,25,1050,80.0,2.002711,19,1220,0.358929,24,1130,[0]
3880,62,-1.027335,25,1230,80.0,0.44125,24,530,0.0,-1,0,[0]
3883,54,-1.60083,25,1010,80.0,2.202899,19,1170,0.359386,24,1150,[1]
3883,54,-1.020413,25,1260,80.0,0.52142,24,570,0.0,-1,0,[0]
3887,62,-1.480165,25,1050,80.0,1.998431,19,1220,0.358814,24,1130,[0]
3887,62,-1.017978,25,1240,80.0,0.444163,24,520,0.0,-1,0,[0]
3895,61,-1.487323,25,1050,80.0,2.027027,19,1210,0.359899,24,1130,[1]
3895,61,-1.021583,25,1240,80.0,0.458991,24,520,0.0,-1,0,[0]
3900,61,-1.49354,25,1050,80.0,2.05459,19,1200,0.360182,24,1130,[1]
3900,61,-1.014797,25,1250,80.0,0.457895,24,530,0.0,-1,0,[0]
3903,62,-1.483824,25,1050,80.0,2.002839,19,1220,0.358942,24,1130,[1]
3903,62,-1.027367,25,1230,80.0,0.441387,24,530,0.0,-1,0,[0]
3907,61,-1.507932,25,1040,80.0,2.037647,19,1210,0.360186,24,1130,[1]
3907,61,-1.014804,25,1250,80.0,0.457933,24,530,0.0,-1,0,[0]
3911,62,-1.480805,25,1050,80.0,1.998882,19,1220,0.361791,24,1120,[1]
3911,62,-1.01761,25,1240,80.0,0.444205,24,520,0.0,-1,0,[0]
3916,62,-1.480018,25,1050,80.0,1.997123,19,1220,0.361811,24,1120,[1]
3916,62,-1.020025,25,1240,80.0,0.444102,24,520,0.0,-1,0,[0]
3920,63,-1.476447,25,1050,80.0,1.992013,19,1220,0.358231,24,1130,[1]
3920,63,-1.027307,25,1230,80.0,0.440836,24,520,0.0,-1,0,[0]
3926,59,-1.516686,25,1040,80.0,2.088177,19,1190,0.358446,24,1140,[1]
3926,59,-1.017154,25,1250,80.0,0.466123,24,540,0.0,-1,0,[0]
3929,63,-1.476492,25,1050,80.0,1.992065,19,1220,0.358237,24,1130,[1]
3929,63,-1.027317,25,1230,80.0,0.44089,24,520,0.0,-1,0,[0]
3933,62,-1.483969,25,1050,80.0,2.003002,19,1220,0.35896,24,1130,[1]
3933,62,-1.027407,25,1230,80.0,0.441562,24,530,0.0,-1,0,[0]
3938,61,-1.487105,25,1050,80.0,2.026594,19,1210,0.359922,24,1130,[1]
3938,61,-1.021089,25,1240,80.0,0.45756,24,520,0.0,-1,0,[0]
3948,55,-1.593191,25,1010,80.0,2.168854,19,1180,0.358836,24,1150,[1]
3948,55,-1.027171,25,1250,80.0,0.503429,24,570,0.0,-1,0,[0]
3954,55,-1.574301,25,1020,80.0,2.161209,19,1180,0.361539,24,1140,[1]
3954,55,-1.034703,25,1240,80.0,0.498585,24,570,0.0,-1,0,[0]
3958,58,-1.526713,25,1040,80.0,2.144478,19,1170,0.359702,24,1140,[1]
3958,58,-1.020934,25,1250,80.0,0.472537,24,560,0.0,-1,0,[0]
3963,61,-1.487632,25,1050,80.0,2.027388,19,1210,0.359935,24,1130,[1]
3963,61,-1.021659,25,1240,80.0,0.459406,24,520,0.0,-1,0,[0]
3968,61,-1.486214,25,1050,80.0,2.025216,19,1210,0.359491,24,1130,[1]
3968,61,-1.021044,25,1240,80.0,0.456511,24,520,0.0,-1,0,[0]
3973,61,-1.487982,25,1050,80.0,2.028059,19,1210,0.359872,24,1130,[1 0]
3973,61,-1.013717,25,1250,80.0,0.467913,24,510,0.0,-1,0,[0]
3978,62,-1.484181,25,1050,80.0,2.003243,19,1220,0.358986,24,1130,[1]
3978,62,-1.027468,25,1230,80.0,0.44182,24,530,0.0,-1,0,[0]
3983,63,-1.477082,25,1050,80.0,1.976415,19,1230,0.358342,24,1130,[0]
3983,63,-1.028321,25,1230,80.0,0.451041,24,510,0.0,-1,0,[0]
3988,62,-1.487123,25,1050,80.0,2.009018,19,1220,0.362645,24,1120,[1]
3988,62,-1.020835,25,1240,80.0,0.446804,24,530,0.0,-1,0,[0]
3993,62,-1.48207,25,1050,80.0,2.001242,19,1220,0.359216,24,1130,[1]
3993,62,-1.027721,25,1230,80.0,0.444147,24,530,0.0,-1,0,[0]
3997,63,-1.45931,25,1060,80.0,1.98477,19,1220,0.360755,24,1120,[0]
3997,63,-1.014581,25,1240,80.0,0.439428,24,510,0.0,-1,0,[0]
3999,59,-1.536411,25,1030,80.0,2.098567,19,1190,0.359332,24,1140,[1]
3999,59,-1.018962,25,1250,80.0,0.478996,24,540,0.0,-1,0,[0]
