3002,46,1.554959,0,8360,80.0,-0.965102,7,630,-0.49112,7,580,[0]
3007,63,1.536461,0,8360,80.0,-0.703098,7,610,-0.373109,7,500,[1]
3010,42,1.557459,0,8370,80.0,-1.00589,7,640,-0.53637,7,570,[-1 0]
3015,42,1.557044,0,8370,80.0,-1.001077,7,640,-0.532052,7,570,[0 -1 0]
3019,46,1.555164,0,8360,80.0,-0.96796,7,630,-0.495448,7,580,[0 -1 0]
3022,42,1.557046,0,8370,80.0,-0.984956,7,650,-0.522728,7,580,[0 -1 0]
3033,41,1.558417,0,8370,80.0,-1.002635,7,650,-0.545047,7,570,[-1 0]
3044,62,1.536333,0,8370,80.0,-0.744408,7,600,-0.385199,7,510,[0]
3047,59,1.544611,0,8340,80.0,-0.763894,7,620,-0.383858,7,550,[0 1 0]
3054,49,1.555574,0,8340,80.0,-0.905252,7,640,-0.474974,7,570,[0 -1 0]
3058,62,1.53762,0,8360,80.0,-0.734047,7,600,-0.373636,7,520,[0]
3065,42,1.557066,0,8370,80.0,-1.001538,7,640,-0.532309,7,570,[0 -1 0]
3067,59,1.543326,0,8350,80.0,-0.773159,7,620,-0.397939,7,540,[0]
3071,60,1.539812,0,8360,80.0,-0.758302,7,610,-0.387326,7,530,[0]
3082,44,1.557463,0,8360,80.0,-0.968077,7,650,-0.513518,7,580,[0 -1 0]
3088,45,1.555566,0,8360,80.0,-0.957564,7,640,-0.496527,7,580,[0 -1 0]
3093,49,1.554772,0,8340,80.0,-0.908461,7,630,-0.459889,7,580,[0]
3098,65,1.534941,0,8360,80.0,-0.68857,7,600,-0.360109,7,500,[0]
3103,45,1.555501,0,8360,80.0,-0.957653,7,640,-0.497099,7,580,[0 -1 0]
3109,44,1.557475,0,8360,80.0,-0.968317,7,650,-0.513665,7,580,[0 -1 0]
3114,44,1.557477,0,8360,80.0,-0.968361,7,650,-0.513692,7,580,[0 -1 0]
3118,43,1.557897,0,8360,80.0,-0.973814,7,650,-0.525408,7,570,[0 -1 0]
3124,64,1.533994,0,8370,80.0,-0.70347,7,600,-0.370618,7,500,[0]
3134,44,1.557485,0,8360,80.0,-0.968535,7,650,-0.513799,7,580,[0 -1 0]
3144,43,1.557908,0,8360,80.0,-0.974041,7,650,-0.525531,7,570,[0 -1 0]
3150,58,1.544055,0,8350,80.0,-0.797526,7,610,-0.406009,7,540,[0]
3155,64,1.535444,0,8360,80.0,-0.696793,7,600,-0.363725,7,500,[0]
3158,44,1.556479,0,8360,80.0,-0.971275,7,640,-0.505777,7,580,[0 -1 0]
3162,43,1.55471,0,8380,80.0,-0.995494,7,640,-0.530087,7,570,[0 -1 0]
3166,63,1.53723,0,8360,80.0,-0.727462,7,600,-0.375735,7,510,[0]
3169,47,1.55541,0,8350,80.0,-0.946186,7,630,-0.482237,7,580,[0 -1 0]
3175,44,1.557501,0,8360,80.0,-0.968885,7,650,-0.514015,7,580,[0 -1 0]
3180,44,1.557372,0,8360,80.0,-0.967528,7,650,-0.522616,7,570,[0 -1 0]
3185,49,1.553516,0,8350,80.0,-0.917464,7,630,-0.474125,7,570,[0 -1 0]
3191,64,1.537321,0,8350,80.0,-0.687662,7,610,-0.364502,7,500,[0 -1 0]
3197,44,1.556875,0,8360,80.0,-0.976129,7,640,-0.498282,7,590,[0 -1 0]
3201,61,1.540697,0,8350,80.0,-0.730799,7,620,-0.386863,7,520,[0]
3211,45,1.555905,0,8360,80.0,-0.977603,7,630,-0.49157,7,590,[0 -1 0]
3215,44,1.556663,0,8360,80.0,-0.973589,7,640,-0.506325,7,580,[0]
3226,64,1.535492,0,8360,80.0,-0.697823,7,600,-0.364304,7,500,[0]
3228,58,1.543626,0,8350,80.0,-0.790572,7,610,-0.401245,7,540,[-1 0]
3234,45,1.556332,0,8360,80.0,-0.984326,7,630,-0.496027,7,590,[0 -1 0]
3241,61,1.538905,0,8360,80.0,-0.742522,7,610,-0.386441,7,520,[-1 0]
3248,49,1.553551,0,8350,80.0,-0.932805,7,620,-0.466528,7,580,[0]
3255,46,1.554607,0,8360,80.0,-0.944926,7,640,-0.498476,7,570,[0]
3258,60,1.538246,0,8370,80.0,-0.775954,7,600,-0.399497,7,520,[0]
3278,49,1.555674,0,8340,80.0,-0.907514,7,640,-0.476071,7,570,[0]
3285,58,1.542039,0,8360,80.0,-0.782771,7,620,-0.403667,7,540,[-1 0]
3291,55,1.546675,0,8350,80.0,-0.828161,7,620,-0.424331,7,550,[-1 0 -1 0]
3298,45,1.555574,0,8360,80.0,-0.974573,7,630,-0.498053,7,580,[0]
3304,55,1.547468,0,8350,80.0,-0.840335,7,620,-0.424823,7,560,[-1 0]
3308,49,1.553693,0,8350,80.0,-0.934682,7,620,-0.465968,7,580,[0]
3332,46,1.55494,0,8360,80.0,-0.950246,7,640,-0.501498,7,570,[0]
3337,47,1.553981,0,8360,80.0,-0.952619,7,630,-0.492786,7,570,[0]
3340,58,1.542149,0,8360,80.0,-0.785707,7,620,-0.411829,7,530,[-1 0]
3346,62,1.538529,0,8360,80.0,-0.739105,7,610,-0.388511,7,510,[-1 0]
3356,61,1.53741,0,8370,80.0,-0.749833,7,610,-0.397108,7,510,[0 -1 0 -1 0]
3362,64,1.536566,0,8360,80.0,-0.70559,7,610,-0.375851,7,500,[0]
3373,62,1.539689,0,8350,80.0,-0.727163,7,610,-0.383518,7,510,[0]
3378,64,1.536455,0,8360,80.0,-0.70366,7,610,-0.374427,7,500,[0]
3381,46,1.554438,0,8360,80.0,-0.943649,7,640,-0.498805,7,570,[0]
3390,47,1.553395,0,8360,80.0,-0.944119,7,630,-0.490045,7,570,[0]
3394,62,1.539939,0,8350,80.0,-0.742086,7,600,-0.385558,7,510,[0 -1 0 -1 0]
3401,46,1.556053,0,8350,80.0,-0.940473,7,640,-0.485439,7,580,[0]
3413,63,1.539289,0,8350,80.0,-0.720285,7,610,-0.378032,7,510,[0]
3418,47,1.553406,0,8360,80.0,-0.944349,7,630,-0.490169,7,570,[0]
3423,51,1.551744,0,8350,80.0,-0.905969,7,620,-0.458421,7,570,[0]
3429,48,1.553054,0,8360,80.0,-0.939223,7,630,-0.485501,7,570,[0]
3439,48,1.554797,0,8350,80.0,-0.937496,7,630,-0.484402,7,570,[0]
3453,47,1.553223,0,8360,80.0,-0.942031,7,630,-0.486344,7,570,[0]
3457,47,1.553224,0,8360,80.0,-0.942065,7,630,-0.486365,7,570,[0]
3466,64,1.536154,0,8360,80.0,-0.697855,7,610,-0.373202,7,500,[0]
3510,65,1.537396,0,8350,80.0,-0.689536,7,610,-0.366561,7,500,[0]
3516,52,1.550438,0,8350,80.0,-0.886985,7,620,-0.437784,7,580,[-1 0]
3525,49,1.554949,0,8340,80.0,-0.912481,7,630,-0.453192,7,590,[0]
3535,53,1.549099,0,8350,80.0,-0.87957,7,610,-0.434237,7,570,[-1 0]
3570,61,1.541241,0,8350,80.0,-0.752976,7,610,-0.384652,7,530,[-1 0]
3584,54,1.548116,0,8350,80.0,-0.849505,7,620,-0.42592,7,570,[0 -1 0]
3596,61,1.539067,0,8360,80.0,-0.747582,7,610,-0.388166,7,520,[0 -1 0]
3609,50,1.55481,0,8340,80.0,-0.910567,7,630,-0.460782,7,580,[0]
3618,50,1.552617,0,8350,80.0,-0.919915,7,620,-0.458916,7,580,[0]
3653,53,1.55109,0,8340,80.0,-0.869043,7,620,-0.435579,7,570,[-1 0]
3658,57,1.543882,0,8360,80.0,-0.813303,7,620,-0.423939,7,540,[-1 0]
3684,51,1.551744,0,8350,80.0,-0.893019,7,630,-0.459583,7,570,[-1 0]
3758,59,1.543024,0,8350,80.0,-0.782034,7,610,-0.396187,7,540,[0 -1 0]
3769,62,1.53903,0,8360,80.0,-0.748003,7,610,-0.397105,7,510,[0 -1 0]
3775,55,1.547196,0,8350,80.0,-0.836077,7,620,-0.424088,7,560,[0 -1 0]
3777,52,1.548517,0,8360,80.0,-0.887179,7,620,-0.45385,7,560,[0 -1 0]
3782,62,1.538635,0,8360,80.0,-0.740307,7,610,-0.391816,7,510,[0 -1 0]
3792,54,1.546782,0,8360,80.0,-0.874343,7,610,-0.444746,7,550,[0 -1 0]
3797,53,1.549309,0,8350,80.0,-0.85723,7,630,-0.43645,7,570,[0 -1 0]
3813,62,1.539049,0,8360,80.0,-0.74842,7,610,-0.397332,7,510,[0 -1 0]
3820,53,1.549842,0,8350,80.0,-0.878441,7,620,-0.449592,7,560,[0 -1 0]
3824,56,1.548472,0,8340,80.0,-0.826984,7,620,-0.418314,7,560,[0 -1 0]
3827,63,1.539641,0,8350,80.0,-0.727039,7,610,-0.373881,7,520,[0 -1 0]
3845,53,1.549459,0,8350,80.0,-0.872546,7,620,-0.437091,7,570,[0 -1 0]
3849,56,1.548472,0,8340,80.0,-0.82726,7,620,-0.417923,7,560,[0 -1 0]
3856,58,1.542255,0,8360,80.0,-0.800258,7,610,-0.406267,7,540,[0 -1 0]
3867,63,1.539388,0,8350,80.0,-0.722425,7,610,-0.372879,7,520,[0]
3872,61,1.53919,0,8360,80.0,-0.750277,7,610,-0.389761,7,520,[0 -1 0]
3877,63,1.539627,0,8350,80.0,-0.726588,7,610,-0.374496,7,520,[-1 0]
3888,62,1.538193,0,8360,80.0,-0.74578,7,600,-0.380208,7,520,[0 -1 0]
3893,61,1.539077,0,8360,80.0,-0.74791,7,610,-0.389585,7,520,[0 -1 0]
3896,59,1.541929,0,8360,80.0,-0.782808,7,620,-0.412421,7,530,[0 -1 0]
3916,61,1.53921,0,8360,80.0,-0.750674,7,610,-0.389995,7,520,[0 -1 0]
3922,62,1.538284,0,8360,80.0,-0.734381,7,610,-0.388694,7,510,[0 -1 0]
3927,63,1.537735,0,8360,80.0,-0.738468,7,600,-0.381878,7,510,[-1 0]
3932,63,1.537319,0,8360,80.0,-0.73127,7,600,-0.378397,7,510,[0]
3937,62,1.538657,0,8360,80.0,-0.742669,7,610,-0.391415,7,510,[-1 0]
3941,64,1.536856,0,8360,80.0,-0.723924,7,600,-0.372071,7,510,[0]
3945,56,1.546256,0,8350,80.0,-0.836142,7,610,-0.414813,7,560,[-1 0]
3950,63,1.537743,0,8360,80.0,-0.738686,7,600,-0.382001,7,510,[-1 0]
3955,63,1.537746,0,8360,80.0,-0.738733,7,600,-0.382027,7,510,[-1 0]
3968,63,1.537813,0,8360,80.0,-0.739668,7,600,-0.375389,7,520,[0 -1 0]
3974,63,1.537337,0,8360,80.0,-0.731663,7,600,-0.378619,7,510,[0]
3975,63,1.537816,0,8360,80.0,-0.739733,7,600,-0.375429,7,520,[0 -1 0]
3977,61,1.537584,0,8370,80.0,-0.754084,7,610,-0.40043,7,510,[-1 0]
3982,62,1.53835,0,8360,80.0,-0.748363,7,600,-0.382428,7,520,[-1 0]
3987,62,1.538233,0,8360,80.0,-0.746677,7,600,-0.380715,7,520,[-1 0]
3995,63,1.537523,0,8360,80.0,-0.734472,7,600,-0.380047,7,510,[0 -1 0]
3998,63,1.537009,0,8360,80.0,-0.727019,7,600,-0.373478,7,510,[0]
3999,63,1.537824,0,8360,80.0,-0.739955,7,600,-0.375564,7,520,[0 -1 0]
3003,42,1.556847,0,8370,80.0,-0.983632,7,650,-0.531732,7,570,[0 -1 0]
3021,44,1.557437,0,8360,80.0,-0.967522,7,650,-0.513176,7,580,[0 -1 0]
3041,43,1.557629,0,8360,80.0,-0.969039,7,650,-0.522577,7,570,[0 -1 0]
3045,42,1.558633,0,8360,80.0,-0.998323,7,640,-0.522337,7,580,[-1 0]
3050,44,1.55745,0,8360,80.0,-0.967788,7,650,-0.51334,7,580,[0 -1 0]
3059,39,1.560848,0,8370,80.0,-1.028528,7,650,-0.542315,7,590,[0 -1 0]
3065,48,1.553707,0,8350,80.0,-0.918616,7,630,-0.465696,7,580,[0 -1 0]
3070,44,1.557458,0,8360,80.0,-0.967969,7,650,-0.513451,7,580,[0 -1 0]
3075,44,1.55746,0,8360,80.0,-0.968015,7,650,-0.513479,7,580,[0 -1 0]
3079,44,1.557462,0,8360,80.0,-0.96805,7,650,-0.513501,7,580,[0 -1 0]
3083,42,1.557102,0,8370,80.0,-1.001689,7,640,-0.532367,7,570,[0 -1 0]
3111,43,1.55469,0,8380,80.0,-0.995094,7,640,-0.529842,7,570,[0 -1 0]
3116,44,1.556663,0,8360,80.0,-0.972686,7,640,-0.514609,7,570,[0 -1 0]
3127,52,1.551868,0,8340,80.0,-0.865795,7,630,-0.4322,7,580,[-1 0 -1 0]
3132,44,1.557417,0,8360,80.0,-0.967148,7,650,-0.521694,7,570,[0 -1 0]
3142,44,1.557487,0,8360,80.0,-0.968604,7,650,-0.513842,7,580,[0 -1 0]
3149,46,1.554508,0,8360,80.0,-0.943435,7,640,-0.497619,7,570,[0 -1 0]
3154,44,1.557492,0,8360,80.0,-0.968707,7,650,-0.513905,7,580,[0 -1 0]
3158,44,1.556479,0,8360,80.0,-0.971275,7,640,-0.505777,7,580,[0 -1 0]
3166,45,1.556309,0,8360,80.0,-0.968401,7,640,-0.49571,7,590,[0 -1 0]
3173,45,1.555346,0,8360,80.0,-0.955582,7,640,-0.496707,7,580,[0 -1 0]
3182,48,1.555772,0,8340,80.0,-0.909105,7,640,-0.467717,7,580,[0]
3193,45,1.558069,0,8350,80.0,-0.967639,7,640,-0.503547,7,580,[0 -1 0]
3202,44,1.556749,0,8360,80.0,-0.973412,7,640,-0.497513,7,590,[0 -1 0]
3209,44,1.557515,0,8360,80.0,-0.969169,7,650,-0.51419,7,580,[0 -1 0]
3213,45,1.555542,0,8360,80.0,-0.973836,7,630,-0.497651,7,580,[0 -1 0]
3223,43,1.55759,0,8360,80.0,-0.970686,7,650,-0.51394,7,580,[0 -1 0]
3227,58,1.543734,0,8350,80.0,-0.780331,7,620,-0.402075,7,540,[-1 0]
3242,45,1.556263,0,8360,80.0,-0.984454,7,630,-0.496103,7,590,[0]
3251,45,1.55809,0,8350,80.0,-0.96813,7,640,-0.495277,7,590,[0]
3266,45,1.555562,0,8360,80.0,-0.9743,7,630,-0.497904,7,580,[0]
3272,54,1.549996,0,8340,80.0,-0.837317,7,630,-0.432302,7,560,[-1 0]
3306,47,1.55383,0,8360,80.0,-0.948674,7,630,-0.48333,7,580,[0]
3320,48,1.554465,0,8350,80.0,-0.916687,7,640,-0.483155,7,570,[0]
3325,62,1.538392,0,8360,80.0,-0.735155,7,610,-0.38877,7,510,[-1 0]
3334,65,1.537045,0,8350,80.0,-0.671288,7,620,-0.36271,7,500,[0]
3344,46,1.554771,0,8360,80.0,-0.947714,7,640,-0.498596,7,570,[0]
3348,47,1.553381,0,8360,80.0,-0.943767,7,630,-0.489855,7,570,[0]
3351,48,1.554651,0,8350,80.0,-0.919542,7,640,-0.483559,7,570,[0]
3362,52,1.55004,0,8350,80.0,-0.865058,7,630,-0.442176,7,570,[-1 0]
3369,56,1.548037,0,8340,80.0,-0.806183,7,630,-0.413859,7,560,[-1 0]
3376,46,1.554436,0,8360,80.0,-0.943609,7,640,-0.498782,7,570,[0]
3380,47,1.553824,0,8360,80.0,-0.949924,7,630,-0.491028,7,570,[0]
3403,52,1.550001,0,8350,80.0,-0.865395,7,630,-0.442846,7,570,[-1 0 -1 0]
3408,57,1.545657,0,8350,80.0,-0.810702,7,620,-0.415253,7,550,[-1 0]
3422,51,1.551721,0,8350,80.0,-0.89149,7,630,-0.450579,7,580,[0]
3426,49,1.55559,0,8340,80.0,-0.921604,7,630,-0.458327,7,590,[0]
3445,47,1.553136,0,8360,80.0,-0.940661,7,630,-0.485103,7,570,[0]
3450,48,1.554734,0,8350,80.0,-0.936204,7,630,-0.474696,7,580,[0]
3455,53,1.551077,0,8340,80.0,-0.867057,7,620,-0.4263,7,580,[-1 0]
3465,48,1.554493,0,8350,80.0,-0.933674,7,630,-0.474145,7,580,[0]
3470,49,1.553156,0,8350,80.0,-0.927152,7,620,-0.460974,7,580,[0]
3473,48,1.554895,0,8350,80.0,-0.939074,7,630,-0.477023,7,580,[0]
3477,49,1.554932,0,8340,80.0,-0.912066,7,630,-0.452956,7,590,[0]
3486,49,1.553462,0,8350,80.0,-0.932069,7,620,-0.466517,7,580,[0]
3496,55,1.547272,0,8350,80.0,-0.836463,7,620,-0.429825,7,550,[-1 0]
3500,48,1.554132,0,8350,80.0,-0.927799,7,630,-0.470618,7,580,[0]
3512,61,1.541724,0,8350,80.0,-0.76003,7,610,-0.390983,7,530,[-1 0]
3525,54,1.55046,0,8340,80.0,-0.845232,7,630,-0.436042,7,560,[-1 0]
3537,49,1.554986,0,8340,80.0,-0.913424,7,630,-0.453701,7,590,[0]
3576,55,1.547372,0,8350,80.0,-0.837639,7,620,-0.432497,7,550,[-1 0]
3610,50,1.554108,0,8340,80.0,-0.900042,7,630,-0.461129,7,570,[0]
3614,53,1.549531,0,8350,80.0,-0.873675,7,620,-0.437205,7,570,[-1 0]
3616,57,1.545703,0,8350,80.0,-0.812953,7,620,-0.416451,7,550,[-1 0]
3625,51,1.553779,0,8340,80.0,-0.880926,7,640,-0.452539,7,580,[-1 0]
3628,50,1.554853,0,8340,80.0,-0.911042,7,630,-0.461392,7,580,[0]
3636,48,1.555867,0,8340,80.0,-0.912599,7,640,-0.460846,7,590,[0]
3642,50,1.554093,0,8340,80.0,-0.886575,7,640,-0.454755,7,580,[0]
3660,54,1.550755,0,8340,80.0,-0.849732,7,630,-0.425333,7,580,[-1 0]
3670,55,1.547641,0,8350,80.0,-0.843096,7,620,-0.419844,7,570,[0 -1 0]
3678,57,1.544964,0,8350,80.0,-0.813889,7,610,-0.407407,7,550,[-1 0]
3686,52,1.550112,0,8350,80.0,-0.881873,7,620,-0.444287,7,570,[-1 0]
3698,37,1.559881,0,8390,80.0,-1.058847,7,650,-0.582067,7,570,[-1 0]
3718,59,1.541854,0,8360,80.0,-0.781224,7,620,-0.41143,7,530,[-1 0]
3732,58,1.542616,0,8360,80.0,-0.806626,7,610,-0.411343,7,540,[0 -1 0]
3738,53,1.548077,0,8360,80.0,-0.878934,7,620,-0.450255,7,560,[0 -1 0]
3753,61,1.539005,0,8360,80.0,-0.746676,7,610,-0.381145,7,530,[-1 0]
3759,52,1.548509,0,8360,80.0,-0.887034,7,620,-0.453764,7,560,[0 -1 0]
3766,59,1.541128,0,8360,80.0,-0.783247,7,610,-0.402807,7,530,[0 -1 0]
3775,61,1.53915,0,8360,80.0,-0.749374,7,610,-0.389226,7,520,[0 -1 0]
3789,63,1.537106,0,8360,80.0,-0.727318,7,600,-0.36884,7,520,[0]
3792,60,1.542018,0,8350,80.0,-0.765778,7,610,-0.392674,7,530,[0 -1 0]
3797,57,1.54583,0,8350,80.0,-0.827301,7,610,-0.417378,7,550,[0 -1 0]
3800,53,1.549413,0,8350,80.0,-0.870906,7,620,-0.444486,7,560,[0 -1 0]
3804,59,1.54189,0,8360,80.0,-0.782007,7,620,-0.41192,7,530,[0 -1 0]
3809,65,1.534886,0,8360,80.0,-0.690544,7,600,-0.359812,7,500,[0]
3814,53,1.550035,0,8350,80.0,-0.88083,7,620,-0.451951,7,560,[0 -1 0]
3835,60,1.540913,0,8360,80.0,-0.778215,7,610,-0.401149,7,530,[0 -1 0]
3840,62,1.538293,0,8360,80.0,-0.747059,7,600,-0.381688,7,520,[0 -1 0]
3846,63,1.537459,0,8360,80.0,-0.733052,7,600,-0.379246,7,510,[0]
3856,63,1.537762,0,8360,80.0,-0.738811,7,600,-0.374789,7,520,[0 -1 0]
3860,63,1.53759,0,8360,80.0,-0.73529,7,600,-0.380339,7,510,[0 -1 0]
3865,62,1.539071,0,8360,80.0,-0.7489,7,610,-0.397595,7,510,[0 -1 0]
3868,64,1.534514,0,8370,80.0,-0.727037,7,590,-0.375894,7,500,[0]
3880,62,1.538632,0,8360,80.0,-0.742135,7,610,-0.391101,7,510,[0 -1 0]
3883,54,1.550468,0,8340,80.0,-0.846032,7,630,-0.429592,7,570,[0 -1 0]
3887,62,1.53827,0,8360,80.0,-0.734056,7,610,-0.388502,7,510,[0 -1 0]
3895,61,1.539201,0,8360,80.0,-0.750486,7,610,-0.389884,7,520,[0 -1 0]
3900,61,1.541841,0,8350,80.0,-0.764839,7,610,-0.391892,7,530,[0 -1 0]
3903,62,1.538643,0,8360,80.0,-0.742352,7,610,-0.391229,7,510,[0 -1 0]
3907,61,1.541845,0,8350,80.0,-0.764902,7,610,-0.391928,7,530,[0 -1 0]
3911,62,1.53832,0,8360,80.0,-0.747722,7,600,-0.382064,7,520,[0 -1 0]
3916,62,1.538205,0,8360,80.0,-0.746038,7,600,-0.380354,7,520,[0 -1 0]
3920,63,1.537791,0,8360,80.0,-0.739213,7,600,-0.375114,7,520,[0]
3926,59,1.541194,0,8360,80.0,-0.784691,7,610,-0.396216,7,540,[0 -1 0]
3929,63,1.537795,0,8360,80.0,-0.739299,7,600,-0.375166,7,520,[0 -1 0]
3933,62,1.538656,0,8360,80.0,-0.742632,7,610,-0.391393,7,510,[-1 0]
3938,61,1.539167,0,8360,80.0,-0.749837,7,610,-0.390417,7,520,[-1 0]
3948,55,1.547548,0,8350,80.0,-0.842062,7,620,-0.427543,7,560,[-1 0]
3954,55,1.546976,0,8350,80.0,-0.83469,7,620,-0.428232,7,550,[-1 0]
3958,58,1.542703,0,8360,80.0,-0.808602,7,610,-0.40511,7,550,[-1 0]
3963,61,1.539229,0,8360,80.0,-0.751087,7,610,-0.39024,7,520,[-1 0]
3968,61,1.539107,0,8360,80.0,-0.748571,7,610,-0.389977,7,520,[-1 0]
3973,61,1.541153,0,8350,80.0,-0.752473,7,610,-0.39143,7,520,[-1 0]
3978,62,1.538675,0,8360,80.0,-0.743043,7,610,-0.391636,7,510,[-1 0]
3983,63,1.539673,0,8350,80.0,-0.727957,7,610,-0.382412,7,510,[0]
3988,62,1.539122,0,8360,80.0,-0.749987,7,610,-0.398189,7,510,[-1 0]
3993,62,1.538511,0,8360,80.0,-0.738571,7,610,-0.389559,7,510,[-1 0]
3997,63,1.537199,0,8360,80.0,-0.73004,7,600,-0.37777,7,510,[0]
3999,59,1.542015,0,8360,80.0,-0.79629,7,610,-0.405559,7,540,[-1 0]
