3002,46,7.222821,15,5810,80.0,2.913736,23,3350,1.641026,18,430,[-1 0 -1]
3007,63,7.217756,15,5850,80.0,3.013853,23,3260,1.446983,18,530,[-1 0 -1]
3010,42,7.223944,15,5830,80.0,2.885734,23,3330,1.684918,18,400,[-1 0 -1]
3015,42,7.224432,15,5830,80.0,2.886979,23,3330,1.738968,18,390,[-1 0 -1]
3019,46,7.22385,15,5810,80.0,2.91299,23,3350,1.577147,18,440,[-1 0 -1]
3022,42,7.22114,15,5840,80.0,2.879127,23,3320,1.572969,18,410,[-1 0 -1]
3027,73,7.319528,15,5840,80.0,3.04912,23,3260,1.373723,18,590,[-1 0 -1]
3033,41,7.222837,15,5840,80.0,2.875593,23,3320,1.611608,18,400,[-1 0 -1]
3037,69,7.214391,15,5820,80.0,3.043297,23,3280,1.397219,18,570,[-1 0 -1]
3044,62,7.232166,15,5820,80.0,3.031844,23,3300,1.455721,18,530,[-1 0 -1]
3047,59,7.237525,15,5830,80.0,3.017976,23,3290,1.446944,18,510,[-1 0 -1]
3054,49,7.22137,15,5800,80.0,2.92288,23,3350,1.711658,18,460,[-1 0 -1]
3058,62,7.232184,15,5820,80.0,3.022404,23,3280,1.475312,18,540,[-1 0 -1]
3061,69,7.182304,15,5890,80.0,3.014675,23,3220,1.27936,18,540,[-1 0 -1]
3065,42,7.218058,15,5850,80.0,2.872017,23,3310,1.742999,18,390,[-1 0 -1]
3067,59,7.271624,15,5740,80.0,3.067684,23,3390,1.679089,18,540,[-1 0 -1]
3071,60,7.262793,15,5740,80.0,3.064264,23,3360,1.663867,18,560,[-1 0 -1]
3077,75,7.26835,15,5930,80.0,3.017894,23,3180,1.124307,18,570,[-1 0 -1]
3082,44,7.217315,15,5840,80.0,2.876431,23,3310,1.734272,18,410,[-1 0 -1]
3088,45,7.214565,15,5840,80.0,2.875352,23,3300,1.703886,18,430,[-1 0 -1]
3093,49,7.202383,15,5850,80.0,2.88511,23,3290,1.542072,18,450,[-1 0 -1]
3098,65,7.204384,15,5870,80.0,3.013986,23,3250,1.317671,18,530,[-1 0 -1]
3103,45,7.214827,15,5840,80.0,2.876726,23,3300,1.69804,18,430,[-1 0 -1]
3109,44,7.21732,15,5840,80.0,2.876379,23,3310,1.736387,18,410,[-1 0 -1]
3114,44,7.217325,15,5840,80.0,2.87637,23,3310,1.736775,18,410,[-1 0 -1]
3118,43,7.214628,15,5850,80.0,2.86069,23,3290,1.771826,18,410,[-1 0 -1]
3124,64,7.201962,15,5880,80.0,3.005572,23,3240,1.262065,18,530,[-1 0 -1]
3129,69,7.191453,15,5870,80.0,3.017717,23,3230,1.299565,18,560,[-1 0 -1]
3134,44,7.213843,15,5850,80.0,2.869367,23,3300,1.738316,18,410,[-1 0 -1]
3139,74,7.272903,15,5940,80.0,2.623816,2,1270,1.190424,18,560,[-1 0 -1]
3144,43,7.214635,15,5850,80.0,2.860639,23,3290,1.773819,18,410,[-1 0 -1]
3150,58,7.252166,15,5800,80.0,3.033694,23,3340,1.490162,18,520,[-1 0 -1]
3155,64,7.202563,15,5880,80.0,3.006052,23,3240,1.260961,18,530,[-1 0 -1]
3158,44,7.208075,15,5860,80.0,2.859212,23,3280,1.716149,18,420,[-1 0 -1]
3162,43,7.209002,15,5870,80.0,2.845427,23,3270,1.759977,18,400,[-1 0 -1]
3166,63,7.248682,15,5770,80.0,3.052677,23,3330,1.585028,18,560,[-1 0 -1]
3169,47,7.205875,15,5860,80.0,2.876205,23,3290,1.564954,18,420,[-1 0 -1]
3175,44,7.206694,15,5870,80.0,2.848657,23,3270,1.741415,18,410,[-1 0 -1]
3180,44,7.207219,15,5870,80.0,2.849036,23,3270,1.736034,18,410,[-1 0 -1]
3185,49,7.200332,15,5860,80.0,2.876457,23,3280,1.512733,18,440,[-1 0 -1]
3191,64,7.237826,15,5790,80.0,3.05708,23,3330,1.507996,18,550,[-1 0 -1]
3197,44,7.201139,15,5880,80.0,2.850718,23,3270,1.597223,18,400,[-1 0 -1]
3201,61,7.242997,15,5800,80.0,3.036327,23,3310,1.526465,18,530,[-1 0 -1]
3208,70,7.158153,15,5940,80.0,2.591092,2,1270,1.245737,18,540,[-1 0 -1]
3211,45,7.197217,15,5890,80.0,2.846539,23,3260,1.503813,18,400,[-1 0 -1]
3215,44,7.198281,15,5890,80.0,2.837864,23,3250,1.496668,18,410,[-1 0 -1]
3221,68,7.226784,15,5790,80.0,3.068665,23,3330,1.429107,18,570,[-1 0 -1]
3226,64,7.23521,15,5800,80.0,3.039265,23,3300,1.456784,18,560,[-1 0 -1]
3228,58,7.224317,15,5870,80.0,2.98752,23,3260,1.392123,18,490,[-1 0 -1]
3234,45,7.201086,15,5890,80.0,2.846069,23,3260,1.532105,18,400,[-1 0 -1]
3241,61,7.193495,15,5920,80.0,2.97431,23,3200,1.270571,18,490,[-1 0 -1]
3248,49,7.184635,15,5900,80.0,2.852064,23,3240,1.467602,18,430,[-1 0 -1]
3255,46,7.193587,15,5890,80.0,2.851823,23,3260,1.534518,18,420,[-1 0 -1]
3258,60,7.234305,15,5830,80.0,3.014091,23,3280,1.494173,18,510,[-1 0 -1]
3268,68,7.152987,15,5970,80.0,2.546855,2,1250,1.124088,18,520,[-1 0 -1]
3274,68,7.162873,15,5940,80.0,2.591558,2,1280,1.181676,18,530,[-1 0 -1]
3278,49,7.184713,15,5900,80.0,2.855729,23,3250,1.416036,18,420,[-1 0 -1]
3285,58,7.208103,15,5910,80.0,2.966019,23,3220,1.335553,18,480,[-1 0 -1]
3291,55,7.188822,15,5860,80.0,2.984965,23,3270,1.532372,18,470,[-1 0 -1]
3298,45,7.1888,15,5910,80.0,2.836658,23,3240,1.464833,18,400,[-1 0 -1]
3304,55,7.168616,15,5910,80.0,2.955396,23,3220,1.327394,18,470,[-1 0 -1]
3308,49,7.180017,15,5910,80.0,2.850509,23,3240,1.400217,18,420,[-1 0 -1]
3313,68,7.201257,15,5860,80.0,3.016819,23,3240,1.319082,18,560,[-1 0 -1]
3318,69,7.138995,15,5990,80.0,2.506545,2,1220,1.110374,18,520,[-1 0 -1]
3332,46,7.180031,15,5920,80.0,2.831772,23,3230,1.389567,18,400,[-1 0 -1]
3337,47,7.181284,15,5920,80.0,2.835712,23,3230,1.466569,18,400,[-1 0 -1]
3340,58,7.198545,15,5930,80.0,2.95542,23,3200,1.272598,18,470,[-1 0 -1]
3346,62,7.220005,15,5860,80.0,2.996013,23,3240,1.434494,18,520,[-1 0 -1]
3350,73,7.203995,15,5970,80.0,2.561747,2,1230,1.11842,18,550,[-1 0 -1]
3356,61,7.214053,15,5870,80.0,2.98876,23,3230,1.429678,18,510,[-1 0 -1]
3362,64,7.178157,15,5940,80.0,2.560899,2,1290,1.212015,18,510,[-1 0 -1]
3366,70,7.189485,15,5870,80.0,4.406501,23,3250,1.315134,18,550,[-1 0 -1]
3373,62,7.203512,15,5890,80.0,2.993553,23,3230,1.297544,18,510,[-1 0 -1]
3378,64,7.198731,15,5890,80.0,2.998093,23,3230,1.260364,18,520,[-1 0 -1]
3381,46,7.179128,15,5930,80.0,2.821644,23,3210,1.510407,18,400,[-1 0 -1]
3390,47,7.176448,15,5930,80.0,2.82577,23,3210,1.475685,18,410,[-1 0 -1]
3394,62,7.203243,15,5890,80.0,2.986623,23,3220,1.334884,18,510,[-1 0 -1]
3401,46,7.179442,15,5930,80.0,2.82177,23,3210,1.400382,18,410,[-1 0 -1]
3413,63,7.197346,15,5900,80.0,2.984058,23,3210,1.281087,18,510,[-1 0 -1]
3418,47,7.168,15,5950,80.0,2.819994,23,3200,1.314384,18,390,[-1 0 -1]
3423,51,7.161455,15,5940,80.0,2.835182,23,3200,1.360366,18,420,[-1 0 -1]
3429,48,7.165863,15,5950,80.0,2.816711,23,3190,1.374061,18,400,[-1 0 -1]
3433,68,7.188541,15,5890,80.0,3.002688,23,3210,1.240932,18,550,[-1 0 -1]
3439,48,7.16226,15,5960,80.0,2.811083,23,3180,1.361502,18,400,[-1 0 -1]
3442,70,7.124207,15,6010,80.0,2.481207,2,1190,0.986601,18,520,[-1 0 -1]
3447,65,7.185546,15,5910,80.0,2.988815,23,3200,1.262772,18,520,[-1 0 -1]
3453,47,7.168618,15,5950,80.0,2.429578,2,1300,1.394013,18,400,[-1 0 -1]
3457,47,7.168622,15,5950,80.0,2.429559,2,1300,1.394257,18,400,[-1 0 -1]
3466,64,7.180682,15,5930,80.0,2.978895,23,3190,1.162412,18,510,[-1 0 -1]
3510,65,7.174189,15,5940,80.0,2.57097,2,1290,1.188681,18,520,[-1 0 -1]
3516,52,7.150572,15,5970,80.0,2.436372,2,1280,1.162125,18,430,[-1 0 -1]
3525,49,7.149119,15,5980,80.0,2.415647,2,1280,1.183728,18,400,[-1 0 -1]
3530,66,7.165132,15,5950,80.0,2.570335,2,1280,1.188237,18,500,[-1 0 -1]
3535,53,7.145354,15,5970,80.0,2.435181,2,1270,1.318652,18,430,[-1 0 -1]
3539,67,7.166421,15,5940,80.0,2.57965,2,1280,1.217746,18,520,[-1 0 -1]
3543,67,7.165374,15,5940,80.0,2.57954,2,1280,1.240494,18,520,[-1 0 -1]
3546,71,7.157593,15,5940,80.0,2.606528,2,1280,1.220702,18,540,[-1 0 -1]
3549,67,7.166831,15,5950,80.0,2.573081,2,1280,1.18304,18,510,[-1 0 -1]
3554,69,7.160306,15,5940,80.0,2.582408,2,1270,1.207738,18,540,[-1 0 -1]
3560,65,7.13594,15,6020,80.0,2.41072,2,1180,1.037978,18,500,[-1 0 -1]
3567,71,7.136233,15,5980,80.0,2.556949,2,1240,1.13474,18,530,[-1 0 -1]
3570,61,7.157271,15,6000,80.0,2.446661,2,1230,1.04328,18,470,[-1 0 -1]
3574,68,7.156756,15,5960,80.0,2.554294,2,1260,1.184274,18,520,[-1 0 -1]
3579,70,7.148938,15,5960,80.0,2.589769,2,1270,1.076431,18,530,[-1 0 -1]
3584,54,7.124619,15,6010,80.0,2.381955,2,1230,1.082976,18,430,[-1 0 -1]
3590,69,7.143953,15,5980,80.0,2.563654,2,1260,1.050923,18,510,[-1 0 -1]
3596,61,7.141807,15,6030,80.0,2.3757,2,1180,1.091565,18,460,[-1 0 -1]
3598,70,7.107005,15,6050,80.0,2.414453,2,1150,0.878847,18,490,[-1 0 -1]
3600,68,7.147192,15,5980,80.0,2.537771,2,1250,1.081944,18,500,[-1 0 -1]
3603,68,7.122676,15,6030,80.0,2.438942,2,1180,0.942757,18,500,[-1 0 -1]
3609,50,7.129523,15,6020,80.0,2.340625,2,1230,1.103885,18,390,[-1 0 -1]
3612,69,7.144695,15,5980,80.0,2.534461,2,1240,1.061354,18,530,[-1 0 -1]
3618,50,7.135005,15,6010,80.0,2.354437,2,1240,1.138722,18,400,[-1 0 -1]
3621,69,7.145324,15,5980,80.0,2.517835,2,1230,1.139886,18,520,[-1 0 -1]
3623,69,7.142333,15,5980,80.0,2.538276,2,1240,1.084793,18,520,[-1 0 -1]
3626,69,7.137546,15,5990,80.0,2.524284,2,1230,1.033898,18,530,[-1 0 -1]
3633,67,7.102057,15,6070,80.0,2.350236,2,1120,0.932656,18,470,[-1 0 -1]
3635,68,7.142514,15,5990,80.0,2.524735,2,1240,1.091085,18,500,[-1 0 -1]
3642,70,7.134778,15,5990,80.0,2.533808,2,1230,1.060611,18,530,[-1 0 -1]
3645,70,7.129141,15,6000,80.0,2.520673,2,1220,1.075095,18,510,[-1 0 -1]
3647,69,7.139445,15,5990,80.0,2.506399,2,1220,1.123552,18,520,[-1 0 -1]
3653,53,7.127587,15,6010,80.0,2.372494,2,1230,1.174277,18,410,[-1 0 -1]
3658,57,7.165947,15,6010,80.0,2.390831,2,1220,1.152709,18,430,[-1 0 -1]
3661,69,7.130128,15,6010,80.0,2.488805,2,1210,0.944055,18,510,[-1 0 -1]
3668,68,7.134574,15,6000,80.0,2.489385,2,1210,1.088999,18,510,[-1 0 -1]
3675,69,7.135099,15,6000,80.0,2.491243,2,1210,1.003852,18,520,[-1 0 -1]
3679,68,7.128099,15,6020,80.0,2.471625,2,1200,1.030448,18,500,[-1 0 -1]
3681,69,7.128112,15,6010,80.0,2.4815,2,1200,1.037822,18,510,[-1 0 -1]
3684,51,7.12588,15,6020,80.0,2.33358,2,1220,1.113439,18,410,[-1 0 -1]
3691,69,7.125955,15,6020,80.0,2.474772,2,1200,1.020718,18,500,[-1 0 -1]
3696,69,7.126264,15,6010,80.0,2.484439,2,1200,1.071198,18,500,[-1 0 -1]
3699,69,7.125617,15,6020,80.0,2.463255,2,1190,1.00223,18,500,[-1 0 -1]
3703,69,7.128428,15,6010,80.0,2.479711,2,1200,1.039364,18,510,[-1 0 -1]
3706,69,7.127739,15,6010,80.0,2.482714,2,1200,1.004408,18,510,[-1 0 -1]
3708,70,7.130541,15,6000,80.0,2.489647,2,1200,1.035421,18,520,[-1 0 -1]
3712,69,7.125306,15,6020,80.0,2.475802,2,1200,1.007488,18,500,[-1 0 -1]
3717,69,7.127366,15,6010,80.0,2.482009,2,1200,1.033444,18,510,[-1 0 -1]
3724,69,7.127865,15,6010,80.0,2.467665,2,1190,1.023188,18,510,[-1 0 -1]
3729,69,7.125651,15,6020,80.0,2.460455,2,1190,1.00376,18,500,[-1 0 -1]
3738,70,7.127116,15,6010,80.0,2.470946,2,1190,1.056009,18,520,[-1 0 -1]
3742,70,7.125181,15,6010,80.0,2.475068,2,1190,1.040161,18,520,[-1 0 -1]
3746,67,7.102826,15,6070,80.0,2.364517,2,1130,0.912454,18,470,[-1 0 -1]
3752,66,7.100388,15,6080,80.0,2.325792,2,1110,0.919163,18,460,[-1 0 -1]
3758,59,7.143105,15,6040,80.0,2.355107,2,1180,1.048814,18,450,[-1 0 -1]
3760,72,7.188713,15,6010,80.0,2.482746,2,1180,1.003554,18,520,[-1 0]
3762,69,7.11806,15,6030,80.0,2.438743,2,1170,0.918254,18,510,[-1 0 -1]
3764,71,7.116432,15,6020,80.0,2.460219,2,1170,0.943032,18,520,[-1 0 -1]
3769,62,7.13682,15,6040,80.0,2.346132,2,1160,1.059262,18,460,[-1 0 -1]
3772,70,7.110611,15,6040,80.0,2.433541,2,1160,0.916476,18,500,[-1 0 -1]
3775,55,7.102861,15,6050,80.0,2.299489,2,1170,1.002937,18,430,[-1 0 -1]
3777,52,7.111554,15,6050,80.0,2.284683,2,1180,1.073163,18,400,[-1 0 -1]
3782,62,7.125156,15,6060,80.0,2.336686,2,1150,0.987882,18,450,[-1 0 -1]
3787,70,7.112254,15,6040,80.0,2.437583,2,1170,1.00028,18,490,[-1 0 -1]
3792,54,7.102422,15,6060,80.0,2.284969,2,1170,1.080053,18,400,[-1 0 -1]
3797,53,7.097995,15,6070,80.0,2.264463,2,1160,0.954938,18,400,[-1 0 -1]
3800,70,7.114349,15,6030,80.0,2.437942,2,1160,1.004211,18,500,[-1 0 -1]
3802,70,7.115078,15,6030,80.0,2.437419,2,1160,1.019666,18,500,[-1 0]
3806,71,7.106955,15,6040,80.0,2.44523,2,1160,0.903943,18,510,[-1 0 -1]
3813,62,7.126716,15,6060,80.0,2.330892,2,1150,0.994846,18,450,[-1 0 -1]
3820,53,7.105138,15,6060,80.0,2.272143,2,1170,1.100117,18,390,[-1 0 -1]
3824,56,7.083598,15,6080,80.0,2.262433,2,1140,0.940158,18,410,[-1 0 -1]
3827,63,7.118903,15,6070,80.0,2.32735,2,1140,0.989148,18,440,[-1 0 -1]
3831,71,7.108999,15,6040,80.0,2.426153,2,1150,0.979184,18,500,[-1 0]
3837,72,7.173994,15,6040,80.0,2.450771,2,1160,0.916274,18,500,[-1 0]
3841,71,7.106843,15,6040,80.0,2.43182,2,1150,0.951306,18,500,[-1 0]
3845,53,7.091912,15,6080,80.0,2.24867,2,1150,0.927236,18,390,[-1 0 -1]
3849,56,7.083652,15,6090,80.0,2.24433,2,1130,0.874843,18,420,[-1 0 -1]
3855,71,7.104915,15,6050,80.0,2.408925,2,1140,0.928498,18,490,[-1 0]
3856,58,7.129875,15,6070,80.0,2.287364,2,1140,1.024853,18,430,[-1 0]
3862,72,7.169143,15,6050,80.0,2.423528,2,1140,0.916308,18,500,[-1 0]
3867,63,7.110642,15,6080,80.0,2.303898,2,1120,0.963294,18,440,[-1 0]
3872,61,7.111453,15,6090,80.0,2.286093,2,1120,0.970832,18,440,[-1 0]
3877,63,7.09258,15,6120,80.0,2.239908,2,1080,0.793267,18,430,[-1 0]
3880,65,7.103494,15,6080,80.0,2.329647,2,1120,0.892179,18,460,[-1 0]
3885,70,7.067672,15,6120,80.0,2.275346,2,1040,0.723036,18,470,[-1 0]
3888,62,7.108685,15,6090,80.0,2.280914,2,1110,0.936036,18,450,[-1 0]
3893,61,7.111432,15,6090,80.0,2.286925,2,1120,0.945518,18,440,[-1 0]
3896,59,7.120023,15,6090,80.0,2.274187,2,1130,0.917797,18,420,[-1 0]
3912,69,7.059571,15,6140,80.0,2.23428,2,1020,0.618267,18,460,[-1 0]
3916,61,7.106229,15,6100,80.0,2.256733,2,1100,0.904919,18,430,[-1 0]
3922,62,7.103913,15,6100,80.0,2.265945,2,1100,0.894668,18,440,[-1 0]
3927,63,7.101137,15,6100,80.0,2.272509,2,1100,0.843833,18,440,[-1 0]
3932,63,7.100797,15,6100,80.0,2.274577,2,1100,0.871768,18,450,[-1 0]
3937,62,7.098641,15,6110,80.0,2.262904,2,1100,0.842005,18,430,[-1 0]
3941,64,7.098917,15,6100,80.0,2.280886,2,1100,0.89994,18,440,[-1 0]
3945,56,7.065654,15,6120,80.0,2.204804,2,1100,0.850029,18,400,[-1 0]
3950,63,7.101163,15,6100,80.0,2.272374,2,1100,0.844881,18,440,[-1 0]
3955,63,7.101166,15,6100,80.0,2.272345,2,1100,0.845107,18,440,[-1 0]
3958,68,7.096151,15,6080,80.0,2.330925,2,1100,0.884859,18,470,[-1 0 -1]
3963,66,7.068682,15,6140,80.0,2.215752,2,1030,0.708658,18,440,[-1 0]
3968,63,7.103673,15,6100,80.0,2.267875,2,1100,0.863127,18,440,[-1 0]
3974,63,7.100841,15,6100,80.0,2.274361,2,1100,0.873683,18,450,[-1 0]
3975,63,7.103673,15,6100,80.0,2.267838,2,1100,0.863442,18,440,[-1 0]
3977,61,7.100757,15,6110,80.0,2.24053,2,1090,0.922501,18,430,[-1 0]
3982,62,7.104815,15,6100,80.0,2.263684,2,1100,0.870652,18,440,[-1 0]
3987,62,7.10354,15,6100,80.0,2.251817,2,1090,0.872976,18,440,[-1 0]
3992,66,7.09209,15,6100,80.0,2.275984,2,1080,0.855168,18,460,[-1 0 -1]
3995,63,7.089913,15,6120,80.0,2.231473,2,1070,0.828938,18,440,[-1 0]
3998,63,7.095615,15,6110,80.0,2.235247,2,1070,0.854333,18,450,[-1 0]
3999,63,7.098248,15,6110,80.0,2.239694,2,1080,0.864515,18,440,[-1 0]
3003,42,7.228886,15,5810,80.0,2.887574,23,3330,1.780223,18,420,[-1 0 -1]
3008,71,7.195544,15,5850,80.0,3.03407,23,3250,1.346244,18,570,[-1 0 -1]
3021,44,7.223789,15,5820,80.0,2.898558,23,3340,1.729358,18,410,[-1 0 -1]
3028,73,7.337375,15,5800,80.0,3.075212,23,3310,1.376374,18,610,[-1 0 -1]
3041,43,7.22262,15,5830,80.0,2.882682,23,3320,1.753717,18,410,[-1 0 -1]
3045,42,7.222517,15,5830,80.0,2.887824,23,3330,1.683812,18,410,[-1 0 -1]
3050,44,7.220634,15,5830,80.0,2.883717,23,3320,1.731717,18,410,[-1 0 -1]
3059,39,7.219511,15,5860,80.0,2.847114,23,3290,1.697473,18,380,[-1 0 -1]
3065,48,7.220042,15,5800,80.0,2.916228,23,3340,1.722259,18,460,[-1 0 -1]
3070,44,7.220644,15,5830,80.0,2.883676,23,3320,1.73332,18,410,[-1 0 -1]
3075,44,7.217311,15,5840,80.0,2.876445,23,3310,1.733717,18,410,[-1 0 -1]
3079,44,7.21731,15,5840,80.0,2.876436,23,3310,1.734034,18,410,[-1 0 -1]
3083,42,7.221383,15,5850,80.0,2.871333,23,3310,1.746951,18,390,[-1 0 -1]
3096,72,7.248246,15,5880,80.0,3.024924,23,3220,1.302771,18,580,[-1 0 -1]
3111,43,7.216083,15,5850,80.0,2.866502,23,3300,1.756081,18,400,[-1 0 -1]
3116,44,7.210209,15,5850,80.0,2.864604,23,3290,1.74299,18,420,[-1 0 -1]
3127,52,7.192663,15,5860,80.0,2.890091,23,3280,1.478601,18,460,[-1 0 -1]
3132,44,7.215229,15,5850,80.0,2.862704,23,3290,1.739113,18,410,[-1 0 -1]
3142,44,7.210316,15,5860,80.0,2.862434,23,3290,1.738928,18,410,[-1 0 -1]
3149,46,7.206207,15,5860,80.0,2.873091,23,3290,1.598676,18,430,[-1 0 -1]
3154,44,7.210321,15,5860,80.0,2.855488,23,3280,1.739838,18,410,[-1 0 -1]
3158,44,7.208075,15,5860,80.0,2.859212,23,3280,1.716149,18,420,[-1 0 -1]
3166,45,7.212067,15,5860,80.0,2.859471,23,3280,1.695352,18,420,[-1 0 -1]
3169,66,7.188797,15,5900,80.0,2.994262,23,3210,1.288768,18,530,[-1 0 -1]
3173,45,7.206385,15,5860,80.0,2.869621,23,3290,1.597843,18,420,[-1 0 -1]
3182,48,7.194798,15,5870,80.0,2.868298,23,3270,1.576625,18,440,[-1 0 -1]
3187,71,7.22144,15,5950,80.0,2.616899,2,1280,1.117257,18,540,[-1 0 -1]
3193,45,7.201446,15,5880,80.0,2.859534,23,3280,1.530495,18,400,[-1 0 -1]
3202,44,7.202035,15,5880,80.0,2.857437,23,3280,1.590722,18,400,[-1 0 -1]
3209,44,7.199372,15,5890,80.0,2.848592,23,3270,1.574416,18,390,[-1 0 -1]
3213,45,7.20037,15,5880,80.0,2.84983,23,3260,1.541274,18,410,[-1 0 -1]
3217,70,7.159462,15,5940,80.0,2.615255,2,1290,1.155144,18,540,[-1 0 -1]
3223,43,7.200267,15,5890,80.0,2.836377,23,3250,1.590619,18,390,[-1 0 -1]
3227,58,7.217486,15,5890,80.0,2.977022,23,3240,1.389611,18,490,[-1 0 -1]
3242,45,7.199473,15,5890,80.0,2.846312,23,3260,1.531205,18,400,[-1 0 -1]
3251,45,7.193949,15,5900,80.0,2.839826,23,3250,1.534584,18,400,[-1 0 -1]
3256,69,7.157903,15,5950,80.0,2.580293,2,1270,1.160588,18,530,[-1 0 -1]
3266,45,7.192771,15,5900,80.0,2.83673,23,3240,1.544969,18,410,[-1 0 -1]
3272,54,7.169751,15,5910,80.0,2.965816,23,3240,1.363254,18,450,[-1 0 -1]
3276,68,7.165628,15,5940,80.0,2.61139,2,1300,1.177845,18,520,[-1 0 -1]
3287,70,7.169356,15,5920,80.0,2.628967,2,1300,1.268321,18,540,[-1 0 -1]
3292,65,7.216381,15,5840,80.0,3.023044,23,3270,1.437538,18,540,[-1 0 -1]
3306,47,7.18485,15,5910,80.0,2.848005,23,3250,1.368926,18,410,[-1 0 -1]
3310,65,7.208236,15,5860,80.0,3.024419,23,3270,1.3178,18,530,[-1 0 -1]
3320,48,7.187003,15,5900,80.0,2.847612,23,3240,1.478827,18,420,[-1 0 -1]
3325,62,7.177895,15,5950,80.0,2.530677,2,1280,1.230167,18,490,[-1 0 -1]
3334,65,7.191373,15,5900,80.0,2.992551,23,3210,1.280447,18,520,[-1 0 -1]
3339,72,7.199295,15,5990,80.0,2.522352,2,1210,1.066936,18,530,[-1 0 -1]
3344,46,7.177458,15,5930,80.0,2.82621,23,3220,1.384531,18,400,[-1 0 -1]
3348,47,7.180586,15,5920,80.0,2.831726,23,3220,1.472969,18,410,[-1 0 -1]
3351,48,7.173717,15,5930,80.0,2.834316,23,3220,1.417155,18,410,[-1 0 -1]
3362,52,7.164815,15,5930,80.0,2.853665,23,3220,1.333819,18,440,[-1 0 -1]
3369,56,7.153556,15,5940,80.0,2.506155,2,1300,1.335919,18,450,[-1 0 -1]
3376,46,7.179124,15,5930,80.0,2.821655,23,3210,1.510085,18,400,[-1 0 -1]
3380,47,7.177365,15,5930,80.0,2.830184,23,3220,1.451685,18,400,[-1 0 -1]
3398,68,7.139999,15,5990,80.0,2.516857,2,1230,1.087632,18,510,[-1 0 -1]
3403,52,7.16486,15,5930,80.0,2.939289,23,3200,1.330382,18,440,[-1 0 -1]
3408,57,7.184749,15,5970,80.0,2.482546,2,1280,1.146866,18,450,[-1 0 -1]
3420,71,7.12014,15,6020,80.0,2.452494,2,1170,0.976102,18,520,[-1 0 -1]
3422,51,7.165004,15,5940,80.0,2.841544,23,3210,1.259778,18,430,[-1 0 -1]
3426,49,7.168736,15,5940,80.0,2.832659,23,3210,1.323205,18,410,[-1 0 -1]
3433,77,7.217721,15,6020,80.0,2.50928,2,1160,0.887939,18,540,[-1 0 -1]
3440,66,7.120553,15,6040,80.0,2.41294,2,1170,0.973184,18,490,[-1 0 -1]
3445,47,7.162673,15,5960,80.0,2.810926,23,3180,1.381364,18,400,[-1 0 -1]
3450,48,7.161957,15,5960,80.0,2.817036,23,3190,1.350731,18,400,[-1 0 -1]
3455,53,7.15545,15,5950,80.0,2.929315,23,3180,1.294731,18,440,[-1 0 -1]
3465,48,7.161323,15,5960,80.0,2.818585,23,3190,1.310474,18,400,[-1 0 -1]
3470,49,7.160713,15,5960,80.0,2.443052,2,1300,1.276866,18,410,[-1 0 -1]
3473,48,7.16204,15,5960,80.0,2.811434,23,3180,1.37019,18,400,[-1 0 -1]
3477,49,7.16241,15,5950,80.0,2.463917,2,1310,1.338972,18,420,[-1 0 -1]
3486,49,7.15966,15,5960,80.0,2.443173,2,1300,1.284607,18,410,[-1 0 -1]
3496,55,7.145492,15,5960,80.0,2.500656,2,1300,1.224793,18,440,[-1 0 -1]
3500,48,7.158453,15,5960,80.0,2.424142,2,1290,1.365632,18,410,[-1 0 -1]
3511,70,7.122165,15,6020,80.0,2.472086,2,1190,0.985802,18,510,[-1 0 -1]
3512,61,7.159412,15,6000,80.0,2.426694,2,1220,1.145951,18,460,[-1 0 -1]
3525,54,7.150378,15,5960,80.0,2.45364,2,1280,1.217325,18,440,[-1 0 -1]
3533,68,7.117047,15,6040,80.0,2.423728,2,1170,1.011672,18,490,[-1 0 -1]
3537,49,7.143825,15,5990,80.0,2.401155,2,1270,1.182268,18,400,[-1 0 -1]
3540,70,7.115168,15,6030,80.0,2.447537,2,1170,0.966388,18,510,[-1 0 -1]
3551,73,7.184504,15,6010,80.0,2.492936,2,1180,0.975796,18,530,[-1 0 -1]
3555,67,7.104244,15,6070,80.0,2.357755,2,1130,0.910967,18,480,[-1 0 -1]
3561,66,7.112908,15,6060,80.0,2.376389,2,1150,0.933098,18,470,[-1 0 -1]
3563,67,7.158807,15,5960,80.0,2.558334,2,1270,1.223214,18,510,[-1 0 -1]
3572,70,7.122766,15,6020,80.0,2.470028,2,1190,1.059022,18,500,[-1 0 -1]
3576,55,7.126846,15,6000,80.0,2.404913,2,1240,1.160864,18,430,[-1 0 -1]
3581,69,7.154305,15,5960,80.0,2.549917,2,1250,1.179974,18,530,[-1 0 -1]
3597,68,7.145679,15,5980,80.0,2.543247,2,1250,1.053834,18,520,[-1 0 -1]
3610,50,7.134255,15,6010,80.0,2.359277,2,1240,1.104069,18,400,[-1 0 -1]
3614,53,7.132859,15,6000,80.0,2.384289,2,1240,1.144891,18,420,[-1 0 -1]
3616,57,7.170931,15,6000,80.0,2.406526,2,1230,1.146657,18,450,[-1 0 -1]
3625,51,7.127291,15,6020,80.0,2.347923,2,1230,1.077275,18,400,[-1 0 -1]
3628,50,7.134934,15,6010,80.0,2.353121,2,1240,1.09218,18,390,[-1 0 -1]
3636,48,7.128104,15,6030,80.0,2.312478,2,1220,1.128947,18,380,[-1 0 -1]
3642,50,7.129665,15,6020,80.0,2.344415,2,1230,1.097741,18,400,[-1 0 -1]
3649,70,7.094383,15,6070,80.0,2.379639,2,1120,0.851334,18,490,[-1 0 -1]
3652,70,7.10422,15,6050,80.0,2.423887,2,1150,0.882158,18,500,[-1 0 -1]
3660,54,7.126908,15,6010,80.0,2.357974,2,1220,1.151418,18,430,[-1 0 -1]
3670,55,7.102899,15,6050,80.0,2.311892,2,1180,1.032673,18,410,[-1 0 -1]
3678,57,7.159486,15,6020,80.0,2.382625,2,1210,1.024814,18,440,[-1 0 -1]
3681,67,7.105725,15,6070,80.0,2.358457,2,1130,0.939896,18,470,[-1 0 -1]
3686,52,7.124049,15,6020,80.0,2.33376,2,1210,1.120503,18,410,[-1 0 -1]
3691,70,7.097295,15,6070,80.0,2.361019,2,1110,0.923112,18,480,[-1 0 -1]
3698,37,7.148465,15,6040,80.0,2.203923,2,1220,1.288235,18,320,[-1 0 -1]
3702,68,7.119868,15,6030,80.0,2.461699,2,1190,0.917506,18,500,[-1 0 -1]
3713,70,7.104947,15,6050,80.0,2.407243,2,1140,0.898952,18,500,[-1 0 -1]
3718,59,7.14547,15,6040,80.0,2.349059,2,1180,1.051333,18,440,[-1 0 -1]
3721,70,7.08556,15,6090,80.0,2.334344,2,1090,0.811469,18,480,[-1 0]
3725,69,7.093775,15,6080,80.0,2.322945,2,1090,0.836321,18,490,[-1 0]
3732,58,7.148291,15,6040,80.0,2.354328,2,1190,1.041469,18,430,[-1 0 -1]
3738,53,7.109304,15,6050,80.0,2.287541,2,1180,1.02805,18,400,[-1 0 -1]
3744,71,7.12314,15,6010,80.0,2.484574,2,1190,1.031698,18,510,[-1 0 -1]
3746,69,7.094423,15,6080,80.0,2.336753,2,1100,0.885014,18,480,[-1 0]
3753,61,7.106097,15,6100,80.0,2.27224,2,1110,0.868697,18,430,[-1 0 -1]
3759,52,7.11654,15,6040,80.0,2.299914,2,1190,1.072268,18,400,[-1 0 -1]
3766,59,7.137737,15,6050,80.0,2.341178,2,1170,0.977423,18,440,[-1 0 -1]
3775,61,7.131906,15,6050,80.0,2.3451,2,1160,1.034914,18,450,[-1 0 -1]
3789,63,7.100588,15,6100,80.0,2.26446,2,1090,0.862081,18,450,[-1 0]
3792,60,7.129921,15,6060,80.0,2.334926,2,1160,0.981869,18,450,[-1 0 -1]
3797,57,7.141224,15,6060,80.0,2.314307,2,1170,0.951854,18,420,[-1 0 -1]
3800,53,7.104119,15,6060,80.0,2.280562,2,1170,1.001127,18,400,[-1 0 -1]
3804,59,7.135514,15,6060,80.0,2.318806,2,1160,0.983999,18,430,[-1 0 -1]
3809,65,7.0871,15,6110,80.0,2.274392,2,1080,0.820469,18,450,[-1 0]
3814,53,7.104377,15,6060,80.0,2.271739,2,1170,1.101296,18,390,[-1 0 -1]
3822,71,7.086312,15,6080,80.0,2.379119,2,1110,0.824814,18,480,[-1 0]
3826,71,7.077589,15,6100,80.0,2.304554,2,1060,0.759977,18,480,[-1 0]
3835,60,7.128314,15,6070,80.0,2.312634,2,1150,0.896299,18,430,[-1 0 -1]
3840,62,7.120381,15,6070,80.0,2.308381,2,1130,0.931688,18,450,[-1 0 -1]
3846,63,7.116308,15,6070,80.0,2.318141,2,1130,0.955758,18,460,[-1 0]
3856,63,7.117592,15,6070,80.0,2.314519,2,1130,0.978203,18,460,[-1 0]
3860,63,7.116177,15,6070,80.0,2.317193,2,1130,0.956832,18,460,[-1 0]
3865,62,7.121598,15,6070,80.0,2.301267,2,1130,0.997388,18,450,[-1 0]
3868,64,7.108842,15,6080,80.0,2.312549,2,1120,0.855712,18,460,[-1 0]
3880,62,7.109079,15,6090,80.0,2.277861,2,1110,0.975418,18,450,[-1 0]
3883,54,7.084862,15,6090,80.0,2.242909,2,1140,0.921322,18,400,[-1 0 -1]
3887,62,7.109116,15,6090,80.0,2.280721,2,1110,0.960099,18,450,[-1 0]
3895,61,7.111477,15,6090,80.0,2.285978,2,1120,0.971923,18,440,[-1 0]
3900,61,7.114234,15,6090,80.0,2.277496,2,1120,0.944055,18,430,[-1 0]
3903,62,7.098606,15,6110,80.0,2.277741,2,1110,0.840444,18,430,[-1 0]
3907,61,7.114238,15,6090,80.0,2.277463,2,1120,0.944383,18,430,[-1 0]
3911,62,7.104748,15,6100,80.0,2.264056,2,1100,0.867411,18,440,[-1 0]
3916,62,7.103472,15,6100,80.0,2.266149,2,1100,0.869742,18,440,[-1 0]
3920,63,7.103633,15,6100,80.0,2.268123,2,1100,0.860936,18,440,[-1 0]
3926,59,7.111937,15,6100,80.0,2.237589,2,1100,0.914989,18,430,[-1 0]
3929,63,7.103639,15,6100,80.0,2.268076,2,1100,0.861352,18,440,[-1 0]
3933,62,7.098636,15,6110,80.0,2.262926,2,1100,0.841824,18,430,[-1 0]
3938,61,7.106423,15,6100,80.0,2.257592,2,1100,0.900695,18,430,[-1 0]
3948,55,7.072635,15,6110,80.0,2.193619,2,1100,0.80918,18,400,[-1 0 -1]
3954,55,7.073193,15,6110,80.0,2.19511,2,1100,0.845731,18,410,[-1 0]
3958,58,7.10671,15,6120,80.0,2.20503,2,1090,0.909982,18,410,[-1 0]
3963,61,7.100918,15,6110,80.0,2.242018,2,1090,0.907071,18,430,[-1 0]
3968,61,7.100868,15,6110,80.0,2.242967,2,1090,0.880385,18,430,[-1 0]
3973,61,7.090194,15,6130,80.0,2.199284,2,1060,0.838957,18,420,[-1 0]
3978,62,7.09869,15,6110,80.0,2.262684,2,1100,0.843855,18,430,[-1 0]
3983,63,7.102821,15,6100,80.0,2.255512,2,1090,0.867771,18,440,[-1 0]
3988,62,7.100578,15,6110,80.0,2.228153,2,1080,0.86797,18,430,[-1 0]
3993,62,7.09269,15,6120,80.0,2.221937,2,1070,0.85819,18,430,[-1 0]
3997,63,7.096749,15,6110,80.0,2.231217,2,1070,0.918028,18,440,[-1 0]
3999,59,7.098947,15,6130,80.0,2.186197,2,1070,0.84708,18,410,[-1 0]
