3002,46,-5.559772,3,910,80.0,-3.478954,17,280,-2.606379,8,420,[1]
3002,46,-6.891076,3,610,80.0,-2.510514,17,190,-3.415794,29,240,[1]
3002,46,-6.017461,3,710,80.0,0.253781,18,520,-2.043916,13,930,[1]
3002,46,-5.60994,3,980,80.0,-2.043916,13,930,-2.385112,8,830,[1]
3007,63,-5.529984,3,750,80.0,-3.476307,17,400,-2.594371,8,550,[1]
3007,63,-6.43026,3,540,80.0,-0.417304,13,1040,-3.470935,29,300,[0]
3007,63,-5.975148,3,560,80.0,-0.073369,18,640,-2.69496,13,1070,[0]
3007,63,-5.641905,3,850,80.0,-2.69496,13,1070,-3.550121,29,550,[0]
3010,42,-5.565832,3,940,80.0,-3.560462,17,270,-2.477748,8,390,[1]
3010,42,-6.988891,3,620,80.0,-2.575291,17,190,-3.343709,29,230,[1]
3010,42,-5.999314,3,740,80.0,0.316984,18,480,-1.904284,13,910,[1]
3010,42,-5.596967,3,1000,80.0,-1.904284,13,910,-2.396757,8,810,[1]
3015,42,-5.571714,3,930,80.0,-3.583545,17,270,-2.576929,8,390,[1]
3015,42,-6.98023,3,620,80.0,-2.57507,17,190,-3.331508,29,230,[1]
3015,42,-6.012713,3,730,80.0,0.279557,18,480,-1.947063,13,920,[1]
3015,42,-5.597527,3,1000,80.0,-1.947063,13,920,-2.389324,8,810,[1]
3019,46,-5.55268,3,920,80.0,-3.468087,17,280,-2.566745,8,410,[1]
3019,46,-6.900062,3,610,80.0,-2.453912,17,190,-3.435029,29,240,[1]
3019,46,-6.018936,3,710,80.0,0.288205,18,520,-2.037784,13,930,[1]
3019,46,-5.611131,3,980,80.0,-2.037784,13,930,-2.393615,8,830,[1]
3022,42,-5.565274,3,940,80.0,-3.515583,17,280,-2.4622,8,390,[1]
3022,42,-6.950973,3,630,80.0,-2.434068,17,180,-3.341063,29,230,[1]
3022,42,-5.999679,3,740,80.0,0.306512,18,480,-1.912953,13,910,[1]
3022,42,-5.597069,3,1000,80.0,-1.912953,13,910,-2.391826,8,810,[1]
3027,73,-5.51799,3,650,80.0,-0.554259,18,1390,-2.584838,8,640,[1]
3027,73,-5.919872,3,500,80.0,-0.000894,18,720,-2.973547,13,1140,[1]
3027,73,-5.62477,3,780,80.0,-2.973547,13,1140,-3.613855,29,580,[1]
3033,41,-5.565685,3,950,80.0,-3.521855,17,270,-2.477755,8,380,[1]
3033,41,-6.983961,3,630,80.0,-2.452694,17,190,-3.332112,29,220,[1]
3033,41,-5.990233,3,750,80.0,0.318706,18,470,-1.855499,13,900,[1]
3033,41,-5.596287,3,1000,80.0,-1.855499,13,900,-2.425014,8,810,[1]
3037,69,-5.520938,3,700,80.0,-0.460942,18,1370,-2.603786,8,600,[1]
3037,69,-6.277964,3,510,80.0,-0.674122,13,1070,-3.484148,29,330,[0]
3037,69,-5.932785,3,540,80.0,0.028393,18,680,-2.815352,13,1090,[0]
3037,69,-5.620201,3,830,80.0,-2.815352,13,1090,-3.567173,29,560,[0]
3044,62,-5.533643,3,760,80.0,-3.536358,17,390,-2.550477,8,540,[1]
3044,62,-6.491349,3,540,80.0,-2.429027,17,270,-3.447427,29,300,[0]
3044,62,-5.934028,3,600,80.0,0.086676,18,620,-2.609967,13,1040,[1]
3044,62,-5.634684,3,870,80.0,-2.609967,13,1040,-3.550212,29,530,[0]
3047,59,-5.552431,3,770,80.0,-3.516047,17,370,-2.628098,8,540,[1]
3047,59,-6.578776,3,550,80.0,-2.560168,17,250,-3.434063,29,290,[0]
3047,59,-5.964028,3,600,80.0,-0.010495,18,610,-2.54084,13,1030,[1]
3047,59,-5.64349,3,880,80.0,-2.54084,13,1030,-3.534268,29,530,[0]
3054,49,-5.555554,3,880,80.0,-3.454273,17,310,-2.625205,8,440,[1]
3054,49,-6.862889,3,590,80.0,-2.591223,17,210,-3.493974,29,240,[1]
3054,49,-6.028236,3,690,80.0,0.312019,18,540,-2.155297,13,950,[1]
3054,49,-5.622244,3,960,80.0,-2.155297,13,950,-2.382795,8,860,[1]
3058,62,-5.539195,3,750,80.0,-3.512782,17,400,-2.565488,8,550,[1]
3058,62,-6.499121,3,530,80.0,-2.47606,17,270,-3.473499,29,310,[0]
3058,62,-5.9426,3,590,80.0,0.1122,18,630,-2.636617,13,1050,[1]
3058,62,-5.638399,3,860,80.0,-2.636617,13,1050,-3.557733,29,540,[0]
3061,69,-5.528712,3,680,80.0,-0.596637,18,1360,-2.604589,8,610,[1]
3061,69,-5.927046,3,540,80.0,-0.112536,18,670,-2.844717,13,1100,[0]
3061,69,-5.630727,3,810,80.0,-2.844717,13,1100,-3.595774,29,560,[0]
3065,42,-5.571877,3,930,80.0,-3.581985,17,270,-2.579528,8,390,[1]
3065,42,-6.981259,3,620,80.0,-2.570951,17,190,-3.333699,29,230,[1]
3065,42,-6.013054,3,730,80.0,0.28377,18,480,-1.94677,13,920,[1]
3065,42,-5.59763,3,1000,80.0,-1.94677,13,920,-2.390584,8,810,[1]
3067,59,-5.546854,3,780,80.0,-3.503128,17,370,-2.604846,8,530,[1]
3067,59,-6.59614,3,550,80.0,-2.525431,17,250,-3.446571,29,290,[1]
3067,59,-5.999137,3,620,80.0,0.287902,18,620,-2.531286,13,1030,[1]
3067,59,-5.645359,3,880,80.0,-2.531286,13,1030,-3.517572,29,540,[0]
3071,60,-5.538891,3,770,80.0,-3.47398,17,390,-2.552708,8,540,[1]
3071,60,-6.564913,3,540,80.0,-2.477194,17,270,-3.473364,29,290,[1]
3071,60,-5.954422,3,600,80.0,0.271306,18,640,-2.560305,13,1030,[1]
3071,60,-5.636088,3,880,80.0,-2.560305,13,1030,-3.512244,29,540,[0]
3077,75,-5.527805,3,610,80.0,-0.688694,18,1390,-2.642696,8,660,[1]
3077,75,-8.089413,3,1850,80.0,1.247627,18,490,-5.608522,29,780,[1 0]
3082,44,-5.566933,3,920,80.0,-3.533185,17,270,-2.596498,8,410,[1]
3082,44,-6.936308,3,620,80.0,-2.516866,17,190,-3.358694,29,230,[1]
3082,44,-6.020954,3,720,80.0,0.315018,18,500,-1.968626,13,920,[1]
3082,44,-5.597376,3,1000,80.0,-1.968626,13,920,-2.399709,8,810,[1]
3088,45,-5.555264,3,920,80.0,-3.454231,17,280,-2.590958,8,410,[1]
3088,45,-6.887054,3,620,80.0,-2.565226,17,180,-3.33034,29,240,[1]
3088,45,-6.043099,3,700,80.0,0.229157,18,510,-2.031909,13,930,[1]
3088,45,-5.60413,3,990,80.0,-2.031909,13,930,-2.405659,8,830,[1]
3093,49,-5.556665,3,870,80.0,-3.490502,17,310,-2.620224,8,450,[1]
3093,49,-6.798616,3,600,80.0,-2.562837,17,200,-3.379106,29,250,[1]
3093,49,-6.017962,3,690,80.0,0.122924,18,530,-2.197438,13,960,[1]
3093,49,-5.627213,3,950,80.0,-2.197438,13,960,-2.382768,8,850,[1]
3098,65,-5.539256,3,720,80.0,-3.521997,17,420,-2.592104,8,570,[1]
3098,65,-6.443284,3,510,80.0,-0.584788,13,1070,-3.502614,29,320,[0]
3098,65,-5.957802,3,560,80.0,8.9e-05,18,650,-2.74204,13,1080,[1]
3098,65,-5.646437,3,830,80.0,-2.74204,13,1080,-3.579146,29,560,[0]
3103,45,-5.555322,3,920,80.0,-3.453751,17,280,-2.58681,8,410,[1]
3103,45,-6.914058,3,610,80.0,-2.446738,17,190,-3.392403,29,250,[1]
3103,45,-6.041974,3,700,80.0,0.31244,18,520,-2.033437,13,930,[1]
3103,45,-5.604281,3,990,80.0,-2.033437,13,930,-2.402461,8,830,[1]
3109,44,-5.567017,3,920,80.0,-3.53235,17,270,-2.597857,8,410,[1]
3109,44,-6.936873,3,620,80.0,-2.514695,17,190,-3.359847,29,230,[1]
3109,44,-6.021163,3,720,80.0,0.317232,18,500,-1.968477,13,920,[1]
3109,44,-5.597435,3,1000,80.0,-1.968477,13,920,-2.400378,8,810,[1]
3114,44,-5.567034,3,920,80.0,-3.532198,17,270,-2.598108,8,410,[1]
3114,44,-6.936978,3,620,80.0,-2.514298,17,190,-3.360059,29,230,[1]
3114,44,-6.021202,3,720,80.0,0.317638,18,500,-1.968449,13,920,[1]
3114,44,-5.597447,3,1000,80.0,-1.968449,13,920,-2.4005,8,810,[1]
3118,43,-5.567778,3,920,80.0,-3.582758,17,280,-2.621326,8,390,[1]
3118,43,-6.985335,3,610,80.0,-2.58988,17,200,-3.384346,29,230,[1]
3118,43,-6.0247,3,720,80.0,0.253068,18,490,-1.997762,13,930,[1]
3118,43,-5.598676,3,1000,80.0,-1.997762,13,930,-2.348991,8,810,[1]
3124,64,-5.539498,3,730,80.0,-3.495899,17,420,-2.552825,8,570,[1]
3124,64,-6.45328,3,520,80.0,-2.52872,17,280,-3.490172,29,310,[0]
3124,64,-5.952239,3,570,80.0,0.012576,18,640,-2.708104,13,1070,[1]
3124,64,-5.643573,3,840,80.0,-2.708104,13,1070,-3.581002,29,550,[0]
3129,69,-5.516421,3,700,80.0,-0.519469,18,1360,-2.577823,8,600,[1]
3129,69,-6.271503,3,510,80.0,-0.716533,13,1080,-3.461187,29,330,[0]
3129,69,-5.948434,3,530,80.0,-0.023721,18,680,-2.839713,13,1100,[0]
3129,69,-5.628466,3,820,80.0,-2.839713,13,1100,-3.575924,29,570,[0]
3134,44,-5.567094,3,920,80.0,-3.53159,17,270,-2.599098,8,410,[1]
3134,44,-6.93739,3,620,80.0,-2.512718,17,190,-3.360897,29,230,[1]
3134,44,-6.021357,3,720,80.0,0.116936,18,480,-1.96834,13,920,[1]
3134,44,-5.597491,3,1000,80.0,-1.96834,13,920,-2.400987,8,810,[1]
3139,74,-5.530522,3,630,80.0,-0.746993,18,1360,-2.576209,8,660,[1]
3139,74,-5.898636,3,510,80.0,-0.284572,18,680,-2.940775,13,1120,[1]
3139,74,-5.618081,3,790,80.0,-2.940775,13,1120,-3.61151,29,580,[1]
3144,43,-5.567881,3,920,80.0,-3.581993,17,280,-2.622618,8,390,[1]
3144,43,-6.985857,3,610,80.0,-2.587862,17,200,-3.385442,29,230,[1]
3144,43,-6.024863,3,720,80.0,0.045815,18,470,-1.997617,13,930,[1]
3144,43,-5.598732,3,1000,80.0,-1.997617,13,930,-2.349606,8,810,[1]
3150,58,-5.539147,3,800,80.0,-3.469042,17,370,-2.566477,8,510,[1]
3150,58,-6.649382,3,540,80.0,-2.542737,17,260,-3.494612,29,290,[1]
3150,58,-6.010753,3,620,80.0,0.045131,18,600,-2.471611,13,1010,[1]
3150,58,-5.634223,3,900,80.0,-2.471611,13,1010,-3.518227,29,530,[1]
3155,64,-5.536862,3,730,80.0,-3.492506,17,420,-2.552478,8,570,[1]
3155,64,-6.453001,3,520,80.0,-2.535194,17,280,-3.489506,29,310,[0]
3155,64,-5.967267,3,560,80.0,-0.066492,18,650,-2.707723,13,1070,[1]
3155,64,-5.643644,3,840,80.0,-2.707723,13,1070,-3.580702,29,550,[0]
3158,44,-5.554411,3,930,80.0,-3.414899,17,280,-2.594728,8,400,[1]
3158,44,-6.902095,3,620,80.0,-2.479275,17,180,-3.378109,29,240,[1]
3158,44,-6.026507,3,710,80.0,0.120862,18,490,-2.049802,13,940,[1]
3158,44,-5.61071,3,980,80.0,-2.049802,13,940,-2.400516,8,820,[1]
3162,43,-5.566074,3,930,80.0,-3.602388,17,270,-2.542298,8,390,[1]
3162,43,-6.938293,3,630,80.0,-2.520665,17,180,-3.295275,29,230,[1]
3162,43,-6.010428,3,730,80.0,0.121033,18,470,-1.952212,13,920,[1]
3162,43,-5.597815,3,1000,80.0,-1.952212,13,920,-2.369404,8,810,[1]
3166,63,-5.533583,3,750,80.0,-3.517467,17,400,-2.552723,8,550,[1]
3166,63,-6.487674,3,530,80.0,-2.486745,17,270,-3.465314,29,310,[1]
3166,63,-5.94205,3,590,80.0,0.240422,18,650,-2.644785,13,1050,[1]
3166,63,-5.637901,3,860,80.0,-2.644785,13,1050,-3.552953,29,540,[0]
3169,47,-5.554671,3,900,80.0,-3.489378,17,290,-2.565442,8,430,[1]
3169,47,-6.875818,3,600,80.0,-2.392394,17,210,-3.40884,29,250,[1]
3169,47,-6.020676,3,700,80.0,0.199087,18,510,-2.128485,13,950,[1]
3169,47,-5.622846,3,960,80.0,-2.128485,13,950,-2.406651,8,850,[1]
3175,44,-5.567219,3,920,80.0,-3.53037,17,270,-2.601094,8,410,[1]
3175,44,-6.970005,3,610,80.0,-2.634038,17,200,-3.362586,29,230,[1]
3175,44,-6.021663,3,720,80.0,0.120071,18,480,-1.968121,13,920,[1]
3175,44,-5.597578,3,1000,80.0,-1.968121,13,920,-2.401967,8,810,[1]
3180,44,-5.56636,3,920,80.0,-3.534662,17,290,-2.600238,8,390,[1]
3180,44,-6.962361,3,610,80.0,-2.622051,17,200,-3.367949,29,230,[1]
3180,44,-6.018422,3,720,80.0,0.116985,18,480,-2.004493,13,930,[1]
3180,44,-5.604678,3,990,80.0,-2.004493,13,930,-2.36991,8,820,[1]
3185,49,-5.555302,3,880,80.0,-3.470737,17,310,-2.542822,8,450,[1]
3185,49,-6.847402,3,590,80.0,-2.50248,17,220,-3.410307,29,250,[1]
3185,49,-6.019748,3,690,80.0,0.177308,18,530,-2.159883,13,950,[1]
3185,49,-5.62021,3,960,80.0,-2.159883,13,950,-2.399529,8,850,[1]
3191,64,-5.537862,3,730,80.0,-3.534901,17,410,-2.592458,8,560,[1]
3191,64,-6.44709,3,520,80.0,-0.482345,13,1050,-3.437618,29,320,[0]
3191,64,-5.967217,3,560,80.0,-0.002003,18,660,-2.710811,13,1070,[1]
3191,64,-5.6436,3,840,80.0,-2.710811,13,1070,-3.579347,29,550,[0]
3197,44,-5.567735,3,910,80.0,-3.555247,17,290,-2.624743,8,400,[1]
3197,44,-6.960276,3,610,80.0,-2.415709,17,200,-3.407398,29,240,[1]
3197,44,-6.019822,3,720,80.0,0.068931,18,480,-2.011269,13,930,[1]
3197,44,-5.605082,3,990,80.0,-2.011269,13,930,-2.356534,8,820,[1]
3201,61,-5.539989,3,760,80.0,-3.543007,17,380,-2.599703,8,540,[1]
3201,61,-6.554982,3,530,80.0,-2.549582,17,270,-3.48489,29,300,[1]
3201,61,-5.977369,3,580,80.0,0.163914,18,640,-2.620159,13,1050,[1]
3201,61,-5.637801,3,870,80.0,-2.620159,13,1050,-3.547738,29,540,[0]
3208,70,-5.524561,3,680,80.0,-0.689371,18,1340,-2.581113,8,610,[1]
3208,70,-5.936359,3,530,80.0,-0.223726,18,660,-2.850868,13,1100,[0]
3208,70,-5.63022,3,810,80.0,-2.850868,13,1100,-3.607466,29,570,[0]
3211,45,-5.560058,3,920,80.0,-3.434493,17,280,-2.622649,8,410,[1]
3211,45,-6.904305,3,620,80.0,-2.515681,17,180,-3.353063,29,240,[1]
3211,45,-6.027503,3,710,80.0,0.070996,18,490,-2.056068,13,940,[1]
3211,45,-5.61094,3,980,80.0,-2.056068,13,940,-2.390259,8,820,[1]
3215,44,-5.556216,3,930,80.0,-3.453247,17,270,-2.615308,8,400,[1]
3215,44,-6.890206,3,630,80.0,-2.434905,17,180,-3.324499,29,230,[1]
3215,44,-6.036138,3,710,80.0,0.045613,18,480,-2.045072,13,940,[1]
3215,44,-5.605517,3,990,80.0,-2.045072,13,940,-2.381637,8,810,[1]
3221,68,-5.532633,3,690,80.0,-0.442631,18,1390,-2.581001,8,610,[1]
3221,68,-6.337641,3,500,80.0,-0.695285,13,1080,-3.496803,29,330,[0]
3221,68,-5.932601,3,550,80.0,0.128794,18,690,-2.789257,13,1080,[1]
3221,68,-5.624247,3,830,80.0,-2.789257,13,1080,-3.577586,29,560,[0]
3226,64,-5.537258,3,730,80.0,-3.526792,17,410,-2.556064,8,570,[1]
3226,64,-6.455519,3,520,80.0,-2.52983,17,280,-3.492495,29,310,[1]
3226,64,-5.96852,3,560,80.0,0.013655,18,660,-2.707191,13,1070,[1]
3226,64,-5.644068,3,840,80.0,-2.707191,13,1070,-3.582811,29,550,[0]
3228,58,-5.548202,3,780,80.0,-3.521162,17,380,-2.590647,8,520,[1]
3228,58,-6.611876,3,550,80.0,-2.476682,17,250,-3.471132,29,290,[1]
3228,58,-6.025078,3,610,80.0,-0.08599,18,590,-2.504254,13,1020,[1]
3228,58,-5.631881,3,900,80.0,-2.504254,13,1020,-3.508714,29,530,[0]
3234,45,-5.554684,3,930,80.0,-3.423187,17,280,-2.583484,8,400,[1]
3234,45,-6.903561,3,620,80.0,-2.473559,17,180,-3.38118,29,240,[1]
3234,45,-6.029462,3,710,80.0,0.096669,18,490,-2.050724,13,940,[1]
3234,45,-5.611854,3,980,80.0,-2.050724,13,940,-2.401442,8,820,[1]
3241,61,-5.534036,3,770,80.0,-3.5014,17,390,-2.560701,8,530,[1]
3241,61,-6.528756,3,540,80.0,-2.525171,17,270,-3.445982,29,290,[0]
3241,61,-5.962211,3,590,80.0,-0.053111,18,610,-2.595337,13,1040,[1]
3241,61,-5.632003,3,880,80.0,-2.595337,13,1040,-3.524902,29,530,[0]
3248,49,-5.554019,3,880,80.0,-3.503487,17,300,-2.62084,8,440,[1]
3248,49,-6.854851,3,590,80.0,-2.472814,17,220,-3.429127,29,250,[1]
3248,49,-6.040898,3,680,80.0,0.027466,18,510,-2.217179,13,970,[1]
3248,49,-5.626892,3,950,80.0,-2.217179,13,970,-2.409851,8,850,[1]
3255,46,-5.555484,3,910,80.0,-3.486854,17,280,-2.593941,8,420,[1]
3255,46,-6.888182,3,610,80.0,-2.400337,17,200,-3.410608,29,240,[1]
3255,46,-6.037686,3,700,80.0,-0.057086,18,490,-2.076708,13,940,[1]
3255,46,-5.616589,3,970,80.0,-2.076708,13,940,-2.411668,8,840,[1]
3258,60,-5.543251,3,770,80.0,-3.509311,17,380,-2.620302,8,530,[1]
3258,60,-6.546391,3,550,80.0,-2.450013,17,250,-3.486367,29,290,[1]
3258,60,-5.975235,3,590,80.0,0.048036,18,630,-2.553841,13,1030,[1]
3258,60,-5.639383,3,880,80.0,-2.553841,13,1030,-3.531316,29,540,[0]
3268,68,-5.530466,3,690,80.0,-0.670653,18,1330,-2.626418,8,600,[1]
3268,68,-6.342055,3,500,80.0,-0.693256,13,1080,-3.49153,29,330,[0]
3268,68,-5.950219,3,540,80.0,-0.232685,18,640,-2.820326,13,1100,[1]
3268,68,-5.632832,3,820,80.0,-2.820326,13,1100,-3.582226,29,560,[1]
3274,68,-5.531551,3,690,80.0,-0.674668,18,1330,-2.580075,8,610,[1]
3274,68,-6.33567,3,500,80.0,-0.696866,13,1080,-3.497206,29,330,[0]
3274,68,-5.928432,3,550,80.0,-0.158023,18,650,-2.789553,13,1080,[1]
3274,68,-5.624304,3,830,80.0,-2.789553,13,1080,-3.578268,29,560,[0]
3278,49,-5.556433,3,880,80.0,-3.447387,17,310,-2.636402,8,440,[1]
3278,49,-6.867961,3,590,80.0,-2.574184,17,210,-3.443462,29,250,[1]
3278,49,-6.030231,3,690,80.0,0.044928,18,510,-2.153813,13,950,[1]
3278,49,-5.622786,3,960,80.0,-2.153813,13,950,-2.388325,8,860,[1]
3285,58,-5.548367,3,790,80.0,-3.477115,17,370,-2.602439,8,520,[1]
3285,58,-6.594358,3,560,80.0,-2.453396,17,250,-3.43336,29,280,[1]
3285,58,-6.01025,3,620,80.0,-0.134505,18,580,-2.499608,13,1020,[1]
3285,58,-5.640981,3,890,80.0,-2.499608,13,1020,-3.543097,29,520,[1]
3291,55,-5.554151,3,810,80.0,-3.454246,17,350,-2.63502,8,510,[1]
3291,55,-6.670424,3,570,80.0,-2.392562,17,230,-3.468508,29,280,[1]
3291,55,-6.021509,3,640,80.0,-0.121905,18,570,-2.375593,13,990,[1]
3291,55,-5.631314,3,920,80.0,-2.375593,13,990,-3.492564,29,510,[1]
3298,45,-5.556033,3,920,80.0,-3.447884,17,280,-2.596117,8,410,[1]
3298,45,-6.917618,3,610,80.0,-2.431826,17,190,-3.40031,29,250,[1]
3298,45,-6.043164,3,700,80.0,-0.067943,18,480,-2.032478,13,930,[1]
3298,45,-5.604696,3,990,80.0,-2.032478,13,930,-2.407094,8,830,[1]
3304,55,-5.553294,3,820,80.0,-3.46428,17,340,-2.640555,8,500,[1]
3304,55,-6.701499,3,570,80.0,-2.416408,17,240,-3.456791,29,270,[1]
3304,55,-6.032315,3,640,80.0,-0.208982,18,550,-2.365615,13,990,[1]
3304,55,-5.634163,3,920,80.0,-2.365615,13,990,-3.523234,29,510,[1]
3308,49,-5.555759,3,880,80.0,-3.501809,17,300,-2.627764,8,440,[1]
3308,49,-6.85773,3,590,80.0,-2.468403,17,220,-3.434726,29,250,[1]
3308,49,-6.042844,3,680,80.0,0.038878,18,510,-2.21319,13,970,[1]
3308,49,-5.626915,3,950,80.0,-2.21319,13,970,-2.412838,8,850,[1]
3313,68,-5.531896,3,700,80.0,-3.521963,17,420,-2.590115,8,600,[1]
3313,68,-6.350477,3,510,80.0,-0.634158,13,1070,-3.486597,29,320,[0]
3313,68,-5.929023,3,560,80.0,-0.072421,18,650,-2.754542,13,1070,[1]
3313,68,-5.623323,3,840,80.0,-2.754542,13,1070,-3.58474,29,550,[0]
3318,69,-5.523574,3,700,80.0,-0.683488,18,1310,-2.573745,8,610,[1]
3318,69,-6.297513,3,510,80.0,-0.664981,13,1070,-3.488849,29,330,[0]
3318,69,-5.922853,3,550,80.0,-0.313513,18,630,-2.791856,13,1080,[1]
3318,69,-5.624502,3,830,80.0,-2.791856,13,1080,-3.573461,29,560,[0]
3332,46,-5.556504,3,910,80.0,-3.479255,17,280,-2.606103,8,420,[1]
3332,46,-6.902017,3,610,80.0,-2.40412,17,200,-3.46432,29,230,[1]
3332,46,-6.021915,3,710,80.0,-0.04088,18,490,-2.010541,13,920,[1]
3332,46,-5.605205,3,990,80.0,-2.010541,13,920,-2.382685,8,830,[1]
3337,47,-5.556843,3,900,80.0,-3.465112,17,290,-2.603857,8,430,[1]
3337,47,-6.868256,3,610,80.0,-2.363323,17,210,-3.366962,29,240,[1]
3337,47,-6.030993,3,700,80.0,-0.036486,18,500,-2.087404,13,940,[1]
3337,47,-5.617739,3,970,80.0,-2.087404,13,940,-2.391299,8,840,[1]
3340,58,-5.540613,3,800,80.0,-3.518989,17,360,-2.558719,8,510,[1]
3340,58,-6.620316,3,550,80.0,-2.449204,17,250,-3.488177,29,290,[1]
3340,58,-5.996052,3,630,80.0,-0.046088,18,570,-2.501219,13,1020,[1]
3340,58,-5.6404,3,890,80.0,-2.501219,13,1020,-3.515284,29,530,[0]
3346,62,-5.540127,3,760,80.0,-3.519327,17,390,-2.582395,8,540,[1]
3346,62,-6.514565,3,540,80.0,-2.484225,17,260,-3.468649,29,300,[1]
3346,62,-5.941954,3,600,80.0,0.058478,18,610,-2.597294,13,1040,[1]
3346,62,-5.638273,3,870,80.0,-2.597294,13,1040,-3.537399,29,540,[0]
3350,73,-5.516959,3,660,80.0,-0.740322,18,1330,-2.567956,8,640,[1]
3350,73,-5.939273,3,500,80.0,-0.374573,18,670,-2.944181,13,1130,[0]
3350,73,-5.62561,3,790,80.0,-2.944181,13,1130,-3.601214,29,580,[1]
3356,61,-5.536449,3,770,80.0,-3.494321,17,390,-2.575744,8,530,[1]
3356,61,-6.514036,3,550,80.0,-2.423142,17,260,-3.451395,29,290,[1]
3356,61,-5.949334,3,600,80.0,-0.032707,18,610,-2.570143,13,1030,[1]
3356,61,-5.635243,3,880,80.0,-2.570143,13,1030,-3.509102,29,540,[0]
3362,64,-5.539413,3,740,80.0,-3.500283,17,410,-2.563314,8,560,[1]
3362,64,-6.461581,3,530,80.0,-0.459065,13,1050,-3.438594,29,310,[0]
3362,64,-5.950296,3,580,80.0,-0.1235,18,610,-2.675655,13,1060,[1]
3362,64,-5.641883,3,850,80.0,-2.675655,13,1060,-3.561001,29,550,[0]
3366,70,-5.517489,3,690,80.0,-0.537462,18,1360,-2.545604,8,620,[1]
3366,70,-6.266619,3,500,80.0,-0.773412,13,1090,-3.527531,29,330,[0]
3366,70,-5.940601,3,530,80.0,-0.071514,18,680,-2.850688,13,1100,[1]
3366,70,-5.62955,3,810,80.0,-2.850688,13,1100,-3.611694,29,570,[0]
3373,62,-5.541677,3,750,80.0,-3.505309,17,400,-2.577971,8,550,[1]
3373,62,-6.507564,3,530,80.0,-0.388404,13,1040,-3.484665,29,310,[0]
3373,62,-5.947108,3,590,80.0,0.05851,18,620,-2.635048,13,1050,[1]
3373,62,-5.640916,3,860,80.0,-2.635048,13,1050,-3.567037,29,540,[0]
3378,64,-5.534856,3,740,80.0,-3.50755,17,410,-2.552479,8,560,[1]
3378,64,-6.459981,3,530,80.0,-0.457957,13,1050,-3.428166,29,310,[0]
3378,64,-5.952395,3,580,80.0,0.009568,18,630,-2.676982,13,1060,[1]
3378,64,-5.641206,3,850,80.0,-2.676982,13,1060,-3.553263,29,550,[0]
3381,46,-5.555916,3,910,80.0,-3.444453,17,290,-2.580078,8,420,[1]
3381,46,-6.880829,3,610,80.0,-2.425892,17,200,-3.393766,29,240,[1]
3381,46,-6.030584,3,700,80.0,-0.190028,18,480,-2.080233,13,940,[1]
3381,46,-5.617715,3,970,80.0,-2.080233,13,940,-2.40445,8,840,[1]
3390,47,-5.555456,3,900,80.0,-3.492873,17,290,-2.559765,8,430,[1]
3390,47,-6.884599,3,600,80.0,-2.425326,17,210,-3.452474,29,240,[1]
3390,47,-6.02162,3,700,80.0,-0.100058,18,480,-2.096185,13,940,[1]
3390,47,-5.617137,3,970,80.0,-2.096185,13,940,-2.401165,8,850,[1]
3394,62,-5.542535,3,750,80.0,-3.532028,17,390,-2.601998,8,550,[1]
3394,62,-6.52545,3,530,80.0,-2.614406,17,270,-3.452463,29,300,[1]
3394,62,-5.971617,3,580,80.0,-0.062585,18,620,-2.631223,13,1050,[1]
3394,62,-5.64281,3,860,80.0,-2.631223,13,1050,-3.579548,29,540,[0]
3401,46,-5.555143,3,910,80.0,-3.508464,17,280,-2.561532,8,420,[1]
3401,46,-6.87954,3,610,80.0,-2.469788,17,200,-3.432249,29,230,[1]
3401,46,-6.030944,3,700,80.0,-0.213019,18,480,-2.048696,13,930,[1]
3401,46,-5.611059,3,980,80.0,-2.048696,13,930,-2.425046,8,830,[1]
3413,63,-5.535923,3,750,80.0,-3.512152,17,400,-2.566326,8,550,[1]
3413,63,-6.502255,3,530,80.0,-2.566746,17,260,-3.471614,29,310,[0]
3413,63,-5.945954,3,590,80.0,-0.043242,18,610,-2.64039,13,1050,[1]
3413,63,-5.640188,3,860,80.0,-2.64039,13,1050,-3.55974,29,540,[0]
3418,47,-5.555548,3,900,80.0,-3.49214,17,290,-2.560947,8,430,[1]
3418,47,-6.885136,3,600,80.0,-2.423424,17,210,-3.453499,29,240,[1]
3418,47,-6.021836,3,700,80.0,-0.098252,18,480,-2.096043,13,940,[1]
3418,47,-5.617192,3,970,80.0,-2.096043,13,940,-2.401765,8,850,[1]
3423,51,-5.561217,3,850,80.0,-3.572566,17,320,-2.605754,8,460,[1]
3423,51,-6.786931,3,590,80.0,-2.454851,17,220,-3.433587,29,250,[1]
3423,51,-6.032403,3,670,80.0,-0.074456,18,520,-2.274876,13,980,[1]
3423,51,-5.636546,3,930,80.0,-2.274876,13,980,-3.471976,29,510,[1]
3429,48,-5.556672,3,890,80.0,-3.449174,17,300,-2.601298,8,440,[1]
3429,48,-6.869842,3,600,80.0,-2.43908,17,210,-3.443812,29,240,[1]
3429,48,-6.021001,3,700,80.0,-0.114876,18,480,-2.135284,13,950,[1]
3429,48,-5.623401,3,960,80.0,-2.135284,13,950,-2.395666,8,850,[1]
3433,68,-5.529734,3,700,80.0,-3.525782,17,420,-2.579447,8,600,[1]
3433,68,-6.335359,3,510,80.0,-0.643718,13,1070,-3.483721,29,320,[0]
3433,68,-5.919219,3,560,80.0,-0.090862,18,650,-2.757118,13,1070,[1]
3433,68,-5.622327,3,840,80.0,-2.757118,13,1070,-3.579171,29,550,[0]
3439,48,-5.556706,3,890,80.0,-3.453619,17,300,-2.593296,8,440,[1]
3439,48,-6.866246,3,600,80.0,-2.454749,17,210,-3.433875,29,240,[1]
3439,48,-6.022357,3,700,80.0,-0.137292,18,480,-2.136997,13,950,[1]
3439,48,-5.623511,3,960,80.0,-2.136997,13,950,-2.419306,8,840,[1]
3442,70,-5.522426,3,680,80.0,-0.769422,18,1320,-2.568482,8,610,[1]
3442,70,-6.245461,3,500,80.0,-0.747066,13,1080,-3.514397,29,330,[0]
3442,70,-5.90624,3,540,80.0,-0.386256,18,640,-2.856463,13,1100,[1]
3442,70,-5.633492,3,800,80.0,-2.856463,13,1100,-3.599006,29,570,[0]
3447,65,-5.537539,3,720,80.0,-3.553593,17,410,-2.59827,8,570,[1]
3447,65,-6.4425,3,510,80.0,-0.543563,13,1060,-3.507007,29,320,[0]
3447,65,-5.975345,3,550,80.0,-0.213881,18,640,-2.745859,13,1080,[1]
3447,65,-5.645687,3,830,80.0,-2.745859,13,1080,-3.583352,29,560,[0]
3453,47,-5.560958,3,890,80.0,-3.491243,17,290,-2.615364,8,440,[1]
3453,47,-6.878448,3,600,80.0,-2.421151,17,210,-3.455388,29,240,[1]
3453,47,-6.024436,3,700,80.0,-0.10149,18,480,-2.099421,13,940,[1]
3453,47,-5.617118,3,970,80.0,-2.099421,13,940,-2.399344,8,850,[1]
3457,47,-5.560969,3,890,80.0,-3.491142,17,290,-2.61553,8,440,[1]
3457,47,-6.87852,3,600,80.0,-2.420888,17,210,-3.455531,29,240,[1]
3457,47,-6.024466,3,700,80.0,-0.101241,18,480,-2.099402,13,940,[1]
3457,47,-5.617123,3,970,80.0,-2.099402,13,940,-2.399427,8,850,[1]
3466,64,-5.540537,3,730,80.0,-3.52069,17,410,-2.572889,8,570,[1]
3466,64,-6.468141,3,520,80.0,-2.591523,17,270,-3.509176,29,310,[0]
3466,64,-5.941303,3,580,80.0,-0.107436,18,620,-2.681495,13,1060,[1]
3466,64,-5.647069,3,840,80.0,-2.681495,13,1060,-3.564779,29,560,[0]
3510,65,-5.534717,3,730,80.0,-3.496433,17,420,-2.546405,8,570,[1]
3510,65,-6.455463,3,520,80.0,-0.519913,13,1060,-3.483688,29,310,[0]
3510,65,-5.958241,3,570,80.0,-0.078156,18,630,-2.711288,13,1070,[1]
3510,65,-5.64453,3,840,80.0,-2.711288,13,1070,-3.550447,29,560,[0]
3516,52,-5.556509,3,850,80.0,-3.527182,17,320,-2.578137,8,470,[1]
3516,52,-6.807372,3,570,80.0,-2.542675,17,240,-3.504233,29,250,[1]
3516,52,-6.023505,3,670,80.0,-0.279775,18,510,-2.262532,13,970,[1]
3516,52,-5.636255,3,930,80.0,-2.262532,13,970,-3.472714,29,520,[1]
3525,49,-5.557538,3,870,80.0,-3.527524,17,300,-2.64184,8,450,[1]
3525,49,-6.838253,3,590,80.0,-2.528263,17,220,-3.462479,29,240,[1]
3525,49,-6.021703,3,690,80.0,-0.211547,18,490,-2.195021,13,960,[1]
3525,49,-5.627949,3,950,80.0,-2.195021,13,960,-2.367347,8,860,[1]
3530,66,-5.539312,3,710,80.0,-3.546384,17,420,-2.589936,8,580,[1]
3530,66,-6.404205,3,510,80.0,-0.56446,13,1060,-3.466742,29,320,[0]
3530,66,-5.965705,3,550,80.0,-0.224214,18,630,-2.73714,13,1070,[1]
3530,66,-5.61839,3,860,80.0,-2.73714,13,1070,-3.556517,29,540,[0]
3535,53,-5.55853,3,830,80.0,-3.500838,17,340,-2.579984,8,490,[1]
3535,53,-6.731145,3,580,80.0,-2.372034,17,230,-3.475746,29,260,[1]
3535,53,-6.041256,3,650,80.0,-0.24533,18,530,-2.342034,13,990,[1]
3535,53,-5.638557,3,920,80.0,-2.342034,13,990,-3.509681,29,510,[1]
3539,67,-5.535233,3,700,80.0,-3.549144,17,430,-2.608571,8,580,[1]
3539,67,-6.372826,3,510,80.0,-0.622265,13,1070,-3.500197,29,320,[0]
3539,67,-5.952924,3,550,80.0,-0.191089,18,630,-2.769818,13,1080,[1]
3539,67,-5.628156,3,840,80.0,-2.769818,13,1080,-3.56668,29,560,[0]
3543,67,-5.519849,3,720,80.0,-0.590904,18,1320,-2.579741,8,590,[1]
3543,67,-6.363727,3,510,80.0,-0.627264,13,1070,-3.514061,29,320,[0]
3543,67,-5.952949,3,550,80.0,-0.236921,18,640,-2.749999,13,1070,[1]
3543,67,-5.626938,3,840,80.0,-2.749999,13,1070,-3.573615,29,560,[0]
3546,71,-5.5245,3,680,80.0,-0.667336,18,1330,-2.562032,8,630,[1]
3546,71,-5.930653,3,530,80.0,-0.184753,18,670,-2.856068,13,1100,[1]
3546,71,-5.626972,3,810,80.0,-2.856068,13,1100,-3.595412,29,570,[0]
3549,67,-5.524419,3,720,80.0,-0.587519,18,1320,-2.585422,8,590,[1]
3549,67,-6.374978,3,510,80.0,-2.544903,17,280,-3.527592,29,320,[0]
3549,67,-5.938632,3,560,80.0,-0.233529,18,640,-2.724144,13,1060,[1]
3549,67,-5.621445,3,850,80.0,-2.724144,13,1060,-3.556844,29,550,[0]
3554,69,-5.518703,3,700,80.0,-0.656184,18,1320,-2.555948,8,610,[1]
3554,69,-6.282804,3,510,80.0,-0.712187,13,1080,-3.479375,29,330,[0]
3554,69,-5.93958,3,540,80.0,-0.195565,18,650,-2.819168,13,1090,[1]
3554,69,-5.62898,3,820,80.0,-2.819168,13,1090,-3.591038,29,570,[0]
3560,65,-5.540946,3,720,80.0,-3.543319,17,410,-2.575419,8,580,[1]
3560,65,-6.434806,3,520,80.0,-2.561197,17,280,-3.473829,29,310,[0]
3560,65,-5.949115,3,570,80.0,-0.324374,18,600,-2.714562,13,1070,[1]
3560,65,-5.641418,3,840,80.0,-2.714562,13,1070,-3.569902,29,550,[0]
3567,71,-5.524882,3,670,80.0,-0.680215,18,1330,-2.623165,8,630,[1]
3567,71,-5.944777,3,520,80.0,-0.28823,18,660,-2.882106,13,1110,[1]
3567,71,-5.631446,3,800,80.0,-2.882106,13,1110,-3.607903,29,580,[0]
3570,61,-5.531358,3,780,80.0,-3.448516,17,380,-2.540918,8,540,[1]
3570,61,-6.575724,3,530,80.0,-0.302727,13,1030,-3.51257,29,300,[0]
3570,61,-5.982668,3,580,80.0,-0.326631,18,590,-2.565958,13,1030,[1]
3570,61,-5.628457,3,890,80.0,-2.565958,13,1030,-3.512981,29,540,[0]
3574,68,-5.524867,3,710,80.0,-0.649003,18,1310,-2.584429,8,600,[1]
3574,68,-6.334057,3,510,80.0,-0.603704,13,1060,-3.531792,29,330,[0]
3574,68,-5.923428,3,560,80.0,-0.153511,18,640,-2.757839,13,1070,[1]
3574,68,-5.622187,3,840,80.0,-2.757839,13,1070,-3.552477,29,560,[0]
3579,70,-5.518727,3,690,80.0,-0.689458,18,1320,-2.547579,8,620,[1]
3579,70,-6.276214,3,500,80.0,-0.768666,13,1090,-3.527549,29,330,[0]
3579,70,-5.942018,3,530,80.0,-0.281053,18,650,-2.849339,13,1100,[1]
3579,70,-5.631883,3,810,80.0,-2.849339,13,1100,-3.584451,29,580,[0]
3584,54,-5.548414,3,830,80.0,-3.488378,17,350,-2.577954,8,480,[1]
3584,54,-6.749461,3,560,80.0,-2.569708,17,240,-3.485973,29,270,[1]
3584,54,-6.03685,3,640,80.0,-0.329378,18,530,-2.356719,13,990,[1]
3584,54,-5.628822,3,930,80.0,-2.356719,13,990,-3.50983,29,500,[1]
3590,69,-5.523154,3,700,80.0,-0.642659,18,1320,-2.577562,8,610,[1]
3590,69,-6.295743,3,510,80.0,-0.663489,13,1070,-3.49813,29,330,[0]
3590,69,-5.923071,3,550,80.0,-0.165589,18,650,-2.792925,13,1080,[1]
3590,69,-5.634205,3,820,80.0,-2.792925,13,1080,-3.602779,29,570,[0]
3596,61,-5.544101,3,760,80.0,-3.493804,17,390,-2.619485,8,540,[1]
3596,61,-6.539255,3,540,80.0,-2.427708,17,260,-3.501723,29,300,[1]
3596,61,-5.968009,3,590,80.0,-0.346419,18,570,-2.592112,13,1040,[1]
3596,61,-5.633444,3,880,80.0,-2.592112,13,1040,-3.531848,29,530,[0]
3598,70,-5.522799,3,690,80.0,-0.778621,18,1290,-2.623846,8,610,[1]
3598,70,-6.286387,3,500,80.0,-0.724614,13,1080,-3.513475,29,340,[0]
3598,70,-5.927177,3,540,80.0,-0.365342,18,630,-2.823091,13,1090,[1]
3598,70,-5.626775,3,820,80.0,-2.823091,13,1090,-3.579322,29,570,[0]
3600,68,-5.524982,3,710,80.0,-0.641873,18,1310,-2.600066,8,600,[1]
3600,68,-6.333873,3,520,80.0,-0.58719,13,1060,-3.495778,29,320,[0]
3600,68,-5.934579,3,560,80.0,-0.274683,18,620,-2.751848,13,1070,[1]
3600,68,-5.625388,3,840,80.0,-2.751848,13,1070,-3.562203,29,560,[0]
3603,68,-5.533338,3,700,80.0,-3.521676,17,420,-2.588711,8,600,[1]
3603,68,-6.342204,3,510,80.0,-0.640517,13,1070,-3.49148,29,320,[0]
3603,68,-5.925049,3,560,80.0,-0.364974,18,610,-2.75685,13,1070,[1]
3603,68,-5.623389,3,840,80.0,-2.75685,13,1070,-3.583267,29,550,[0]
3609,50,-5.563191,3,860,80.0,-3.519793,17,320,-2.64298,8,450,[1]
3609,50,-6.806396,3,600,80.0,-2.431192,17,210,-3.447533,29,240,[1]
3609,50,-6.035452,3,680,80.0,-0.214345,18,490,-2.223859,13,970,[1]
3609,50,-5.625808,3,950,80.0,-2.223859,13,970,-2.372808,8,860,[1]
3612,69,-5.53049,3,690,80.0,-0.709293,18,1320,-2.580972,8,610,[1]
3612,69,-6.320274,3,500,80.0,-0.746251,13,1090,-3.501229,29,330,[0]
3612,69,-5.93871,3,540,80.0,-0.229523,18,640,-2.832072,13,1100,[1]
3612,69,-5.631938,3,820,80.0,-2.832072,13,1100,-3.579734,29,560,[0]
3618,50,-5.556283,3,870,80.0,-3.496871,17,310,-2.612249,8,450,[1]
3618,50,-6.853322,3,580,80.0,-2.567566,17,220,-3.495411,29,250,[1]
3618,50,-6.012977,3,690,80.0,-0.25712,18,490,-2.200775,13,960,[1]
3618,50,-5.626558,3,950,80.0,-2.200775,13,960,-2.352951,8,860,[1]
3621,69,-5.523642,3,700,80.0,-0.707874,18,1300,-2.593777,8,610,[1]
3621,69,-6.332989,3,500,80.0,-0.699978,13,1080,-3.50965,29,330,[0]
3621,69,-5.926432,3,550,80.0,-0.280159,18,630,-2.786955,13,1080,[1]
3621,69,-5.62521,3,830,80.0,-2.786955,13,1080,-3.587081,29,560,[0]
3623,69,-5.526366,3,690,80.0,-0.659993,18,1320,-2.594654,8,620,[1]
3623,69,-6.318049,3,500,80.0,-0.746234,13,1090,-3.47343,29,330,[0]
3623,69,-5.944986,3,540,80.0,-0.275489,18,640,-2.816055,13,1090,[1]
3623,69,-5.631511,3,820,80.0,-2.816055,13,1090,-3.589552,29,570,[0]
3626,69,-5.527329,3,690,80.0,-0.724153,18,1320,-2.56144,8,610,[1]
3626,69,-6.316567,3,500,80.0,-0.747681,13,1090,-3.482986,29,330,[0]
3626,69,-5.941533,3,540,80.0,-0.259037,18,640,-2.816667,13,1090,[1]
3626,69,-5.630291,3,820,80.0,-2.816667,13,1090,-3.594343,29,570,[0]
3633,67,-5.520318,3,720,80.0,-0.814577,18,1260,-2.583424,8,590,[1]
3633,67,-6.366391,3,510,80.0,-0.625939,13,1070,-3.517096,29,320,[0]
3633,67,-5.95436,3,550,80.0,-0.522138,18,600,-2.749354,13,1070,[1]
3633,67,-5.627406,3,840,80.0,-2.749354,13,1070,-3.575815,29,560,[0]
3635,68,-5.540995,3,690,80.0,-3.5493,17,430,-2.647083,8,590,[1]
3635,68,-6.385974,3,500,80.0,-0.670887,13,1080,-3.5041,29,320,[0]
3635,68,-5.934793,3,560,80.0,-0.268774,18,620,-2.754144,13,1070,[1]
3635,68,-5.624544,3,840,80.0,-2.754144,13,1070,-3.564877,29,560,[0]
3642,70,-5.52437,3,680,80.0,-0.696501,18,1320,-2.618732,8,620,[1]
3642,70,-5.932042,3,530,80.0,-0.307326,18,650,-2.85193,13,1100,[1]
3642,70,-5.630196,3,810,80.0,-2.85193,13,1100,-3.575155,29,580,[0]
3645,70,-5.525871,3,680,80.0,-0.758331,18,1320,-2.546914,8,620,[1]
3645,70,-5.943925,3,530,80.0,-0.283006,18,650,-2.850227,13,1100,[1]
3645,70,-5.629301,3,810,80.0,-2.850227,13,1100,-3.611063,29,570,[0]
3647,69,-5.523757,3,700,80.0,-0.675718,18,1310,-2.58219,8,610,[1]
3647,69,-6.320457,3,500,80.0,-0.705735,13,1080,-3.50119,29,330,[0]
3647,69,-5.921263,3,550,80.0,-0.298425,18,630,-2.791992,13,1080,[1]
3647,69,-5.624272,3,830,80.0,-2.791992,13,1080,-3.57993,29,560,[0]
3653,53,-5.544015,3,850,80.0,-3.456674,17,330,-2.587976,8,470,[1]
3653,53,-6.769164,3,570,80.0,-2.592545,17,230,-3.474269,29,260,[1]
3653,53,-6.043587,3,650,80.0,-0.333183,18,520,-2.340686,13,990,[1]
3653,53,-5.632597,3,930,80.0,-2.340686,13,990,-3.480372,29,500,[1]
3658,57,-5.544783,3,810,80.0,-3.496969,17,350,-2.570003,8,510,[1]
3658,57,-6.641555,3,570,80.0,-2.479161,17,230,-3.419649,29,280,[1]
3658,57,-6.044658,3,620,80.0,-0.378725,18,550,-2.426456,13,1000,[1]
3658,57,-5.628682,3,920,80.0,-2.426456,13,1000,-3.49027,29,520,[1]
3661,69,-5.533497,3,690,80.0,-0.708839,18,1320,-2.585618,8,610,[1]
3661,69,-6.334281,3,500,80.0,-0.699275,13,1080,-3.502209,29,330,[0]
3661,69,-5.931155,3,550,80.0,-0.289958,18,630,-2.788853,13,1080,[1]
3661,69,-5.626291,3,830,80.0,-2.788853,13,1080,-3.583991,29,560,[0]
3668,68,-5.525245,3,700,80.0,-0.706356,18,1300,-2.598706,8,610,[1]
3668,68,-6.342841,3,500,80.0,-0.692105,13,1080,-3.509068,29,330,[0]
3668,68,-5.9387,3,550,80.0,-0.269547,18,630,-2.786317,13,1080,[1]
3668,68,-5.625895,3,830,80.0,-2.786317,13,1080,-3.588662,29,560,[0]
3675,69,-5.530776,3,690,80.0,-0.745433,18,1310,-2.583466,8,610,[1]
3675,69,-6.322215,3,500,80.0,-0.745358,13,1090,-3.503282,29,330,[0]
3675,69,-5.939685,3,540,80.0,-0.225743,18,640,-2.831689,13,1100,[1]
3675,69,-5.632302,3,820,80.0,-2.831689,13,1100,-3.581264,29,560,[0]
3679,68,-5.526691,3,700,80.0,-0.704585,18,1300,-2.603317,8,610,[1]
3679,68,-6.353919,3,500,80.0,-0.688025,13,1080,-3.522657,29,330,[0]
3679,68,-5.941041,3,550,80.0,-0.264654,18,630,-2.785391,13,1080,[1]
3679,68,-5.629226,3,830,80.0,-2.785391,13,1080,-3.59867,29,560,[0]
3681,69,-5.519375,3,700,80.0,-0.68931,18,1310,-2.565117,8,610,[1]
3681,69,-6.29513,3,510,80.0,-0.705626,13,1080,-3.484817,29,330,[0]
3681,69,-5.943635,3,540,80.0,-0.257348,18,640,-2.815766,13,1090,[1]
3681,69,-5.63192,3,820,80.0,-2.815766,13,1090,-3.595316,29,570,[0]
3684,51,-5.55674,3,860,80.0,-3.491931,17,320,-2.595414,8,460,[1]
3684,51,-6.791715,3,590,80.0,-2.582318,17,210,-3.427063,29,250,[1]
3684,51,-6.034689,3,670,80.0,-0.35738,18,490,-2.243383,13,970,[1]
3684,51,-5.631589,3,940,80.0,-2.243383,13,970,-3.469994,29,510,[1]
3691,69,-5.523947,3,700,80.0,-0.706164,18,1300,-2.596538,8,610,[1]
3691,69,-6.335145,3,500,80.0,-0.698905,13,1080,-3.511923,29,330,[0]
3691,69,-5.927567,3,550,80.0,-0.276012,18,630,-2.786484,13,1080,[1]
3691,69,-5.625592,3,830,80.0,-2.786484,13,1080,-3.588771,29,560,[0]
3696,69,-5.524479,3,690,80.0,-0.731372,18,1320,-2.548033,8,610,[1]
3696,69,-6.2958,3,500,80.0,-0.720033,13,1080,-3.472505,29,330,[0]
3696,69,-5.929429,3,540,80.0,-0.361217,18,630,-2.842681,13,1100,[1]
3696,69,-5.634852,3,810,80.0,-2.842681,13,1100,-3.586564,29,570,[0]
3699,69,-5.524343,3,700,80.0,-0.713233,18,1300,-2.626173,8,600,[1]
3699,69,-6.299987,3,510,80.0,-0.663382,13,1070,-3.500223,29,330,[0]
3699,69,-5.929447,3,550,80.0,-0.299096,18,630,-2.791333,13,1080,[1]
3699,69,-5.624749,3,830,80.0,-2.791333,13,1080,-3.578518,29,560,[0]
3703,69,-5.519487,3,700,80.0,-0.689909,18,1310,-2.610203,8,600,[1]
3703,69,-6.297168,3,510,80.0,-0.704915,13,1080,-3.485193,29,330,[0]
3703,69,-5.926257,3,550,80.0,-0.325019,18,630,-2.793745,13,1080,[1]
3703,69,-5.632119,3,820,80.0,-2.793745,13,1080,-3.596824,29,570,[0]
3706,69,-5.524328,3,690,80.0,-0.704082,18,1310,-2.627254,8,610,[1]
3706,69,-6.30208,3,500,80.0,-0.716978,13,1080,-3.513433,29,340,[0]
3706,69,-5.932421,3,540,80.0,-0.364943,18,630,-2.820782,13,1090,[1]
3706,69,-5.628367,3,820,80.0,-2.820782,13,1090,-3.581561,29,570,[0]
3708,70,-5.519409,3,690,80.0,-0.718574,18,1310,-2.559992,8,620,[1]
3708,70,-6.277631,3,500,80.0,-0.729116,13,1080,-3.539489,29,330,[0]
3708,70,-5.946349,3,530,80.0,-0.401186,18,630,-2.84824,13,1100,[1]
3708,70,-5.631524,3,810,80.0,-2.84824,13,1100,-3.592858,29,580,[0]
3712,69,-5.525435,3,700,80.0,-0.749472,18,1290,-2.586892,8,610,[1]
3712,69,-6.304104,3,510,80.0,-0.661108,13,1070,-3.502949,29,330,[0]
3712,69,-5.929985,3,550,80.0,-0.361761,18,620,-2.789481,13,1080,[1]
3712,69,-5.624831,3,830,80.0,-2.789481,13,1080,-3.582518,29,560,[0]
3717,69,-5.519557,3,700,80.0,-0.765114,18,1290,-2.562435,8,610,[1]
3717,69,-6.287634,3,510,80.0,-0.709899,13,1080,-3.484678,29,330,[0]
3717,69,-5.942094,3,540,80.0,-0.399233,18,620,-2.818055,13,1090,[1]
3717,69,-5.629849,3,820,80.0,-2.818055,13,1090,-3.595024,29,570,[0]
3724,69,-5.525825,3,690,80.0,-0.734259,18,1300,-2.637977,8,610,[1]
3724,69,-6.31418,3,500,80.0,-0.708629,13,1080,-3.521609,29,340,[0]
3724,69,-5.942766,3,540,80.0,-0.416252,18,620,-2.817281,13,1090,[1]
3724,69,-5.628935,3,820,80.0,-2.817281,13,1090,-3.588353,29,570,[0]
3729,69,-5.52447,3,700,80.0,-0.713688,18,1300,-2.628219,8,600,[1]
3729,69,-6.30695,3,510,80.0,-0.660275,13,1070,-3.5003,29,330,[0]
3729,69,-5.929448,3,550,80.0,-0.367419,18,620,-2.788054,13,1080,[1]
3729,69,-5.625946,3,830,80.0,-2.788054,13,1080,-3.582044,29,560,[0]
3738,70,-5.524086,3,690,80.0,-0.746104,18,1300,-2.575137,8,620,[1]
3738,70,-5.931577,3,540,80.0,-0.377779,18,630,-2.822715,13,1090,[1]
3738,70,-5.625965,3,820,80.0,-2.822715,13,1090,-3.574772,29,570,[0]
3742,70,-5.519581,3,690,80.0,-0.716289,18,1310,-2.564803,8,620,[1]
3742,70,-6.284623,3,500,80.0,-0.72609,13,1080,-3.540252,29,330,[0]
3742,70,-5.945319,3,530,80.0,-0.394444,18,630,-2.847322,13,1100,[1]
3742,70,-5.624609,3,820,80.0,-2.847322,13,1100,-3.569549,29,570,[0]
3746,67,-5.542971,3,690,80.0,-3.54689,17,430,-2.654228,8,590,[1]
3746,67,-6.393392,3,500,80.0,-0.66665,13,1080,-3.50956,29,320,[0]
3746,67,-5.937476,3,560,80.0,-0.471291,18,590,-2.751209,13,1070,[1]
3746,67,-5.625571,3,840,80.0,-2.751209,13,1070,-3.568552,29,560,[1]
3752,66,-5.537277,3,710,80.0,-3.518408,17,430,-2.62495,8,570,[1]
3752,66,-6.409044,3,510,80.0,-0.603025,13,1070,-3.455205,29,320,[0]
3752,66,-5.950811,3,560,80.0,-0.538077,18,590,-2.716138,13,1060,[1]
3752,66,-5.626623,3,850,80.0,-2.716138,13,1060,-3.575941,29,550,[1]
3758,59,-5.545424,3,780,80.0,-3.508946,17,370,-2.645079,8,520,[1]
3758,59,-6.622664,3,540,80.0,-2.634447,17,260,-3.442508,29,290,[0]
3758,59,-5.97257,3,600,80.0,-0.391674,18,560,-2.515326,13,1020,[1]
3758,59,-5.631051,3,900,80.0,-2.515326,13,1020,-3.515345,29,520,[0]
3760,72,-5.516921,3,670,80.0,-0.785148,18,1310,-2.576271,8,630,[1]
3760,72,-5.946384,3,510,80.0,-0.369745,18,660,-2.914656,13,1120,[1]
3760,72,-5.622825,3,800,80.0,-2.914656,13,1120,-3.578447,29,580,[0]
3762,69,-5.528043,3,690,80.0,-0.795954,18,1300,-2.566694,8,610,[1]
3762,69,-6.320643,3,500,80.0,-0.745806,13,1090,-3.487276,29,330,[0]
3762,69,-5.943569,3,540,80.0,-0.394066,18,620,-2.815764,13,1090,[1]
3762,69,-5.630999,3,820,80.0,-2.815764,13,1090,-3.597569,29,570,[0]
3764,71,-5.515683,3,680,80.0,-0.795921,18,1300,-2.579034,8,620,[1]
3764,71,-6.217218,3,500,80.0,-0.801389,13,1090,-3.48869,29,330,[0]
3764,71,-5.936009,3,520,80.0,-0.367567,18,650,-2.884981,13,1110,[1]
3764,71,-5.622576,3,810,80.0,-2.884981,13,1110,-3.579336,29,570,[0]
3769,62,-5.543395,3,760,80.0,-3.509259,17,390,-2.600308,8,540,[1]
3769,62,-6.532303,3,540,80.0,-2.447901,17,260,-3.536132,29,290,[0]
3769,62,-5.945723,3,600,80.0,-0.21957,18,570,-2.594827,13,1040,[1]
3769,62,-5.641697,3,870,80.0,-2.594827,13,1040,-3.548038,29,540,[0]
3772,70,-5.51973,3,690,80.0,-0.791534,18,1290,-2.562408,8,620,[1]
3772,70,-6.279472,3,500,80.0,-0.728195,13,1080,-3.541495,29,330,[0]
3772,70,-5.947311,3,530,80.0,-0.397605,18,630,-2.847829,13,1100,[1]
3772,70,-5.62417,3,820,80.0,-2.847829,13,1100,-3.569669,29,570,[0]
3775,55,-5.54271,3,830,80.0,-3.435345,17,350,-2.570364,8,490,[1]
3775,55,-6.688484,3,570,80.0,-2.43541,17,240,-3.442662,29,270,[1]
3775,55,-6.025985,3,640,80.0,-0.407194,18,530,-2.373394,13,990,[1]
3775,55,-5.633549,3,920,80.0,-2.373394,13,990,-3.50988,29,510,[1]
3777,52,-5.543818,3,860,80.0,-3.493748,17,330,-2.515427,8,460,[1]
3777,52,-6.775212,3,580,80.0,-2.43882,17,230,-3.501559,29,250,[1]
3777,52,-6.039237,3,660,80.0,-0.47388,18,490,-2.325149,13,990,[1]
3777,52,-5.643354,3,920,80.0,-2.325149,13,990,-3.470394,29,520,[1]
3782,62,-5.542027,3,760,80.0,-3.506222,17,390,-2.595947,8,540,[1]
3782,62,-6.520707,3,540,80.0,-2.457349,17,260,-3.483407,29,300,[0]
3782,62,-5.943699,3,600,80.0,-0.226402,18,570,-2.600793,13,1040,[1]
3782,62,-5.639372,3,870,80.0,-2.600793,13,1040,-3.546453,29,540,[0]
3787,70,-5.526312,3,690,80.0,-0.775262,18,1310,-2.542151,8,610,[1]
3787,70,-6.296626,3,500,80.0,-0.719558,13,1080,-3.463941,29,330,[0]
3787,70,-5.944778,3,530,80.0,-0.357233,18,630,-2.85554,13,1110,[1]
3787,70,-5.635973,3,810,80.0,-2.85554,13,1110,-3.583622,29,570,[0]
3792,54,-5.54966,3,840,80.0,-3.459894,17,350,-2.519582,8,480,[1]
3792,54,-6.717692,3,580,80.0,-2.370541,17,230,-3.475873,29,260,[1]
3792,54,-6.03388,3,650,80.0,-0.426834,18,510,-2.350072,13,990,[1]
3792,54,-5.631965,3,930,80.0,-2.350072,13,990,-3.478346,29,500,[1]
3797,53,-5.551273,3,840,80.0,-3.496983,17,340,-2.593631,8,470,[1]
3797,53,-6.771559,3,570,80.0,-2.570709,17,230,-3.482189,29,260,[1]
3797,53,-6.02653,3,660,80.0,-0.412355,18,510,-2.287636,13,970,[1]
3797,53,-5.632117,3,930,80.0,-2.287636,13,970,-3.513162,29,510,[1]
3800,70,-5.523902,3,680,80.0,-0.798286,18,1310,-2.541472,8,620,[1]
3800,70,-5.93289,3,530,80.0,-0.365447,18,640,-2.852572,13,1100,[1]
3800,70,-5.628981,3,810,80.0,-2.852572,13,1100,-3.579946,29,580,[0]
3802,70,-5.523912,3,680,80.0,-0.792444,18,1310,-2.550938,8,620,[1]
3802,70,-5.94111,3,530,80.0,-0.491477,18,620,-2.851949,13,1100,[1]
3802,70,-5.630095,3,810,80.0,-2.851949,13,1100,-3.585172,29,580,[0]
3806,71,-5.517304,3,680,80.0,-0.787517,18,1300,-2.592114,8,620,[1]
3806,71,-6.229854,3,500,80.0,-0.792902,13,1090,-3.497659,29,330,[0]
3806,71,-5.947148,3,520,80.0,-0.417409,18,640,-2.882286,13,1110,[1]
3806,71,-5.622172,3,810,80.0,-2.882286,13,1110,-3.587162,29,570,[0]
3813,62,-5.543565,3,760,80.0,-3.508335,17,390,-2.601903,8,540,[1]
3813,62,-6.533323,3,540,80.0,-2.445491,17,260,-3.537474,29,290,[0]
3813,62,-5.94621,3,600,80.0,-0.371382,18,550,-2.594581,13,1040,[1]
3813,62,-5.641874,3,870,80.0,-2.594581,13,1040,-3.548936,29,540,[0]
3820,53,-5.55035,3,850,80.0,-3.468029,17,340,-2.53322,8,470,[1]
3820,53,-6.761367,3,580,80.0,-2.504524,17,230,-3.461061,29,250,[1]
3820,53,-6.032422,3,660,80.0,-0.434161,18,500,-2.300619,13,980,[1]
3820,53,-5.635145,3,930,80.0,-2.300619,13,980,-3.477597,29,510,[1]
3824,56,-5.545105,3,820,80.0,-3.461657,17,350,-2.628652,8,490,[1]
3824,56,-6.670941,3,570,80.0,-2.323533,17,240,-3.449539,29,280,[1]
3824,56,-6.038342,3,630,80.0,-0.473506,18,530,-2.407375,13,1000,[1]
3824,56,-5.637753,3,910,80.0,-2.407375,13,1000,-3.511671,29,520,[1]
3827,63,-5.542045,3,750,80.0,-3.533029,17,390,-2.594146,8,550,[1]
3827,63,-6.547661,3,520,80.0,-2.619319,17,270,-3.496192,29,310,[0]
3827,63,-5.936143,3,600,80.0,-0.37894,18,560,-2.608723,13,1040,[1]
3827,63,-5.64279,3,860,80.0,-2.608723,13,1040,-3.547089,29,550,[0]
3831,71,-5.524377,3,680,80.0,-0.817556,18,1290,-2.603696,8,620,[1]
3831,71,-5.949862,3,520,80.0,-0.467045,18,630,-2.878157,13,1110,[1]
3831,71,-5.61889,3,820,80.0,-2.878157,13,1110,-3.572745,29,560,[0]
3837,72,-5.523274,3,670,80.0,-0.843295,18,1290,-2.598269,8,630,[1]
3837,72,-5.93252,3,520,80.0,-0.46502,18,640,-2.889429,13,1110,[1]
3837,72,-5.619987,3,810,80.0,-2.889429,13,1110,-3.570217,29,570,[0]
3841,71,-5.517152,3,680,80.0,-0.829606,18,1290,-2.584723,8,620,[1]
3841,71,-6.235112,3,500,80.0,-0.789743,13,1090,-3.489884,29,330,[0]
3841,71,-5.947185,3,520,80.0,-0.499332,18,630,-2.882293,13,1110,[1]
3841,71,-5.622964,3,810,80.0,-2.882293,13,1110,-3.582709,29,570,[0]
3845,53,-5.545819,3,850,80.0,-3.518551,17,330,-2.519605,8,470,[1]
3845,53,-6.747904,3,580,80.0,-2.638413,17,220,-3.448598,29,250,[1]
3845,53,-6.045608,3,650,80.0,-0.452178,18,500,-2.309867,13,980,[1]
3845,53,-5.627072,3,940,80.0,-2.309867,13,980,-3.472291,29,510,[1]
3849,56,-5.545191,3,820,80.0,-3.461131,17,350,-2.632368,8,490,[1]
3849,56,-6.670374,3,570,80.0,-2.382924,17,230,-3.47211,29,280,[1]
3849,56,-6.042405,3,630,80.0,-0.5578,18,520,-2.408546,13,1000,[1]
3849,56,-5.639447,3,910,80.0,-2.408546,13,1000,-3.524153,29,520,[1]
3855,71,-5.532641,3,670,80.0,-0.84387,18,1300,-2.613043,8,620,[1]
3855,71,-5.949523,3,520,80.0,-0.512282,18,620,-2.869848,13,1110,[1]
3855,71,-5.627935,3,810,80.0,-2.869848,13,1110,-3.598023,29,570,[0]
3856,58,-5.541796,3,800,80.0,-3.503766,17,360,-2.579553,8,510,[1]
3856,58,-6.614918,3,560,80.0,-2.503393,17,240,-3.455975,29,280,[1]
3856,58,-6.004112,3,630,80.0,-0.417301,18,520,-2.49975,13,1020,[1]
3856,58,-5.643222,3,890,80.0,-2.49975,13,1020,-3.526608,29,530,[1]
3862,72,-5.516666,3,680,80.0,-0.84381,18,1290,-2.603554,8,610,[1]
3862,72,-5.951748,3,510,80.0,-0.467937,18,640,-2.907737,13,1120,[1]
3862,72,-5.620594,3,810,80.0,-2.907737,13,1120,-3.568787,29,570,[0]
3867,63,-5.536684,3,750,80.0,-3.467707,17,390,-2.616674,8,560,[1]
3867,63,-6.500693,3,530,80.0,-2.452021,17,270,-3.488497,29,310,[0]
3867,63,-5.967732,3,580,80.0,-0.490414,18,570,-2.643291,13,1050,[1]
3867,63,-5.63999,3,860,80.0,-2.643291,13,1050,-3.566312,29,540,[1]
3872,61,-5.545206,3,760,80.0,-3.487775,17,390,-2.629874,8,540,[1]
3872,61,-6.517434,3,550,80.0,-2.412042,17,260,-3.458891,29,290,[0]
3872,61,-5.970935,3,590,80.0,-0.409714,18,560,-2.590518,13,1040,[1]
3872,61,-5.634658,3,880,80.0,-2.590518,13,1040,-3.537633,29,530,[0]
3877,63,-5.541266,3,750,80.0,-3.489213,17,400,-2.601104,8,550,[1]
3877,63,-6.514644,3,530,80.0,-0.383567,13,1040,-3.439116,29,300,[0]
3877,63,-5.947676,3,590,80.0,-0.535531,18,560,-2.605796,13,1040,[1]
3877,63,-5.644077,3,860,80.0,-2.605796,13,1040,-3.551624,29,550,[1]
3880,65,-5.541517,3,720,80.0,-3.513349,17,420,-2.562156,8,580,[1]
3880,65,-6.405226,3,530,80.0,-2.48268,17,270,-3.47006,29,310,[0]
3880,65,-5.951859,3,570,80.0,-0.416508,18,590,-2.701754,13,1060,[1]
3880,65,-5.641711,3,840,80.0,-2.701754,13,1060,-3.562619,29,570,[0]
3885,70,-5.519209,3,690,80.0,-0.904795,18,1260,-2.598619,8,610,[1]
3885,70,-6.278266,3,500,80.0,-0.768011,13,1090,-3.492379,29,340,[0]
3885,70,-5.929882,3,540,80.0,-0.625827,18,600,-2.829901,13,1090,[1]
3885,70,-5.630073,3,810,80.0,-2.829901,13,1090,-3.58707,29,580,[0]
3888,62,-5.543097,3,750,80.0,-3.491737,17,400,-2.606067,8,550,[1]
3888,62,-6.501299,3,540,80.0,-2.41162,17,270,-3.502905,29,290,[0]
3888,62,-5.953529,3,590,80.0,-0.366635,18,560,-2.629436,13,1050,[1]
3888,62,-5.644531,3,860,80.0,-2.629436,13,1050,-3.551636,29,550,[0]
3893,61,-5.543865,3,760,80.0,-3.498411,17,390,-2.614129,8,540,[1]
3893,61,-6.535762,3,540,80.0,-2.421117,17,260,-3.497695,29,300,[0]
3893,61,-5.962673,3,590,80.0,-0.433181,18,560,-2.594625,13,1040,[1]
3893,61,-5.641309,3,870,80.0,-2.594625,13,1040,-3.55664,29,540,[0]
3896,59,-5.543568,3,790,80.0,-3.475914,17,370,-2.604002,8,520,[1]
3896,59,-6.618613,3,550,80.0,-2.46026,17,250,-3.486555,29,290,[0]
3896,59,-6.014597,3,620,80.0,-0.375604,18,530,-2.528019,13,1030,[1]
3896,59,-5.639879,3,890,80.0,-2.528019,13,1030,-3.513845,29,530,[0]
3912,69,-5.521536,3,700,80.0,-0.907341,18,1250,-2.57594,8,610,[1]
3912,69,-6.327404,3,500,80.0,-0.741698,13,1090,-3.491673,29,330,[0]
3912,69,-5.947229,3,540,80.0,-0.671282,18,580,-2.813539,13,1090,[1]
3912,69,-5.632576,3,820,80.0,-2.813539,13,1090,-3.601351,29,570,[1]
3916,61,-5.545368,3,760,80.0,-3.486889,17,390,-2.631398,8,540,[1]
3916,61,-6.518375,3,550,80.0,-2.409744,17,260,-3.460133,29,290,[0]
3916,61,-5.971364,3,590,80.0,-0.40756,18,560,-2.590284,13,1040,[1]
3916,61,-5.634834,3,880,80.0,-2.590284,13,1040,-3.538481,29,530,[0]
3922,62,-5.543223,3,750,80.0,-3.517196,17,390,-2.622854,8,550,[1]
3922,62,-6.510218,3,540,80.0,-2.370987,17,270,-3.478742,29,300,[0]
3922,62,-5.958183,3,590,80.0,-0.410641,18,570,-2.606384,13,1040,[1]
3922,62,-5.637204,3,870,80.0,-2.606384,13,1040,-3.538848,29,540,[0]
3927,63,-5.537619,3,750,80.0,-3.499051,17,400,-2.587207,8,550,[1]
3927,63,-6.481925,3,540,80.0,-2.438911,17,270,-3.443307,29,300,[0]
3927,63,-5.949765,3,590,80.0,-0.391279,18,560,-2.637933,13,1050,[1]
3927,63,-5.641711,3,860,80.0,-2.637933,13,1050,-3.543703,29,550,[0]
3932,63,-5.542494,3,740,80.0,-3.517831,17,400,-2.604128,8,560,[1]
3932,63,-6.467155,3,540,80.0,-2.477521,17,270,-3.46775,29,290,[0]
3932,63,-5.941867,3,590,80.0,-0.362855,18,570,-2.641901,13,1050,[1]
3932,63,-5.639962,3,860,80.0,-2.641901,13,1050,-3.526716,29,550,[0]
3937,62,-5.538481,3,760,80.0,-3.514138,17,390,-2.589103,8,540,[1]
3937,62,-6.515824,3,540,80.0,-2.370121,17,270,-3.47916,29,300,[0]
3937,62,-5.94568,3,600,80.0,-0.395495,18,550,-2.603307,13,1040,[1]
3937,62,-5.638968,3,870,80.0,-2.603307,13,1040,-3.542786,29,540,[0]
3941,64,-5.538294,3,740,80.0,-3.494762,17,410,-2.576925,8,560,[1]
3941,64,-6.451042,3,540,80.0,-2.341283,17,270,-3.494299,29,300,[0]
3941,64,-5.956656,3,580,80.0,-0.408911,18,570,-2.672449,13,1060,[1]
3941,64,-5.645127,3,850,80.0,-2.672449,13,1060,-3.568111,29,550,[0]
3945,56,-5.542592,3,820,80.0,-3.466029,17,350,-2.616164,8,490,[1]
3945,56,-6.649601,3,570,80.0,-2.317056,17,240,-3.453875,29,280,[1]
3945,56,-6.032526,3,630,80.0,-0.574558,18,520,-2.41175,13,1000,[1]
3945,56,-5.636839,3,910,80.0,-2.41175,13,1000,-3.511378,29,520,[1]
3950,63,-5.537718,3,750,80.0,-3.498601,17,400,-2.587985,8,550,[1]
3950,63,-6.482435,3,540,80.0,-2.43774,17,270,-3.443938,29,300,[0]
3950,63,-5.950011,3,590,80.0,-0.39016,18,560,-2.6378,13,1050,[1]
3950,63,-5.641798,3,860,80.0,-2.6378,13,1050,-3.544147,29,550,[0]
3955,63,-5.53774,3,750,80.0,-3.498502,17,400,-2.588153,8,550,[1]
3955,63,-6.482548,3,540,80.0,-2.437488,17,270,-3.444074,29,300,[0]
3955,63,-5.950064,3,590,80.0,-0.389918,18,560,-2.637771,13,1050,[1]
3955,63,-5.641817,3,860,80.0,-2.637771,13,1050,-3.544242,29,550,[0]
3958,68,-5.532439,3,700,80.0,-0.860588,18,1270,-2.594254,8,600,[1]
3958,68,-6.342912,3,510,80.0,-0.640751,13,1070,-3.497158,29,320,[0]
3958,68,-5.940674,3,550,80.0,-0.500289,18,590,-2.799723,13,1090,[1]
3958,68,-5.638936,3,820,80.0,-2.799723,13,1090,-3.585778,29,570,[0]
3963,66,-5.532568,3,720,80.0,-3.499121,17,410,-2.609939,8,580,[1]
3963,66,-6.389041,3,520,80.0,-0.559555,13,1060,-3.482782,29,320,[0]
3963,66,-5.951551,3,560,80.0,-0.636143,18,570,-2.732862,13,1070,[1]
3963,66,-5.636627,3,840,80.0,-2.732862,13,1070,-3.565887,29,560,[1]
3968,63,-5.543391,3,750,80.0,-3.490157,17,400,-2.60167,8,550,[1]
3968,63,-6.486508,3,540,80.0,-2.426865,17,270,-3.453292,29,300,[0]
3968,63,-5.951509,3,590,80.0,-0.370432,18,560,-2.633111,13,1050,[1]
3968,63,-5.642677,3,860,80.0,-2.633111,13,1050,-3.550404,29,550,[0]
3974,63,-5.542648,3,740,80.0,-3.517022,17,400,-2.60554,8,560,[1]
3974,63,-6.468137,3,540,80.0,-2.475415,17,270,-3.468903,29,290,[0]
3974,63,-5.942354,3,590,80.0,-0.513073,18,550,-2.641664,13,1050,[1]
3974,63,-5.640138,3,860,80.0,-2.641664,13,1050,-3.527532,29,550,[0]
3975,63,-5.543416,3,750,80.0,-3.490023,17,400,-2.601903,8,550,[1]
3975,63,-6.486668,3,540,80.0,-2.426515,17,270,-3.453481,29,300,[0]
3975,63,-5.951581,3,590,80.0,-0.44601,18,550,-2.633075,13,1050,[1]
3975,63,-5.642706,3,860,80.0,-2.633075,13,1050,-3.550539,29,550,[0]
3977,61,-5.544168,3,760,80.0,-3.480158,17,390,-2.643774,8,540,[1]
3977,61,-6.524292,3,550,80.0,-2.386353,17,260,-3.473904,29,290,[0]
3977,61,-5.957355,3,600,80.0,-0.536845,18,540,-2.565755,13,1030,[1]
3977,61,-5.637291,3,880,80.0,-2.565755,13,1030,-3.518705,29,540,[1]
3982,62,-5.543441,3,750,80.0,-3.492584,17,400,-2.608863,8,550,[1]
3982,62,-6.506277,3,540,80.0,-2.406758,17,270,-3.510062,29,290,[0]
3982,62,-5.938667,3,600,80.0,-0.51485,18,540,-2.604808,13,1040,[1]
3982,62,-5.645395,3,860,80.0,-2.604808,13,1040,-3.557162,29,550,[0]
3987,62,-5.543459,3,750,80.0,-3.489791,17,400,-2.609412,8,550,[1]
3987,62,-6.50353,3,540,80.0,-2.406551,17,270,-3.505678,29,290,[0]
3987,62,-5.954584,3,590,80.0,-0.516608,18,540,-2.628925,13,1050,[1]
3987,62,-5.644901,3,860,80.0,-2.628925,13,1050,-3.553563,29,550,[0]
3992,66,-5.536623,3,720,80.0,-3.491142,17,410,-2.623801,8,580,[1]
3992,66,-6.413543,3,520,80.0,-0.503137,13,1050,-3.492434,29,320,[0]
3992,66,-5.956336,3,560,80.0,-0.539869,18,580,-2.726163,13,1070,[1]
3992,66,-5.630716,3,850,80.0,-2.726163,13,1070,-3.547721,29,550,[0]
3995,63,-5.544182,3,740,80.0,-3.508529,17,400,-2.617766,8,560,[1]
3995,63,-6.474722,3,540,80.0,-2.464617,17,270,-3.429731,29,300,[0]
3995,63,-5.951791,3,590,80.0,-0.493029,18,550,-2.639637,13,1050,[1]
3995,63,-5.64046,3,860,80.0,-2.639637,13,1050,-3.535381,29,550,[0]
3998,63,-5.542735,3,740,80.0,-3.524664,17,400,-2.58957,8,560,[1]
3998,63,-6.487611,3,530,80.0,-0.401727,13,1040,-3.509744,29,300,[0]
3998,63,-5.943646,3,590,80.0,-0.540303,18,550,-2.64525,13,1050,[1]
3998,63,-5.64608,3,850,80.0,-2.64525,13,1050,-3.574077,29,550,[0]
3999,63,-5.543502,3,750,80.0,-3.489561,17,400,-2.602692,8,550,[1]
3999,63,-6.487188,3,540,80.0,-2.425318,17,270,-3.454126,29,300,[0]
3999,63,-5.951831,3,590,80.0,-0.444883,18,550,-2.632956,13,1050,[1]
3999,63,-5.642793,3,860,80.0,-2.632956,13,1050,-3.550994,29,550,[0]
3003,42,-5.567653,3,930,80.0,-3.54276,17,280,-2.619531,8,380,[1]
3003,42,-7.009798,3,610,80.0,-2.631642,17,190,-3.431345,29,230,[1]
3003,42,-6.014423,3,730,80.0,0.24728,18,480,-1.950207,13,920,[1]
3003,42,-5.598027,3,1000,80.0,-1.950207,13,920,-2.376896,8,810,[1]
3008,71,-5.5191,3,680,80.0,-0.536864,18,1370,-2.56775,8,620,[1]
3008,71,-5.916394,3,530,80.0,-0.032298,18,700,-2.863451,13,1100,[0]
3008,71,-5.622194,3,810,80.0,-2.863451,13,1100,-3.601476,29,560,[0]
3021,44,-5.566737,3,920,80.0,-3.535119,17,270,-2.593335,8,410,[1]
3021,44,-6.904315,3,630,80.0,-2.384105,17,180,-3.356018,29,230,[1]
3021,44,-6.020464,3,720,80.0,0.309874,18,500,-1.968973,13,920,[1]
3021,44,-5.597239,3,1000,80.0,-1.968973,13,920,-2.398156,8,810,[1]
3028,73,-5.524883,3,640,80.0,-0.545748,18,1410,-2.587024,8,640,[1]
3028,73,-5.902873,3,510,80.0,-0.063224,18,710,-2.93705,13,1120,[1]
3028,73,-5.616866,3,790,80.0,-2.93705,13,1120,-3.614907,29,580,[1]
3041,43,-5.567462,3,920,80.0,-3.585101,17,280,-2.609555,8,390,[1]
3041,43,-6.957018,3,620,80.0,-2.471961,17,190,-3.376263,29,230,[1]
3041,43,-6.025752,3,720,80.0,0.234212,18,490,-1.998218,13,930,[1]
3041,43,-5.599047,3,1000,80.0,-1.998218,13,930,-2.346105,8,810,[1]
3045,42,-5.561266,3,940,80.0,-3.49152,17,270,-2.548366,8,390,[1]
3045,42,-6.978325,3,620,80.0,-2.645053,17,190,-3.358266,29,220,[1]
3045,42,-6.017425,3,730,80.0,0.234996,18,480,-1.916767,13,910,[1]
3045,42,-5.596551,3,1000,80.0,-1.916767,13,910,-2.404457,8,820,[1]
3050,44,-5.56683,3,920,80.0,-3.53419,17,270,-2.594853,8,410,[1]
3050,44,-6.904914,3,630,80.0,-2.381623,17,180,-3.357303,29,230,[1]
3050,44,-6.020702,3,720,80.0,0.312344,18,500,-1.968807,13,920,[1]
3050,44,-5.597303,3,1000,80.0,-1.968807,13,920,-2.398902,8,810,[1]
3059,39,-5.572949,3,960,80.0,-3.540475,17,250,-2.5766,8,370,[1]
3059,39,-7.057684,3,630,80.0,-2.745273,17,170,-3.338803,29,220,[1]
3059,39,-5.988304,3,760,80.0,0.364443,18,450,-1.781861,13,890,[1]
3059,39,-5.580106,3,1020,80.0,-1.781861,13,890,-3.473577,29,440,[1]
3065,48,-5.556448,3,880,80.0,-3.506976,17,320,-2.575391,8,430,[1]
3065,48,-6.857462,3,590,80.0,-2.444426,17,220,-3.502069,29,240,[1]
3065,48,-6.039235,3,680,80.0,0.231961,18,550,-2.185849,13,960,[1]
3065,48,-5.627665,3,950,80.0,-2.185849,13,960,-3.451686,29,500,[1]
3070,44,-5.566895,3,920,80.0,-3.533558,17,270,-2.595884,8,410,[1]
3070,44,-6.905322,3,630,80.0,-2.379939,17,180,-3.358176,29,230,[1]
3070,44,-6.020861,3,720,80.0,0.31402,18,500,-1.968693,13,920,[1]
3070,44,-5.597349,3,1000,80.0,-1.968693,13,920,-2.399408,8,810,[1]
3075,44,-5.566911,3,920,80.0,-3.533402,17,270,-2.59614,8,410,[1]
3075,44,-6.936158,3,620,80.0,-2.517435,17,190,-3.358393,29,230,[1]
3075,44,-6.020898,3,720,80.0,0.314437,18,500,-1.968665,13,920,[1]
3075,44,-5.597361,3,1000,80.0,-1.968665,13,920,-2.399534,8,810,[1]
3079,44,-5.566923,3,920,80.0,-3.533276,17,270,-2.596344,8,410,[1]
3079,44,-6.936241,3,620,80.0,-2.51711,17,190,-3.358566,29,230,[1]
3079,44,-6.020931,3,720,80.0,0.314768,18,500,-1.968643,13,920,[1]
3079,44,-5.597367,3,1000,80.0,-1.968643,13,920,-2.399633,8,810,[1]
3083,42,-5.571937,3,930,80.0,-3.581435,17,270,-2.584385,8,390,[1]
3083,42,-6.986779,3,620,80.0,-2.569431,17,190,-3.338616,29,230,[1]
3083,42,-6.001984,3,740,80.0,0.285255,18,480,-1.906789,13,910,[1]
3083,42,-5.598279,3,1000,80.0,-1.906789,13,910,-2.392607,8,810,[1]
3096,72,-5.527365,3,650,80.0,-0.613669,18,1380,-2.576627,8,640,[1]
3096,72,-5.903704,3,520,80.0,-0.080314,18,690,-2.903492,13,1110,[0]
3096,72,-5.610189,3,810,80.0,-2.903492,13,1110,-3.582285,29,570,[0]
3111,43,-5.565878,3,930,80.0,-3.603871,17,270,-2.539832,8,390,[1]
3111,43,-6.937274,3,630,80.0,-2.524653,17,180,-3.2932,29,230,[1]
3111,43,-6.010042,3,730,80.0,0.323653,18,490,-1.952494,13,920,[1]
3111,43,-5.597703,3,1000,80.0,-1.952494,13,920,-2.368191,8,810,[1]
3116,44,-5.567416,3,910,80.0,-3.562891,17,290,-2.61108,8,400,[1]
3116,44,-6.953346,3,610,80.0,-2.459027,17,200,-3.448972,29,230,[1]
3116,44,-6.035329,3,710,80.0,0.154715,18,490,-2.044004,13,940,[1]
3116,44,-5.605004,3,990,80.0,-2.044004,13,940,-2.349102,8,820,[1]
3127,52,-5.561146,3,830,80.0,-3.563976,17,340,-2.637272,8,470,[1]
3127,52,-6.76828,3,580,80.0,-2.600575,17,220,-3.474064,29,250,[1]
3127,52,-6.037253,3,660,80.0,0.021602,18,550,-2.274415,13,970,[1]
3127,52,-5.629082,3,940,80.0,-2.274415,13,970,-3.450055,29,520,[1]
3132,44,-5.566174,3,920,80.0,-3.530823,17,290,-2.603219,8,390,[1]
3132,44,-6.963133,3,610,80.0,-2.625409,17,200,-3.370002,29,230,[1]
3132,44,-6.020099,3,720,80.0,0.119221,18,480,-2.000471,13,930,[1]
3132,44,-5.604595,3,990,80.0,-2.000471,13,930,-2.373874,8,820,[1]
3142,44,-5.56712,3,920,80.0,-3.53135,17,270,-2.599492,8,410,[1]
3142,44,-6.937555,3,620,80.0,-2.512091,17,190,-3.361231,29,230,[1]
3142,44,-6.021417,3,720,80.0,0.117554,18,480,-1.968297,13,920,[1]
3142,44,-5.597507,3,1000,80.0,-1.968297,13,920,-2.401181,8,810,[1]
3149,46,-5.553548,3,910,80.0,-3.489983,17,280,-2.584321,8,420,[1]
3149,46,-6.915934,3,600,80.0,-2.408544,17,200,-3.466484,29,250,[1]
3149,46,-6.035453,3,700,80.0,0.117627,18,510,-2.081037,13,940,[1]
3149,46,-5.616382,3,970,80.0,-2.081037,13,940,-2.404295,8,840,[1]
3154,44,-5.567156,3,920,80.0,-3.530991,17,270,-2.600078,8,410,[1]
3154,44,-6.937799,3,620,80.0,-2.511158,17,190,-3.361727,29,230,[1]
3154,44,-6.021506,3,720,80.0,0.118475,18,480,-1.968232,13,920,[1]
3154,44,-5.597532,3,1000,80.0,-1.968232,13,920,-2.401468,8,810,[1]
3158,44,-5.554411,3,930,80.0,-3.414899,17,280,-2.594728,8,400,[1]
3158,44,-6.902095,3,620,80.0,-2.479275,17,180,-3.378109,29,240,[1]
3158,44,-6.026507,3,710,80.0,0.120862,18,490,-2.049802,13,940,[1]
3158,44,-5.61071,3,980,80.0,-2.049802,13,940,-2.400516,8,820,[1]
3166,45,-5.554442,3,930,80.0,-3.425258,17,280,-2.580265,8,400,[1]
3166,45,-6.902251,3,620,80.0,-2.478717,17,180,-3.378439,29,240,[1]
3166,45,-6.028952,3,710,80.0,0.091612,18,490,-2.051069,13,940,[1]
3166,45,-5.611703,3,980,80.0,-2.051069,13,940,-2.399841,8,820,[1]
3169,66,-5.53336,3,720,80.0,-3.534258,17,420,-2.572073,8,570,[1]
3169,66,-6.43145,3,510,80.0,-0.549045,13,1060,-3.483881,29,320,[0]
3169,66,-5.956319,3,560,80.0,-0.109059,18,640,-2.707646,13,1060,[1]
3169,66,-5.628875,3,850,80.0,-2.707646,13,1060,-3.567712,29,560,[0]
3173,45,-5.553972,3,920,80.0,-3.462175,17,280,-2.577468,8,410,[1]
3173,45,-6.904948,3,610,80.0,-2.441311,17,190,-3.391741,29,250,[1]
3173,45,-6.037202,3,700,80.0,0.105787,18,500,-2.039915,13,930,[1]
3173,45,-5.604908,3,990,80.0,-2.039915,13,930,-2.397216,8,830,[1]
3182,48,-5.556069,3,880,80.0,-3.4458,17,310,-2.638854,8,440,[1]
3182,48,-6.871532,3,590,80.0,-2.581148,17,210,-3.495542,29,240,[1]
3182,48,-6.026843,3,690,80.0,0.147765,18,520,-2.150384,13,950,[1]
3182,48,-5.622161,3,960,80.0,-2.150384,13,950,-2.387598,8,860,[1]
3187,71,-5.529845,3,660,80.0,-0.707543,18,1350,-2.573041,8,630,[1]
3187,71,-5.927992,3,520,80.0,-0.16623,18,670,-2.888208,13,1110,[0]
3187,71,-5.617398,3,810,80.0,-2.888208,13,1110,-3.604587,29,570,[0]
3193,45,-5.566041,3,910,80.0,-3.576441,17,290,-2.583684,8,400,[1]
3193,45,-6.93713,3,610,80.0,-2.47196,17,200,-3.432072,29,230,[1]
3193,45,-6.029325,3,710,80.0,0.109982,18,490,-2.053517,13,940,[1]
3193,45,-5.610985,3,980,80.0,-2.053517,13,940,-2.369532,8,830,[1]
3202,44,-5.567756,3,910,80.0,-3.560375,17,290,-2.620821,8,400,[1]
3202,44,-6.95858,3,610,80.0,-2.415391,17,200,-3.403735,29,240,[1]
3202,44,-6.035007,3,710,80.0,0.056447,18,480,-2.044427,13,940,[1]
3202,44,-5.605433,3,990,80.0,-2.044427,13,940,-2.354748,8,820,[1]
3209,44,-5.567319,3,920,80.0,-3.52938,17,270,-2.60271,8,410,[1]
3209,44,-6.970712,3,610,80.0,-2.63152,17,200,-3.363954,29,230,[1]
3209,44,-6.021913,3,720,80.0,0.122612,18,480,-1.967944,13,920,[1]
3209,44,-5.597649,3,1000,80.0,-1.967944,13,920,-2.402761,8,810,[1]
3213,45,-5.555733,3,920,80.0,-3.450356,17,280,-2.592192,8,410,[1]
3213,45,-6.916115,3,610,80.0,-2.438114,17,190,-3.396976,29,250,[1]
3213,45,-6.042662,3,700,80.0,0.125933,18,500,-2.032883,13,930,[1]
3213,45,-5.60452,3,990,80.0,-2.032883,13,930,-2.40514,8,830,[1]
3217,70,-5.52191,3,690,80.0,-0.680394,18,1320,-2.60324,8,610,[1]
3217,70,-6.277984,3,500,80.0,-0.72816,13,1080,-3.494288,29,340,[0]
3217,70,-5.923698,3,540,80.0,-0.186862,18,660,-2.824394,13,1090,[1]
3217,70,-5.624445,3,820,80.0,-2.824394,13,1090,-3.594397,29,560,[0]
3223,43,-5.566525,3,920,80.0,-3.579738,17,280,-2.615782,8,390,[1]
3223,43,-6.974189,3,610,80.0,-2.600103,17,200,-3.377272,29,230,[1]
3223,43,-6.027056,3,720,80.0,0.138939,18,480,-1.999514,13,930,[1]
3223,43,-5.604249,3,990,80.0,-1.999514,13,930,-2.37709,8,820,[1]
3227,58,-5.535538,3,800,80.0,-3.48596,17,370,-2.544426,8,510,[1]
3227,58,-6.617208,3,550,80.0,-2.457442,17,250,-3.483686,29,290,[0]
3227,58,-5.995869,3,630,80.0,0.011812,18,580,-2.503824,13,1020,[1]
3227,58,-5.640608,3,890,80.0,-2.503824,13,1020,-3.512045,29,530,[0]
3242,45,-5.554713,3,930,80.0,-3.42295,17,280,-2.581862,8,400,[1]
3242,45,-6.901997,3,620,80.0,-2.473027,17,180,-3.377734,29,240,[1]
3242,45,-6.027591,3,710,80.0,0.097251,18,490,-2.054656,13,940,[1]
3242,45,-5.611724,3,980,80.0,-2.054656,13,940,-2.398361,8,820,[1]
3251,45,-5.566261,3,910,80.0,-3.574821,17,290,-2.586396,8,400,[1]
3251,45,-6.938287,3,610,80.0,-2.467609,17,200,-3.434421,29,230,[1]
3251,45,-6.029754,3,710,80.0,0.114252,18,490,-2.053229,13,940,[1]
3251,45,-5.611113,3,980,80.0,-2.053229,13,940,-2.370873,8,830,[1]
3256,69,-5.521849,3,700,80.0,-0.648795,18,1320,-2.564965,8,610,[1]
3256,69,-6.307044,3,500,80.0,-0.712427,13,1080,-3.487019,29,330,[0]
3256,69,-5.914146,3,550,80.0,-0.181402,18,650,-2.794909,13,1080,[1]
3256,69,-5.621864,3,830,80.0,-2.794909,13,1080,-3.569358,29,560,[0]
3266,45,-5.555922,3,920,80.0,-3.448801,17,280,-2.594662,8,410,[1]
3266,45,-6.917058,3,610,80.0,-2.434155,17,190,-3.399075,29,250,[1]
3266,45,-6.042979,3,700,80.0,-0.070158,18,480,-2.032628,13,930,[1]
3266,45,-5.60463,3,990,80.0,-2.032628,13,930,-2.406369,8,830,[1]
3272,54,-5.55618,3,820,80.0,-3.541693,17,340,-2.613464,8,490,[1]
3272,54,-6.753434,3,560,80.0,-2.478192,17,250,-3.475233,29,270,[1]
3272,54,-6.043669,3,640,80.0,-0.086252,18,560,-2.356655,13,990,[1]
3272,54,-5.628407,3,930,80.0,-2.356655,13,990,-3.504024,29,500,[1]
3276,68,-5.539145,3,690,80.0,-0.644505,18,1350,-2.623021,8,590,[1]
3276,68,-6.335454,3,510,80.0,-0.643488,13,1070,-3.480849,29,320,[0]
3276,68,-5.935019,3,550,80.0,-0.165348,18,640,-2.777316,13,1080,[1]
3276,68,-5.622293,3,840,80.0,-2.777316,13,1080,-3.576729,29,550,[0]
3287,70,-5.521843,3,690,80.0,-0.639434,18,1350,-2.558628,8,600,[1]
3287,70,-5.933553,3,530,80.0,-0.19934,18,660,-2.845951,13,1100,[0]
3287,70,-5.624295,3,820,80.0,-2.845951,13,1100,-3.591512,29,560,[0]
3292,65,-5.536769,3,730,80.0,-3.535997,17,410,-2.587365,8,560,[1]
3292,65,-6.434569,3,520,80.0,-0.491569,13,1050,-3.486148,29,310,[0]
3292,65,-5.950857,3,570,80.0,-0.081047,18,650,-2.691111,13,1060,[1]
3292,65,-5.646014,3,840,80.0,-2.691111,13,1060,-3.575936,29,550,[0]
3306,47,-5.556736,3,900,80.0,-3.470563,17,290,-2.596643,8,430,[1]
3306,47,-6.901213,3,600,80.0,-2.488403,17,200,-3.422298,29,250,[1]
3306,47,-6.030558,3,700,80.0,-0.049978,18,500,-2.059472,13,930,[1]
3306,47,-5.611068,3,980,80.0,-2.059472,13,930,-2.385496,8,840,[1]
3310,65,-5.531122,3,730,80.0,-3.485924,17,410,-2.546164,8,580,[1]
3310,65,-6.413572,3,520,80.0,-2.610208,17,280,-3.497005,29,300,[0]
3310,65,-5.942337,3,570,80.0,-0.001613,18,650,-2.69754,13,1060,[1]
3310,65,-5.63643,3,840,80.0,-2.69754,13,1060,-3.550896,29,570,[0]
3320,48,-5.553984,3,890,80.0,-3.470568,17,300,-2.628462,8,430,[1]
3320,48,-6.849905,3,600,80.0,-2.491398,17,210,-3.356382,29,250,[1]
3320,48,-6.028177,3,690,80.0,0.02496,18,500,-2.17057,13,960,[1]
3320,48,-5.628559,3,950,80.0,-2.17057,13,960,-2.40996,8,860,[1]
3325,62,-5.540024,3,760,80.0,-3.517143,17,390,-2.576998,8,540,[1]
3325,62,-6.508694,3,540,80.0,-2.485734,17,260,-3.467845,29,300,[0]
3325,62,-5.937939,3,600,80.0,-0.099409,18,590,-2.603986,13,1040,[1]
3325,62,-5.637276,3,870,80.0,-2.603986,13,1040,-3.535833,29,540,[0]
3334,65,-5.539044,3,720,80.0,-3.513482,17,420,-2.564563,8,580,[1]
3334,65,-6.428671,3,520,80.0,-0.537164,13,1060,-3.464536,29,310,[0]
3334,65,-5.943145,3,570,80.0,-0.111837,18,630,-2.714292,13,1070,[1]
3334,65,-5.640855,3,840,80.0,-2.714292,13,1070,-3.563568,29,550,[0]
3339,72,-5.521895,3,670,80.0,-0.782983,18,1310,-2.620439,8,620,[1]
3339,72,-5.942645,3,510,80.0,-0.291857,18,670,-2.911229,13,1120,[0]
3339,72,-5.632808,3,790,80.0,-2.911229,13,1120,-3.631948,29,580,[0]
3344,46,-5.556547,3,910,80.0,-3.478929,17,280,-2.603186,8,420,[1]
3344,46,-6.902232,3,610,80.0,-2.403335,17,200,-3.464778,29,230,[1]
3344,46,-6.023431,3,710,80.0,-0.052004,18,490,-2.011066,13,920,[1]
3344,46,-5.605808,3,990,80.0,-2.011066,13,920,-2.383165,8,830,[1]
3348,47,-5.555315,3,900,80.0,-3.493993,17,290,-2.557954,8,430,[1]
3348,47,-6.883767,3,600,80.0,-2.428232,17,210,-3.450905,29,240,[1]
3348,47,-6.021286,3,700,80.0,-0.004847,18,490,-2.096401,13,940,[1]
3348,47,-5.61705,3,970,80.0,-2.096401,13,940,-2.400246,8,850,[1]
3351,48,-5.555635,3,890,80.0,-3.460554,17,300,-2.637958,8,430,[1]
3351,48,-6.862146,3,600,80.0,-2.473336,17,210,-3.368127,29,250,[1]
3351,48,-6.036342,3,690,80.0,0.045579,18,500,-2.169801,13,960,[1]
3351,48,-5.628014,3,950,80.0,-2.169801,13,960,-2.415225,8,860,[1]
3362,52,-5.556894,3,840,80.0,-3.463931,17,340,-2.588931,8,480,[1]
3362,52,-6.764091,3,580,80.0,-2.504909,17,230,-3.468143,29,250,[1]
3362,52,-6.035487,3,660,80.0,-0.06797,18,540,-2.3272,13,990,[1]
3362,52,-5.639643,3,920,80.0,-2.3272,13,990,-3.48268,29,510,[1]
3369,56,-5.541851,3,820,80.0,-3.475904,17,350,-2.60316,8,490,[1]
3369,56,-6.643042,3,570,80.0,-2.35181,17,240,-3.440658,29,280,[1]
3369,56,-6.027064,3,630,80.0,-0.260152,18,560,-2.413209,13,1000,[1]
3369,56,-5.635643,3,910,80.0,-2.413209,13,1000,-3.501682,29,520,[1]
3376,46,-5.5559,3,910,80.0,-3.444588,17,290,-2.579863,8,420,[1]
3376,46,-6.880734,3,610,80.0,-2.426236,17,200,-3.393584,29,240,[1]
3376,46,-6.03054,3,700,80.0,-0.190351,18,480,-2.080259,13,940,[1]
3376,46,-5.617704,3,970,80.0,-2.080259,13,940,-2.404343,8,840,[1]
3380,47,-5.556992,3,900,80.0,-3.468809,17,290,-2.594439,8,430,[1]
3380,47,-6.86412,3,610,80.0,-2.376619,17,210,-3.357823,29,240,[1]
3380,47,-6.0321,3,700,80.0,-0.050699,18,500,-2.089475,13,940,[1]
3380,47,-5.61813,3,970,80.0,-2.089475,13,940,-2.38763,8,840,[1]
3398,68,-5.518975,3,710,80.0,-3.507026,17,410,-2.558277,8,600,[1]
3398,68,-6.345116,3,500,80.0,-0.692215,13,1080,-3.512895,29,330,[0]
3398,68,-5.935209,3,550,80.0,-0.267999,18,630,-2.786504,13,1080,[1]
3398,68,-5.627197,3,830,80.0,-2.786504,13,1080,-3.59178,29,560,[0]
3403,52,-5.555521,3,840,80.0,-3.466587,17,340,-2.58665,8,480,[1]
3403,52,-6.76186,3,580,80.0,-2.502188,17,230,-3.463469,29,250,[1]
3403,52,-6.034215,3,660,80.0,-0.071658,18,540,-2.328718,13,990,[1]
3403,52,-5.639864,3,920,80.0,-2.328718,13,990,-3.480595,29,510,[1]
3408,57,-5.543061,3,810,80.0,-3.496825,17,350,-2.565379,8,510,[1]
3408,57,-6.657995,3,560,80.0,-2.499667,17,250,-3.467119,29,270,[1]
3408,57,-6.024018,3,630,80.0,-0.217908,18,550,-2.449932,13,1010,[1]
3408,57,-5.641851,3,900,80.0,-2.449932,13,1010,-3.515678,29,530,[1]
3420,71,-5.521868,3,680,80.0,-0.776529,18,1320,-2.56203,8,610,[1]
3420,71,-5.92842,3,530,80.0,-0.470992,18,630,-2.854574,13,1100,[0]
3420,71,-5.625377,3,810,80.0,-2.854574,13,1100,-3.594448,29,570,[0]
3422,51,-5.555137,3,860,80.0,-3.540595,17,310,-2.592091,8,460,[1]
3422,51,-6.816707,3,580,80.0,-2.556406,17,230,-3.436098,29,250,[1]
3422,51,-6.017578,3,680,80.0,-0.088512,18,520,-2.216094,13,960,[1]
3422,51,-5.625054,3,950,80.0,-2.216094,13,960,-3.443065,29,500,[1]
3426,49,-5.556952,3,880,80.0,-3.452185,17,310,-2.62857,8,440,[1]
3426,49,-6.865964,3,590,80.0,-2.564214,17,210,-3.439014,29,250,[1]
3426,49,-6.03174,3,690,80.0,-0.054458,18,500,-2.183581,13,960,[1]
3426,49,-5.620641,3,960,80.0,-2.183581,13,960,-2.355628,8,850,[1]
3433,77,-5.519186,3,610,80.0,-0.903778,18,1340,-2.597628,8,660,[1]
3433,77,-6.879209,3,1860,80.0,1.086598,18,460,-5.615626,3,760,[1 0]
3433,77,-5.615626,3,760,80.0,-6.879209,3,1860,-3.619744,29,600,[1]
3440,66,-5.534881,3,710,80.0,-3.522603,17,410,-2.612407,8,590,[1]
3440,66,-6.371819,3,520,80.0,-0.566719,13,1060,-3.495033,29,310,[0]
3440,66,-5.943168,3,560,80.0,-0.401044,18,610,-2.739713,13,1070,[1]
3440,66,-5.632825,3,840,80.0,-2.739713,13,1070,-3.571262,29,550,[0]
3445,47,-5.560938,3,890,80.0,-3.496317,17,290,-2.606043,8,440,[1]
3445,47,-6.873503,3,600,80.0,-2.421744,17,210,-3.45153,29,240,[1]
3445,47,-6.022576,3,700,80.0,-0.107931,18,480,-2.133996,13,950,[1]
3445,47,-5.622708,3,960,80.0,-2.133996,13,950,-2.397675,8,850,[1]
3450,48,-5.556742,3,890,80.0,-3.508851,17,290,-2.646015,8,430,[1]
3450,48,-6.893904,3,590,80.0,-2.59249,17,220,-3.434497,29,240,[1]
3450,48,-6.036282,3,690,80.0,-0.0431,18,490,-2.168449,13,960,[1]
3450,48,-5.624296,3,960,80.0,-2.168449,13,960,-2.417382,8,840,[1]
3455,53,-5.555781,3,840,80.0,-3.530457,17,330,-2.615791,8,470,[1]
3455,53,-6.784524,3,570,80.0,-2.553843,17,230,-3.503634,29,260,[1]
3455,53,-6.03133,3,660,80.0,-0.127986,18,540,-2.313296,13,980,[1]
3455,53,-5.639045,3,920,80.0,-2.313296,13,980,-3.494876,29,520,[1]
3465,48,-5.556017,3,890,80.0,-3.475884,17,300,-2.619103,8,430,[1]
3465,48,-6.875835,3,590,80.0,-2.513429,17,210,-3.412006,29,260,[1]
3465,48,-6.030103,3,690,80.0,-0.089011,18,490,-2.172411,13,960,[1]
3465,48,-5.621684,3,960,80.0,-2.172411,13,960,-2.37302,8,850,[1]
3470,49,-5.555535,3,880,80.0,-3.473243,17,310,-2.600655,8,440,[1]
3470,49,-6.879467,3,580,80.0,-2.609174,17,210,-3.474572,29,260,[1]
3470,49,-6.036065,3,680,80.0,-0.102451,18,500,-2.188415,13,960,[1]
3470,49,-5.621859,3,960,80.0,-2.188415,13,960,-2.400287,8,850,[1]
3473,48,-5.556817,3,890,80.0,-3.448031,17,300,-2.598782,8,440,[1]
3473,48,-6.868977,3,600,80.0,-2.436241,17,210,-3.441803,29,240,[1]
3473,48,-6.023598,3,700,80.0,-0.123518,18,480,-2.136741,13,950,[1]
3473,48,-5.623331,3,960,80.0,-2.136741,13,950,-2.423087,8,840,[1]
3477,49,-5.557379,3,870,80.0,-3.528691,17,300,-2.639858,8,450,[1]
3477,49,-6.837306,3,590,80.0,-2.531287,17,220,-3.460809,29,240,[1]
3477,49,-6.021292,3,690,80.0,-0.120193,18,500,-2.195316,13,960,[1]
3477,49,-5.627831,3,950,80.0,-2.195316,13,960,-2.366369,8,860,[1]
3486,49,-5.555586,3,880,80.0,-3.468396,17,310,-2.60528,8,440,[1]
3486,49,-6.852645,3,590,80.0,-2.608111,17,210,-3.417538,29,250,[1]
3486,49,-6.037477,3,680,80.0,-0.090341,18,500,-2.188918,13,960,[1]
3486,49,-5.615292,3,970,80.0,-2.188918,13,960,-2.372717,8,840,[1]
3496,55,-5.557368,3,810,80.0,-3.476306,17,360,-2.61892,8,500,[1]
3496,55,-6.702561,3,570,80.0,-2.424438,17,240,-3.437964,29,270,[1]
3496,55,-6.051587,3,630,80.0,-0.245809,18,550,-2.39822,13,1000,[1]
3496,55,-5.632044,3,920,80.0,-2.39822,13,1000,-3.480022,29,520,[1]
3500,48,-5.561377,3,880,80.0,-3.436954,17,310,-2.656369,8,440,[1]
3500,48,-6.878058,3,590,80.0,-2.559245,17,210,-3.44772,29,250,[1]
3500,48,-6.028625,3,690,80.0,-0.109103,18,490,-2.146883,13,950,[1]
3500,48,-5.615522,3,970,80.0,-2.146883,13,950,-2.363997,8,850,[1]
3511,70,-5.530392,3,680,80.0,-0.778105,18,1310,-2.570812,8,620,[1]
3511,70,-6.283051,3,500,80.0,-0.765764,13,1090,-3.463125,29,330,[0]
3511,70,-5.920829,3,540,80.0,-0.38315,18,630,-2.82518,13,1090,[1]
3511,70,-5.625428,3,820,80.0,-2.82518,13,1090,-3.575159,29,570,[0]
3512,61,-5.542269,3,770,80.0,-3.508862,17,380,-2.61569,8,530,[1]
3512,61,-6.561631,3,540,80.0,-2.556562,17,260,-3.484292,29,290,[1]
3512,61,-5.968383,3,590,80.0,-0.281797,18,590,-2.557326,13,1030,[1]
3512,61,-5.63738,3,880,80.0,-2.557326,13,1030,-3.554708,29,530,[0]
3525,54,-5.56143,3,820,80.0,-3.509477,17,340,-2.66495,8,490,[1]
3525,54,-6.740489,3,570,80.0,-2.512202,17,240,-3.463346,29,260,[1]
3525,54,-6.047548,3,640,80.0,-0.189285,18,540,-2.349823,13,990,[1]
3525,54,-5.630396,3,930,80.0,-2.349823,13,990,-3.499884,29,510,[1]
3533,68,-5.533225,3,700,80.0,-3.521576,17,420,-2.637598,8,590,[1]
3533,68,-6.34849,3,510,80.0,-0.637111,13,1070,-3.491615,29,320,[0]
3533,68,-5.959541,3,540,80.0,-0.360636,18,630,-2.775188,13,1080,[1]
3533,68,-5.624238,3,840,80.0,-2.775188,13,1080,-3.557364,29,560,[0]
3537,49,-5.557576,3,870,80.0,-3.527236,17,300,-2.640728,8,450,[1]
3537,49,-6.835232,3,590,80.0,-2.527577,17,220,-3.456094,29,240,[1]
3537,49,-6.021591,3,690,80.0,-0.216162,18,490,-2.196359,13,960,[1]
3537,49,-5.627632,3,950,80.0,-2.196359,13,960,-2.364652,8,860,[1]
3540,70,-5.518865,3,690,80.0,-0.761712,18,1300,-2.597199,8,610,[1]
3540,70,-6.276151,3,500,80.0,-0.728891,13,1080,-3.487117,29,340,[0]
3540,70,-5.924119,3,540,80.0,-0.412334,18,630,-2.828621,13,1090,[1]
3540,70,-5.624328,3,820,80.0,-2.828621,13,1090,-3.564482,29,570,[0]
3551,73,-5.515216,3,660,80.0,-0.788839,18,1320,-2.594542,8,630,[1]
3551,73,-5.917517,3,510,80.0,-0.334847,18,660,-2.927599,13,1120,[0]
3551,73,-5.615064,3,800,80.0,-2.927599,13,1120,-3.618157,29,570,[0]
3555,67,-5.532189,3,710,80.0,-3.489069,17,420,-2.613893,8,590,[1]
3555,67,-6.370602,3,520,80.0,-2.503317,17,280,-3.499256,29,310,[0]
3555,67,-5.94434,3,560,80.0,-0.3247,18,600,-2.761088,13,1080,[1]
3555,67,-5.631375,3,840,80.0,-2.761088,13,1080,-3.569506,29,550,[0]
3561,66,-5.533643,3,720,80.0,-3.521375,17,400,-2.631755,8,580,[1]
3561,66,-6.416756,3,520,80.0,-0.49868,13,1050,-3.500759,29,320,[0]
3561,66,-5.962516,3,560,80.0,-0.449878,18,610,-2.703802,13,1060,[1]
3561,66,-5.6326,3,850,80.0,-2.703802,13,1060,-3.552723,29,550,[0]
3563,67,-5.541502,3,700,80.0,-3.525004,17,430,-2.655294,8,580,[1]
3563,67,-6.402135,3,510,80.0,-0.606144,13,1070,-3.447267,29,320,[0]
3563,67,-5.966286,3,550,80.0,-0.258951,18,630,-2.739621,13,1070,[1]
3563,67,-5.623404,3,850,80.0,-2.739621,13,1070,-3.568933,29,550,[0]
3572,70,-5.523556,3,690,80.0,-0.773961,18,1310,-2.58285,8,600,[1]
3572,70,-6.289136,3,500,80.0,-0.763235,13,1090,-3.509557,29,320,[0]
3572,70,-5.906381,3,550,80.0,-0.373086,18,630,-2.82129,13,1090,[1]
3572,70,-5.633698,3,810,80.0,-2.82129,13,1090,-3.606777,29,560,[0]
3576,55,-5.542879,3,830,80.0,-3.476293,17,340,-2.577044,8,490,[1]
3576,55,-6.695972,3,570,80.0,-2.543289,17,230,-3.500719,29,260,[1]
3576,55,-6.032847,3,640,80.0,-0.317437,18,540,-2.370293,13,990,[1]
3576,55,-5.633173,3,920,80.0,-2.370293,13,990,-3.512825,29,510,[1]
3581,69,-5.523825,3,700,80.0,-0.678372,18,1310,-2.621449,8,600,[1]
3581,69,-6.296476,3,510,80.0,-0.665184,13,1070,-3.496374,29,330,[0]
3581,69,-5.927506,3,550,80.0,-0.16354,18,650,-2.792125,13,1080,[1]
3581,69,-5.624094,3,830,80.0,-2.792125,13,1080,-3.575648,29,560,[0]
3597,68,-5.524613,3,710,80.0,-3.492585,17,410,-2.578771,8,600,[1]
3597,68,-6.333879,3,510,80.0,-0.685577,13,1080,-3.479719,29,320,[0]
3597,68,-5.939611,3,550,80.0,-0.238035,18,630,-2.782342,13,1080,[1]
3597,68,-5.629581,3,830,80.0,-2.782342,13,1080,-3.602815,29,560,[0]
3610,50,-5.561327,3,860,80.0,-3.463763,17,320,-2.642552,8,460,[1]
3610,50,-6.810113,3,590,80.0,-2.490886,17,210,-3.479622,29,250,[1]
3610,50,-6.026198,3,680,80.0,-0.197064,18,500,-2.237432,13,970,[1]
3610,50,-5.63313,3,940,80.0,-2.237432,13,970,-3.468085,29,500,[1]
3614,53,-5.548941,3,850,80.0,-3.523534,17,330,-2.51534,8,470,[1]
3614,53,-6.775655,3,570,80.0,-2.430484,17,240,-3.504115,29,260,[1]
3614,53,-6.042896,3,650,80.0,-0.373865,18,510,-2.335861,13,990,[1]
3614,53,-5.63981,3,920,80.0,-2.335861,13,990,-3.498979,29,520,[1]
3616,57,-5.556714,3,790,80.0,-3.496277,17,370,-2.664809,8,510,[1]
3616,57,-6.688373,3,550,80.0,-2.512463,17,250,-3.52029,29,280,[1]
3616,57,-6.037545,3,620,80.0,-0.393176,18,550,-2.45167,13,1010,[1]
3616,57,-5.633993,3,910,80.0,-2.45167,13,1010,-3.486594,29,520,[1]
3625,51,-5.556561,3,860,80.0,-3.47278,17,320,-2.624202,8,460,[1]
3625,51,-6.802592,3,590,80.0,-2.509627,17,210,-3.464361,29,250,[1]
3625,51,-6.025514,3,680,80.0,-0.218844,18,500,-2.242715,13,970,[1]
3625,51,-5.631344,3,940,80.0,-2.242715,13,970,-3.458432,29,500,[1]
3628,50,-5.557068,3,870,80.0,-3.484476,17,310,-2.63446,8,450,[1]
3628,50,-6.806686,3,600,80.0,-2.526243,17,200,-3.398878,29,250,[1]
3628,50,-6.021418,3,690,80.0,-0.31097,18,480,-2.198148,13,960,[1]
3628,50,-5.628795,3,950,80.0,-2.198148,13,960,-2.365649,8,860,[1]
3636,48,-5.557868,3,880,80.0,-3.530246,17,310,-2.547459,8,440,[1]
3636,48,-6.841402,3,600,80.0,-2.400094,17,220,-3.398079,29,240,[1]
3636,48,-6.030597,3,690,80.0,-0.293198,18,470,-2.178713,13,960,[1]
3636,48,-5.622448,3,960,80.0,-2.178713,13,960,-2.398436,8,840,[1]
3642,50,-5.558139,3,860,80.0,-3.464186,17,320,-2.639827,8,460,[1]
3642,50,-6.782258,3,600,80.0,-2.493396,17,210,-3.413539,29,240,[1]
3642,50,-6.030248,3,680,80.0,-0.298474,18,490,-2.236488,13,970,[1]
3642,50,-5.633496,3,940,80.0,-2.236488,13,970,-3.465941,29,500,[1]
3649,70,-5.519103,3,690,80.0,-0.829943,18,1280,-2.56121,8,620,[1]
3649,70,-6.281871,3,500,80.0,-0.766659,13,1090,-3.537268,29,330,[0]
3649,70,-5.943876,3,530,80.0,-0.470614,18,620,-2.847933,13,1100,[1]
3649,70,-5.631817,3,810,80.0,-2.847933,13,1100,-3.59199,29,580,[0]
3652,70,-5.523375,3,680,80.0,-0.805332,18,1290,-2.620706,8,620,[1]
3652,70,-6.255816,3,500,80.0,-0.78087,13,1090,-3.479789,29,340,[0]
3652,70,-5.914403,3,540,80.0,-0.436158,18,630,-2.833316,13,1090,[1]
3652,70,-5.628984,3,810,80.0,-2.833316,13,1090,-3.606527,29,570,[0]
3660,54,-5.549996,3,840,80.0,-3.506327,17,340,-2.572435,8,470,[1]
3660,54,-6.750266,3,570,80.0,-2.504024,17,240,-3.467299,29,260,[1]
3660,54,-6.033212,3,650,80.0,-0.351429,18,520,-2.317862,13,980,[1]
3660,54,-5.630824,3,930,80.0,-2.317862,13,980,-3.476319,29,520,[1]
3670,55,-5.545275,3,830,80.0,-3.553941,17,340,-2.594803,8,470,[1]
3670,55,-6.707545,3,570,80.0,-2.414765,17,240,-3.455351,29,270,[1]
3670,55,-6.053656,3,630,80.0,-0.388335,18,530,-2.394849,13,1000,[1]
3670,55,-5.635437,3,920,80.0,-2.394849,13,1000,-3.492728,29,520,[1]
3678,57,-5.540938,3,810,80.0,-3.474346,17,360,-2.582004,8,500,[1]
3678,57,-6.611444,3,570,80.0,-2.441258,17,240,-3.438907,29,270,[1]
3678,57,-6.015249,3,630,80.0,-0.359749,18,540,-2.459175,13,1010,[1]
3678,57,-5.639464,3,900,80.0,-2.459175,13,1010,-3.497935,29,530,[1]
3681,67,-5.540596,3,700,80.0,-3.534118,17,430,-2.63693,8,580,[1]
3681,67,-6.38271,3,510,80.0,-0.618856,13,1070,-3.478915,29,310,[0]
3681,67,-5.938376,3,560,80.0,-0.440231,18,610,-2.721935,13,1060,[1]
3681,67,-5.622034,3,850,80.0,-2.721935,13,1060,-3.557357,29,550,[1]
3686,52,-5.556461,3,840,80.0,-3.45965,17,340,-2.598042,8,480,[1]
3686,52,-6.767645,3,580,80.0,-2.484634,17,230,-3.473106,29,250,[1]
3686,52,-6.03668,3,660,80.0,-0.322526,18,510,-2.327134,13,990,[1]
3686,52,-5.64071,3,920,80.0,-2.327134,13,990,-3.486217,29,510,[1]
3691,70,-5.524453,3,690,80.0,-0.891592,18,1280,-2.531424,8,610,[1]
3691,70,-6.288503,3,500,80.0,-0.723908,13,1080,-3.457532,29,330,[0]
3691,70,-5.949332,3,530,80.0,-0.528414,18,610,-2.842682,13,1100,[1]
3691,70,-5.634252,3,810,80.0,-2.842682,13,1100,-3.626905,29,570,[0]
3698,37,-5.569041,3,990,80.0,-3.462267,17,240,-2.589297,8,340,[1]
3698,37,-7.064474,3,650,80.0,1.161112,13,880,-3.24764,29,220,[1]
3698,37,-5.966369,3,780,80.0,-0.218651,18,370,-1.662844,13,870,[1]
3698,37,-5.55832,3,1050,80.0,-1.662844,13,870,-3.466354,29,410,[1]
3702,68,-5.526937,3,700,80.0,-0.767782,18,1300,-2.567498,8,600,[1]
3702,68,-6.325596,3,510,80.0,-0.648757,13,1070,-3.478107,29,320,[0]
3702,68,-5.933497,3,550,80.0,-0.325318,18,620,-2.807378,13,1090,[1]
3702,68,-5.628114,3,830,80.0,-2.807378,13,1090,-3.542691,29,560,[0]
3713,70,-5.518712,3,690,80.0,-0.834234,18,1280,-2.595342,8,610,[1]
3713,70,-6.278263,3,500,80.0,-0.728301,13,1080,-3.489156,29,340,[0]
3713,70,-5.927773,3,540,80.0,-0.483938,18,620,-2.829554,13,1090,[1]
3713,70,-5.633117,3,810,80.0,-2.829554,13,1090,-3.616279,29,570,[0]
3718,59,-5.542914,3,790,80.0,-3.479679,17,370,-2.597634,8,520,[1]
3718,59,-6.614961,3,550,80.0,-2.469901,17,250,-3.481264,29,290,[0]
3718,59,-6.013031,3,620,80.0,-0.302605,18,540,-2.528928,13,1030,[1]
3718,59,-5.639218,3,890,80.0,-2.528928,13,1030,-3.51038,29,530,[0]
3721,70,-5.524012,3,690,80.0,-0.894105,18,1260,-2.574495,8,620,[1]
3721,70,-5.931302,3,540,80.0,-0.591003,18,600,-2.822822,13,1090,[1]
3721,70,-5.625873,3,820,80.0,-2.822822,13,1090,-3.574373,29,570,[0]
3725,69,-5.532389,3,690,80.0,-0.84877,18,1280,-2.597095,8,610,[1]
3725,69,-6.335828,3,500,80.0,-0.699449,13,1080,-3.513499,29,330,[0]
3725,69,-5.928497,3,550,80.0,-0.5588,18,590,-2.808381,13,1090,[1]
3725,69,-5.633535,3,820,80.0,-2.808381,13,1090,-3.59038,29,560,[0]
3732,58,-5.543682,3,800,80.0,-3.496827,17,360,-2.593526,8,510,[1]
3732,58,-6.613438,3,560,80.0,-2.402193,17,250,-3.460347,29,280,[1]
3732,58,-6.003212,3,630,80.0,-0.238853,18,540,-2.491125,13,1020,[1]
3732,58,-5.643992,3,890,80.0,-2.491125,13,1020,-3.531394,29,530,[1]
3738,53,-5.55087,3,850,80.0,-3.509404,17,330,-2.538071,8,470,[1]
3738,53,-6.790568,3,570,80.0,-2.602419,17,220,-3.525806,29,260,[1]
3738,53,-6.046703,3,650,80.0,-0.333386,18,510,-2.330222,13,990,[1]
3738,53,-5.63445,3,930,80.0,-2.330222,13,990,-3.482339,29,510,[1]
3744,71,-5.528008,3,670,80.0,-0.775791,18,1320,-2.599285,8,620,[1]
3744,71,-6.244237,3,500,80.0,-0.784894,13,1090,-3.460572,29,340,[0]
3744,71,-5.946426,3,520,80.0,-0.333197,18,650,-2.859987,13,1100,[1]
3744,71,-5.61706,3,820,80.0,-2.859987,13,1100,-3.594839,29,570,[0]
3746,69,-5.525578,3,700,80.0,-0.859673,18,1260,-2.58818,8,610,[1]
3746,69,-6.305075,3,510,80.0,-0.660612,13,1070,-3.504008,29,330,[0]
3746,69,-5.930519,3,550,80.0,-0.430574,18,610,-2.789261,13,1080,[1]
3746,69,-5.625012,3,830,80.0,-2.789261,13,1080,-3.58331,29,560,[0]
3753,61,-5.54411,3,760,80.0,-3.501857,17,390,-2.608666,8,540,[1]
3753,61,-6.530623,3,540,80.0,-2.536538,17,250,-3.491796,29,300,[1]
3753,61,-5.96276,3,590,80.0,-0.444497,18,560,-2.592942,13,1040,[1]
3753,61,-5.641534,3,870,80.0,-2.592942,13,1040,-3.552264,29,540,[1]
3759,52,-5.543744,3,860,80.0,-3.494134,17,330,-2.514793,8,460,[1]
3759,52,-6.774886,3,580,80.0,-2.439819,17,230,-3.501008,29,250,[1]
3759,52,-6.039098,3,660,80.0,-0.383636,18,500,-2.32524,13,990,[1]
3759,52,-5.643312,3,920,80.0,-2.32524,13,990,-3.470078,29,520,[1]
3766,59,-5.544661,3,780,80.0,-3.471193,17,380,-2.592824,8,530,[1]
3766,59,-6.584708,3,550,80.0,-2.440017,17,260,-3.492277,29,280,[0]
3766,59,-5.98768,3,590,80.0,-0.400518,18,560,-2.542125,13,1030,[1]
3766,59,-5.627958,3,900,80.0,-2.542125,13,1030,-3.481834,29,530,[0]
3775,61,-5.544836,3,760,80.0,-3.489797,17,390,-2.626389,8,540,[1]
3775,61,-6.543408,3,540,80.0,-2.417297,17,260,-3.507433,29,300,[0]
3775,61,-5.969952,3,590,80.0,-0.336548,18,570,-2.591053,13,1040,[1]
3775,61,-5.634251,3,880,80.0,-2.591053,13,1040,-3.535692,29,530,[0]
3789,63,-5.542113,3,740,80.0,-3.517815,17,400,-2.59455,8,560,[1]
3789,63,-6.482107,3,530,80.0,-2.488889,17,270,-3.464168,29,310,[0]
3789,63,-5.973807,3,570,80.0,-0.533759,18,570,-2.6683,13,1060,[1]
3789,63,-5.645277,3,850,80.0,-2.6683,13,1060,-3.574291,29,550,[1]
3792,60,-5.537714,3,780,80.0,-3.497216,17,380,-2.546259,8,530,[1]
3792,60,-6.588174,3,540,80.0,-2.419445,17,270,-3.504844,29,290,[0]
3792,60,-5.964772,3,600,80.0,-0.39783,18,570,-2.527912,13,1020,[1]
3792,60,-5.634294,3,890,80.0,-2.527912,13,1020,-3.512795,29,530,[0]
3797,57,-5.538034,3,820,80.0,-3.445129,17,360,-2.582898,8,490,[1]
3797,57,-6.641982,3,570,80.0,-2.373725,17,240,-3.474666,29,270,[1]
3797,57,-6.027495,3,630,80.0,-0.453907,18,540,-2.420692,13,1000,[1]
3797,57,-5.636788,3,910,80.0,-2.420692,13,1000,-3.494331,29,520,[1]
3800,53,-5.543252,3,850,80.0,-3.472227,17,340,-2.518989,8,470,[1]
3800,53,-6.741519,3,580,80.0,-2.532702,17,230,-3.445812,29,250,[1]
3800,53,-6.04446,3,650,80.0,-0.467043,18,500,-2.364297,13,1000,[1]
3800,53,-5.639862,3,920,80.0,-2.364297,13,1000,-3.47318,29,510,[1]
3804,59,-5.543237,3,790,80.0,-3.477816,17,370,-2.600782,8,520,[1]
3804,59,-6.616767,3,550,80.0,-2.465136,17,250,-3.483879,29,290,[0]
3804,59,-6.013806,3,620,80.0,-0.380291,18,530,-2.52848,13,1030,[1]
3804,59,-5.639545,3,890,80.0,-2.52848,13,1030,-3.512093,29,530,[0]
3809,65,-5.530452,3,730,80.0,-3.477966,17,410,-2.604218,8,570,[1]
3809,65,-6.398549,3,530,80.0,-2.500632,17,270,-3.50832,29,300,[0]
3809,65,-5.9653,3,560,80.0,-0.579987,18,590,-2.700466,13,1060,[1]
3809,65,-5.632862,3,850,80.0,-2.700466,13,1060,-3.560647,29,550,[0]
3814,53,-5.550327,3,850,80.0,-3.468156,17,340,-2.535987,8,470,[1]
3814,53,-6.762887,3,580,80.0,-2.504791,17,230,-3.464001,29,250,[1]
3814,53,-6.031147,3,660,80.0,-0.428924,18,500,-2.301233,13,980,[1]
3814,53,-5.635705,3,930,80.0,-2.301233,13,980,-3.479027,29,510,[1]
3822,71,-5.525213,3,670,80.0,-0.900665,18,1290,-2.623554,8,610,[1]
3822,71,-5.947444,3,520,80.0,-0.575831,18,620,-2.882479,13,1110,[1]
3822,71,-5.623631,3,810,80.0,-2.882479,13,1110,-3.581963,29,570,[0]
3826,71,-5.523726,3,680,80.0,-0.915041,18,1260,-2.619757,8,620,[1]
3826,71,-5.933696,3,530,80.0,-0.580095,18,610,-2.854748,13,1100,[1]
3826,71,-5.628676,3,810,80.0,-2.854748,13,1100,-3.577828,29,580,[0]
3835,60,-5.542042,3,780,80.0,-3.472681,17,380,-2.586262,8,530,[1]
3835,60,-6.575747,3,550,80.0,-2.436346,17,260,-3.494339,29,280,[1]
3835,60,-5.947497,3,610,80.0,-0.407055,18,560,-2.495578,13,1010,[1]
3835,60,-5.635705,3,890,80.0,-2.495578,13,1010,-3.538488,29,530,[1]
3840,62,-5.542917,3,750,80.0,-3.49541,17,400,-2.603999,8,550,[1]
3840,62,-6.503026,3,540,80.0,-2.414121,17,270,-3.506026,29,290,[0]
3840,62,-5.937031,3,600,80.0,-0.367116,18,560,-2.605635,13,1040,[1]
3840,62,-5.644856,3,860,80.0,-2.605635,13,1040,-3.554368,29,550,[0]
3846,63,-5.543624,3,740,80.0,-3.511456,17,400,-2.612662,8,560,[1]
3846,63,-6.471366,3,540,80.0,-2.472225,17,270,-3.425629,29,300,[0]
3846,63,-5.950216,3,590,80.0,-0.42324,18,560,-2.640491,13,1050,[1]
3846,63,-5.639832,3,860,80.0,-2.640491,13,1050,-3.532427,29,550,[0]
3856,63,-5.541539,3,750,80.0,-3.503167,17,400,-2.585272,8,550,[1]
3856,63,-6.489216,3,540,80.0,-2.442485,17,270,-3.490961,29,290,[0]
3856,63,-5.950883,3,590,80.0,-0.392936,18,560,-2.636181,13,1050,[1]
3856,63,-5.642962,3,860,80.0,-2.636181,13,1050,-3.54324,29,550,[0]
3860,63,-5.537325,3,750,80.0,-3.511172,17,400,-2.571027,8,550,[1]
3860,63,-6.478292,3,540,80.0,-2.461817,17,270,-3.479393,29,290,[0]
3860,63,-5.951717,3,590,80.0,-0.416733,18,560,-2.639072,13,1050,[1]
3860,63,-5.642004,3,860,80.0,-2.639072,13,1050,-3.535261,29,550,[0]
3865,62,-5.543762,3,760,80.0,-3.507269,17,390,-2.603742,8,540,[1]
3865,62,-6.534505,3,540,80.0,-2.442712,17,260,-3.539021,29,290,[0]
3865,62,-5.946775,3,600,80.0,-0.368735,18,550,-2.594296,13,1040,[1]
3865,62,-5.642071,3,870,80.0,-2.594296,13,1040,-3.549976,29,540,[0]
3868,64,-5.543053,3,730,80.0,-3.552479,17,400,-2.587518,8,570,[1]
3868,64,-6.47835,3,520,80.0,-2.480778,17,280,-3.516759,29,310,[0]
3868,64,-5.963854,3,570,80.0,-0.385925,18,580,-2.700827,13,1070,[1]
3868,64,-5.648109,3,840,80.0,-2.700827,13,1070,-3.573249,29,560,[0]
3880,62,-5.538236,3,760,80.0,-3.515262,17,390,-2.587148,8,540,[1]
3880,62,-6.514579,3,540,80.0,-2.373099,17,270,-3.477555,29,300,[0]
3880,62,-5.945092,3,600,80.0,-0.398288,18,550,-2.603643,13,1040,[1]
3880,62,-5.638749,3,870,80.0,-2.603643,13,1040,-3.541689,29,540,[0]
3883,54,-5.543832,3,840,80.0,-3.50527,17,340,-2.514646,8,480,[1]
3883,54,-6.74019,3,570,80.0,-2.613991,17,230,-3.465756,29,260,[1]
3883,54,-6.046699,3,640,80.0,-0.43789,18,510,-2.35229,13,990,[1]
3883,54,-5.624358,3,940,80.0,-2.35229,13,990,-3.44516,29,510,[1]
3887,62,-5.543094,3,750,80.0,-3.517887,17,390,-2.621647,8,550,[1]
3887,62,-6.509465,3,540,80.0,-2.372822,17,270,-3.477756,29,300,[0]
3887,62,-5.957808,3,590,80.0,-0.412357,18,570,-2.606589,13,1040,[1]
3887,62,-5.637058,3,870,80.0,-2.606589,13,1040,-3.538162,29,540,[0]
3895,61,-5.545292,3,760,80.0,-3.487312,17,390,-2.630676,8,540,[1]
3895,61,-6.517929,3,550,80.0,-2.410834,17,260,-3.459543,29,290,[0]
3895,61,-5.97116,3,590,80.0,-0.408582,18,560,-2.590394,13,1040,[1]
3895,61,-5.634752,3,880,80.0,-2.590394,13,1040,-3.538079,29,530,[0]
3900,61,-5.54382,3,770,80.0,-3.511891,17,380,-2.617507,8,530,[1]
3900,61,-6.562699,3,540,80.0,-2.544945,17,260,-3.487286,29,290,[0]
3900,61,-5.971741,3,590,80.0,-0.517727,18,560,-2.558583,13,1030,[1]
3900,61,-5.637529,3,880,80.0,-2.558583,13,1030,-3.555497,29,530,[0]
3903,62,-5.538337,3,760,80.0,-3.514804,17,390,-2.587943,8,540,[1]
3903,62,-6.515085,3,540,80.0,-2.371886,17,270,-3.478208,29,300,[0]
3903,62,-5.945331,3,600,80.0,-0.397152,18,550,-2.603506,13,1040,[1]
3903,62,-5.638838,3,870,80.0,-2.603506,13,1040,-3.542134,29,540,[0]
3907,61,-5.543845,3,770,80.0,-3.511752,17,380,-2.617748,8,530,[1]
3907,61,-6.562859,3,540,80.0,-2.544592,17,260,-3.487485,29,290,[0]
3907,61,-5.971817,3,590,80.0,-0.517391,18,560,-2.558546,13,1030,[1]
3907,61,-5.637557,3,880,80.0,-2.558546,13,1030,-3.555631,29,530,[0]
3911,62,-5.543184,3,750,80.0,-3.493975,17,400,-2.606473,8,550,[1]
3911,62,-6.504674,3,540,80.0,-2.410373,17,270,-3.508077,29,290,[0]
3911,62,-5.937863,3,600,80.0,-0.363544,18,560,-2.605215,13,1040,[1]
3911,62,-5.645133,3,860,80.0,-2.605215,13,1040,-3.555789,29,550,[0]
3916,62,-5.543202,3,750,80.0,-3.491176,17,400,-2.607028,8,550,[1]
3916,62,-6.501942,3,540,80.0,-2.410162,17,270,-3.503705,29,290,[0]
3916,62,-5.953832,3,590,80.0,-0.365246,18,560,-2.629289,13,1050,[1]
3916,62,-5.644637,3,860,80.0,-2.629289,13,1050,-3.55219,29,550,[0]
3920,63,-5.543215,3,750,80.0,-3.491098,17,400,-2.600056,8,550,[1]
3920,63,-6.485437,3,540,80.0,-2.429306,17,270,-3.451976,29,300,[0]
3920,63,-5.950999,3,590,80.0,-0.372764,18,560,-2.633353,13,1050,[1]
3920,63,-5.642498,3,860,80.0,-2.633353,13,1050,-3.549477,29,550,[0]
3926,59,-5.545249,3,780,80.0,-3.467865,17,380,-2.598442,8,530,[1]
3926,59,-6.588096,3,550,80.0,-2.528919,17,250,-3.496954,29,280,[0]
3926,59,-5.956855,3,610,80.0,-0.471603,18,550,-2.517134,13,1020,[1]
3926,59,-5.635652,3,890,80.0,-2.517134,13,1020,-3.484922,29,530,[0]
3929,63,-5.543249,3,750,80.0,-3.490919,17,400,-2.600362,8,550,[1]
3929,63,-6.485639,3,540,80.0,-2.428843,17,270,-3.452224,29,300,[0]
3929,63,-5.951094,3,590,80.0,-0.372323,18,560,-2.633307,13,1050,[1]
3929,63,-5.642535,3,860,80.0,-2.633307,13,1050,-3.549653,29,550,[0]
3933,62,-5.538465,3,760,80.0,-3.514216,17,390,-2.588968,8,540,[1]
3933,62,-6.515735,3,540,80.0,-2.370327,17,270,-3.479049,29,300,[0]
3933,62,-5.945638,3,600,80.0,-0.395689,18,550,-2.60333,13,1040,[1]
3933,62,-5.638953,3,870,80.0,-2.60333,13,1040,-3.542709,29,540,[0]
3938,61,-5.54261,3,760,80.0,-3.486454,17,390,-2.629973,8,540,[1]
3938,61,-6.514834,3,550,80.0,-2.408569,17,260,-3.458483,29,290,[0]
3938,61,-5.969882,3,590,80.0,-0.409916,18,560,-2.590776,13,1040,[1]
3938,61,-5.634867,3,880,80.0,-2.590776,13,1040,-3.509432,29,540,[0]
3948,55,-5.552105,3,820,80.0,-3.512057,17,350,-2.642515,8,480,[1]
3948,55,-6.738351,3,560,80.0,-2.624623,17,240,-3.454579,29,270,[1]
3948,55,-6.037652,3,640,80.0,-0.564505,18,510,-2.367283,13,990,[1]
3948,55,-5.634453,3,920,80.0,-2.367283,13,990,-3.490106,29,520,[1]
3954,55,-5.543313,3,830,80.0,-3.438446,17,350,-2.564292,8,490,[1]
3954,55,-6.655666,3,580,80.0,-2.35201,17,230,-3.43333,29,270,[1]
3954,55,-6.028935,3,640,80.0,-0.510514,18,520,-2.371716,13,990,[1]
3954,55,-5.633499,3,920,80.0,-2.371716,13,990,-3.505804,29,510,[1]
3958,58,-5.544484,3,800,80.0,-3.492176,17,360,-2.601429,8,510,[1]
3958,58,-6.618154,3,560,80.0,-2.390036,17,250,-3.466893,29,280,[1]
3958,58,-6.005406,3,630,80.0,-0.475202,18,510,-2.489975,13,1020,[1]
3958,58,-5.644726,3,890,80.0,-2.489975,13,1020,-3.535663,29,530,[1]
3963,61,-5.545538,3,760,80.0,-3.485966,17,390,-2.632993,8,540,[1]
3963,61,-6.519351,3,550,80.0,-2.40734,17,260,-3.461427,29,290,[0]
3963,61,-5.971813,3,590,80.0,-0.482044,18,550,-2.590038,13,1040,[1]
3963,61,-5.63502,3,880,80.0,-2.590038,13,1040,-3.539368,29,530,[1]
3968,61,-5.544136,3,760,80.0,-3.496936,17,390,-2.616672,8,540,[1]
3968,61,-6.537387,3,540,80.0,-2.41727,17,260,-3.4998,29,300,[0]
3968,61,-5.963487,3,590,80.0,-0.507091,18,550,-2.594234,13,1040,[1]
3968,61,-5.641585,3,870,80.0,-2.594234,13,1040,-3.558076,29,540,[0]
3973,61,-5.544791,3,760,80.0,-3.52496,17,380,-2.633956,8,540,[1]
3973,61,-6.549332,3,540,80.0,-0.301364,13,1030,-3.463009,29,290,[0]
3973,61,-5.955204,3,600,80.0,-0.563671,18,540,-2.568361,13,1030,[1]
3973,61,-5.634143,3,880,80.0,-2.568361,13,1030,-3.539051,29,530,[1]
3978,62,-5.538652,3,760,80.0,-3.513349,17,390,-2.590476,8,540,[1]
3978,62,-6.51669,3,540,80.0,-2.368028,17,270,-3.480289,29,300,[0]
3978,62,-5.946096,3,600,80.0,-0.471763,18,540,-2.60307,13,1040,[1]
3978,62,-5.639118,3,870,80.0,-2.60307,13,1040,-3.543552,29,540,[1]
3983,63,-5.541413,3,750,80.0,-3.488915,17,400,-2.602469,8,550,[1]
3983,63,-6.490871,3,540,80.0,-2.514543,17,260,-3.452218,29,300,[0]
3983,63,-5.968983,3,580,80.0,-0.526039,18,560,-2.632082,13,1050,[1]
3983,63,-5.643187,3,860,80.0,-2.632082,13,1050,-3.550504,29,550,[0]
3988,62,-5.544207,3,760,80.0,-3.504857,17,390,-2.607912,8,540,[1]
3988,62,-6.537173,3,540,80.0,-2.436416,17,260,-3.542526,29,290,[0]
3988,62,-5.948053,3,600,80.0,-0.440475,18,540,-2.593652,13,1040,[1]
3988,62,-5.642524,3,870,80.0,-2.593652,13,1040,-3.552328,29,540,[0]
3993,62,-5.537296,3,760,80.0,-3.501992,17,390,-2.599109,8,540,[1]
3993,62,-6.52393,3,540,80.0,-2.456408,17,260,-3.487248,29,300,[0]
3993,62,-5.962204,3,590,80.0,-0.533601,18,550,-2.600613,13,1040,[1]
3993,62,-5.640301,3,870,80.0,-2.600613,13,1040,-3.549056,29,540,[0]
3997,63,-5.544189,3,740,80.0,-3.527382,17,400,-2.591086,8,560,[1]
3997,63,-6.490322,3,530,80.0,-0.399171,13,1040,-3.509718,29,300,[0]
3997,63,-5.945127,3,590,80.0,-0.53907,18,550,-2.642178,13,1050,[1]
3997,63,-5.647496,3,850,80.0,-2.642178,13,1050,-3.579499,29,550,[0]
3999,59,-5.544769,3,790,80.0,-3.475629,17,370,-2.554071,8,530,[1]
3999,59,-6.655671,3,540,80.0,-2.645579,17,250,-3.487094,29,290,[0]
3999,59,-6.001154,3,630,80.0,-0.458332,18,520,-2.502509,13,1020,[1]
3999,59,-5.641,3,890,80.0,-2.502509,13,1020,-3.512515,29,530,[1]
