380467 380867 1.760284 80.0 19 400
380867 381397 -2.099298 80.0 25 530
381397 386077 1.152554 80.0 10 4680
386077 386727 -0.969039 80.0 7 650
386727 395087 1.557629 80.0 0 8360
395087 395657 -0.522577 80.0 7 570
395657 396787 2.172326 80.0 19 1130
396787 397757 -1.743875 80.0 25 970
397757 398907 0.362245 80.0 24 1150
398907 399557 -0.211915 80.0 7 650
399557 403127 1.546306 80.0 14 3570
403127 405507 8.208235 80.0 4 2380
405507 405827 2.726665 80.0 16 320
405827 406507 -0.287188 80.0 1 680
406507 406787 -3.585101 80.0 17 280
406787 407707 -5.567462 80.0 3 920
407707 408097 -2.609555 80.0 8 390
408097 411297 2.632099 80.0 14 3200
411297 411847 6.417049 80.0 22 550
411847 412737 -0.993276 80.0 20 890
412737 418277 2.755036 80.0 6 5540
418277 419397 6.938578 80.0 12 1120
419397 422717 2.882682 80.0 23 3320
422717 428547 7.22262 80.0 15 5830
428547 428957 1.753717 80.0 18 410
428957 429817 -4.047324 80.0 17 860
429817 434057 -7.5948 80.0 11 4240
434057 434247 -2.472503 80.0 8 190
434247 434777 3.141969 80.0 19 530
434777 434967 -2.471961 80.0 17 190
434967 435587 -6.957018 80.0 3 620
435587 435817 -3.376263 80.0 29 230
435817 438247 -0.466201 80.0 9 2430
438247 438647 2.522558 80.0 26 400
438647 439617 6.37169 80.0 22 970
439617 440107 0.234212 80.0 18 490
440107 440827 -6.025752 80.0 3 720
440827 441757 -1.998218 80.0 13 930
441757 442757 -5.599047 80.0 3 1000
442757 443567 -2.346105 80.0 8 810
443567 444227 0.597207 80.0 24 660
444227 445507 -1.023729 80.0 25 1280
