380755 380995 0.781566 80.0 24 240
380995 381545 -0.577002 80.0 7 550
381545 386265 1.069545 80.0 10 4720
386265 386865 -0.631037 80.0 7 600
386865 396955 1.744398 80.0 27 10090
396955 398045 -1.376614 80.0 25 1090
398045 403075 1.060018 80.0 6 5030
403075 405775 7.560673 80.0 4 2700
405775 407025 -0.907341 80.0 18 1250
407025 407725 -5.521536 80.0 3 700
407725 408335 -2.57594 80.0 8 610
408335 410435 1.577497 80.0 21 2100
410435 411985 5.203474 80.0 22 1550
411985 412895 -0.555983 80.0 20 910
412895 418305 3.154306 80.0 6 5410
418305 419615 6.380199 80.0 12 1310
419615 420535 1.954203 80.0 2 920
420535 421565 4.447399 80.0 22 1030
421565 422585 2.23428 80.0 2 1020
422585 428725 7.059571 80.0 15 6140
428725 429185 0.618267 80.0 18 460
429185 429975 -4.094682 80.0 17 790
429975 434105 -7.511168 80.0 11 4130
434105 435195 -0.741698 80.0 13 1090
435195 435695 -6.327404 80.0 3 500
435695 436025 -3.491673 80.0 29 330
436025 438255 -0.536425 80.0 9 2230
438255 438685 1.690019 80.0 26 430
438685 439775 5.655899 80.0 22 1090
439775 440355 -0.671282 80.0 18 580
440355 440895 -5.947229 80.0 3 540
440895 441985 -2.813539 80.0 13 1090
441985 442805 -5.632576 80.0 3 820
442805 443375 -3.601351 80.0 29 570
443375 443805 -0.805649 80.0 28 430
443805 444355 0.550375 80.0 24 550
444355 445505 -0.866371 80.0 25 1150
