380706 380986 0.95135 80.0 24 280
380986 381516 -0.721757 80.0 7 530
381516 386236 1.30428 80.0 10 4720
386236 386836 -0.70211 80.0 7 600
386836 396926 1.491654 80.0 27 10090
396926 397986 -1.447051 80.0 25 1060
397986 403196 1.138908 80.0 6 5210
403196 405646 7.936779 80.0 4 2450
405646 406066 2.40016 80.0 16 420
406066 406586 -0.539904 80.0 1 520
406586 406996 -3.535997 80.0 17 410
406996 407726 -5.536769 80.0 3 730
407726 408286 -2.587365 80.0 8 560
408286 410776 1.97288 80.0 21 2490
410776 411886 5.616364 80.0 22 1110
411886 412856 -0.256313 80.0 20 970
412856 418406 2.785233 80.0 6 5550
418406 419486 6.933093 80.0 12 1080
419486 422756 3.023044 80.0 23 3270
422756 428596 7.216381 80.0 15 5840
428596 429136 1.437538 80.0 18 540
429136 429966 -4.069907 80.0 17 830
429966 434106 -7.513286 80.0 11 4140
434106 435156 -0.491569 80.0 13 1050
435156 435676 -6.434569 80.0 3 520
435676 435986 -3.486148 80.0 29 310
435986 438246 -0.529219 80.0 9 2260
438246 438786 2.266806 80.0 26 540
438786 439676 6.095703 80.0 22 890
439676 440326 -0.081047 80.0 18 650
440326 440896 -5.950857 80.0 3 570
440896 441956 -2.691111 80.0 13 1060
441956 442796 -5.646014 80.0 3 840
442796 443346 -3.575936 80.0 29 550
443346 445506 -0.642729 80.0 9 2160
