380672 380952 1.119726 80.0 24 280
380952 381502 -0.805261 80.0 7 550
381502 386212 1.838392 80.0 10 4710
386212 386822 -0.749987 80.0 7 610
386822 395182 1.539122 80.0 0 8360
395182 395692 -0.398189 80.0 7 510
395692 396912 2.009018 80.0 19 1220
396912 397962 -1.487123 80.0 25 1050
397962 399082 0.362645 80.0 24 1120
399082 399612 -0.177864 80.0 7 530
399612 403062 1.473291 80.0 14 3450
403062 405712 7.69162 80.0 4 2650
405712 406032 1.940451 80.0 16 320
406032 406572 -0.468011 80.0 1 540
406572 406962 -3.504857 80.0 17 390
406962 407722 -5.544207 80.0 3 760
407722 408262 -2.607912 80.0 8 540
408262 410462 1.63183 80.0 21 2200
410462 411952 5.358809 80.0 22 1490
411952 412832 -0.746399 80.0 20 880
412832 418282 2.745156 80.0 6 5450
418282 419572 6.577354 80.0 12 1290
419572 420602 2.09361 80.0 2 1030
420602 421492 4.619125 80.0 22 890
421492 422572 2.228153 80.0 2 1080
422572 428682 7.100578 80.0 15 6110
428682 429112 0.86797 80.0 18 430
429112 429962 -4.068643 80.0 17 850
429962 434092 -7.528535 80.0 11 4130
434092 434362 -2.566302 80.0 8 270
434362 434862 2.013568 80.0 19 500
434862 435122 -2.436416 80.0 17 260
435122 435662 -6.537173 80.0 3 540
435662 435952 -3.542526 80.0 29 290
435952 438262 -0.523811 80.0 9 2310
438262 438662 1.827739 80.0 26 400
438662 439742 5.843697 80.0 22 1080
439742 440282 -0.440475 80.0 18 540
440282 440882 -5.948053 80.0 3 600
440882 441922 -2.593652 80.0 13 1040
441922 442792 -5.642524 80.0 3 870
442792 443332 -3.552328 80.0 29 540
443332 443742 -0.821236 80.0 28 410
443742 444272 0.446804 80.0 24 530
444272 445512 -1.020835 80.0 25 1240
