380482 380882 1.70041 80.0 19 400
380882 381402 -2.002898 80.0 7 520
381402 386092 1.46019 80.0 10 4690
386092 386732 -0.96813 80.0 7 640
386732 395082 1.55809 80.0 0 8350
395082 395672 -0.495277 80.0 7 590
395672 396792 2.179724 80.0 19 1120
396792 397772 -1.720008 80.0 25 980
397772 398922 0.361909 80.0 24 1150
398922 399562 -0.209981 80.0 7 640
399562 403102 1.511131 80.0 14 3540
403102 405542 8.123724 80.0 4 2440
405542 405842 2.507176 80.0 16 300
405842 406512 -0.292345 80.0 1 670
406512 406802 -3.574821 80.0 17 290
406802 407712 -5.566261 80.0 3 910
407712 408112 -2.586396 80.0 8 400
408112 410642 1.910374 80.0 21 2530
410642 411862 5.836754 80.0 22 1220
411862 412732 -1.03544 80.0 20 870
412732 418262 2.739471 80.0 6 5530
418262 419422 6.854196 80.0 12 1160
419422 422672 2.839826 80.0 23 3250
422672 428572 7.193949 80.0 15 5900
428572 428972 1.534584 80.0 18 400
428972 429812 -4.046898 80.0 17 840
429812 434052 -7.529064 80.0 11 4240
434052 434252 -2.646959 80.0 8 200
434252 434782 3.037788 80.0 19 530
434782 434982 -2.467609 80.0 17 200
434982 435592 -6.938287 80.0 3 610
435592 435822 -3.434421 80.0 29 230
435822 438242 -0.476326 80.0 9 2420
438242 438632 2.286312 80.0 26 390
438632 439632 6.307189 80.0 22 1000
439632 440122 0.114252 80.0 18 490
440122 440832 -6.029754 80.0 3 710
440832 441772 -2.053229 80.0 13 940
441772 442752 -5.611113 80.0 3 980
442752 443582 -2.370873 80.0 8 830
443582 444232 0.583479 80.0 24 650
444232 445512 -1.022568 80.0 25 1280
