380634 380934 1.266096 80.0 24 300
380934 381474 -0.905326 80.0 7 540
381474 386184 1.93965 80.0 10 4710
386184 386804 -0.782771 80.0 7 620
386804 395164 1.542039 80.0 0 8360
395164 395704 -0.403667 80.0 7 540
395704 396884 2.117026 80.0 19 1180
396884 397924 -1.51992 80.0 25 1040
397924 399064 0.3593 80.0 24 1140
399064 399584 -0.195971 80.0 7 520
399584 403134 1.537724 80.0 14 3550
403134 405624 7.941316 80.0 4 2490
405624 405994 2.35809 80.0 16 370
405994 406554 -0.419097 80.0 1 560
406554 406924 -3.477115 80.0 17 370
406924 407714 -5.548367 80.0 3 790
407714 408234 -2.602439 80.0 8 520
408234 410644 1.85098 80.0 21 2410
410644 411904 5.604823 80.0 22 1260
411904 412804 -0.649275 80.0 20 900
412804 418344 2.759658 80.0 6 5540
418344 419474 6.6952 80.0 12 1130
419474 422694 2.966019 80.0 23 3220
422694 428604 7.208103 80.0 15 5910
428604 429084 1.335553 80.0 18 480
429084 429944 -4.055399 80.0 17 860
429944 434084 -7.528529 80.0 11 4140
434084 434334 -2.579648 80.0 8 250
434334 434844 2.183203 80.0 19 510
434844 435094 -2.453396 80.0 17 250
435094 435654 -6.594358 80.0 3 560
435654 435934 -3.43336 80.0 29 280
435934 438254 -0.51015 80.0 9 2320
438254 438724 2.253066 80.0 26 470
438724 439674 6.128202 80.0 22 950
439674 440254 -0.134505 80.0 18 580
440254 440874 -6.01025 80.0 3 620
440874 441894 -2.499608 80.0 13 1020
441894 442784 -5.640981 80.0 3 890
442784 443304 -3.543097 80.0 29 520
443304 443714 -0.838524 80.0 28 410
443714 444264 0.473132 80.0 24 550
444264 445504 -1.028126 80.0 25 1240
