380774 381004 0.668619 80.0 24 230
381004 381544 -0.51111 80.0 7 540
381544 386284 1.057445 80.0 10 4740
386284 386874 -0.597444 80.0 7 590
386874 396964 1.738189 80.0 27 10090
396964 398064 -1.344797 80.0 25 1100
398064 403214 1.147574 80.0 6 5150
403214 405674 7.868129 80.0 4 2460
405674 407044 -0.536864 80.0 18 1370
407044 407724 -5.5191 80.0 3 680
407724 408344 -2.56775 80.0 8 620
408344 410794 1.969865 80.0 21 2450
410794 411894 5.55321 80.0 22 1100
411894 412284 2.097418 80.0 16 390
412284 412914 -1.419177 80.0 7 630
412914 418434 2.806082 80.0 6 5520
418434 419514 6.797478 80.0 12 1080
419514 422764 3.03407 80.0 23 3250
422764 428614 7.195544 80.0 15 5850
428614 429184 1.346244 80.0 18 570
429184 429974 -4.057864 80.0 17 790
429974 434114 -7.498755 80.0 11 4140
434114 436034 -2.66968 80.0 9 1920
436034 438244 -0.544306 80.0 9 2210
438244 438824 2.237001 80.0 26 580
438824 439674 6.025764 80.0 22 850
439674 440374 -0.032298 80.0 18 700
440374 440904 -5.916394 80.0 3 530
440904 442004 -2.863451 80.0 13 1100
442004 442814 -5.622194 80.0 3 810
442814 443374 -3.601476 80.0 29 560
443374 443814 -0.826678 80.0 28 440
443814 444344 0.52865 80.0 24 530
444344 445504 -0.857343 80.0 25 1160
