380585 380915 1.45846 80.0 24 330
380915 381455 -1.044578 80.0 7 540
381455 386155 2.038769 80.0 10 4700
386155 386785 -0.846032 80.0 7 630
386785 395125 1.550468 80.0 0 8340
395125 395695 -0.429592 80.0 7 570
395695 396865 2.202899 80.0 19 1170
396865 397875 -1.60083 80.0 25 1010
397875 399025 0.359386 80.0 24 1150
399025 399605 -0.195495 80.0 7 580
399605 403055 1.508224 80.0 14 3450
403055 405665 7.808161 80.0 4 2610
405665 405945 1.971195 80.0 16 280
405945 406545 -0.379393 80.0 1 600
406545 406885 -3.50527 80.0 17 340
406885 407725 -5.543832 80.0 3 840
407725 408205 -2.514646 80.0 8 480
408205 410495 1.703541 80.0 21 2290
410495 411935 5.517809 80.0 22 1440
411935 412755 -1.068079 80.0 20 820
412755 418255 2.71948 80.0 6 5500
418255 419525 6.503219 80.0 12 1270
419525 420385 1.660218 80.0 2 860
420385 421425 4.569048 80.0 22 1040
421425 422565 2.242909 80.0 2 1140
422565 428655 7.084862 80.0 15 6090
428655 429055 0.921322 80.0 18 400
429055 429955 -4.077075 80.0 17 900
429955 434085 -7.543993 80.0 11 4130
434085 434305 -2.553113 80.0 8 220
434305 434835 2.417868 80.0 19 530
434835 435065 -2.613991 80.0 17 230
435065 435635 -6.74019 80.0 3 570
435635 435895 -3.465756 80.0 29 260
435895 438255 -0.502698 80.0 9 2360
438255 438625 1.872317 80.0 26 370
438625 439705 5.997085 80.0 22 1080
439705 440215 -0.43789 80.0 18 510
440215 440855 -6.046699 80.0 3 640
440855 441845 -2.35229 80.0 13 990
441845 442785 -5.624358 80.0 3 940
442785 443295 -3.44516 80.0 29 510
443295 443675 -0.826337 80.0 28 380
443675 444245 0.52142 80.0 24 570
444245 445505 -1.020413 80.0 25 1260
