380763 381003 0.732093 80.0 24 240
381003 381543 -0.55999 80.0 7 540
381543 386273 1.064562 80.0 10 4730
386273 386863 -0.625306 80.0 7 590
386863 396963 1.742849 80.0 27 10100
396963 398053 -1.369562 80.0 25 1090
398053 403093 1.214154 80.0 6 5040
403093 405773 7.584004 80.0 4 2680
405773 407033 -0.894105 80.0 18 1260
407033 407723 -5.524012 80.0 3 690
407723 408343 -2.574495 80.0 8 620
408343 410493 1.633461 80.0 21 2150
410493 411973 5.261016 80.0 22 1480
411973 412903 -0.463799 80.0 20 930
412903 418323 2.769722 80.0 6 5420
418323 419593 6.4453 80.0 12 1270
419593 420603 2.116659 80.0 2 1010
420603 421523 4.532863 80.0 22 920
421523 422613 2.334344 80.0 2 1090
422613 428703 7.08556 80.0 15 6090
428703 429183 0.811469 80.0 18 480
429183 429963 -4.059443 80.0 17 780
429963 434113 -7.496627 80.0 11 4150
434113 436023 -2.66789 80.0 9 1910
436023 438253 -0.543824 80.0 9 2230
438253 438723 1.831226 80.0 26 470
438723 439763 5.728882 80.0 22 1040
439763 440363 -0.591003 80.0 18 600
440363 440903 -5.931302 80.0 3 540
440903 441993 -2.822822 80.0 13 1090
441993 442813 -5.625873 80.0 3 820
442813 443383 -3.574373 80.0 29 570
443383 443803 -0.808231 80.0 28 420
443803 444353 0.532965 80.0 24 550
444353 445503 -0.86691 80.0 25 1150
