380519 380889 1.638699 80.0 19 370
380889 381419 -1.776282 80.0 7 530
381419 386109 1.446981 80.0 10 4690
386109 386749 -0.918014 80.0 7 640
386749 395089 1.556403 80.0 0 8340
395089 395679 -0.466317 80.0 7 590
395679 396819 2.106612 80.0 19 1140
396819 397799 -1.70021 80.0 25 980
397799 398959 0.357864 80.0 24 1160
398959 399589 -0.201118 80.0 7 630
399589 403099 1.577306 80.0 14 3510
403099 405569 8.055443 80.0 4 2470
405569 405879 2.410372 80.0 16 310
405879 406519 -0.310702 80.0 1 640
406519 406829 -3.51672 80.0 17 310
406829 407699 -5.568027 80.0 3 870
407699 408149 -2.628684 80.0 8 450
408149 410579 1.823781 80.0 21 2430
410579 411889 5.725809 80.0 22 1310
411889 412729 -1.08086 80.0 20 840
412729 418269 2.730094 80.0 6 5540
418269 419439 6.787752 80.0 12 1170
419439 422659 2.835043 80.0 23 3220
422659 428589 7.176149 80.0 15 5930
428589 428999 1.409205 80.0 18 410
428999 429829 -4.063507 80.0 17 830
429829 434059 -7.530643 80.0 11 4230
434059 434279 -2.539865 80.0 8 220
434279 434799 2.866694 80.0 19 520
434799 435009 -2.48391 80.0 17 210
435009 435609 -6.856188 80.0 3 600
435609 435849 -3.420103 80.0 29 240
435849 438259 -0.482308 80.0 9 2410
438259 438649 2.321165 80.0 26 390
438649 439659 6.234425 80.0 22 1010
439659 440149 -0.070001 80.0 18 490
440149 440839 -6.035943 80.0 3 690
440839 441799 -2.169338 80.0 13 960
441799 442769 -5.615759 80.0 3 970
442769 443609 -2.351156 80.0 8 840
443609 444239 0.550813 80.0 24 630
444239 445509 -1.023848 80.0 25 1270
