380681 380961 1.064951 80.0 24 280
380961 381511 -0.777652 80.0 7 550
381511 386221 1.817662 80.0 10 4710
386221 386821 -0.746103 80.0 7 600
386821 395181 1.538207 80.0 0 8360
395181 395701 -0.38039 80.0 7 520
395701 396921 1.997159 80.0 19 1220
396921 397971 -1.480051 80.0 25 1050
397971 399091 0.361815 80.0 24 1120
399091 399621 -0.173093 80.0 7 530
399621 403081 1.485532 80.0 14 3460
403081 405711 7.714244 80.0 4 2630
405711 406041 1.979756 80.0 16 330
406041 406571 -0.4679 80.0 1 530
406571 406971 -3.491039 80.0 17 400
406971 407721 -5.543227 80.0 3 750
407721 408271 -2.607268 80.0 8 550
408271 410491 1.658221 80.0 21 2220
410491 411961 5.368164 80.0 22 1470
411961 412841 -0.750751 80.0 20 880
412841 418301 2.751621 80.0 6 5460
418301 419561 6.624973 80.0 12 1260
419561 420641 2.178658 80.0 2 1080
420641 421481 4.658702 80.0 22 840
421481 422581 2.266111 80.0 2 1100
422581 428681 7.103481 80.0 15 6100
428681 429121 0.870066 80.0 18 440
429121 429961 -4.071161 80.0 17 840
429961 434091 -7.526357 80.0 11 4130
434091 434361 -2.643937 80.0 8 270
434361 434861 1.946471 80.0 19 500
434861 435131 -2.4098 80.0 17 270
435131 435671 -6.502099 80.0 3 540
435671 435961 -3.503902 80.0 29 290
435961 438261 -0.524144 80.0 9 2300
438261 438681 1.889053 80.0 26 420
438681 439731 5.881152 80.0 22 1050
439731 440291 -0.364901 80.0 18 560
440291 440881 -5.953906 80.0 3 590
440881 441931 -2.629253 80.0 13 1050
441931 442791 -5.64466 80.0 3 860
442791 443341 -3.552327 80.0 29 550
443341 443751 -0.802244 80.0 28 410
443751 444271 0.444144 80.0 24 520
444271 445511 -1.020032 80.0 25 1240
