380541 380901 1.577976 80.0 19 360
380901 381441 -1.665179 80.0 7 540
381441 386131 1.44312 80.0 10 4690
386131 386751 -0.919915 80.0 7 620
386751 395101 1.552617 80.0 0 8350
395101 395681 -0.458916 80.0 7 580
395681 396851 2.261427 80.0 19 1170
396851 397831 -1.676279 80.0 25 980
397831 398981 0.360497 80.0 24 1150
398981 399601 -0.197508 80.0 7 620
399601 403071 1.543316 80.0 14 3470
403071 405601 7.958205 80.0 4 2530
405601 405901 2.251248 80.0 16 300
405901 406531 -0.337491 80.0 1 630
406531 406841 -3.496871 80.0 17 310
406841 407711 -5.556283 80.0 3 870
407711 408161 -2.612249 80.0 8 450
408161 410521 1.74298 80.0 21 2360
410521 411901 5.636196 80.0 22 1380
411901 412731 -1.065732 80.0 20 830
412731 418261 3.653529 80.0 6 5530
418261 419481 6.665313 80.0 12 1220
419481 420781 2.166261 80.0 2 1300
420781 421371 5.10804 80.0 22 590
421371 422611 2.354437 80.0 2 1240
422611 428621 7.135005 80.0 15 6010
428621 429021 1.138722 80.0 18 400
429021 429941 -4.058989 80.0 17 920
429941 434071 -7.54986 80.0 11 4130
434071 434291 -2.474443 80.0 8 220
434291 434811 2.736585 80.0 19 520
434811 435031 -2.567566 80.0 17 220
435031 435611 -6.853322 80.0 3 580
435611 435861 -3.495411 80.0 29 250
435861 438261 -0.490338 80.0 9 2400
438261 438631 2.116235 80.0 26 370
438631 439681 6.13203 80.0 22 1050
439681 440171 -0.25712 80.0 18 490
440171 440861 -6.012977 80.0 3 690
440861 441821 -2.200775 80.0 13 960
441821 442771 -5.626558 80.0 3 950
442771 443631 -2.352951 80.0 8 860
443631 444241 0.540776 80.0 24 610
444241 445511 -1.02061 80.0 25 1270
