380737 380987 0.819067 80.0 24 250
380987 381527 -0.629946 80.0 7 540
381527 386257 1.071846 80.0 10 4730
386257 386857 -0.656622 80.0 7 600
386857 396947 1.749668 80.0 27 10090
396947 398027 -1.400377 80.0 25 1080
398027 403157 1.342951 80.0 6 5130
403157 405697 7.795848 80.0 4 2540
405697 406097 2.200143 80.0 16 400
406097 406597 -0.581126 80.0 1 500
406597 407027 -3.549144 80.0 17 430
407027 407727 -5.535233 80.0 3 700
407727 408307 -2.608571 80.0 8 580
408307 410627 1.780841 80.0 21 2320
410627 411917 5.461851 80.0 22 1290
411917 412897 -0.303192 80.0 20 980
412897 418377 2.786492 80.0 6 5480
418377 419527 6.743273 80.0 12 1150
419527 420857 2.578869 80.0 2 1330
420857 421417 4.848548 80.0 22 560
421417 422697 2.57965 80.0 2 1280
422697 428637 7.166421 80.0 15 5940
428637 429157 1.217746 80.0 18 520
429157 429977 -4.068823 80.0 17 820
429977 434107 -7.515388 80.0 11 4130
434107 435177 -0.622265 80.0 13 1070
435177 435687 -6.372826 80.0 3 510
435687 436007 -3.500197 80.0 29 320
436007 438257 -0.533648 80.0 9 2250
438257 438777 2.168633 80.0 26 520
438777 439707 5.980605 80.0 22 930
439707 440337 -0.191089 80.0 18 630
440337 440887 -5.952924 80.0 3 550
440887 441967 -2.769818 80.0 13 1080
441967 442807 -5.628156 80.0 3 840
442807 443367 -3.56668 80.0 29 560
443367 443777 -0.824361 80.0 28 410
443777 444347 0.558243 80.0 24 570
444347 445507 -0.85918 80.0 25 1160
