380695 380965 1.012273 80.0 24 270
380965 381515 -0.738467 80.0 7 550
381515 386235 1.335925 80.0 10 4720
386235 386835 -0.723924 80.0 7 600
386835 395195 1.536856 80.0 0 8360
395195 395705 -0.372071 80.0 7 510
395705 396925 1.979674 80.0 19 1220
396925 397985 -1.456275 80.0 25 1060
397985 399105 0.360394 80.0 24 1120
399105 399605 -0.177955 80.0 7 500
399605 403085 1.47618 80.0 14 3480
403085 405725 7.688636 80.0 4 2640
405725 406055 1.940388 80.0 16 330
406055 406575 -0.488792 80.0 1 520
406575 406985 -3.494762 80.0 17 410
406985 407725 -5.538294 80.0 3 740
407725 408285 -2.576925 80.0 8 560
408285 410495 1.658443 80.0 21 2210
410495 411965 5.352448 80.0 22 1470
411965 412855 -0.706893 80.0 20 890
412855 418305 3.156316 80.0 6 5450
418305 419565 6.599 80.0 12 1260
419565 420645 2.186578 80.0 2 1080
420645 421485 4.648003 80.0 22 840
421485 422585 2.280886 80.0 2 1100
422585 428685 7.098917 80.0 15 6100
428685 429125 0.89994 80.0 18 440
429125 429955 -4.047158 80.0 17 830
429955 434095 -7.517947 80.0 11 4140
434095 434365 -2.672114 80.0 8 270
434365 434865 1.862318 80.0 19 500
434865 435135 -2.341283 80.0 17 270
435135 435675 -6.451042 80.0 3 540
435675 435975 -3.494299 80.0 29 300
435975 438255 -0.527008 80.0 9 2280
438255 438685 1.841593 80.0 26 430
438685 439735 5.854267 80.0 22 1050
439735 440305 -0.408911 80.0 18 570
440305 440885 -5.956656 80.0 3 580
440885 441945 -2.672449 80.0 13 1060
441945 442795 -5.645127 80.0 3 850
442795 443345 -3.568111 80.0 29 550
443345 443775 -0.786159 80.0 28 430
443775 444275 0.44556 80.0 24 500
444275 445505 -1.023458 80.0 25 1230
