380751 381001 0.742008 80.0 24 250
381001 381541 -0.584907 80.0 7 540
381541 386261 1.069418 80.0 10 4720
386261 386861 -0.629879 80.0 7 600
386861 396961 1.744704 80.0 27 10100
396961 398041 -2.234671 80.0 25 1080
398041 403141 1.099119 80.0 6 5100
403141 405711 7.744457 80.0 4 2570
405711 407021 -0.683488 80.0 18 1310
407021 407721 -5.523574 80.0 3 700
407721 408331 -2.573745 80.0 8 610
408331 410581 1.73409 80.0 21 2250
410581 411931 5.392099 80.0 22 1350
411931 412891 -0.322322 80.0 20 960
412891 418371 2.779366 80.0 6 5480
418371 419551 6.649197 80.0 12 1180
419551 420811 2.491753 80.0 2 1260
420811 421441 4.773504 80.0 22 630
421441 422661 2.506545 80.0 2 1220
422661 428651 7.138995 80.0 15 5990
428651 429171 1.110374 80.0 18 520
429171 429971 -4.068682 80.0 17 800
429971 434111 -7.504019 80.0 11 4140
434111 435181 -0.664981 80.0 13 1070
435181 435691 -6.297513 80.0 3 510
435691 436021 -3.488849 80.0 29 330
436021 438261 -0.533084 80.0 9 2240
438261 438761 2.083043 80.0 26 500
438761 439721 5.893164 80.0 22 960
439721 440351 -0.313513 80.0 18 630
440351 440901 -5.922853 80.0 3 550
440901 441981 -2.791856 80.0 13 1080
441981 442811 -5.624502 80.0 3 830
442811 443371 -3.573461 80.0 29 560
443371 443791 -0.821625 80.0 28 420
443791 444361 0.53095 80.0 24 570
444361 445511 -0.86727 80.0 25 1150
