380724 380974 0.894708 80.0 24 250
380974 381524 -0.650258 80.0 7 550
381524 386254 1.287787 80.0 10 4730
386254 386854 -0.67293 80.0 7 600
386854 396944 1.488614 80.0 27 10090
396944 398014 -1.420224 80.0 25 1070
398014 403154 1.464308 80.0 6 5140
403154 405684 7.82011 80.0 4 2530
405684 406084 2.242221 80.0 16 400
406084 406594 -0.561529 80.0 1 510
406594 407014 -3.546384 80.0 17 420
407014 407724 -5.539312 80.0 3 710
407724 408304 -2.589936 80.0 8 580
408304 410624 1.788285 80.0 21 2320
410624 411914 5.472448 80.0 22 1290
411914 412884 -0.331139 80.0 20 970
412884 418364 2.779572 80.0 6 5480
418364 419524 6.743909 80.0 12 1160
419524 420884 2.612419 80.0 2 1360
420884 421414 4.894726 80.0 22 530
421414 422694 2.570335 80.0 2 1280
422694 428644 7.165132 80.0 15 5950
428644 429144 1.188237 80.0 18 500
429144 429964 -4.045576 80.0 17 820
429964 434114 -7.504572 80.0 11 4150
434114 435174 -0.56446 80.0 13 1060
435174 435684 -6.404205 80.0 3 510
435684 436004 -3.466742 80.0 29 320
436004 438254 -0.528373 80.0 9 2250
438254 438764 2.13334 80.0 26 510
438764 439704 5.986255 80.0 22 940
439704 440334 -0.224214 80.0 18 630
440334 440884 -5.965705 80.0 3 550
440884 441954 -2.73714 80.0 13 1070
441954 442814 -5.61839 80.0 3 860
442814 443354 -3.556517 80.0 29 540
443354 443774 -0.832925 80.0 28 420
443774 444344 0.579088 80.0 24 570
444344 445504 -0.860623 80.0 25 1160
