380616 380926 1.349233 80.0 24 310
380926 381466 -0.964019 80.0 7 540
381466 386176 2.006773 80.0 10 4710
386176 386796 -0.813303 80.0 7 620
386796 395156 1.543882 80.0 0 8360
395156 395696 -0.423939 80.0 7 540
395696 396886 2.125908 80.0 19 1190
396886 397906 -1.564745 80.0 25 1020
397906 399046 0.360715 80.0 24 1140
399046 399596 -0.194531 80.0 7 550
399596 403086 1.512827 80.0 14 3490
403086 405646 7.859358 80.0 4 2560
405646 405976 2.172553 80.0 16 330
405976 406556 -0.41775 80.0 1 580
406556 406906 -3.496969 80.0 17 350
406906 407716 -5.544783 80.0 3 810
407716 408226 -2.570003 80.0 8 510
408226 410536 1.73454 80.0 21 2310
410536 411926 5.530145 80.0 22 1390
411926 412786 -0.864633 80.0 20 860
412786 418296 2.738084 80.0 6 5510
418296 419496 6.598629 80.0 12 1200
419496 420786 2.432152 80.0 2 1290
420786 421406 4.961761 80.0 22 620
421406 422626 2.390831 80.0 2 1220
422626 428636 7.165947 80.0 15 6010
428636 429066 1.152709 80.0 18 430
429066 429946 -4.045187 80.0 17 880
429946 434086 -7.533333 80.0 11 4140
434086 434326 -2.545894 80.0 8 240
434326 434846 2.280751 80.0 19 520
434846 435076 -2.479161 80.0 17 230
435076 435646 -6.641555 80.0 3 570
435646 435926 -3.419649 80.0 29 280
435926 438256 -0.503214 80.0 9 2330
438256 438676 2.056551 80.0 26 420
438676 439696 6.051382 80.0 22 1020
439696 440246 -0.378725 80.0 18 550
440246 440866 -6.044658 80.0 3 620
440866 441866 -2.426456 80.0 13 1000
441866 442786 -5.628682 80.0 3 920
442786 443306 -3.49027 80.0 29 520
443306 443696 -0.826289 80.0 28 390
443696 444246 0.500254 80.0 24 550
444246 445506 -1.01418 80.0 25 1260
