380841 381051 0.479885 80.0 24 210
381051 381651 -0.32866 80.0 7 600
381651 386331 1.054349 80.0 10 4680
386331 386901 -0.512882 80.0 7 570
386901 397001 1.508819 80.0 27 10100
397001 398131 -1.267784 80.0 25 1130
398131 403141 1.252994 80.0 6 5010
403141 405781 7.582909 80.0 4 2640
405781 407121 -0.903778 80.0 18 1340
407121 407731 -5.519186 80.0 3 610
407731 408391 -2.597628 80.0 8 660
408391 410531 1.632616 80.0 21 2140
410531 411961 5.224543 80.0 22 1430
411961 412351 1.73238 80.0 16 390
412351 412981 -1.286903 80.0 7 630
412981 418381 2.804883 80.0 6 5400
418381 419601 6.396269 80.0 12 1220
419601 420671 2.272934 80.0 2 1070
420671 421521 4.524942 80.0 22 850
421521 422681 2.50928 80.0 2 1160
422681 428701 7.217721 80.0 15 6020
428701 429241 0.887939 80.0 18 540
429241 429981 -4.05472 80.0 17 740
429981 434121 -7.482887 80.0 11 4140
434121 436091 -2.71524 80.0 9 1970
436091 438241 -0.556722 80.0 9 2150
438241 438791 1.895722 80.0 26 550
438791 439741 5.726884 80.0 22 950
439741 440201 1.086598 80.0 18 460
440201 442061 -6.879209 80.0 3 1860
442061 442821 -5.615626 80.0 3 760
442821 443421 -3.619744 80.0 29 600
443421 443861 -0.813223 80.0 28 440
443861 444361 0.446511 80.0 24 500
444361 445511 -0.860492 80.0 25 1150
