380634 380944 1.230342 80.0 24 310
380944 381484 -0.910166 80.0 7 540
381484 386184 1.953608 80.0 10 4700
386184 386804 -0.785707 80.0 7 620
386804 395164 1.542149 80.0 0 8360
395164 395694 -0.411829 80.0 7 530
395694 396884 2.100732 80.0 19 1190
396884 397924 -1.521533 80.0 25 1040
397924 399064 0.359211 80.0 24 1140
399064 399604 -0.188555 80.0 7 540
399604 403134 1.545829 80.0 14 3530
403134 405634 7.929898 80.0 4 2500
405634 405994 2.288477 80.0 16 360
405994 406564 -0.445205 80.0 1 570
406564 406924 -3.518989 80.0 17 360
406924 407724 -5.540613 80.0 3 800
407724 408234 -2.558719 80.0 8 510
408234 410604 1.802234 80.0 21 2370
410604 411904 5.579937 80.0 22 1300
411904 412804 -0.651417 80.0 20 900
412804 418334 2.755661 80.0 6 5530
418334 419484 6.662032 80.0 12 1150
419484 422684 2.95542 80.0 23 3200
422684 428614 7.198545 80.0 15 5930
428614 429084 1.272598 80.0 18 470
429084 429954 -4.067623 80.0 17 870
429954 434094 -7.528288 80.0 11 4140
434094 434334 -2.482489 80.0 8 240
434334 434844 2.178834 80.0 19 510
434844 435094 -2.449204 80.0 17 250
435094 435644 -6.620316 80.0 3 550
435644 435934 -3.488177 80.0 29 290
435934 438254 -0.510553 80.0 9 2320
438254 438714 2.19669 80.0 26 460
438714 439674 6.115128 80.0 22 960
439674 440244 -0.046088 80.0 18 570
440244 440874 -5.996052 80.0 3 630
440874 441894 -2.501219 80.0 13 1020
441894 442784 -5.6404 80.0 3 890
442784 443314 -3.515284 80.0 29 530
443314 443704 -0.830918 80.0 28 390
443704 444254 0.473962 80.0 24 550
444254 445504 -1.02003 80.0 25 1250
