380683 380963 1.053015 80.0 24 280
380963 381503 -0.781527 80.0 7 540
381503 386223 1.800861 80.0 10 4720
386223 386823 -0.739299 80.0 7 600
386823 395183 1.537795 80.0 0 8360
395183 395703 -0.375166 80.0 7 520
395703 396923 1.992065 80.0 19 1220
396923 397973 -1.476492 80.0 25 1050
397973 399103 0.358237 80.0 24 1130
399103 399603 -0.182852 80.0 7 500
399603 403083 1.477861 80.0 14 3480
403083 405713 7.712862 80.0 4 2630
405713 406043 1.979868 80.0 16 330
406043 406573 -0.473891 80.0 1 530
406573 406973 -3.490919 80.0 17 400
406973 407723 -5.543249 80.0 3 750
407723 408273 -2.600362 80.0 8 550
408273 410493 1.65863 80.0 21 2220
410493 411963 5.365129 80.0 22 1470
411963 412843 -0.747706 80.0 20 880
412843 418303 2.752275 80.0 6 5460
418303 419563 6.618922 80.0 12 1260
419563 420643 2.180134 80.0 2 1080
420643 421483 4.65927 80.0 22 840
421483 422583 2.268076 80.0 2 1100
422583 428683 7.103639 80.0 15 6100
428683 429123 0.861352 80.0 18 440
429123 429963 -4.07239 80.0 17 840
429963 434093 -7.525867 80.0 11 4130
434093 434363 -2.629419 80.0 8 270
434363 434863 1.930714 80.0 19 500
434863 435133 -2.428843 80.0 17 270
435133 435673 -6.485639 80.0 3 540
435673 435973 -3.452224 80.0 29 300
435973 438253 -0.520565 80.0 9 2280
438253 438683 1.852465 80.0 26 430
438683 439733 5.876941 80.0 22 1050
439733 440293 -0.372323 80.0 18 560
440293 440883 -5.951094 80.0 3 590
440883 441933 -2.633307 80.0 13 1050
441933 442793 -5.642535 80.0 3 860
442793 443343 -3.549653 80.0 29 550
443343 443753 -0.802289 80.0 28 410
443753 444273 0.44089 80.0 24 520
444273 445503 -1.027317 80.0 25 1230
