380634 380934 1.290385 80.0 24 300
380934 381484 -0.90085 80.0 7 550
381484 386194 1.94627 80.0 10 4710
386194 386804 -0.800258 80.0 7 610
386804 395164 1.542255 80.0 0 8360
395164 395704 -0.406267 80.0 7 540
395704 396894 2.102698 80.0 19 1190
396894 397924 -1.538232 80.0 25 1030
397924 399064 0.35964 80.0 24 1140
399064 399604 -0.190757 80.0 7 540
399604 403074 1.496283 80.0 14 3470
403074 405674 7.790231 80.0 4 2600
405674 405994 2.062106 80.0 16 320
405994 406564 -0.436152 80.0 1 570
406564 406924 -3.503766 80.0 17 360
406924 407724 -5.541796 80.0 3 800
407724 408234 -2.579553 80.0 8 510
408234 410494 1.67784 80.0 21 2260
410494 411944 5.445554 80.0 22 1450
411944 412804 -0.871683 80.0 20 860
412804 418284 2.739259 80.0 6 5480
418284 419524 6.490908 80.0 12 1240
419524 420684 2.254903 80.0 2 1160
420684 421444 4.781444 80.0 22 760
421444 422584 2.287364 80.0 2 1140
422584 428654 7.129875 80.0 15 6070
428654 429084 1.024853 80.0 18 430
429084 429954 -4.06158 80.0 17 870
429954 434094 -7.529882 80.0 11 4140
434094 434344 -2.449886 80.0 8 250
434344 434854 2.215909 80.0 19 510
434854 435094 -2.503393 80.0 17 240
435094 435654 -6.614918 80.0 3 560
435654 435934 -3.455975 80.0 29 280
435934 438254 -0.510803 80.0 9 2320
438254 438654 1.863274 80.0 26 400
438654 439724 5.924202 80.0 22 1070
439724 440244 -0.417301 80.0 18 520
440244 440874 -6.004112 80.0 3 630
440874 441894 -2.49975 80.0 13 1020
441894 442784 -5.643222 80.0 3 890
442784 443314 -3.526608 80.0 29 530
443314 443714 -0.819883 80.0 28 400
443714 444264 0.4771 80.0 24 550
444264 445504 -1.824279 80.0 25 1240
