380791 381021 0.604253 80.0 24 230
381021 381551 -0.476555 80.0 7 530
381551 386291 1.052992 80.0 10 4740
386291 386881 -0.571445 80.0 7 590
386881 396981 1.737187 80.0 27 10100
396981 398081 -1.333997 80.0 25 1100
398081 403201 1.288094 80.0 6 5120
403201 405691 7.816048 80.0 4 2490
405691 407071 -0.613669 80.0 18 1380
407071 407721 -5.527365 80.0 3 650
407721 408361 -2.576627 80.0 8 640
408361 410741 1.902282 80.0 21 2380
410741 411901 5.491037 80.0 22 1160
411901 412301 2.063309 80.0 16 400
412301 412941 -1.360658 80.0 7 640
412941 418431 2.812934 80.0 6 5490
418431 419521 6.742697 80.0 12 1090
419521 422741 3.024924 80.0 23 3220
422741 428621 7.248246 80.0 15 5880
428621 429201 1.302771 80.0 18 580
429201 429981 -4.068095 80.0 17 780
429981 434121 -7.493982 80.0 11 4140
434121 436051 -2.67633 80.0 9 1930
436051 438241 -0.546776 80.0 9 2190
438241 438841 2.235173 80.0 26 600
438841 439691 5.99164 80.0 22 850
439691 440381 -0.080314 80.0 18 690
440381 440901 -5.903704 80.0 3 520
440901 442011 -2.903492 80.0 13 1110
442011 442821 -5.610189 80.0 3 810
442821 443391 -3.582285 80.0 29 570
443391 443831 -0.804458 80.0 28 440
443831 444351 0.506224 80.0 24 520
444351 445511 -0.854615 80.0 25 1160
