380678 380958 1.054891 80.0 24 280
380958 381498 -0.789489 80.0 7 540
381498 386228 1.785343 80.0 10 4730
386228 386828 -0.742086 80.0 7 600
386828 395178 1.539939 80.0 0 8350
395178 395688 -0.385558 80.0 7 510
395688 396918 1.97943 80.0 19 1230
396918 397968 -1.478101 80.0 25 1050
397968 399098 0.358593 80.0 24 1130
399098 399608 -0.180965 80.0 7 510
399608 403158 1.545795 80.0 14 3550
403158 405648 7.907404 80.0 4 2490
405648 406038 2.324061 80.0 16 390
406038 406578 -0.50126 80.0 1 540
406578 406968 -3.532028 80.0 17 390
406968 407718 -5.542535 80.0 3 750
407718 408268 -2.601998 80.0 8 550
408268 410658 1.847185 80.0 21 2390
410658 411898 5.567964 80.0 22 1240
411898 412838 -0.43474 80.0 20 940
412838 418358 2.76733 80.0 6 5520
418358 419498 6.876651 80.0 12 1140
419498 422718 2.986623 80.0 23 3220
422718 428608 7.203243 80.0 15 5890
428608 429118 1.334884 80.0 18 510
429118 429958 -4.071871 80.0 17 840
429958 434088 -7.526958 80.0 11 4130
434088 434358 -2.637951 80.0 8 270
434358 434868 1.914634 80.0 19 510
434868 435138 -2.614406 80.0 17 270
435138 435668 -6.52545 80.0 3 530
435668 435968 -3.452463 80.0 29 300
435968 438258 -0.51834 80.0 9 2290
438258 438758 2.278699 80.0 26 500
438758 439678 6.108804 80.0 22 920
439678 440298 -0.062585 80.0 18 620
440298 440878 -5.971617 80.0 3 580
440878 441928 -2.631223 80.0 13 1050
441928 442788 -5.64281 80.0 3 860
442788 443328 -3.579548 80.0 29 540
443328 443758 -0.809967 80.0 28 430
443758 444268 0.450779 80.0 24 510
444268 445508 -1.017874 80.0 25 1240
