380516 380886 1.655533 80.0 19 370
380886 381426 -1.834481 80.0 7 540
381426 386116 1.138847 80.0 10 4690
386116 386746 -0.939074 80.0 7 630
386746 395096 1.554895 80.0 0 8350
395096 395676 -0.477023 80.0 7 580
395676 396816 2.110356 80.0 19 1140
396816 397806 -1.685455 80.0 25 990
397806 398956 0.361053 80.0 24 1150
398956 399586 -0.202426 80.0 7 630
399586 403086 1.56601 80.0 14 3500
403086 405576 8.029984 80.0 4 2490
405576 405876 2.358656 80.0 16 300
405876 406516 -0.302805 80.0 1 640
406516 406816 -3.448031 80.0 17 300
406816 407706 -5.556817 80.0 3 890
407706 408146 -2.598782 80.0 8 440
408146 410566 1.806852 80.0 21 2420
410566 411886 5.723794 80.0 22 1320
411886 412736 -1.060364 80.0 20 850
412736 418256 3.646752 80.0 6 5520
418256 419456 6.738314 80.0 12 1200
419456 422636 2.811434 80.0 23 3180
422636 428596 7.16204 80.0 15 5960
428596 428996 1.37019 80.0 18 400
428996 429826 -4.057313 80.0 17 830
429826 434066 -7.525144 80.0 11 4240
434066 434276 -2.485407 80.0 8 210
434276 434796 2.889055 80.0 19 520
434796 435006 -2.436241 80.0 17 210
435006 435606 -6.868977 80.0 3 600
435606 435846 -3.441803 80.0 29 240
435846 438256 -0.484293 80.0 9 2410
438256 438636 2.232685 80.0 26 380
438636 439666 6.210815 80.0 22 1030
439666 440146 -0.123518 80.0 18 480
440146 440846 -6.023598 80.0 3 700
440846 441796 -2.136741 80.0 13 950
441796 442756 -5.623331 80.0 3 960
442756 443596 -2.423087 80.0 8 840
443596 444246 0.540787 80.0 24 650
444246 445506 -1.032537 80.0 25 1260
