380761 380991 0.772255 80.0 24 230
380991 381551 -0.549184 80.0 7 560
381551 386271 1.067795 80.0 10 4720
386271 386871 -0.619637 80.0 7 600
386871 396961 1.745451 80.0 27 10090
396961 398051 -1.37214 80.0 25 1090
398051 403121 1.30821 80.0 6 5070
403121 405731 7.684494 80.0 4 2610
405731 407041 -0.775262 80.0 18 1310
407041 407731 -5.526312 80.0 3 690
407731 408341 -2.542151 80.0 8 610
408341 410531 1.672289 80.0 21 2190
410531 411941 5.330919 80.0 22 1410
411941 412911 -0.320242 80.0 20 970
412911 418361 2.781863 80.0 6 5450
418361 419571 6.574018 80.0 12 1210
419571 420711 2.323276 80.0 2 1140
420711 421471 4.665131 80.0 22 760
421471 422641 2.437583 80.0 2 1170
422641 428681 7.112254 80.0 15 6040
428681 429171 1.00028 80.0 18 490
429171 429971 -4.042756 80.0 17 800
429971 434121 -7.496845 80.0 11 4150
434121 435201 -0.719558 80.0 13 1080
435201 435701 -6.296626 80.0 3 500
435701 436031 -3.463941 80.0 29 330
436031 438261 -0.534587 80.0 9 2230
438261 438751 1.982803 80.0 26 490
438751 439731 5.844471 80.0 22 980
439731 440361 -0.357233 80.0 18 630
440361 440891 -5.944778 80.0 3 530
440891 442001 -2.85554 80.0 13 1110
442001 442811 -5.635973 80.0 3 810
442811 443381 -3.583622 80.0 29 570
443381 443801 -0.814638 80.0 28 420
443801 444351 0.53732 80.0 24 550
444351 445511 -0.856896 80.0 25 1160
