380454 380874 1.746589 80.0 19 420
380874 381384 -2.270197 80.0 25 510
381384 386074 1.153068 80.0 10 4690
386074 386714 -1.001538 80.0 7 640
386714 395084 1.557066 80.0 0 8370
395084 395654 -0.532309 80.0 7 570
395654 396774 2.203666 80.0 19 1120
396774 397744 -1.750112 80.0 25 970
397744 398894 0.362675 80.0 24 1150
398894 399564 -0.208353 80.0 7 670
399564 403114 1.540684 80.0 14 3550
403114 405504 8.208573 80.0 4 2390
405504 405814 2.721643 80.0 16 310
405814 406504 -0.273734 80.0 1 690
406504 406774 -3.581985 80.0 17 270
406774 407704 -5.571877 80.0 3 930
407704 408094 -2.579528 80.0 8 390
408094 410784 2.098164 80.0 21 2690
410784 411844 5.984327 80.0 22 1060
411844 412734 -1.02079 80.0 20 890
412734 418264 2.752356 80.0 6 5530
418264 419394 6.937125 80.0 12 1130
419394 422704 2.872017 80.0 23 3310
422704 428554 7.218058 80.0 15 5850
428554 428944 1.742999 80.0 18 390
428944 429804 -4.023495 80.0 17 860
429804 434054 -7.590135 80.0 11 4250
434054 434254 -2.322591 80.0 8 200
434254 434774 3.259729 80.0 19 520
434774 434964 -2.570951 80.0 17 190
434964 435584 -6.981259 80.0 3 620
435584 435814 -3.333699 80.0 29 230
435814 438244 -0.459597 80.0 9 2430
438244 438634 2.476646 80.0 26 390
438634 439614 6.377262 80.0 22 980
439614 440094 0.28377 80.0 18 480
440094 440824 -6.013054 80.0 3 730
440824 441744 -1.94677 80.0 13 920
441744 442744 -5.59763 80.0 3 1000
442744 443554 -2.390584 80.0 8 810
443554 444234 0.595368 80.0 24 680
444234 445504 -1.034516 80.0 25 1270
