380579 380919 1.445217 80.0 24 340
380919 381459 -1.063993 80.0 7 540
381459 386159 2.135023 80.0 10 4700
386159 386769 -0.87957 80.0 7 610
386769 395119 1.549099 80.0 0 8350
395119 395689 -0.434237 80.0 7 570
395689 396869 2.190528 80.0 19 1180
396869 397869 -1.618531 80.0 25 1000
397869 399019 0.359663 80.0 24 1150
399019 399609 -0.194424 80.0 7 590
399609 403099 1.548744 80.0 14 3490
403099 405619 7.944045 80.0 4 2520
405619 405939 2.232644 80.0 16 320
405939 406539 -0.36544 80.0 1 600
406539 406879 -3.500838 80.0 17 340
406879 407709 -5.55853 80.0 3 830
407709 408199 -2.579984 80.0 8 490
408199 410569 1.789574 80.0 21 2370
410569 411909 5.618731 80.0 22 1340
411909 412749 -0.944876 80.0 20 840
412749 418289 2.72885 80.0 6 5540
418289 419479 6.668438 80.0 12 1190
419479 420829 2.500216 80.0 2 1350
420829 421369 5.117698 80.0 22 540
421369 422639 2.435181 80.0 2 1270
422639 428609 7.145354 80.0 15 5970
428609 429039 1.318652 80.0 18 430
429039 429939 -4.039624 80.0 17 900
429939 434079 -7.539057 80.0 11 4140
434079 434309 -2.481752 80.0 8 230
434309 434819 2.55081 80.0 19 510
434819 435049 -2.372034 80.0 17 230
435049 435629 -6.731145 80.0 3 580
435629 435889 -3.475746 80.0 29 260
435889 438259 -0.499075 80.0 9 2370
438259 438669 2.175582 80.0 26 410
438669 439679 6.130299 80.0 22 1010
439679 440209 -0.24533 80.0 18 530
440209 440859 -6.041256 80.0 3 650
440859 441849 -2.342034 80.0 13 990
441849 442769 -5.638557 80.0 3 920
442769 443279 -3.509681 80.0 29 510
443279 443659 -0.881874 80.0 28 380
443659 444249 0.508943 80.0 24 590
444249 445509 -1.022029 80.0 25 1260
