380496 380886 1.67083 80.0 19 390
380886 381406 -2.021278 80.0 7 520
381406 386096 1.143907 80.0 10 4690
386096 386736 -0.950246 80.0 7 640
386736 395096 1.55494 80.0 0 8360
395096 395666 -0.501498 80.0 7 570
395666 396806 2.128778 80.0 19 1140
396806 397786 -1.713159 80.0 25 980
397786 398936 0.361522 80.0 24 1150
398936 399576 -0.206146 80.0 7 640
399576 403096 1.504904 80.0 14 3520
403096 405556 8.086529 80.0 4 2460
405556 405856 2.43282 80.0 16 300
405856 406516 -0.30425 80.0 1 660
406516 406796 -3.479255 80.0 17 280
406796 407706 -5.556504 80.0 3 910
407706 408126 -2.606103 80.0 8 420
408126 410576 1.824025 80.0 21 2450
410576 411876 5.766305 80.0 22 1300
411876 412736 -1.0768 80.0 20 860
412736 418266 2.737634 80.0 6 5530
418266 419436 6.822356 80.0 12 1170
419436 422666 2.831772 80.0 23 3230
422666 428586 7.180031 80.0 15 5920
428586 428986 1.389567 80.0 18 400
428986 429816 -4.06302 80.0 17 830
429816 434066 -7.522529 80.0 11 4250
434066 434266 -2.387803 80.0 8 200
434266 434786 3.024219 80.0 19 520
434786 434986 -2.40412 80.0 17 200
434986 435596 -6.902017 80.0 3 610
435596 435826 -3.46432 80.0 29 230
435826 438256 -0.481391 80.0 9 2430
438256 438636 2.330888 80.0 26 380
438636 439646 6.276966 80.0 22 1010
439646 440136 -0.04088 80.0 18 490
440136 440846 -6.021915 80.0 3 710
440846 441766 -2.010541 80.0 13 920
441766 442756 -5.605205 80.0 3 990
442756 443586 -2.382685 80.0 8 830
443586 444246 0.559277 80.0 24 660
444246 445506 -1.03835 80.0 25 1260
