380680 380960 1.061511 80.0 24 280
380960 381500 -0.794362 80.0 7 540
381500 386220 1.806629 80.0 10 4720
386220 386820 -0.747059 80.0 7 600
386820 395180 1.538293 80.0 0 8360
395180 395700 -0.381688 80.0 7 520
395700 396920 1.998488 80.0 19 1220
396920 397970 -1.480458 80.0 25 1050
397970 399090 0.361749 80.0 24 1120
399090 399620 -0.173428 80.0 7 530
399620 403100 1.500572 80.0 14 3480
403100 405700 7.757673 80.0 4 2600
405700 406040 2.030677 80.0 16 340
406040 406570 -0.469545 80.0 1 530
406570 406970 -3.49541 80.0 17 400
406970 407720 -5.542917 80.0 3 750
407720 408270 -2.603999 80.0 8 550
408270 410510 1.678751 80.0 21 2240
410510 411940 5.410258 80.0 22 1430
411940 412840 -0.648001 80.0 20 900
412840 418310 3.159966 80.0 6 5470
418310 419550 6.669257 80.0 12 1240
419550 420730 2.328235 80.0 2 1180
420730 421470 4.759871 80.0 22 740
421470 422600 2.308381 80.0 2 1130
422600 428670 7.120381 80.0 15 6070
428670 429120 0.931688 80.0 18 450
429120 429970 -4.081172 80.0 17 850
429970 434090 -7.532328 80.0 11 4120
434090 434360 -2.653561 80.0 8 270
434360 434860 1.95363 80.0 19 500
434860 435130 -2.414121 80.0 17 270
435130 435670 -6.503026 80.0 3 540
435670 435960 -3.506026 80.0 29 290
435960 438260 -0.523568 80.0 9 2300
438260 438690 1.937061 80.0 26 430
438690 439730 5.901563 80.0 22 1040
439730 440290 -0.367116 80.0 18 560
440290 440890 -5.937031 80.0 3 600
440890 441930 -2.605635 80.0 13 1040
441930 442790 -5.644856 80.0 3 860
442790 443340 -3.554368 80.0 29 550
443340 443750 -0.80358 80.0 28 410
443750 444270 0.44377 80.0 24 520
444270 445510 -1.017532 80.0 25 1240
