380641 380951 1.202579 80.0 24 310
380951 381491 -0.895334 80.0 7 540
381491 386201 1.932858 80.0 10 4710
386201 386811 -0.791963 80.0 7 610
386811 395171 1.541737 80.0 0 8360
395171 395711 -0.402221 80.0 7 540
395711 396891 2.112608 80.0 19 1180
396891 397931 -1.519434 80.0 25 1040
397931 399071 0.358879 80.0 24 1140
399071 399601 -0.190043 80.0 7 530
399601 403071 1.489206 80.0 14 3470
403071 405691 7.755002 80.0 4 2620
405691 406001 1.987432 80.0 16 310
406001 406571 -0.458929 80.0 1 570
406571 406931 -3.522202 80.0 17 360
406931 407721 -5.542282 80.0 3 790
407721 408241 -2.590505 80.0 8 520
408241 410501 1.683366 80.0 21 2260
410501 411941 5.444336 80.0 22 1440
411941 412811 -0.816931 80.0 20 870
412811 418281 2.741144 80.0 6 5470
418281 419541 6.438259 80.0 12 1260
419541 420681 2.231365 80.0 2 1140
420681 421461 4.753926 80.0 22 780
421461 422581 2.260621 80.0 2 1120
422581 428661 7.124578 80.0 15 6080
428661 429101 0.901252 80.0 18 440
429101 429961 -4.095665 80.0 17 860
429961 434091 -7.533781 80.0 11 4130
434091 434351 -2.45354 80.0 8 260
434351 434851 2.197022 80.0 19 500
434851 435111 -2.567585 80.0 17 260
435111 435661 -6.605907 80.0 3 550
435661 435941 -3.426112 80.0 29 280
435941 438261 -0.510004 80.0 9 2320
438261 438661 1.908928 80.0 26 400
438661 439721 5.926492 80.0 22 1060
439721 440261 -0.468817 80.0 18 540
440261 440881 -6.004812 80.0 3 620
440881 441891 -2.479629 80.0 13 1010
441891 442791 -5.633746 80.0 3 900
442791 443321 -3.507288 80.0 29 530
443321 443721 -0.807606 80.0 28 400
443721 444261 0.476232 80.0 24 540
444261 445511 -1.019332 80.0 25 1250
