380470 380870 1.754261 80.0 19 400
380870 381390 -2.108559 80.0 25 520
381390 386080 1.149967 80.0 10 4690
386080 386730 -0.968604 80.0 7 650
386730 395090 1.557487 80.0 0 8360
395090 395670 -0.513842 80.0 7 580
395670 396790 2.19183 80.0 19 1120
396790 397740 -1.78117 80.0 25 950
397740 398910 0.356074 80.0 24 1170
398910 399570 -0.207268 80.0 7 660
399570 403110 1.530247 80.0 14 3540
403110 405520 8.170472 80.0 4 2410
405520 405830 2.643169 80.0 16 310
405830 406510 -0.28959 80.0 1 680
406510 406780 -3.53135 80.0 17 270
406780 407700 -5.56712 80.0 3 920
407700 408110 -2.599492 80.0 8 410
408110 410790 2.100942 80.0 21 2680
410790 411850 5.961064 80.0 22 1060
411850 412730 -1.004821 80.0 20 880
412730 418270 2.746772 80.0 6 5540
418270 419400 6.917883 80.0 12 1130
419400 422690 2.862434 80.0 23 3290
422690 428550 7.210316 80.0 15 5860
428550 428960 1.738928 80.0 18 410
428960 429810 -4.039969 80.0 17 850
429810 434060 -7.586884 80.0 11 4250
434060 434260 -2.311988 80.0 8 200
434260 434780 3.172973 80.0 19 520
434780 434970 -2.512091 80.0 17 190
434970 435590 -6.937555 80.0 3 620
435590 435820 -3.361231 80.0 29 230
435820 438260 -0.463271 80.0 9 2440
438260 438650 2.594541 80.0 26 390
438650 439630 6.351642 80.0 22 980
439630 440110 0.117554 80.0 18 480
440110 440830 -6.021417 80.0 3 720
440830 441750 -1.968297 80.0 13 920
441750 442750 -5.597507 80.0 3 1000
442750 443560 -2.401181 80.0 8 810
443560 444240 0.572034 80.0 24 680
444240 445510 -1.032486 80.0 25 1270
