380566 380906 1.495322 80.0 24 340
380906 381446 -1.091059 80.0 7 540
381446 386146 2.18027 80.0 10 4700
386146 386776 -0.865795 80.0 7 630
386776 395116 1.551868 80.0 0 8340
395116 395696 -0.4322 80.0 7 580
395696 396846 2.261108 80.0 19 1150
396846 397856 -1.608802 80.0 25 1010
397856 399006 0.359914 80.0 24 1150
399006 399606 -0.195215 80.0 7 600
399606 403126 1.582559 80.0 14 3520
403126 405576 8.044706 80.0 4 2450
405576 405926 2.475413 80.0 16 350
405926 406536 -0.366976 80.0 1 610
406536 406876 -3.563976 80.0 17 340
406876 407706 -5.561146 80.0 3 830
407706 408176 -2.637272 80.0 8 470
408176 410656 1.892859 80.0 21 2480
410656 411886 5.711079 80.0 22 1230
411886 412736 -0.867482 80.0 20 850
412736 418316 2.737003 80.0 6 5580
418316 419436 6.80762 80.0 12 1120
419436 422716 2.890091 80.0 23 3280
422716 428576 7.192663 80.0 15 5860
428576 429036 1.478601 80.0 18 460
429036 429946 -4.061529 80.0 17 910
429946 434076 -7.546494 80.0 11 4130
434076 434306 -2.429896 80.0 8 230
434306 434826 2.57538 80.0 19 520
434826 435046 -2.600575 80.0 17 220
435046 435626 -6.76828 80.0 3 580
435626 435876 -3.474064 80.0 29 250
435876 438256 -0.49985 80.0 9 2380
438256 438696 2.391573 80.0 26 440
438696 439646 6.244471 80.0 22 950
439646 440196 0.021602 80.0 18 550
440196 440856 -6.037253 80.0 3 660
440856 441826 -2.274415 80.0 13 970
441826 442766 -5.629082 80.0 3 940
442766 443286 -3.450055 80.0 29 520
443286 443646 -0.845063 80.0 28 360
443646 444246 0.518297 80.0 24 600
444246 445506 -1.023791 80.0 25 1260
