380677 380957 1.079302 80.0 24 280
380957 381507 -0.785597 80.0 7 550
381507 386217 1.78627 80.0 10 4710
386217 386827 -0.737371 80.0 7 610
386827 395187 1.538405 80.0 0 8360
395187 395697 -0.38946 80.0 7 510
395697 396917 1.999972 80.0 19 1220
396917 397967 -1.481064 80.0 25 1050
397967 399097 0.358918 80.0 24 1130
399097 399617 -0.178672 80.0 7 520
399617 403077 1.484397 80.0 14 3460
403077 405717 7.701031 80.0 4 2640
405717 406037 1.928451 80.0 16 320
406037 406577 -0.489682 80.0 1 540
406577 406967 -3.520592 80.0 17 390
406967 407717 -5.544542 80.0 3 750
407717 408267 -2.622802 80.0 8 550
408267 410507 1.67547 80.0 21 2240
410507 411957 5.397557 80.0 22 1450
411957 412837 -0.75217 80.0 20 880
412837 418297 2.750189 80.0 6 5460
418297 419567 6.611112 80.0 12 1270
419567 420657 2.191436 80.0 2 1090
420657 421467 4.694539 80.0 22 810
421467 422577 2.277931 80.0 2 1110
422577 428677 7.10632 80.0 15 6100
428677 429117 0.894566 80.0 18 440
429117 429967 -4.07462 80.0 17 850
429967 434097 -7.528006 80.0 11 4130
434097 434357 -2.606791 80.0 8 260
434357 434857 1.974193 80.0 19 500
434857 435127 -2.372617 80.0 17 270
435127 435667 -6.5148 80.0 3 540
435667 435967 -3.477839 80.0 29 300
435967 438257 -0.519306 80.0 9 2290
438257 438677 1.868091 80.0 26 420
438677 439727 5.891591 80.0 22 1050
439727 440287 -0.33625 80.0 18 560
440287 440887 -5.947165 80.0 3 600
440887 441927 -2.604576 80.0 13 1040
441927 442797 -5.639436 80.0 3 870
442797 443337 -3.541775 80.0 29 540
443337 443747 -0.813753 80.0 28 410
443747 444277 0.440526 80.0 24 530
444277 445507 -1.024609 80.0 25 1230
