380681 380961 1.064657 80.0 24 280
380961 381511 -0.777534 80.0 7 550
381511 386221 1.817626 80.0 10 4710
386221 386821 -0.746038 80.0 7 600
386821 395181 1.538205 80.0 0 8360
395181 395701 -0.380354 80.0 7 520
395701 396921 1.997123 80.0 19 1220
396921 397971 -1.480018 80.0 25 1050
397971 399091 0.361811 80.0 24 1120
399091 399621 -0.173073 80.0 7 530
399621 403081 1.485565 80.0 14 3460
403081 405711 7.714216 80.0 4 2630
405711 406041 1.979626 80.0 16 330
406041 406571 -0.468036 80.0 1 530
406571 406971 -3.491176 80.0 17 400
406971 407721 -5.543202 80.0 3 750
407721 408271 -2.607028 80.0 8 550
408271 410491 1.658256 80.0 21 2220
410491 411961 5.368119 80.0 22 1470
411961 412841 -0.750779 80.0 20 880
412841 418301 2.751644 80.0 6 5460
418301 419561 6.624906 80.0 12 1260
419561 420641 2.178694 80.0 2 1080
420641 421481 4.658673 80.0 22 840
421481 422581 2.266149 80.0 2 1100
422581 428681 7.103472 80.0 15 6100
428681 429121 0.869742 80.0 18 440
429121 429961 -4.071214 80.0 17 840
429961 434091 -7.526348 80.0 11 4130
434091 434361 -2.64339 80.0 8 270
434361 434861 1.946199 80.0 19 500
434861 435131 -2.410162 80.0 17 270
435131 435671 -6.501942 80.0 3 540
435671 435961 -3.503705 80.0 29 290
435961 438261 -0.524131 80.0 9 2300
438261 438681 1.889345 80.0 26 420
438681 439731 5.881083 80.0 22 1050
439731 440291 -0.365246 80.0 18 560
440291 440881 -5.953832 80.0 3 590
440881 441931 -2.629289 80.0 13 1050
441931 442791 -5.644637 80.0 3 860
442791 443341 -3.55219 80.0 29 550
443341 443751 -0.802139 80.0 28 410
443751 444271 0.444102 80.0 24 520
444271 445511 -1.020025 80.0 25 1240
