380741 380991 0.792993 80.0 24 250
380991 381531 -0.612661 80.0 7 540
381531 386261 1.06996 80.0 10 4730
386261 386861 -0.645536 80.0 7 600
386861 396951 1.748524 80.0 27 10090
396951 398031 -1.395274 80.0 25 1080
398031 403161 1.345818 80.0 6 5130
403161 405681 7.818983 80.0 4 2520
405681 407031 -0.644505 80.0 18 1350
407031 407721 -5.539145 80.0 3 690
407721 408311 -2.623021 80.0 8 590
408311 410641 1.79923 80.0 21 2330
410641 411921 5.456265 80.0 22 1280
411921 412901 -0.304434 80.0 20 980
412901 418381 2.790395 80.0 6 5480
418381 419531 6.728154 80.0 12 1150
419531 420891 2.625962 80.0 2 1360
420891 421401 4.881409 80.0 22 510
421401 422701 2.61139 80.0 2 1300
422701 428641 7.165628 80.0 15 5940
428641 429161 1.177845 80.0 18 520
429161 429971 -4.066254 80.0 17 810
429971 434111 -7.506366 80.0 11 4140
434111 435181 -0.643488 80.0 13 1070
435181 435691 -6.335454 80.0 3 510
435691 436011 -3.480849 80.0 29 320
436011 438261 -0.532145 80.0 9 2250
438261 438781 2.19956 80.0 26 520
438781 439701 5.982656 80.0 22 920
439701 440341 -0.165348 80.0 18 640
440341 440891 -5.935019 80.0 3 550
440891 441971 -2.777316 80.0 13 1080
441971 442811 -5.622293 80.0 3 840
442811 443361 -3.576729 80.0 29 550
443361 443781 -0.840434 80.0 28 420
443781 444351 0.547707 80.0 24 570
444351 445511 -0.859742 80.0 25 1160
