380607 380927 1.36718 80.0 24 320
380927 381467 -0.991547 80.0 7 540
381467 386177 1.780029 80.0 10 4710
386177 386797 -0.82726 80.0 7 620
386797 395137 1.548472 80.0 0 8340
395137 395697 -0.417923 80.0 7 560
395697 396877 2.156221 80.0 19 1180
396877 397897 -1.570869 80.0 25 1020
397897 399037 0.361402 80.0 24 1140
399037 399617 -0.187923 80.0 7 580
399617 403067 1.511626 80.0 14 3450
403067 405667 7.808807 80.0 4 2600
405667 405967 2.011961 80.0 16 300
405967 406547 -0.389442 80.0 1 580
406547 406897 -3.461131 80.0 17 350
406897 407717 -5.545191 80.0 3 820
407717 408207 -2.632368 80.0 8 490
408207 410477 1.66889 80.0 21 2270
410477 411947 5.462135 80.0 22 1470
411947 412777 -1.031671 80.0 20 830
412777 418267 2.729521 80.0 6 5490
418267 419517 6.51412 80.0 12 1250
419517 420667 2.228449 80.0 2 1150
420667 421437 4.799462 80.0 22 770
421437 422567 2.24433 80.0 2 1130
422567 428657 7.083652 80.0 15 6090
428657 429077 0.874843 80.0 18 420
429077 429957 -4.095765 80.0 17 880
429957 434087 -7.540747 80.0 11 4130
434087 434317 -2.585722 80.0 8 230
434317 434837 2.337434 80.0 19 520
434837 435067 -2.382924 80.0 17 230
435067 435637 -6.670374 80.0 3 570
435637 435917 -3.47211 80.0 29 280
435917 438257 -0.502967 80.0 9 2340
438257 438637 1.887032 80.0 26 380
438637 439717 5.958589 80.0 22 1080
439717 440237 -0.5578 80.0 18 520
440237 440867 -6.042405 80.0 3 630
440867 441867 -2.408546 80.0 13 1000
441867 442777 -5.639447 80.0 3 910
442777 443297 -3.524153 80.0 29 520
443297 443697 -0.832305 80.0 28 400
443697 444257 0.50245 80.0 24 560
444257 445507 -1.022131 80.0 25 1250
