380683 380963 1.04613 80.0 24 280
380963 381503 -0.780347 80.0 7 540
381503 386223 1.781882 80.0 10 4720
386223 386833 -0.727039 80.0 7 610
386833 395183 1.539641 80.0 0 8350
395183 395703 -0.373881 80.0 7 520
395703 396923 1.991371 80.0 19 1220
396923 397973 -1.476061 80.0 25 1050
397973 399093 0.361686 80.0 24 1120
399093 399613 -0.176183 80.0 7 520
399613 403083 1.482869 80.0 14 3470
403083 405713 7.712059 80.0 4 2630
405713 406043 1.977828 80.0 16 330
406043 406583 -0.5051 80.0 1 540
406583 406973 -3.533029 80.0 17 390
406973 407723 -5.542045 80.0 3 750
407723 408273 -2.594146 80.0 8 550
408273 410513 1.679093 80.0 21 2240
410513 411953 5.396649 80.0 22 1440
411953 412843 -0.699661 80.0 20 890
412843 418303 3.14324 80.0 6 5460
418303 419553 6.641665 80.0 12 1250
419553 420733 2.329931 80.0 2 1180
420733 421463 4.764523 80.0 22 730
421463 422603 2.32735 80.0 2 1140
422603 428673 7.118903 80.0 15 6070
428673 429113 0.989148 80.0 18 440
429113 429963 -4.048344 80.0 17 850
429963 434093 -7.526367 80.0 11 4130
434093 434373 -2.519193 80.0 8 280
434373 434873 1.932011 80.0 19 500
434873 435143 -2.619319 80.0 17 270
435143 435663 -6.547661 80.0 3 520
435663 435973 -3.496192 80.0 29 310
435973 438263 -0.518048 80.0 9 2290
438263 438693 1.949258 80.0 26 430
438693 439733 5.895443 80.0 22 1040
439733 440293 -0.37894 80.0 18 560
440293 440893 -5.936143 80.0 3 600
440893 441933 -2.608723 80.0 13 1040
441933 442793 -5.64279 80.0 3 860
442793 443343 -3.547089 80.0 29 550
443343 443763 -0.780788 80.0 28 420
443763 444263 0.457047 80.0 24 500
444263 445503 -1.01851 80.0 25 1240
