380676 380956 1.096989 80.0 24 280
380956 381506 -0.792132 80.0 7 550
381506 386216 1.60625 80.0 10 4710
386216 386826 -0.742632 80.0 7 610
386826 395186 1.538656 80.0 0 8360
395186 395696 -0.391393 80.0 7 510
395696 396916 2.003002 80.0 19 1220
396916 397966 -1.483969 80.0 25 1050
397966 399096 0.35896 80.0 24 1130
399096 399616 -0.178795 80.0 7 520
399616 403076 1.482986 80.0 14 3460
403076 405716 7.70294 80.0 4 2640
405716 406036 1.929234 80.0 16 320
406036 406576 -0.482834 80.0 1 540
406576 406966 -3.514216 80.0 17 390
406966 407726 -5.538465 80.0 3 760
407726 408266 -2.588968 80.0 8 540
408266 410496 1.662792 80.0 21 2230
410496 411956 5.38798 80.0 22 1460
411956 412836 -0.750121 80.0 20 880
412836 418296 2.748228 80.0 6 5460
418296 419566 6.615916 80.0 12 1270
419566 420626 2.142355 80.0 2 1060
420626 421476 4.653414 80.0 22 850
421476 422576 2.262926 80.0 2 1100
422576 428686 7.098636 80.0 15 6110
428686 429116 0.841824 80.0 18 430
429116 429966 -4.073748 80.0 17 850
429966 434096 -7.527873 80.0 11 4130
434096 434356 -2.610138 80.0 8 260
434356 434856 1.975848 80.0 19 500
434856 435126 -2.370327 80.0 17 270
435126 435666 -6.515735 80.0 3 540
435666 435966 -3.479049 80.0 29 300
435966 438256 -0.519925 80.0 9 2290
438256 438676 1.85035 80.0 26 420
438676 439736 5.877478 80.0 22 1060
439736 440286 -0.395689 80.0 18 550
440286 440886 -5.945638 80.0 3 600
440886 441926 -2.60333 80.0 13 1040
441926 442796 -5.638953 80.0 3 870
442796 443336 -3.542709 80.0 29 540
443336 443746 -0.813628 80.0 28 410
443746 444276 0.441562 80.0 24 530
444276 445506 -1.027407 80.0 25 1230
