380714 380974 0.915308 80.0 24 260
380974 381524 -0.674836 80.0 7 550
381524 386244 1.301607 80.0 10 4720
386244 386844 -0.686988 80.0 7 600
386844 396934 1.490147 80.0 27 10090
396934 397504 -1.813316 80.0 25 570
397504 398004 -0.985194 80.0 28 500
398004 403174 1.123053 80.0 6 5170
403174 405664 7.879755 80.0 4 2490
405664 406074 2.334392 80.0 16 410
406074 406594 -0.557355 80.0 1 520
406594 407004 -3.553593 80.0 17 410
407004 407724 -5.537539 80.0 3 720
407724 408294 -2.59827 80.0 8 570
408294 410664 1.83645 80.0 21 2370
410664 411904 5.519772 80.0 22 1240
411904 412874 -0.315816 80.0 20 970
412874 418384 2.783598 80.0 6 5510
418384 419514 6.820988 80.0 12 1130
419514 422714 2.988815 80.0 23 3200
422714 428624 7.185546 80.0 15 5910
428624 429144 1.262772 80.0 18 520
429144 429974 -4.074958 80.0 17 830
429974 434104 -7.518783 80.0 11 4130
434104 435164 -0.543563 80.0 13 1060
435164 435674 -6.4425 80.0 3 510
435674 435994 -3.507007 80.0 29 320
435994 438254 -0.52791 80.0 9 2260
438254 438764 2.164721 80.0 26 510
438764 439694 6.01948 80.0 22 930
439694 440334 -0.213881 80.0 18 640
440334 440884 -5.975345 80.0 3 550
440884 441964 -2.745859 80.0 13 1080
441964 442794 -5.645687 80.0 3 830
442794 443354 -3.583352 80.0 29 560
443354 445504 -0.646017 80.0 9 2150
