380627 380927 1.322491 80.0 24 300
380927 381477 -0.913542 80.0 7 550
381477 386187 1.985283 80.0 10 4710
386187 386797 -0.809837 80.0 7 610
386797 395157 1.542888 80.0 0 8360
395157 395697 -0.412734 80.0 7 540
395697 396887 2.110522 80.0 19 1190
396887 397917 -1.541946 80.0 25 1030
397917 399057 0.360062 80.0 24 1140
399057 399607 -0.189765 80.0 7 550
399607 403087 1.512033 80.0 14 3480
403087 405657 7.837308 80.0 4 2570
405657 405987 2.140527 80.0 16 330
405987 406557 -0.421614 80.0 1 570
406557 406917 -3.485543 80.0 17 360
406917 407727 -5.53757 80.0 3 810
407727 408227 -2.564568 80.0 8 500
408227 410517 1.703761 80.0 21 2290
410517 411927 5.497308 80.0 22 1410
411927 412797 -0.816222 80.0 20 870
412797 418297 2.741235 80.0 6 5500
418297 419507 6.562497 80.0 12 1210
419507 420757 2.380523 80.0 2 1250
420757 421427 4.890371 80.0 22 670
421427 422607 2.339478 80.0 2 1180
422607 428637 7.153056 80.0 15 6030
428637 429077 1.137287 80.0 18 440
429077 429957 -4.062287 80.0 17 880
429957 434087 -7.536851 80.0 11 4130
434087 434337 -2.505268 80.0 8 250
434337 434847 2.244903 80.0 19 510
434847 435087 -2.467408 80.0 17 240
435087 435647 -6.627326 80.0 3 560
435647 435927 -3.478547 80.0 29 280
435927 438257 -0.510419 80.0 9 2330
438257 438667 1.975533 80.0 26 410
438667 439707 5.995431 80.0 22 1040
439707 440247 -0.379122 80.0 18 540
440247 440867 -6.027921 80.0 3 620
440867 441887 -2.489269 80.0 13 1020
441887 442777 -5.645057 80.0 3 890
442777 443307 -3.544481 80.0 29 530
443307 443717 -0.811114 80.0 28 410
443717 444257 0.4953 80.0 24 540
444257 445507 -1.021395 80.0 25 1250
