380525 380885 1.640256 80.0 19 360
380885 381425 -1.698628 80.0 7 540
381425 386115 1.44471 80.0 10 4690
386115 386755 -0.909105 80.0 7 640
386755 395095 1.555772 80.0 0 8340
395095 395675 -0.467717 80.0 7 580
395675 396835 2.299623 80.0 19 1160
396835 397815 -1.683975 80.0 25 980
397815 398965 0.360793 80.0 24 1150
398965 399585 -0.202692 80.0 7 620
399585 403115 1.588304 80.0 14 3530
403115 405565 8.075618 80.0 4 2450
405565 405885 2.452115 80.0 16 320
405885 406515 -0.30675 80.0 1 630
406515 406825 -3.4458 80.0 17 310
406825 407705 -5.556069 80.0 3 880
407705 408145 -2.638854 80.0 8 440
408145 410635 1.884247 80.0 21 2490
410635 411875 5.7623 80.0 22 1240
411875 412735 -0.954837 80.0 20 860
412735 418295 2.739877 80.0 6 5560
418295 419425 6.848714 80.0 12 1130
419425 422695 2.868298 80.0 23 3270
422695 428565 7.194798 80.0 15 5870
428565 429005 1.576625 80.0 18 440
429005 429935 -4.044465 80.0 17 930
429935 434065 -7.551971 80.0 11 4130
434065 434275 -2.542238 80.0 8 210
434275 434805 2.782001 80.0 19 530
434805 435015 -2.581148 80.0 17 210
435015 435605 -6.871532 80.0 3 590
435605 435845 -3.495542 80.0 29 240
435845 438255 -0.489909 80.0 9 2410
438255 438665 2.375562 80.0 26 410
438665 439635 6.284398 80.0 22 970
439635 440155 0.147765 80.0 18 520
440155 440845 -6.026843 80.0 3 690
440845 441795 -2.150384 80.0 13 950
441795 442755 -5.622161 80.0 3 960
442755 443615 -2.387598 80.0 8 860
443615 444245 0.545576 80.0 24 630
444245 445505 -1.032189 80.0 25 1260
