380772 381012 0.678949 80.0 24 240
381012 381552 -0.529363 80.0 7 540
381552 386282 1.061516 80.0 10 4730
386282 386872 -0.608289 80.0 7 590
386872 396962 1.74123 80.0 27 10090
396962 398062 -1.349742 80.0 25 1100
398062 403122 1.233301 80.0 6 5060
403122 405732 7.674692 80.0 4 2610
405732 407052 -0.776529 80.0 18 1320
407052 407732 -5.521868 80.0 3 680
407732 408342 -2.56203 80.0 8 610
408342 410542 1.677772 80.0 21 2200
410542 411952 5.315007 80.0 22 1410
411952 412282 1.767527 80.0 16 330
412282 412922 -1.415669 80.0 7 640
412922 418362 2.787309 80.0 6 5440
418362 419562 6.567819 80.0 12 1200
419562 420732 2.379227 80.0 2 1170
420732 421482 4.655777 80.0 22 750
421482 422652 2.452494 80.0 2 1170
422652 428672 7.12014 80.0 15 6020
428672 429192 0.976102 80.0 18 520
429192 429982 -4.08624 80.0 17 790
429982 434122 -7.499791 80.0 11 4140
434122 436032 -2.662231 80.0 9 1910
436032 438252 -0.543608 80.0 9 2220
438252 438762 1.985898 80.0 26 510
438762 439742 5.816712 80.0 22 980
439742 440372 -0.470992 80.0 18 630
440372 440902 -5.92842 80.0 3 530
440902 442002 -2.854574 80.0 13 1100
442002 442812 -5.625377 80.0 3 810
442812 443382 -3.594448 80.0 29 570
443382 443802 -0.834647 80.0 28 420
443802 444352 0.514167 80.0 24 550
444352 445512 -0.857512 80.0 25 1160
