380683 380953 1.09263 80.0 24 270
380953 381503 -0.766912 80.0 7 550
381503 386223 1.342017 80.0 10 4720
386223 386833 -0.727957 80.0 7 610
386833 395183 1.539673 80.0 0 8350
395183 395693 -0.382412 80.0 7 510
395693 396923 1.976415 80.0 19 1230
396923 397973 -1.477082 80.0 25 1050
397973 399103 0.358342 80.0 24 1130
399103 399613 -0.179096 80.0 7 510
399613 403063 1.46847 80.0 14 3450
403063 405723 7.668416 80.0 4 2660
405723 406043 1.927413 80.0 16 320
406043 406573 -0.473381 80.0 1 530
406573 406973 -3.488915 80.0 17 400
406973 407723 -5.541413 80.0 3 750
407723 408273 -2.602469 80.0 8 550
408273 410463 1.628259 80.0 21 2190
410463 411953 5.34409 80.0 22 1490
411953 412843 -0.696065 80.0 20 890
412843 418293 2.749874 80.0 6 5450
418293 419573 6.576163 80.0 12 1280
419573 420613 2.11682 80.0 2 1040
420613 421493 4.617664 80.0 22 880
421493 422583 2.255512 80.0 2 1090
422583 428683 7.102821 80.0 15 6100
428683 429123 0.867771 80.0 18 440
429123 429963 -4.071103 80.0 17 840
429963 434103 -7.520385 80.0 11 4140
434103 434373 -2.441251 80.0 8 270
434373 434873 1.933502 80.0 19 500
434873 435133 -2.514543 80.0 17 260
435133 435673 -6.490871 80.0 3 540
435673 435973 -3.452218 80.0 29 300
435973 438253 -0.52041 80.0 9 2280
438253 438673 1.802307 80.0 26 420
438673 439743 5.839011 80.0 22 1070
439743 440303 -0.526039 80.0 18 560
440303 440883 -5.968983 80.0 3 580
440883 441933 -2.632082 80.0 13 1050
441933 442793 -5.643187 80.0 3 860
442793 443343 -3.550504 80.0 29 550
443343 443763 -0.782807 80.0 28 420
443763 444273 0.451041 80.0 24 510
444273 445503 -1.028321 80.0 25 1230
