380678 380958 1.078781 80.0 24 280
380958 381508 -0.780508 80.0 7 550
381508 386218 1.801726 80.0 10 4710
386218 386828 -0.734056 80.0 7 610
386828 395188 1.53827 80.0 0 8360
395188 395698 -0.388502 80.0 7 510
395698 396918 1.998431 80.0 19 1220
396918 397968 -1.480165 80.0 25 1050
397968 399098 0.358814 80.0 24 1130
399098 399618 -0.177775 80.0 7 520
399618 403078 1.484082 80.0 14 3460
403078 405718 7.699994 80.0 4 2640
405718 406038 1.938626 80.0 16 320
406038 406578 -0.489742 80.0 1 540
406578 406968 -3.517887 80.0 17 390
406968 407718 -5.543094 80.0 3 750
407718 408268 -2.621647 80.0 8 550
408268 410508 1.672681 80.0 21 2240
410508 411958 5.395182 80.0 22 1450
411958 412838 -0.748947 80.0 20 880
412838 418298 2.749619 80.0 6 5460
418298 419568 6.60849 80.0 12 1270
419568 420658 2.190743 80.0 2 1090
420658 421468 4.691722 80.0 22 810
421468 422578 2.280721 80.0 2 1110
422578 428668 7.109116 80.0 15 6090
428668 429118 0.960099 80.0 18 450
429118 429968 -4.072442 80.0 17 850
429968 434098 -7.527496 80.0 11 4130
434098 434358 -2.59804 80.0 8 260
434358 434858 1.963572 80.0 19 500
434858 435128 -2.372822 80.0 17 270
435128 435668 -6.509465 80.0 3 540
435668 435968 -3.477756 80.0 29 300
435968 438258 -0.519803 80.0 9 2290
438258 438678 1.868457 80.0 26 420
438678 439728 5.888597 80.0 22 1050
439728 440298 -0.412357 80.0 18 570
440298 440888 -5.957808 80.0 3 590
440888 441928 -2.606589 80.0 13 1040
441928 442798 -5.637058 80.0 3 870
442798 443338 -3.538162 80.0 29 540
443338 443748 -0.812902 80.0 28 410
443748 444268 0.444163 80.0 24 520
444268 445508 -1.017978 80.0 25 1240
