380784 381024 0.637286 80.0 24 240
381024 381554 -0.515647 80.0 7 530
381554 386294 1.056718 80.0 10 4740
386294 386874 -0.603327 80.0 7 580
386874 396974 1.737496 80.0 27 10100
396974 398074 -1.343408 80.0 25 1100
398074 403124 1.084138 80.0 6 5050
403124 405764 7.627389 80.0 4 2640
405764 407054 -0.84381 80.0 18 1290
407054 407734 -5.516666 80.0 3 680
407734 408344 -2.603554 80.0 8 610
408344 410534 1.654726 80.0 21 2190
410534 411954 5.29842 80.0 22 1420
411954 412924 -0.299824 80.0 20 970
412924 418364 3.811356 80.0 6 5440
418364 419594 6.490492 80.0 12 1230
419594 420684 2.258189 80.0 2 1090
420684 421504 4.596924 80.0 22 820
421504 422644 2.423528 80.0 2 1140
422644 428694 7.169143 80.0 15 6050
428694 429194 0.916308 80.0 18 500
429194 429974 -4.052432 80.0 17 780
429974 434124 -7.491825 80.0 11 4150
434124 436044 -2.670609 80.0 9 1920
436044 438254 -0.544854 80.0 9 2210
438254 438744 1.867804 80.0 26 490
438744 439744 5.764786 80.0 22 1000
439744 440384 -0.467937 80.0 18 640
440384 440894 -5.951748 80.0 3 510
440894 442014 -2.907737 80.0 13 1120
442014 442824 -5.620594 80.0 3 810
442824 443394 -3.568787 80.0 29 570
443394 443814 -0.819466 80.0 28 420
443814 444354 0.510106 80.0 24 540
444354 445504 -0.865697 80.0 25 1150
