380686 380956 1.030176 80.0 24 270
380956 381496 -0.757864 80.0 7 540
381496 386226 1.327526 80.0 10 4730
386226 386826 -0.727462 80.0 7 600
386826 395186 1.53723 80.0 0 8360
395186 395696 -0.375735 80.0 7 510
395696 396916 1.984115 80.0 19 1220
396916 397976 -1.456989 80.0 25 1060
397976 403216 1.159628 80.0 6 5240
403216 405606 8.0247 80.0 4 2390
405606 406046 2.585893 80.0 16 440
406046 406576 -0.506871 80.0 1 530
406576 406976 -3.517467 80.0 17 400
406976 407726 -5.533583 80.0 3 750
407726 408276 -2.552723 80.0 8 550
408276 410976 2.213749 80.0 21 2700
410976 411876 5.779896 80.0 22 900
411876 412846 -0.28066 80.0 20 970
412846 418406 2.787789 80.0 6 5560
418406 419466 7.008647 80.0 12 1060
419466 422796 3.052677 80.0 23 3330
422796 428566 7.248682 80.0 15 5770
428566 429126 1.585028 80.0 18 560
429126 429956 -4.071967 80.0 17 830
429956 434096 -7.51847 80.0 11 4140
434096 434366 -2.5209 80.0 8 270
434366 434866 1.877056 80.0 19 500
434866 435136 -2.486745 80.0 17 270
435136 435666 -6.487674 80.0 3 530
435666 435976 -3.465314 80.0 29 310
435976 438256 -0.51899 80.0 9 2280
438256 438816 2.526529 80.0 26 560
438816 439646 6.215586 80.0 22 830
439646 440296 0.240422 80.0 18 650
440296 440886 -5.94205 80.0 3 590
440886 441936 -2.644785 80.0 13 1050
441936 442796 -5.637901 80.0 3 860
442796 443336 -3.552953 80.0 29 540
443336 443756 -0.810928 80.0 28 420
443756 444256 0.449957 80.0 24 500
444256 445506 -1.007652 80.0 25 1250
