380742 380992 0.801224 80.0 24 250
380992 381532 -0.616677 80.0 7 540
381532 386262 1.070311 80.0 10 4730
386262 386862 -0.648155 80.0 7 600
386862 396952 1.748692 80.0 27 10090
396952 398032 -1.396765 80.0 25 1080
398032 403122 1.4381 80.0 6 5090
403122 405722 7.711687 80.0 4 2600
405722 406102 2.084969 80.0 16 380
406102 406602 -0.592012 80.0 1 500
406602 407022 -3.521676 80.0 17 420
407022 407722 -5.533338 80.0 3 700
407722 408322 -2.588711 80.0 8 600
408322 410542 1.690173 80.0 21 2220
410542 411942 5.362648 80.0 22 1400
411942 412892 -0.403095 80.0 20 950
412892 418352 2.775725 80.0 6 5460
418352 419562 6.609465 80.0 12 1210
419562 420782 2.427816 80.0 2 1220
420782 421462 4.745399 80.0 22 680
421462 422642 2.438942 80.0 2 1180
422642 428672 7.122676 80.0 15 6030
428672 429172 0.942757 80.0 18 500
429172 429962 -4.075494 80.0 17 790
429962 434112 -7.500718 80.0 11 4150
434112 435182 -0.640517 80.0 13 1070
435182 435692 -6.342204 80.0 3 510
435692 436012 -3.49148 80.0 29 320
436012 438262 -0.533699 80.0 9 2250
438262 438742 2.012147 80.0 26 480
438742 439732 5.864841 80.0 22 990
439732 440342 -0.364974 80.0 18 610
440342 440902 -5.925049 80.0 3 560
440902 441972 -2.75685 80.0 13 1070
441972 442812 -5.623389 80.0 3 840
442812 443362 -3.583267 80.0 29 550
443362 443792 -0.826144 80.0 28 430
443792 444352 0.557416 80.0 24 560
444352 445512 -0.86033 80.0 25 1160
