380752 380992 0.784107 80.0 24 240
380992 381542 -0.581717 80.0 7 550
381542 386262 1.070293 80.0 10 4720
386262 386862 -0.634526 80.0 7 600
386862 396952 1.745254 80.0 27 10090
396952 398042 -1.378357 80.0 25 1090
398042 403132 1.318234 80.0 6 5090
403132 405722 7.718414 80.0 4 2590
405722 407022 -0.713688 80.0 18 1300
407022 407722 -5.52447 80.0 3 700
407722 408322 -2.628219 80.0 8 600
408322 410552 1.69057 80.0 21 2230
410552 411952 5.351436 80.0 22 1400
411952 412902 -0.409119 80.0 20 950
412902 418362 2.780673 80.0 6 5460
418362 419552 6.632002 80.0 12 1190
419552 420762 2.419386 80.0 2 1210
420762 421462 4.720758 80.0 22 700
421462 422652 2.460455 80.0 2 1190
422652 428672 7.125651 80.0 15 6020
428672 429172 1.00376 80.0 18 500
429172 429972 -4.065619 80.0 17 800
429972 434112 -7.505006 80.0 11 4140
434112 435182 -0.660275 80.0 13 1070
435182 435692 -6.30695 80.0 3 510
435692 436022 -3.5003 80.0 29 330
436022 438262 -0.533817 80.0 9 2240
438262 438742 1.979684 80.0 26 480
438742 439732 5.844807 80.0 22 990
439732 440352 -0.367419 80.0 18 620
440352 440902 -5.929448 80.0 3 550
440902 441982 -2.788054 80.0 13 1080
441982 442812 -5.625946 80.0 3 830
442812 443372 -3.582044 80.0 29 560
443372 443792 -0.829744 80.0 28 420
443792 444362 0.532489 80.0 24 570
444362 445512 -0.866922 80.0 25 1150
