380514 380884 1.673267 80.0 19 370
380884 381424 -1.847579 80.0 7 540
381424 386114 1.13927 80.0 10 4690
386114 386744 -0.940661 80.0 7 630
386744 395104 1.553136 80.0 0 8360
395104 395674 -0.485103 80.0 7 570
395674 396824 2.092445 80.0 19 1150
396824 397804 -1.702885 80.0 25 980
397804 398954 0.361115 80.0 24 1150
398954 399594 -0.199633 80.0 7 640
399594 403084 1.568231 80.0 14 3490
403084 405574 8.033861 80.0 4 2490
405574 405874 2.357862 80.0 16 300
405874 406524 -0.320323 80.0 1 650
406524 406814 -3.496317 80.0 17 290
406814 407704 -5.560938 80.0 3 890
407704 408144 -2.606043 80.0 8 440
408144 410564 1.805564 80.0 21 2420
410564 411884 5.725274 80.0 22 1320
411884 412734 -1.058174 80.0 20 850
412734 418264 2.731269 80.0 6 5530
418264 419454 6.758267 80.0 12 1190
419454 422634 2.810926 80.0 23 3180
422634 428594 7.162673 80.0 15 5960
428594 428994 1.381364 80.0 18 400
428994 429824 -4.055073 80.0 17 830
429824 434064 -7.524818 80.0 11 4240
434064 434284 -2.401592 80.0 8 220
434284 434794 2.955113 80.0 19 510
434794 435004 -2.421744 80.0 17 210
435004 435604 -6.873503 80.0 3 600
435604 435844 -3.45153 80.0 29 240
435844 438254 -0.483738 80.0 9 2410
438254 438644 2.28047 80.0 26 390
438644 439664 6.228585 80.0 22 1020
439664 440144 -0.107931 80.0 18 480
440144 440844 -6.022576 80.0 3 700
440844 441794 -2.133996 80.0 13 950
441794 442754 -5.622708 80.0 3 960
442754 443604 -2.397675 80.0 8 850
443604 444244 0.551444 80.0 24 640
444244 445504 -1.034166 80.0 25 1260
