380756 380996 0.761584 80.0 24 240
380996 381546 -0.566862 80.0 7 550
381546 386266 1.068606 80.0 10 4720
386266 386866 -0.625293 80.0 7 600
386866 396956 1.746158 80.0 27 10090
396956 398046 -1.37433 80.0 25 1090
398046 403146 1.329194 80.0 6 5100
403146 405716 7.741045 80.0 4 2570
405716 407036 -0.724153 80.0 18 1320
407036 407726 -5.527329 80.0 3 690
407726 408336 -2.56144 80.0 8 610
408336 410586 1.734817 80.0 21 2250
410586 411926 5.400043 80.0 22 1340
411926 412896 -0.278521 80.0 20 970
412896 418376 2.779738 80.0 6 5480
418376 419546 6.666279 80.0 12 1170
419546 420826 2.522274 80.0 2 1280
420826 421436 4.781997 80.0 22 610
421436 422666 2.524284 80.0 2 1230
422666 428656 7.137546 80.0 15 5990
428656 429186 1.033898 80.0 18 530
429186 429976 -4.096302 80.0 17 790
429976 434106 -7.510223 80.0 11 4130
434106 435196 -0.747681 80.0 13 1090
435196 435696 -6.316567 80.0 3 500
435696 436026 -3.482986 80.0 29 330
436026 438256 -0.536147 80.0 9 2230
438256 438776 2.094523 80.0 26 520
438776 439716 5.926536 80.0 22 940
439716 440356 -0.259037 80.0 18 640
440356 440896 -5.941533 80.0 3 540
440896 441986 -2.816667 80.0 13 1090
441986 442806 -5.630291 80.0 3 820
442806 443376 -3.594343 80.0 29 570
443376 443806 -0.800095 80.0 28 430
443806 444356 0.545626 80.0 24 550
444356 445506 -0.865668 80.0 25 1150
