380471 380871 1.752563 80.0 19 400
380871 381391 -2.019 80.0 7 520
381391 386081 1.46085 80.0 10 4690
386081 386731 -0.967528 80.0 7 650
386731 395091 1.557372 80.0 0 8360
395091 395661 -0.522616 80.0 7 570
395661 396791 2.17192 80.0 19 1130
396791 397761 -1.744394 80.0 25 970
397761 398911 0.362227 80.0 24 1150
398911 399561 -0.209966 80.0 7 650
399561 403101 1.516178 80.0 14 3540
403101 405531 8.144757 80.0 4 2430
405531 405831 2.558825 80.0 16 300
405831 406501 -0.264687 80.0 1 670
406501 406791 -3.534662 80.0 17 290
406791 407711 -5.56636 80.0 3 920
407711 408101 -2.600238 80.0 8 390
408101 410691 1.973918 80.0 21 2590
410691 411861 5.885752 80.0 22 1170
411861 412731 -1.0759 80.0 20 870
412731 418271 2.746985 80.0 6 5540
418271 419411 6.902515 80.0 12 1140
419411 422681 2.849036 80.0 23 3270
422681 428551 7.207219 80.0 15 5870
428551 428961 1.736034 80.0 18 410
428961 429811 -4.041487 80.0 17 850
429811 434051 -7.592058 80.0 11 4240
434051 434251 -2.571611 80.0 8 200
434251 434781 3.10015 80.0 19 530
434781 434981 -2.622051 80.0 17 200
434981 435591 -6.962361 80.0 3 610
435591 435821 -3.367949 80.0 29 230
435821 438241 -0.468226 80.0 9 2420
438241 438641 2.400958 80.0 26 400
438641 439631 6.338536 80.0 22 990
439631 440111 0.116985 80.0 18 480
440111 440831 -6.018422 80.0 3 720
440831 441761 -2.004493 80.0 13 930
441761 442751 -5.604678 80.0 3 990
442751 443571 -2.36991 80.0 8 820
443571 444231 0.589711 80.0 24 660
444231 445511 -1.025089 80.0 25 1280
