380470 380870 1.75357 80.0 19 400
380870 381390 -2.108453 80.0 25 520
381390 386080 1.149936 80.0 10 4690
386080 386730 -0.968422 80.0 7 650
386730 395090 1.55748 80.0 0 8360
395090 395670 -0.51373 80.0 7 580
395670 396790 2.191702 80.0 19 1120
396790 397740 -1.781071 80.0 25 950
397740 398910 0.35607 80.0 24 1170
398910 399570 -0.207219 80.0 7 660
399570 403110 1.53038 80.0 14 3540
403110 405520 8.170368 80.0 4 2410
405520 405830 2.642359 80.0 16 310
405830 406510 -0.289955 80.0 1 680
406510 406780 -3.531985 80.0 17 270
406780 407700 -5.567056 80.0 3 920
407700 408110 -2.598457 80.0 8 410
408110 411250 2.599964 80.0 14 3140
411250 411850 6.309337 80.0 22 600
411850 412730 -1.005159 80.0 20 880
412730 418270 2.746862 80.0 6 5540
418270 419400 6.917735 80.0 12 1130
419400 422710 2.876358 80.0 23 3310
422710 428550 7.217332 80.0 15 5840
428550 428960 1.737318 80.0 18 410
428960 429810 -4.040149 80.0 17 850
429810 434060 -7.586847 80.0 11 4250
434060 434260 -2.309546 80.0 8 200
434260 434780 3.172067 80.0 19 520
434780 434970 -2.513742 80.0 17 190
434970 435590 -6.937127 80.0 3 620
435590 435820 -3.360353 80.0 29 230
435820 438260 -0.463218 80.0 9 2440
438260 438650 2.595671 80.0 26 390
438650 439610 6.376087 80.0 22 960
439610 440110 0.318205 80.0 18 500
440110 440830 -6.021255 80.0 3 720
440830 441750 -1.968411 80.0 13 920
441750 442750 -5.597465 80.0 3 1000
442750 443560 -2.400671 80.0 8 810
443560 444240 0.571921 80.0 24 680
444240 445510 -1.032465 80.0 25 1270
