380574 380914 1.479894 80.0 24 340
380914 381454 -1.074911 80.0 7 540
381454 386154 2.158723 80.0 10 4700
386154 386774 -0.873675 80.0 7 620
386774 395124 1.549531 80.0 0 8350
395124 395694 -0.437205 80.0 7 570
395694 396854 2.235188 80.0 19 1160
396854 397864 -1.606298 80.0 25 1010
397864 399014 0.359787 80.0 24 1150
399014 399614 -0.192625 80.0 7 600
399614 403084 1.540129 80.0 14 3470
403084 405624 7.920374 80.0 4 2540
405624 405934 2.191848 80.0 16 310
405934 406544 -0.37406 80.0 1 610
406544 406874 -3.523534 80.0 17 330
406874 407724 -5.548941 80.0 3 850
407724 408194 -2.51534 80.0 8 470
408194 410544 1.761179 80.0 21 2350
410544 411914 5.602902 80.0 22 1370
411914 412744 -1.004733 80.0 20 830
412744 418274 2.722697 80.0 6 5530
418274 419494 6.619966 80.0 12 1220
419494 420794 2.424368 80.0 2 1300
420794 421384 5.061741 80.0 22 590
421384 422624 2.384289 80.0 2 1240
422624 428624 7.132859 80.0 15 6000
428624 429044 1.144891 80.0 18 420
429044 429954 -4.073375 80.0 17 910
429954 434084 -7.545313 80.0 11 4130
434084 434304 -2.452715 80.0 8 220
434304 434814 2.5772 80.0 19 510
434814 435054 -2.430484 80.0 17 240
435054 435624 -6.775655 80.0 3 570
435624 435884 -3.504115 80.0 29 260
435884 438254 -0.501015 80.0 9 2370
438254 438654 2.084948 80.0 26 400
438654 439694 6.089799 80.0 22 1040
439694 440204 -0.373865 80.0 18 510
440204 440854 -6.042896 80.0 3 650
440854 441844 -2.335861 80.0 13 990
441844 442764 -5.63981 80.0 3 920
442764 443284 -3.498979 80.0 29 520
443284 443664 -0.845545 80.0 28 380
443664 444244 0.525957 80.0 24 580
444244 445504 -1.02388 80.0 25 1260
