380481 380871 1.743858 80.0 19 390
380871 381401 -2.0316 80.0 25 530
381401 386091 1.147174 80.0 10 4690
386091 386721 -0.984326 80.0 7 630
386721 395081 1.556332 80.0 0 8360
395081 395671 -0.496027 80.0 7 590
395671 396801 2.161599 80.0 19 1130
396801 397771 -1.738472 80.0 25 970
397771 398921 0.361884 80.0 24 1150
398921 399571 -0.206713 80.0 7 650
399571 403091 1.506167 80.0 14 3520
403091 405541 8.111213 80.0 4 2450
405541 405841 2.49714 80.0 16 300
405841 406501 -0.266656 80.0 1 660
406501 406781 -3.423187 80.0 17 280
406781 407711 -5.554684 80.0 3 930
407711 408111 -2.583484 80.0 8 400
408111 410621 1.888193 80.0 21 2510
410621 411871 5.818549 80.0 22 1250
411871 412731 -1.10913 80.0 20 860
412731 418271 2.744962 80.0 6 5540
418271 419421 6.872293 80.0 12 1150
419421 422681 2.846069 80.0 23 3260
422681 428571 7.201086 80.0 15 5890
428571 428971 1.532105 80.0 18 400
428971 429811 -4.048604 80.0 17 840
429811 434051 -7.528804 80.0 11 4240
434051 434261 -2.531931 80.0 8 210
434261 434791 3.041329 80.0 19 530
434791 434971 -2.473559 80.0 17 180
434971 435591 -6.903561 80.0 3 620
435591 435831 -3.38118 80.0 29 240
435831 438261 -0.465117 80.0 9 2430
438261 438631 2.418437 80.0 26 370
438631 439631 6.309668 80.0 22 1000
439631 440121 0.096669 80.0 18 490
440121 440831 -6.029462 80.0 3 710
440831 441771 -2.050724 80.0 13 940
441771 442751 -5.611854 80.0 3 980
442751 443571 -2.401442 80.0 8 820
443571 444241 0.566452 80.0 24 670
444241 445511 -1.028634 80.0 25 1270
