380498 380878 1.70533 80.0 19 380
380878 381408 -1.866909 80.0 7 530
381408 386098 1.454244 80.0 10 4690
386098 386738 -0.944926 80.0 7 640
386738 395098 1.554607 80.0 0 8360
395098 395668 -0.498476 80.0 7 570
395668 396808 2.125252 80.0 19 1140
396808 397788 -1.710654 80.0 25 980
397788 398938 0.361498 80.0 24 1150
398938 399578 -0.205027 80.0 7 640
399578 403108 1.515746 80.0 14 3530
403108 405558 8.097635 80.0 4 2450
405558 405858 2.430538 80.0 16 300
405858 406518 -0.307947 80.0 1 660
406518 406798 -3.486854 80.0 17 280
406798 407708 -5.555484 80.0 3 910
407708 408128 -2.593941 80.0 8 420
408128 410598 1.850022 80.0 21 2470
410598 411868 5.784581 80.0 22 1270
411868 412738 -1.009906 80.0 20 870
412738 418278 2.742894 80.0 6 5540
418278 419418 6.870049 80.0 12 1140
419418 422678 2.851823 80.0 23 3260
422678 428568 7.193587 80.0 15 5890
428568 428988 1.534518 80.0 18 420
428988 429828 -4.073419 80.0 17 840
429828 434068 -7.527697 80.0 11 4240
434068 434268 -2.381196 80.0 8 200
434268 434788 3.00188 80.0 19 520
434788 434988 -2.400337 80.0 17 200
434988 435598 -6.888182 80.0 3 610
435598 435838 -3.410608 80.0 29 240
435838 438258 -0.475199 80.0 9 2420
438258 438648 2.413369 80.0 26 390
438648 439648 6.287067 80.0 22 1000
439648 440138 -0.057086 80.0 18 490
440138 440838 -6.037686 80.0 3 700
440838 441778 -2.076708 80.0 13 940
441778 442748 -5.616589 80.0 3 970
442748 443588 -2.411668 80.0 8 840
443588 444248 0.551705 80.0 24 660
444248 445508 -1.036386 80.0 25 1260
