380574 380914 1.48452 80.0 24 340
380914 381454 -1.078617 80.0 7 540
381454 386154 1.908698 80.0 10 4700
386154 386774 -0.867057 80.0 7 620
386774 395114 1.551077 80.0 0 8340
395114 395694 -0.4263 80.0 7 580
395694 396864 2.212709 80.0 19 1170
396864 397864 -1.618991 80.0 25 1000
397864 399014 0.359785 80.0 24 1150
399014 399624 -0.191133 80.0 7 610
399624 403114 1.569815 80.0 14 3490
403114 405604 7.991922 80.0 4 2490
405604 405934 2.314296 80.0 16 330
405934 406544 -0.372761 80.0 1 610
406544 406874 -3.530457 80.0 17 330
406874 407714 -5.555781 80.0 3 840
407714 408184 -2.615791 80.0 8 470
408184 410574 1.788691 80.0 21 2390
410574 411894 5.648205 80.0 22 1320
411894 412744 -0.882149 80.0 20 850
412744 418294 2.729766 80.0 6 5550
418294 419474 6.694951 80.0 12 1180
419474 422654 2.929315 80.0 23 3180
422654 428604 7.15545 80.0 15 5950
428604 429044 1.294731 80.0 18 440
429044 429944 -4.064232 80.0 17 900
429944 434074 -7.546045 80.0 11 4130
434074 434314 -2.483649 80.0 8 240
434314 434824 2.607039 80.0 19 510
434824 435054 -2.553843 80.0 17 230
435054 435624 -6.784524 80.0 3 570
435624 435884 -3.503634 80.0 29 260
435884 438264 -0.498098 80.0 9 2380
438264 438674 2.264804 80.0 26 410
438674 439664 6.173879 80.0 22 990
439664 440204 -0.127986 80.0 18 540
440204 440864 -6.03133 80.0 3 660
440864 441844 -2.313296 80.0 13 980
441844 442764 -5.639045 80.0 3 920
442764 443284 -3.494876 80.0 29 520
443284 443664 -0.842661 80.0 28 380
443664 444244 0.523116 80.0 24 580
444244 445504 -1.024135 80.0 25 1260
