380783 381013 0.632439 80.0 24 230
381013 381583 -0.49096 80.0 7 570
381583 386283 1.064522 80.0 10 4700
386283 386873 -0.588907 80.0 7 590
386873 396973 1.477513 80.0 27 10100
396973 398073 -1.341301 80.0 25 1100
398073 403163 1.111602 80.0 6 5090
403163 405713 7.74609 80.0 4 2550
405713 407063 -0.707543 80.0 18 1350
407063 407723 -5.529845 80.0 3 660
407723 408353 -2.573041 80.0 8 630
408353 410653 1.805296 80.0 21 2300
410653 411913 5.426836 80.0 22 1260
411913 412923 -0.131065 80.0 20 1010
412923 418403 2.797666 80.0 6 5480
418403 419543 6.666652 80.0 12 1140
419543 420853 2.585801 80.0 2 1310
420853 421423 4.771999 80.0 22 570
421423 422703 2.616899 80.0 2 1280
422703 428653 7.22144 80.0 15 5950
428653 429193 1.117257 80.0 18 540
429193 429973 -4.060296 80.0 17 780
429973 434123 -7.491053 80.0 11 4150
434123 436043 -2.66634 80.0 9 1920
436043 438243 -0.545121 80.0 9 2200
438243 438793 2.069916 80.0 26 550
438793 439703 5.917506 80.0 22 910
439703 440373 -0.16623 80.0 18 670
440373 440893 -5.927992 80.0 3 520
440893 442003 -2.888208 80.0 13 1110
442003 442813 -5.617398 80.0 3 810
442813 443383 -3.604587 80.0 29 570
443383 443813 -0.830932 80.0 28 430
443813 444353 0.50571 80.0 24 540
444353 445503 -0.864037 80.0 25 1150
