380753 380993 0.847802 80.0 24 240
380993 381543 -0.570394 80.0 7 550
381543 386263 1.068857 80.0 10 4720
386263 386863 -0.627684 80.0 7 600
386863 396953 1.662666 80.0 27 10090
396953 398043 -1.374821 80.0 25 1090
398043 403163 1.111129 80.0 6 5120
403163 405713 7.770758 80.0 4 2550
405713 407023 -0.678372 80.0 18 1310
407023 407723 -5.523825 80.0 3 700
407723 408323 -2.621449 80.0 8 600
408323 410613 1.759929 80.0 21 2290
410613 411923 5.423246 80.0 22 1310
411923 412893 -0.272344 80.0 20 970
412893 418383 2.781579 80.0 6 5490
418383 419543 6.688536 80.0 12 1160
419543 420863 2.576079 80.0 2 1320
420863 421433 4.818526 80.0 22 570
421433 422683 2.549917 80.0 2 1250
422683 428643 7.154305 80.0 15 5960
428643 429173 1.179974 80.0 18 530
429173 429973 -4.065512 80.0 17 800
429973 434113 -7.504441 80.0 11 4140
434113 435183 -0.665184 80.0 13 1070
435183 435693 -6.296476 80.0 3 510
435693 436023 -3.496374 80.0 29 330
436023 438263 -0.534434 80.0 9 2240
438263 438773 2.119723 80.0 26 510
438773 439703 5.945073 80.0 22 930
439703 440353 -0.16354 80.0 18 650
440353 440903 -5.927506 80.0 3 550
440903 441983 -2.792125 80.0 13 1080
441983 442813 -5.624094 80.0 3 830
442813 443373 -3.575648 80.0 29 560
443373 443793 -0.82515 80.0 28 420
443793 444343 0.547694 80.0 24 550
444343 445503 -0.860324 80.0 25 1160
