380569 380919 1.45143 80.0 24 350
380919 381449 -1.10705 80.0 7 530
381449 386139 2.168005 80.0 10 4690
386139 386769 -0.865395 80.0 7 630
386769 395119 1.550001 80.0 0 8350
395119 395689 -0.442846 80.0 7 570
395689 396859 2.223063 80.0 19 1170
396859 397859 -1.625261 80.0 25 1000
397859 399009 0.359863 80.0 24 1150
399009 399619 -0.191108 80.0 7 610
399619 403109 1.568456 80.0 14 3490
403109 405599 7.991054 80.0 4 2490
405599 405929 2.343663 80.0 16 330
405929 406529 -0.3406 80.0 1 600
406529 406869 -3.466587 80.0 17 340
406869 407709 -5.555521 80.0 3 840
407709 408189 -2.58665 80.0 8 480
408189 410579 1.803629 80.0 21 2390
410579 411889 5.656293 80.0 22 1310
411889 412739 -0.866608 80.0 20 850
412739 418299 2.730464 80.0 6 5560
418299 419469 6.718036 80.0 12 1170
419469 422669 2.939289 80.0 23 3200
422669 428599 7.16486 80.0 15 5930
428599 429039 1.330382 80.0 18 440
429039 429939 -4.055551 80.0 17 900
429939 434079 -7.540341 80.0 11 4140
434079 434309 -2.397242 80.0 8 230
434309 434819 2.610693 80.0 19 510
434819 435049 -2.502188 80.0 17 230
435049 435629 -6.76186 80.0 3 580
435629 435879 -3.463469 80.0 29 250
435879 438259 -0.49809 80.0 9 2380
438259 438679 2.278227 80.0 26 420
438679 439659 6.193551 80.0 22 980
439659 440199 -0.071658 80.0 18 540
440199 440859 -6.034215 80.0 3 660
440859 441849 -2.328718 80.0 13 990
441849 442769 -5.639864 80.0 3 920
442769 443279 -3.480595 80.0 29 510
443279 443659 -0.853344 80.0 28 380
443659 444249 0.520373 80.0 24 590
444249 445509 -1.022993 80.0 25 1260
