380460 380870 1.756323 80.0 19 410
380870 381390 -2.081848 80.0 7 520
381390 386070 1.46861 80.0 10 4680
386070 386720 -0.982018 80.0 7 650
386720 395090 1.556664 80.0 0 8370
395090 395650 -0.539854 80.0 7 560
395650 396790 2.162084 80.0 19 1140
396790 397750 -1.767372 80.0 25 960
397750 398900 0.36248 80.0 24 1150
398900 399560 -0.209768 80.0 7 660
399560 403120 1.542821 80.0 14 3560
403120 405500 8.213806 80.0 4 2380
405500 405820 2.776991 80.0 16 320
405820 406500 -0.267743 80.0 1 680
406500 406780 -3.547204 80.0 17 280
406780 407710 -5.566144 80.0 3 930
407710 408090 -2.606274 80.0 8 380
408090 411290 2.627718 80.0 14 3200
411290 411840 6.417586 80.0 22 550
411840 412730 -0.972416 80.0 20 890
412730 418280 2.756129 80.0 6 5550
418280 419390 6.957552 80.0 12 1110
419390 422720 2.888312 80.0 23 3330
422720 428550 7.223664 80.0 15 5830
428550 428960 1.665614 80.0 18 410
428960 429810 -4.0598 80.0 17 850
429810 434050 -7.594696 80.0 11 4240
434050 434250 -2.461715 80.0 8 200
434250 434770 3.220947 80.0 19 520
434770 434970 -2.522115 80.0 17 200
434970 435580 -6.995597 80.0 3 610
435580 435810 -3.417143 80.0 29 230
435810 438240 -0.466104 80.0 9 2430
438240 438650 2.532227 80.0 26 410
438650 439610 6.389864 80.0 22 960
439610 440100 0.312874 80.0 18 490
440100 440830 -6.009879 80.0 3 730
440830 441750 -1.951868 80.0 13 920
441750 442750 -5.597458 80.0 3 1000
442750 443560 -2.3671 80.0 8 810
443560 444230 0.596091 80.0 24 670
444230 445510 -1.026808 80.0 25 1280
