380470 380870 1.753171 80.0 19 400
380870 381390 -2.10839 80.0 25 520
381390 386080 1.149918 80.0 10 4690
386080 386730 -0.968317 80.0 7 650
386730 395090 1.557475 80.0 0 8360
395090 395670 -0.513665 80.0 7 580
395670 396790 2.191628 80.0 19 1120
396790 397740 -1.781013 80.0 25 950
397740 398910 0.356068 80.0 24 1170
398910 399570 -0.207191 80.0 7 660
399570 403120 1.540778 80.0 14 3550
403120 405520 8.182706 80.0 4 2400
405520 405830 2.641891 80.0 16 310
405830 406510 -0.290166 80.0 1 680
406510 406780 -3.53235 80.0 17 270
406780 407700 -5.567017 80.0 3 920
407700 408110 -2.597857 80.0 8 410
408110 410790 2.101167 80.0 21 2680
410790 411850 5.960839 80.0 22 1060
411850 412730 -1.005355 80.0 20 880
412730 418280 2.751303 80.0 6 5550
418280 419400 6.933152 80.0 12 1120
419400 422710 2.876379 80.0 23 3310
422710 428550 7.21732 80.0 15 5840
428550 428960 1.736387 80.0 18 410
428960 429810 -4.040256 80.0 17 850
429810 434060 -7.586825 80.0 11 4250
434060 434260 -2.308136 80.0 8 200
434260 434780 3.171542 80.0 19 520
434780 434970 -2.514695 80.0 17 190
434970 435590 -6.936873 80.0 3 620
435590 435820 -3.359847 80.0 29 230
435820 438260 -0.463187 80.0 9 2440
438260 438650 2.596325 80.0 26 390
438650 439610 6.376058 80.0 22 960
439610 440110 0.317232 80.0 18 500
440110 440830 -6.021163 80.0 3 720
440830 441750 -1.968477 80.0 13 920
441750 442750 -5.597435 80.0 3 1000
442750 443560 -2.400378 80.0 8 810
443560 444240 0.571855 80.0 24 680
444240 445510 -1.032453 80.0 25 1270
