380658 380938 1.15484 80.0 24 280
380938 381488 -0.813921 80.0 7 550
381488 386208 1.847015 80.0 10 4720
386208 386818 -0.758302 80.0 7 610
386818 395178 1.539812 80.0 0 8360
395178 395708 -0.387326 80.0 7 530
395708 396898 2.068381 80.0 19 1190
396898 397948 -1.489777 80.0 25 1050
397948 399078 0.360425 80.0 24 1130
399078 399588 -0.189448 80.0 7 510
399588 403208 1.59929 80.0 14 3620
403208 405578 8.066911 80.0 4 2370
405578 406018 2.694164 80.0 16 440
406018 406558 -0.45229 80.0 1 540
406558 406948 -3.47398 80.0 17 390
406948 407718 -5.538891 80.0 3 770
407718 408258 -2.552708 80.0 8 540
408258 411238 2.51064 80.0 21 2980
411238 411858 5.974854 80.0 22 620
411858 412818 -0.285993 80.0 20 960
412818 418408 2.782875 80.0 6 5590
418408 419448 7.101241 80.0 12 1040
419448 422808 3.064264 80.0 23 3360
422808 428548 7.262793 80.0 15 5740
428548 429108 1.663867 80.0 18 560
429108 429958 -4.083942 80.0 17 850
429958 434088 -7.53062 80.0 11 4130
434088 434348 -2.555524 80.0 8 260
434348 434848 2.06958 80.0 19 500
434848 435118 -2.477194 80.0 17 270
435118 435658 -6.564913 80.0 3 540
435658 435948 -3.473364 80.0 29 290
435948 438258 -0.51633 80.0 9 2310
438258 438808 2.606252 80.0 26 550
438808 439638 6.261219 80.0 22 830
439638 440278 0.271306 80.0 18 640
440278 440878 -5.954422 80.0 3 600
440878 441908 -2.560305 80.0 13 1030
441908 442788 -5.636088 80.0 3 880
442788 443328 -3.512244 80.0 29 540
443328 443728 -0.79816 80.0 28 400
443728 444258 0.45855 80.0 24 530
444258 445508 -1.018072 80.0 25 1250
