380767 380997 0.737399 80.0 24 230
380997 381547 -0.536761 80.0 7 550
381547 386277 1.063062 80.0 10 4730
386277 386867 -0.616419 80.0 7 590
386867 396957 1.742188 80.0 27 10090
396957 398057 -1.353004 80.0 25 1100
398057 403167 1.259661 80.0 6 5110
403167 405717 7.760415 80.0 4 2550
405717 407037 -0.689458 80.0 18 1320
407037 407727 -5.518727 80.0 3 690
407727 408347 -2.547579 80.0 8 620
408347 410607 1.757615 80.0 21 2260
410607 411927 5.401321 80.0 22 1320
411927 412907 -0.243399 80.0 20 980
412907 418387 2.785815 80.0 6 5480
418387 419547 6.664456 80.0 12 1160
419547 420857 2.570642 80.0 2 1310
420857 421427 4.798601 80.0 22 570
421427 422697 2.589769 80.0 2 1270
422697 428657 7.148938 80.0 15 5960
428657 429187 1.076431 80.0 18 530
429187 429967 -4.065891 80.0 17 780
429967 434107 -7.501878 80.0 11 4140
434107 435197 -0.768666 80.0 13 1090
435197 435697 -6.276214 80.0 3 500
435697 436027 -3.527549 80.0 29 330
436027 438257 -0.542479 80.0 9 2230
438257 438777 2.076581 80.0 26 520
438777 439717 5.903094 80.0 22 940
439717 440367 -0.281053 80.0 18 650
440367 440897 -5.942018 80.0 3 530
440897 441997 -2.849339 80.0 13 1100
441997 442807 -5.631883 80.0 3 810
442807 443387 -3.584451 80.0 29 580
443387 443807 -0.795542 80.0 28 420
443807 444357 0.527451 80.0 24 550
444357 445507 -0.866212 80.0 25 1150
