380475 380875 1.726681 80.0 19 400
380875 381395 -2.014417 80.0 7 520
381395 386085 1.45904 80.0 10 4690
386085 386725 -0.976129 80.0 7 640
386725 395085 1.556875 80.0 0 8360
395085 395675 -0.498282 80.0 7 590
395675 396795 2.18516 80.0 19 1120
396795 397765 -1.741275 80.0 25 970
397765 398915 0.362112 80.0 24 1150
398915 399565 -0.208994 80.0 7 650
399565 403095 1.511325 80.0 14 3530
403095 405535 8.128001 80.0 4 2440
405535 405835 2.528507 80.0 16 300
405835 406505 -0.279561 80.0 1 670
406505 406795 -3.555247 80.0 17 290
406795 407705 -5.567735 80.0 3 910
407705 408105 -2.624743 80.0 8 400
408105 410725 2.01403 80.0 21 2620
410725 411865 5.900351 80.0 22 1140
411865 412735 -1.085577 80.0 20 870
412735 418275 2.748958 80.0 6 5540
418275 419415 6.897811 80.0 12 1140
419415 422685 2.850718 80.0 23 3270
422685 428565 7.201139 80.0 15 5880
428565 428965 1.597223 80.0 18 400
428965 429815 -4.047276 80.0 17 850
429815 434055 -7.592152 80.0 11 4240
434055 434255 -2.489025 80.0 8 200
434255 434775 3.14431 80.0 19 520
434775 434975 -2.415709 80.0 17 200
434975 435585 -6.960276 80.0 3 610
435585 435825 -3.407398 80.0 29 240
435825 438245 -0.468129 80.0 9 2420
438245 438645 2.436572 80.0 26 400
438645 439635 6.335096 80.0 22 990
439635 440115 0.068931 80.0 18 480
440115 440835 -6.019822 80.0 3 720
440835 441765 -2.011269 80.0 13 930
441765 442755 -5.605082 80.0 3 990
442755 443575 -2.356534 80.0 8 820
443575 444235 0.586547 80.0 24 660
444235 445505 -1.031183 80.0 25 1270
