380515 380885 1.658288 80.0 19 370
380885 381425 -1.837937 80.0 7 540
381425 386115 1.13899 80.0 10 4690
386115 386745 -0.939223 80.0 7 630
386745 395105 1.553054 80.0 0 8360
395105 395675 -0.485501 80.0 7 570
395675 396825 2.091856 80.0 19 1150
396825 397805 -1.702364 80.0 25 980
397805 398955 0.36109 80.0 24 1150
398955 399585 -0.202659 80.0 7 630
399585 403085 1.565859 80.0 14 3500
403085 405575 8.030643 80.0 4 2490
405575 405875 2.357402 80.0 16 300
405875 406515 -0.30132 80.0 1 640
406515 406815 -3.449174 80.0 17 300
406815 407705 -5.556672 80.0 3 890
407705 408145 -2.601298 80.0 8 440
408145 410565 1.806225 80.0 21 2420
410565 411885 5.724972 80.0 22 1320
411885 412735 -1.060543 80.0 20 850
412735 418265 2.731539 80.0 6 5530
418265 419455 6.758265 80.0 12 1190
419455 422645 2.816711 80.0 23 3190
422645 428595 7.165863 80.0 15 5950
428595 428995 1.374061 80.0 18 400
428995 429825 -4.056899 80.0 17 830
429825 434065 -7.524918 80.0 11 4240
434065 434275 -2.494755 80.0 8 210
434275 434795 2.894166 80.0 19 520
434795 435005 -2.43908 80.0 17 210
435005 435605 -6.869842 80.0 3 600
435605 435845 -3.443812 80.0 29 240
435845 438255 -0.484117 80.0 9 2410
438255 438645 2.285473 80.0 26 390
438645 439665 6.227826 80.0 22 1020
439665 440145 -0.114876 80.0 18 480
440145 440845 -6.021001 80.0 3 700
440845 441795 -2.135284 80.0 13 950
441795 442755 -5.623401 80.0 3 960
442755 443605 -2.395666 80.0 8 850
443605 444245 0.550633 80.0 24 640
444245 445505 -1.03239 80.0 25 1260
