380536 380896 1.578333 80.0 19 360
380896 381426 -1.68452 80.0 7 530
381426 386126 1.439725 80.0 10 4700
386126 386756 -0.908461 80.0 7 630
386756 395096 1.554772 80.0 0 8340
395096 395676 -0.459889 80.0 7 580
395676 396836 2.285268 80.0 19 1160
396836 397826 -1.660839 80.0 25 990
397826 398976 0.360509 80.0 24 1150
398976 399596 -0.198396 80.0 7 620
399596 403136 1.606534 80.0 14 3540
403136 405556 8.10515 80.0 4 2420
405556 405896 2.5472 80.0 16 340
405896 406526 -0.336561 80.0 1 630
406526 406836 -3.490502 80.0 17 310
406836 407706 -5.556665 80.0 3 870
407706 408156 -2.620224 80.0 8 450
408156 410706 1.969992 80.0 21 2550
410706 411876 5.793184 80.0 22 1170
411876 412736 -0.920905 80.0 20 860
412736 418316 2.746455 80.0 6 5580
418316 419426 6.866692 80.0 12 1110
419426 422716 2.88511 80.0 23 3290
422716 428566 7.202383 80.0 15 5850
428566 429016 1.542072 80.0 18 450
429016 429936 -4.05448 80.0 17 920
429936 434066 -7.550546 80.0 11 4130
434066 434286 -2.489149 80.0 8 220
434286 434816 2.700959 80.0 19 530
434816 435016 -2.562837 80.0 17 200
435016 435616 -6.798616 80.0 3 600
435616 435866 -3.379106 80.0 29 250
435866 438256 -0.485128 80.0 9 2390
438256 438686 2.468136 80.0 26 430
438686 439636 6.292969 80.0 22 950
439636 440166 0.122924 80.0 18 530
440166 440856 -6.017962 80.0 3 690
440856 441816 -2.197438 80.0 13 960
441816 442766 -5.627213 80.0 3 950
442766 443616 -2.382768 80.0 8 850
443616 444246 0.52929 80.0 24 630
444246 445506 -1.028816 80.0 25 1260
