380537 380907 1.554949 80.0 19 370
380907 381427 -1.730045 80.0 7 520
381427 386127 1.43692 80.0 10 4700
386127 386757 -0.910567 80.0 7 630
386757 395097 1.55481 80.0 0 8340
395097 395677 -0.460782 80.0 7 580
395677 396837 2.285943 80.0 19 1160
396837 397827 -1.661391 80.0 25 990
397827 398977 0.360568 80.0 24 1150
398977 399597 -0.199243 80.0 7 620
399597 403077 1.548748 80.0 14 3480
403077 405607 7.959706 80.0 4 2530
405607 405897 2.211059 80.0 16 290
405897 406527 -0.326966 80.0 1 630
406527 406847 -3.519793 80.0 17 320
406847 407707 -5.563191 80.0 3 860
407707 408157 -2.64298 80.0 8 450
408157 410537 1.759898 80.0 21 2380
410537 411907 5.654506 80.0 22 1370
411907 412737 -1.112767 80.0 20 830
412737 418257 2.722833 80.0 6 5520
418257 419477 6.671577 80.0 12 1220
419477 420797 2.192018 80.0 2 1320
420797 421377 5.123982 80.0 22 580
421377 422607 2.340625 80.0 2 1230
422607 428627 7.129523 80.0 15 6020
428627 429017 1.103885 80.0 18 390
429017 429937 -4.04908 80.0 17 920
429937 434077 -7.545222 80.0 11 4140
434077 434287 -2.401322 80.0 8 210
434287 434807 2.770425 80.0 19 520
434807 435017 -2.431192 80.0 17 210
435017 435617 -6.806396 80.0 3 600
435617 435857 -3.447533 80.0 29 240
435857 438257 -0.490596 80.0 9 2400
438257 438627 2.08578 80.0 26 370
438627 439677 6.141144 80.0 22 1050
439677 440167 -0.214345 80.0 18 490
440167 440847 -6.035452 80.0 3 680
440847 441817 -2.223859 80.0 13 970
441817 442767 -5.625808 80.0 3 950
442767 443627 -2.372808 80.0 8 860
443627 444247 0.536313 80.0 24 620
444247 445507 -1.028081 80.0 25 1260
