380747 380997 0.769397 80.0 24 250
380997 381537 -0.597423 80.0 7 540
381537 386267 1.068646 80.0 10 4730
386267 386867 -0.638286 80.0 7 600
386867 396957 1.747741 80.0 27 10090
396957 398037 -1.392811 80.0 25 1080
398037 403127 1.32202 80.0 6 5090
403127 405727 7.705139 80.0 4 2600
405727 407027 -0.767782 80.0 18 1300
407027 407727 -5.526937 80.0 3 700
407727 408327 -2.567498 80.0 8 600
408327 410547 1.693459 80.0 21 2220
410547 411937 5.36575 80.0 22 1390
411937 412907 -0.35435 80.0 20 970
412907 418357 2.782858 80.0 6 5450
418357 419567 6.598135 80.0 12 1210
419567 420747 2.374457 80.0 2 1180
420747 421457 4.708551 80.0 22 710
421457 422647 2.461699 80.0 2 1190
422647 428677 7.119868 80.0 15 6030
428677 429177 0.917506 80.0 18 500
429177 429967 -4.083092 80.0 17 790
429967 434117 -7.499773 80.0 11 4150
434117 435187 -0.648757 80.0 13 1070
435187 435697 -6.325596 80.0 3 510
435697 436017 -3.478107 80.0 29 320
436017 438257 -0.53559 80.0 9 2240
438257 438747 1.999099 80.0 26 490
438747 439727 5.872383 80.0 22 980
439727 440347 -0.325318 80.0 18 620
440347 440897 -5.933497 80.0 3 550
440897 441987 -2.807378 80.0 13 1090
441987 442817 -5.628114 80.0 3 830
442817 443377 -3.542691 80.0 29 560
443377 443787 -0.811507 80.0 28 410
443787 444357 0.543132 80.0 24 570
444357 445507 -0.867174 80.0 25 1150
