380470 380870 1.754651 80.0 19 400
380870 381390 -2.10862 80.0 25 520
381390 386080 1.149984 80.0 10 4690
386080 386730 -0.968707 80.0 7 650
386730 395090 1.557492 80.0 0 8360
395090 395670 -0.513905 80.0 7 580
395670 396790 2.191902 80.0 19 1120
396790 397740 -1.781226 80.0 25 950
397740 398910 0.356077 80.0 24 1170
398910 399570 -0.207296 80.0 7 660
399570 403110 1.530172 80.0 14 3540
403110 405520 8.17053 80.0 4 2410
405520 405830 2.643627 80.0 16 310
405830 406510 -0.289383 80.0 1 680
406510 406780 -3.530991 80.0 17 270
406780 407700 -5.567156 80.0 3 920
407700 408110 -2.600078 80.0 8 410
408110 410790 2.10086 80.0 21 2680
410790 411860 5.95335 80.0 22 1070
411860 412730 -1.075104 80.0 20 870
412730 418270 2.746721 80.0 6 5540
418270 419410 6.902318 80.0 12 1140
419410 422690 2.855488 80.0 23 3280
422690 428550 7.210321 80.0 15 5860
428550 428960 1.739838 80.0 18 410
428960 429810 -4.039866 80.0 17 850
429810 434060 -7.586901 80.0 11 4250
434060 434260 -2.31337 80.0 8 200
434260 434780 3.173485 80.0 19 520
434780 434970 -2.511158 80.0 17 190
434970 435590 -6.937799 80.0 3 620
435590 435820 -3.361727 80.0 29 230
435820 438260 -0.463302 80.0 9 2440
438260 438640 2.527246 80.0 26 380
438640 439630 6.339332 80.0 22 990
439630 440110 0.118475 80.0 18 480
440110 440830 -6.021506 80.0 3 720
440830 441750 -1.968232 80.0 13 920
441750 442750 -5.597532 80.0 3 1000
442750 443560 -2.401468 80.0 8 810
443560 444240 0.572098 80.0 24 680
444240 445510 -1.032498 80.0 25 1270
