380703 380953 0.994767 80.0 24 250
380953 381513 -0.68105 80.0 7 560
381513 386233 1.303759 80.0 10 4720
386233 386833 -0.696793 80.0 7 600
386833 395193 1.535444 80.0 0 8360
395193 395693 -0.363725 80.0 7 500
395693 396933 1.930769 80.0 19 1240
396933 397993 -1.443719 80.0 25 1060
397993 403183 1.132654 80.0 6 5190
403183 405643 7.924048 80.0 4 2460
405643 406063 2.418661 80.0 16 420
406063 406573 -0.502603 80.0 1 510
406573 406993 -3.492506 80.0 17 420
406993 407723 -5.536862 80.0 3 730
407723 408293 -2.552478 80.0 8 570
408293 410703 1.896594 80.0 21 2410
410703 411903 5.556419 80.0 22 1200
411903 412863 -0.357139 80.0 20 960
412863 418383 2.783053 80.0 6 5520
418383 419493 6.876977 80.0 12 1110
419493 422733 3.006052 80.0 23 3240
422733 428613 7.202563 80.0 15 5880
428613 429143 1.260961 80.0 18 530
429143 429963 -4.086697 80.0 17 820
429963 434093 -7.520576 80.0 11 4130
434093 434373 -2.608365 80.0 8 280
434373 434873 1.772972 80.0 19 500
434873 435153 -2.535194 80.0 17 280
435153 435673 -6.453001 80.0 3 520
435673 435983 -3.489506 80.0 29 310
435983 438253 -0.526288 80.0 9 2270
438253 438773 2.255049 80.0 26 520
438773 439673 6.082451 80.0 22 900
439673 440323 -0.066492 80.0 18 650
440323 440883 -5.967267 80.0 3 560
440883 441953 -2.707723 80.0 13 1070
441953 442793 -5.643644 80.0 3 840
442793 443343 -3.580702 80.0 29 550
443343 443773 -0.807336 80.0 28 430
443773 444273 0.427416 80.0 24 500
444273 445503 -1.022498 80.0 25 1230
