380569 380919 1.461818 80.0 24 350
380919 381449 -1.112019 80.0 7 530
381449 386149 1.95597 80.0 10 4700
386149 386769 -0.881873 80.0 7 620
386769 395119 1.550112 80.0 0 8350
395119 395689 -0.444287 80.0 7 570
395689 396859 2.224769 80.0 19 1170
396859 397859 -1.62667 80.0 25 1000
397859 399009 0.359902 80.0 24 1150
399009 399619 -0.191729 80.0 7 610
399619 403069 1.53407 80.0 14 3450
403069 405629 7.894217 80.0 4 2560
405629 405929 2.145622 80.0 16 300
405929 406529 -0.335638 80.0 1 600
406529 406869 -3.45965 80.0 17 340
406869 407709 -5.556461 80.0 3 840
407709 408189 -2.598042 80.0 8 480
408189 410519 1.735134 80.0 21 2330
410519 411919 5.577753 80.0 22 1400
411919 412739 -1.05736 80.0 20 820
412739 418269 2.72036 80.0 6 5530
418269 419499 6.606129 80.0 12 1230
419499 420759 2.367818 80.0 2 1260
420759 421399 5.001006 80.0 22 640
421399 422609 2.33376 80.0 2 1210
422609 428629 7.124049 80.0 15 6020
428629 429039 1.120503 80.0 18 410
429039 429939 -4.053522 80.0 17 900
429939 434079 -7.540781 80.0 11 4140
434079 434309 -2.42348 80.0 8 230
434309 434819 2.621493 80.0 19 510
434819 435049 -2.484634 80.0 17 230
435049 435629 -6.767645 80.0 3 580
435629 435879 -3.473106 80.0 29 250
435879 438259 -0.498718 80.0 9 2380
438259 438639 2.038761 80.0 26 380
438639 439689 6.079468 80.0 22 1050
439689 440199 -0.322526 80.0 18 510
440199 440859 -6.03668 80.0 3 660
440859 441849 -2.327134 80.0 13 990
441849 442769 -5.64071 80.0 3 920
442769 443279 -3.486217 80.0 29 510
443279 443659 -0.859272 80.0 28 380
443659 444249 0.521983 80.0 24 590
444249 445509 -1.023248 80.0 25 1260
