380453 380873 1.747252 80.0 19 420
380873 381383 -2.271832 80.0 25 510
381383 386073 1.153093 80.0 10 4690
386073 386713 -1.001689 80.0 7 640
386713 395083 1.557102 80.0 0 8370
395083 395653 -0.532367 80.0 7 570
395653 396773 2.203775 80.0 19 1120
396773 397743 -1.749933 80.0 25 970
397743 398893 0.362679 80.0 24 1150
398893 399563 -0.209063 80.0 7 670
399563 403113 1.540665 80.0 14 3550
403113 405503 8.208658 80.0 4 2390
405503 405813 2.722384 80.0 16 310
405813 406503 -0.273433 80.0 1 690
406503 406773 -3.581435 80.0 17 270
406773 407703 -5.571937 80.0 3 930
407703 408093 -2.584385 80.0 8 390
408093 410773 2.08711 80.0 21 2680
410773 411843 5.978307 80.0 22 1070
411843 412733 -1.020479 80.0 20 890
412733 418263 2.753062 80.0 6 5530
418263 419393 6.937239 80.0 12 1130
419393 422703 2.871333 80.0 23 3310
422703 428553 7.221383 80.0 15 5850
428553 428943 1.746951 80.0 18 390
428943 429803 -4.021233 80.0 17 860
429803 434053 -7.591016 80.0 11 4250
434053 434253 -2.340975 80.0 8 200
434253 434773 3.275313 80.0 19 520
434773 434963 -2.569431 80.0 17 190
434963 435583 -6.986779 80.0 3 620
435583 435813 -3.338616 80.0 29 230
435813 438243 -0.459171 80.0 9 2430
438243 438633 2.475654 80.0 26 390
438633 439613 6.378088 80.0 22 980
439613 440093 0.285255 80.0 18 480
440093 440833 -6.001984 80.0 3 740
440833 441743 -1.906789 80.0 13 910
441743 442743 -5.598279 80.0 3 1000
442743 443553 -2.392607 80.0 8 810
443553 444233 0.596096 80.0 24 680
444233 445503 -1.033645 80.0 25 1270
