380711 380971 0.910768 80.0 24 260
380971 381511 -0.691111 80.0 7 540
381511 386241 1.296169 80.0 10 4730
386241 386841 -0.68857 80.0 7 600
386841 395201 1.534941 80.0 0 8360
395201 395701 -0.360109 80.0 7 500
395701 396931 1.940086 80.0 19 1230
396931 397501 -1.816214 80.0 25 570
397501 398001 -0.983345 80.0 28 500
398001 403181 1.269333 80.0 6 5180
403181 405651 7.905895 80.0 4 2470
405651 406071 2.378331 80.0 16 420
406071 406581 -0.531874 80.0 1 510
406581 407001 -3.521997 80.0 17 420
407001 407721 -5.539256 80.0 3 720
407721 408291 -2.592104 80.0 8 570
408291 410711 1.89734 80.0 21 2420
410711 411901 5.558626 80.0 22 1190
411901 412871 -0.322832 80.0 20 970
412871 418391 2.788369 80.0 6 5520
418391 419491 6.883297 80.0 12 1100
419491 422741 3.013986 80.0 23 3250
422741 428611 7.204384 80.0 15 5870
428611 429141 1.317671 80.0 18 530
429141 429961 -4.067108 80.0 17 820
429961 434091 -7.518265 80.0 11 4130
434091 435161 -0.584788 80.0 13 1070
435161 435671 -6.443284 80.0 3 510
435671 435991 -3.502614 80.0 29 320
435991 438261 -0.524266 80.0 9 2270
438261 438781 2.306729 80.0 26 520
438781 439671 6.084395 80.0 22 890
439671 440321 8.9e-05 80.0 18 650
440321 440881 -5.957802 80.0 3 560
440881 441961 -2.74204 80.0 13 1080
441961 442791 -5.646437 80.0 3 830
442791 443351 -3.579146 80.0 29 560
443351 445511 -0.641473 80.0 9 2160
