380541 380901 1.574984 80.0 19 360
380901 381441 -1.663874 80.0 7 540
381441 386131 1.442917 80.0 10 4690
386131 386751 -0.919173 80.0 7 620
386751 395101 1.552588 80.0 0 8350
395101 395681 -0.458526 80.0 7 580
395681 396851 2.260908 80.0 19 1170
396851 397831 -1.67583 80.0 25 980
397831 398981 0.360483 80.0 24 1150
398981 399601 -0.197316 80.0 7 620
399601 403081 1.551903 80.0 14 3480
403081 405601 7.972033 80.0 4 2520
405601 405901 2.248912 80.0 16 300
405901 406531 -0.338986 80.0 1 630
406531 406841 -3.499054 80.0 17 310
406841 407711 -5.555996 80.0 3 870
407711 408161 -2.608629 80.0 8 450
408161 410551 1.776617 80.0 21 2390
410551 411901 5.663469 80.0 22 1350
411901 412731 -1.066548 80.0 20 830
412731 418271 2.724248 80.0 6 5540
418271 419471 6.70345 80.0 12 1200
419471 420821 2.247121 80.0 2 1350
420821 421351 5.192025 80.0 22 530
421351 422641 2.433846 80.0 2 1290
422641 428611 7.15347 80.0 15 5970
428611 429021 1.210755 80.0 18 410
429021 429941 -4.059626 80.0 17 920
429941 434071 -7.549712 80.0 11 4130
434071 434291 -2.465998 80.0 8 220
434291 434811 2.733143 80.0 19 520
434811 435031 -2.573098 80.0 17 220
435031 435611 -6.851511 80.0 3 580
435611 435861 -3.492304 80.0 29 250
435861 438261 -0.490146 80.0 9 2400
438261 438641 2.178007 80.0 26 380
438641 439681 6.148894 80.0 22 1040
439681 440171 -0.262451 80.0 18 490
440171 440861 -6.012115 80.0 3 690
440861 441821 -2.201309 80.0 13 960
441821 442771 -5.626309 80.0 3 950
442771 443631 -2.35114 80.0 8 860
443631 444241 0.540326 80.0 24 610
444241 445511 -1.020551 80.0 25 1270
