380752 381002 0.756286 80.0 24 250
381002 381542 -0.590241 80.0 7 540
381542 386272 1.067629 80.0 10 4730
386272 386862 -0.643715 80.0 7 590
386862 396962 1.746736 80.0 27 10100
396962 398042 -1.390205 80.0 25 1080
398042 403142 1.331069 80.0 6 5100
403142 405732 7.717917 80.0 4 2590
405732 407022 -0.749472 80.0 18 1290
407022 407722 -5.525435 80.0 3 700
407722 408332 -2.586892 80.0 8 610
408332 410562 1.708934 80.0 21 2230
410562 411942 5.366885 80.0 22 1380
411942 412892 -0.362743 80.0 20 950
412892 418352 2.772715 80.0 6 5460
418352 419562 6.590284 80.0 12 1210
419562 420772 2.420289 80.0 2 1210
420772 421452 4.734875 80.0 22 680
421452 422652 2.475802 80.0 2 1200
422652 428672 7.125306 80.0 15 6020
428672 429172 1.007488 80.0 18 500
429172 429972 -4.064647 80.0 17 800
429972 434112 -7.504985 80.0 11 4140
434112 435182 -0.661108 80.0 13 1070
435182 435692 -6.304104 80.0 3 510
435692 436022 -3.502949 80.0 29 330
436022 438262 -0.534398 80.0 9 2240
438262 438752 2.01974 80.0 26 490
438752 439732 5.862787 80.0 22 980
439732 440352 -0.361761 80.0 18 620
440352 440902 -5.929985 80.0 3 550
440902 441982 -2.789481 80.0 13 1080
441982 442812 -5.624831 80.0 3 830
442812 443372 -3.582518 80.0 29 560
443372 443792 -0.830805 80.0 28 420
443792 444362 0.531453 80.0 24 570
444362 445512 -0.866842 80.0 25 1150
