380778 381008 0.672951 80.0 24 230
381008 381548 -0.508392 80.0 7 540
381548 386288 1.057892 80.0 10 4740
386288 386878 -0.600412 80.0 7 590
386878 396968 1.738285 80.0 27 10090
396968 398068 -1.34681 80.0 25 1100
398068 403108 1.077899 80.0 6 5040
403108 405768 7.597561 80.0 4 2660
405768 407058 -0.898052 80.0 18 1290
407058 407728 -5.522801 80.0 3 670
407728 408348 -2.577778 80.0 8 620
408348 410508 1.634116 80.0 21 2160
410508 411968 5.263813 80.0 22 1460
411968 412288 1.662455 80.0 16 320
412288 412928 -1.402859 80.0 7 640
412928 418348 2.782442 80.0 6 5420
418348 419598 6.459653 80.0 12 1250
419598 420638 2.175943 80.0 2 1040
420638 421508 4.550999 80.0 22 870
421508 422638 2.412037 80.0 2 1130
422638 428688 7.097832 80.0 15 6050
428688 429188 0.942987 80.0 18 500
429188 429978 -4.053886 80.0 17 790
429978 434118 -7.499752 80.0 11 4140
434118 435208 -0.791424 80.0 13 1090
435208 435708 -6.231024 80.0 3 500
435708 436038 -3.484398 80.0 29 330
436038 438258 -0.542773 80.0 9 2220
438258 438738 1.878955 80.0 26 480
438738 439758 5.738375 80.0 22 1020
439758 440378 -0.566703 80.0 18 620
440378 440908 -5.922526 80.0 3 530
440908 441998 -2.846408 80.0 13 1090
441998 442818 -5.614277 80.0 3 820
442818 443378 -3.599779 80.0 29 560
443378 443808 -0.847365 80.0 28 430
443808 444348 0.51416 80.0 24 540
444348 445508 -0.861534 80.0 25 1160
