380457 380867 1.767242 80.0 19 410
380867 381387 -2.088944 80.0 7 520
381387 386067 1.469141 80.0 10 4680
386067 386717 -0.983632 80.0 7 650
386717 395087 1.556847 80.0 0 8370
395087 395657 -0.531732 80.0 7 570
395657 396787 2.182353 80.0 19 1130
396787 397747 -1.767113 80.0 25 960
397747 398897 0.362544 80.0 24 1150
398897 399557 -0.211262 80.0 7 660
399557 403137 1.562945 80.0 14 3580
403137 405497 8.239593 80.0 4 2360
405497 405817 2.78287 80.0 16 320
405817 406497 -0.261571 80.0 1 680
406497 406777 -3.54276 80.0 17 280
406777 407707 -5.567653 80.0 3 930
407707 408087 -2.619531 80.0 8 380
408087 411327 2.659065 80.0 14 3240
411327 411847 6.494542 80.0 22 520
411847 412737 -1.030169 80.0 20 890
412737 418287 2.762693 80.0 6 5550
418287 419397 6.965227 80.0 12 1110
419397 422727 2.887574 80.0 23 3330
422727 428537 7.228886 80.0 15 5810
428537 428957 1.780223 80.0 18 420
428957 429807 -4.054423 80.0 17 850
429807 434047 -7.59657 80.0 11 4240
434047 434247 -2.504502 80.0 8 200
434247 434777 3.191134 80.0 19 530
434777 434967 -2.631642 80.0 17 190
434967 435577 -7.009798 80.0 3 610
435577 435807 -3.431345 80.0 29 230
435807 438247 -0.465591 80.0 9 2440
438247 438657 2.64149 80.0 26 410
438657 439617 6.396691 80.0 22 960
439617 440097 0.24728 80.0 18 480
440097 440827 -6.014423 80.0 3 730
440827 441747 -1.950207 80.0 13 920
441747 442747 -5.598027 80.0 3 1000
442747 443557 -2.376896 80.0 8 810
443557 444227 0.601636 80.0 24 670
444227 445507 -1.025512 80.0 25 1280
