380526 380896 1.604532 80.0 19 370
380896 381426 -1.767813 80.0 7 530
381426 386116 1.448109 80.0 10 4690
386116 386746 -0.925212 80.0 7 630
386746 395106 1.552096 80.0 0 8360
395106 395676 -0.476669 80.0 7 570
395676 396836 2.299703 80.0 19 1160
396836 397816 -1.684864 80.0 25 980
397816 398966 0.360829 80.0 24 1150
398966 399596 -0.199262 80.0 7 630
399596 403086 1.564492 80.0 14 3490
403086 405576 8.024332 80.0 4 2490
405576 405886 2.371461 80.0 16 310
405886 406526 -0.329116 80.0 1 640
406526 406826 -3.496033 80.0 17 300
406826 407706 -5.557811 80.0 3 880
407706 408156 -2.584846 80.0 8 450
408156 410556 1.793749 80.0 21 2400
410556 411886 5.703204 80.0 22 1330
411886 412736 -1.025333 80.0 20 850
412736 418266 2.729369 80.0 6 5530
418266 419456 6.744472 80.0 12 1190
419456 422646 2.820557 80.0 23 3190
422646 428596 7.164379 80.0 15 5950
428596 429006 1.342191 80.0 18 410
429006 429936 -4.043182 80.0 17 930
429936 434066 -7.552115 80.0 11 4130
434066 434286 -2.449619 80.0 8 220
434286 434796 2.885783 80.0 19 510
434796 435016 -2.437629 80.0 17 220
435016 435606 -6.868137 80.0 3 590
435606 435856 -3.447166 80.0 29 250
435856 438256 -0.484468 80.0 9 2400
438256 438646 2.252122 80.0 26 390
438646 439666 6.21019 80.0 22 1020
439666 440156 -0.131735 80.0 18 490
440156 440846 -6.031388 80.0 3 690
440846 441796 -2.149865 80.0 13 950
441796 442766 -5.616875 80.0 3 970
442766 443606 -2.389675 80.0 8 840
443606 444246 0.536395 80.0 24 640
444246 445506 -1.030797 80.0 25 1260
