380529 380899 1.579515 80.0 19 370
380899 381419 -1.825341 80.0 7 520
381419 386129 1.1303 80.0 10 4710
386129 386749 -0.932805 80.0 7 620
386749 395099 1.553551 80.0 0 8350
395099 395679 -0.466528 80.0 7 580
395679 396839 2.295364 80.0 19 1160
396839 397819 -1.682171 80.0 25 980
397819 398969 0.36073 80.0 24 1150
398969 399599 -0.197754 80.0 7 630
399599 403109 1.585219 80.0 14 3510
403109 405569 8.058901 80.0 4 2460
405569 405889 2.450129 80.0 16 320
405889 406529 -0.340709 80.0 1 640
406529 406829 -3.503487 80.0 17 300
406829 407709 -5.554019 80.0 3 880
407709 408149 -2.62084 80.0 8 440
408149 410619 1.862364 80.0 21 2470
410619 411869 5.749581 80.0 22 1250
411869 412729 -0.898786 80.0 20 860
412729 418289 2.734027 80.0 6 5560
418289 419439 6.805512 80.0 12 1150
419439 422679 2.852064 80.0 23 3240
422679 428579 7.184635 80.0 15 5900
428579 429009 1.467602 80.0 18 430
429009 429939 -4.046979 80.0 17 930
429939 434069 -7.551915 80.0 11 4130
434069 434289 -2.391443 80.0 8 220
434289 434799 2.860054 80.0 19 510
434799 435019 -2.472814 80.0 17 220
435019 435609 -6.854851 80.0 3 590
435609 435859 -3.429127 80.0 29 250
435859 438259 -0.482792 80.0 9 2400
438259 438659 2.337548 80.0 26 400
438659 439649 6.244051 80.0 22 990
439649 440159 0.027466 80.0 18 510
440159 440839 -6.040898 80.0 3 680
440839 441809 -2.217179 80.0 13 970
441809 442759 -5.626892 80.0 3 950
442759 443609 -2.409851 80.0 8 850
443609 444249 0.527024 80.0 24 640
444249 445509 -1.030168 80.0 25 1260
