380739 380989 0.88802 80.0 24 250
380989 381539 -0.614217 80.0 7 550
381539 386259 1.073521 80.0 10 4720
386259 386849 -0.663782 80.0 7 590
386849 396949 1.484935 80.0 27 10100
396949 398029 -1.398465 80.0 25 1080
398029 403149 1.34078 80.0 6 5120
403149 405699 7.781252 80.0 4 2550
405699 407009 -0.641873 80.0 18 1310
407009 407719 -5.524982 80.0 3 710
407719 408319 -2.600066 80.0 8 600
408319 410579 1.733136 80.0 21 2260
410579 411929 5.40782 80.0 22 1350
411929 412899 -0.348765 80.0 20 970
412899 418369 2.784787 80.0 6 5470
418369 419539 6.697089 80.0 12 1170
419539 420829 2.525395 80.0 2 1290
420829 421429 4.815362 80.0 22 600
421429 422679 2.537771 80.0 2 1250
422679 428659 7.147192 80.0 15 5980
428659 429159 1.081944 80.0 18 500
429159 429969 -4.057209 80.0 17 810
429969 434109 -7.508922 80.0 11 4140
434109 435169 -0.58719 80.0 13 1060
435169 435689 -6.333873 80.0 3 520
435689 436009 -3.495778 80.0 29 320
436009 438259 -0.532688 80.0 9 2250
438259 438769 2.128395 80.0 26 510
438769 439719 5.939745 80.0 22 950
439719 440339 -0.274683 80.0 18 620
440339 440899 -5.934579 80.0 3 560
440899 441969 -2.751848 80.0 13 1070
441969 442809 -5.625388 80.0 3 840
442809 443369 -3.562203 80.0 29 560
443369 443779 -0.821177 80.0 28 410
443779 444359 0.542124 80.0 24 580
444359 445509 -0.86673 80.0 25 1150
