380775 381015 0.738138 80.0 24 240
381015 381545 -0.535286 80.0 7 530
381545 386285 1.058753 80.0 10 4740
386285 386875 -0.605297 80.0 7 590
386875 396965 1.480488 80.0 27 10090
396965 398065 -1.348432 80.0 25 1100
398065 403135 1.315665 80.0 6 5070
403135 405735 7.686481 80.0 4 2600
405735 407055 -0.775791 80.0 18 1320
407055 407725 -5.528008 80.0 3 670
407725 408345 -2.599285 80.0 8 620
408345 410555 1.686989 80.0 21 2210
410555 411945 5.335958 80.0 22 1390
411945 412915 -0.294003 80.0 20 970
412915 418365 2.781516 80.0 6 5450
418365 419565 6.567397 80.0 12 1200
419565 420735 2.376896 80.0 2 1170
420735 421475 4.660808 80.0 22 740
421475 422665 2.484574 80.0 2 1190
422665 428675 7.12314 80.0 15 6010
428675 429185 1.031698 80.0 18 510
429185 429975 -4.048162 80.0 17 790
429975 434115 -7.50039 80.0 11 4140
434115 435205 -0.784894 80.0 13 1090
435205 435705 -6.244237 80.0 3 500
435705 436045 -3.460572 80.0 29 340
436045 438255 -0.537286 80.0 9 2210
438255 438765 1.986521 80.0 26 510
438765 439725 5.853182 80.0 22 960
439725 440375 -0.333197 80.0 18 650
440375 440895 -5.946426 80.0 3 520
440895 441995 -2.859987 80.0 13 1100
441995 442815 -5.61706 80.0 3 820
442815 443385 -3.594839 80.0 29 570
443385 443805 -0.832901 80.0 28 420
443805 444355 0.514864 80.0 24 550
444355 445505 -0.865869 80.0 25 1150
