380716 380986 0.919489 80.0 24 270
380986 381516 -0.688676 80.0 7 530
381516 386246 1.076364 80.0 10 4730
386246 386846 -0.682283 80.0 7 600
386846 396926 1.491115 80.0 27 10080
396926 398006 -1.410747 80.0 25 1080
398006 403166 1.362558 80.0 6 5160
403166 405656 7.875423 80.0 4 2490
405656 406076 2.366211 80.0 16 420
406076 406586 -0.548391 80.0 1 510
406586 407006 -3.534258 80.0 17 420
407006 407726 -5.53336 80.0 3 720
407726 408296 -2.572073 80.0 8 570
408296 410686 1.865588 80.0 21 2390
410686 411906 5.533726 80.0 22 1220
411906 412876 -0.329922 80.0 20 970
412876 418376 2.78298 80.0 6 5500
418376 419506 6.818209 80.0 12 1130
419506 422716 2.994262 80.0 23 3210
422716 428616 7.188797 80.0 15 5900
428616 429146 1.288768 80.0 18 530
429146 429966 -4.074911 80.0 17 820
429966 434106 -7.512021 80.0 11 4140
434106 435166 -0.549045 80.0 13 1060
435166 435676 -6.43145 80.0 3 510
435676 435996 -3.483881 80.0 29 320
435996 438256 -0.526782 80.0 9 2260
438256 438776 2.239295 80.0 26 520
438776 439686 6.049252 80.0 22 910
439686 440326 -0.109059 80.0 18 640
440326 440886 -5.956319 80.0 3 560
440886 441946 -2.707646 80.0 13 1060
441946 442796 -5.628875 80.0 3 850
442796 443356 -3.567712 80.0 29 560
443356 445506 -0.64316 80.0 9 2150
