380462 380872 1.749093 80.0 19 410
380872 381382 -2.09955 80.0 7 510
381382 386072 1.463829 80.0 10 4690
386072 386712 -0.993458 80.0 7 640
386712 395082 1.556369 80.0 0 8370
395082 395662 -0.52034 80.0 7 580
395662 396782 2.198954 80.0 19 1120
396782 397752 -1.748097 80.0 25 970
397752 398902 0.362471 80.0 24 1150
398902 399562 -0.209972 80.0 7 660
399562 403112 1.533688 80.0 14 3550
403112 405522 8.176312 80.0 4 2410
405522 405822 2.600684 80.0 16 300
405822 406502 -0.269605 80.0 1 680
406502 406782 -3.556504 80.0 17 280
406782 407712 -5.565981 80.0 3 930
407712 408102 -2.527256 80.0 8 390
408102 410722 2.021685 80.0 21 2620
410722 411862 5.916888 80.0 22 1140
411862 412732 -1.117329 80.0 20 870
412732 418272 2.751698 80.0 6 5540
418272 419412 6.910937 80.0 12 1140
419412 422702 2.859812 80.0 23 3290
422702 428552 7.216005 80.0 15 5850
428552 428952 1.738082 80.0 18 400
428952 429812 -4.036507 80.0 17 860
429812 434052 -7.594931 80.0 11 4240
434052 434252 -2.449186 80.0 8 200
434252 434782 3.164769 80.0 19 530
434782 434962 -2.54371 80.0 17 180
434962 435582 -6.965231 80.0 3 620
435582 435822 -3.353314 80.0 29 240
435822 438242 -0.460084 80.0 9 2420
438242 438642 2.469847 80.0 26 400
438642 439632 6.351834 80.0 22 990
439632 440102 0.099912 80.0 18 470
440102 440832 -6.010398 80.0 3 730
440832 441752 -1.955136 80.0 13 920
441752 442752 -5.598206 80.0 3 1000
442752 443562 -2.362616 80.0 8 810
443562 444232 0.594224 80.0 24 670
444232 445512 -1.026918 80.0 25 1280
