380676 380956 1.098859 80.0 24 280
380956 381506 -0.792874 80.0 7 550
381506 386216 1.606456 80.0 10 4710
386216 386826 -0.743043 80.0 7 610
386826 395186 1.538675 80.0 0 8360
395186 395696 -0.391636 80.0 7 510
395696 396916 2.003243 80.0 19 1220
396916 397966 -1.484181 80.0 25 1050
397966 399096 0.358986 80.0 24 1130
399096 399616 -0.17892 80.0 7 520
399616 403066 1.475958 80.0 14 3450
403066 405716 7.688536 80.0 4 2650
405716 406036 1.930036 80.0 16 320
406036 406576 -0.481957 80.0 1 540
406576 406966 -3.513349 80.0 17 390
406966 407726 -5.538652 80.0 3 760
407726 408266 -2.590476 80.0 8 540
408266 410476 1.642859 80.0 21 2210
410476 411956 5.367348 80.0 22 1480
411956 412836 -0.749906 80.0 20 880
412836 418296 2.748088 80.0 6 5460
418296 419566 6.61633 80.0 12 1270
419566 420616 2.126134 80.0 2 1050
420616 421476 4.643917 80.0 22 860
421476 422576 2.262684 80.0 2 1100
422576 428686 7.09869 80.0 15 6110
428686 429116 0.843855 80.0 18 430
429116 429966 -4.073423 80.0 17 850
429966 434096 -7.527944 80.0 11 4130
434096 434356 -2.613583 80.0 8 260
434356 434856 1.977474 80.0 19 500
434856 435126 -2.368028 80.0 17 270
435126 435666 -6.51669 80.0 3 540
435666 435966 -3.480289 80.0 29 300
435966 438256 -0.519996 80.0 9 2290
438256 438666 1.800841 80.0 26 410
438666 439746 5.839708 80.0 22 1080
439746 440286 -0.471763 80.0 18 540
440286 440886 -5.946096 80.0 3 600
440886 441926 -2.60307 80.0 13 1040
441926 442796 -5.639118 80.0 3 870
442796 443336 -3.543552 80.0 29 540
443336 443746 -0.814306 80.0 28 410
443746 444276 0.44182 80.0 24 530
444276 445506 -1.027468 80.0 25 1230
