380507 380887 1.656847 80.0 19 380
380887 381417 -1.846141 80.0 7 530
381417 386107 1.454595 80.0 10 4690
386107 386737 -0.949924 80.0 7 630
386737 395097 1.553824 80.0 0 8360
395097 395667 -0.491028 80.0 7 570
395667 396817 2.099271 80.0 19 1150
396817 397797 -1.706966 80.0 25 980
397797 398947 0.361258 80.0 24 1150
398947 399587 -0.202229 80.0 7 640
399587 403077 1.565032 80.0 14 3490
403077 405577 8.023337 80.0 4 2500
405577 405867 2.311658 80.0 16 290
405867 406517 -0.306182 80.0 1 650
406517 406807 -3.468809 80.0 17 290
406807 407707 -5.556992 80.0 3 900
407707 408137 -2.594439 80.0 8 430
408137 410577 1.823783 80.0 21 2440
410577 411887 5.743839 80.0 22 1310
411887 412737 -1.105554 80.0 20 850
412737 418267 2.735673 80.0 6 5530
418267 419437 6.807975 80.0 12 1170
419437 422657 2.830184 80.0 23 3220
422657 428587 7.177365 80.0 15 5930
428587 428987 1.451685 80.0 18 400
428987 429827 -4.055871 80.0 17 840
429827 434067 -7.527095 80.0 11 4240
434067 434277 -2.364742 80.0 8 210
434277 434787 3.007988 80.0 19 510
434787 434997 -2.376619 80.0 17 210
434997 435607 -6.86412 80.0 3 610
435607 435847 -3.357823 80.0 29 240
435847 438257 -0.47612 80.0 9 2410
438257 438637 2.290066 80.0 26 380
438637 439647 6.259317 80.0 22 1010
439647 440147 -0.050699 80.0 18 500
440147 440847 -6.0321 80.0 3 700
440847 441787 -2.089475 80.0 13 940
441787 442757 -5.61813 80.0 3 970
442757 443597 -2.38763 80.0 8 840
443597 444247 0.55172 80.0 24 650
444247 445507 -1.033836 80.0 25 1260
