380684 380954 1.078819 80.0 24 270
380954 381504 -0.768372 80.0 7 550
381504 386224 1.801353 80.0 10 4720
386224 386824 -0.738811 80.0 7 600
386824 395184 1.537762 80.0 0 8360
395184 395704 -0.374789 80.0 7 520
395704 396914 2.007885 80.0 19 1210
396914 397974 -1.46246 80.0 25 1060
397974 399094 0.361466 80.0 24 1120
399094 399604 -0.179038 80.0 7 510
399604 403084 1.479427 80.0 14 3480
403084 405704 7.726418 80.0 4 2620
405704 406044 2.026181 80.0 16 340
406044 406574 -0.479393 80.0 1 530
406574 406974 -3.503167 80.0 17 400
406974 407724 -5.541539 80.0 3 750
407724 408274 -2.585272 80.0 8 550
408274 410504 1.670529 80.0 21 2230
410504 411964 5.374226 80.0 22 1460
411964 412844 -0.752865 80.0 20 880
412844 418314 3.100265 80.0 6 5470
418314 419564 6.64017 80.0 12 1250
419564 420684 2.239662 80.0 2 1120
420684 421464 4.717306 80.0 22 780
421464 422594 2.314519 80.0 2 1130
422594 428664 7.117592 80.0 15 6070
428664 429124 0.978203 80.0 18 460
429124 429964 -4.077063 80.0 17 840
429964 434094 -7.525823 80.0 11 4130
434094 434364 -2.612308 80.0 8 270
434364 434864 1.931478 80.0 19 500
434864 435134 -2.442485 80.0 17 270
435134 435674 -6.489216 80.0 3 540
435674 435964 -3.490961 80.0 29 290
435964 438254 -0.526317 80.0 9 2290
438254 438694 1.912003 80.0 26 440
438694 439734 5.894356 80.0 22 1040
439734 440294 -0.392936 80.0 18 560
440294 440884 -5.950883 80.0 3 590
440884 441934 -2.636181 80.0 13 1050
441934 442794 -5.642962 80.0 3 860
442794 443344 -3.54324 80.0 29 550
443344 443754 -0.796324 80.0 28 410
443754 444274 0.441441 80.0 24 520
444274 445504 -1.027081 80.0 25 1230
