380671 380951 1.123686 80.0 24 280
380951 381501 -0.802389 80.0 7 550
381501 386211 1.837279 80.0 10 4710
386211 386821 -0.74791 80.0 7 610
386821 395181 1.539077 80.0 0 8360
395181 395701 -0.389585 80.0 7 520
395701 396911 2.024819 80.0 19 1210
396911 397961 -1.485874 80.0 25 1050
397961 399091 0.359448 80.0 24 1130
399091 399611 -0.181051 80.0 7 520
399611 403081 1.486243 80.0 14 3470
403081 405711 7.720899 80.0 4 2630
405711 406031 1.948967 80.0 16 320
406031 406571 -0.465803 80.0 1 540
406571 406961 -3.498411 80.0 17 390
406961 407721 -5.543865 80.0 3 760
407721 408261 -2.614129 80.0 8 540
408261 410491 1.659721 80.0 21 2230
410491 411961 5.380117 80.0 22 1470
411961 412831 -0.795879 80.0 20 870
412831 418291 2.74671 80.0 6 5460
418291 419561 6.621344 80.0 12 1270
419561 420701 2.26441 80.0 2 1140
420701 421461 4.74745 80.0 22 760
421461 422581 2.286925 80.0 2 1120
422581 428671 7.111432 80.0 15 6090
428671 429111 0.945518 80.0 18 440
429111 429961 -4.065536 80.0 17 850
429961 434091 -7.528393 80.0 11 4130
434091 434361 -2.578727 80.0 8 270
434361 434861 2.011611 80.0 19 500
434861 435121 -2.421117 80.0 17 260
435121 435661 -6.535762 80.0 3 540
435661 435961 -3.497695 80.0 29 300
435961 438261 -0.517562 80.0 9 2300
438261 438671 1.867383 80.0 26 410
438671 439731 5.882841 80.0 22 1060
439731 440291 -0.433181 80.0 18 560
440291 440881 -5.962673 80.0 3 590
440881 441921 -2.594625 80.0 13 1040
441921 442791 -5.641309 80.0 3 870
442791 443331 -3.55664 80.0 29 540
443331 443751 -0.803327 80.0 28 420
443751 444271 0.456055 80.0 24 520
444271 445511 -1.020962 80.0 25 1240
