380683 380963 1.054912 80.0 24 280
380963 381503 -0.7823 80.0 7 540
381503 386223 1.801083 80.0 10 4720
386223 386823 -0.739733 80.0 7 600
386823 395183 1.537816 80.0 0 8360
395183 395703 -0.375429 80.0 7 520
395703 396923 1.992327 80.0 19 1220
396923 397973 -1.47672 80.0 25 1050
397973 399103 0.358266 80.0 24 1130
399103 399603 -0.182985 80.0 7 500
399603 403073 1.470855 80.0 14 3470
403073 405713 7.698359 80.0 4 2640
405713 406043 1.980711 80.0 16 330
406043 406573 -0.473013 80.0 1 530
406573 406973 -3.490023 80.0 17 400
406973 407723 -5.543416 80.0 3 750
407723 408273 -2.601903 80.0 8 550
408273 410493 1.65841 80.0 21 2220
410493 411963 5.365419 80.0 22 1470
411963 412843 -0.74752 80.0 20 880
412843 418293 2.750168 80.0 6 5450
418293 419563 6.597296 80.0 12 1270
419563 420613 2.134046 80.0 2 1050
420613 421483 4.629303 80.0 22 870
421483 422583 2.267838 80.0 2 1100
422583 428683 7.103673 80.0 15 6100
428683 429123 0.863442 80.0 18 440
429123 429963 -4.072052 80.0 17 840
429963 434093 -7.525934 80.0 11 4130
434093 434363 -2.632954 80.0 8 270
434363 434863 1.932476 80.0 19 500
434863 435133 -2.426515 80.0 17 270
435133 435673 -6.486668 80.0 3 540
435673 435973 -3.453481 80.0 29 300
435973 438253 -0.520636 80.0 9 2280
438253 438673 1.804044 80.0 26 420
438673 439743 5.838626 80.0 22 1070
439743 440293 -0.44601 80.0 18 550
440293 440883 -5.951581 80.0 3 590
440883 441933 -2.633075 80.0 13 1050
441933 442793 -5.642706 80.0 3 860
442793 443343 -3.550539 80.0 29 550
443343 443753 -0.802972 80.0 28 410
443753 444273 0.441159 80.0 24 520
444273 445503 -1.027367 80.0 25 1230
