380727 380987 0.856062 80.0 24 260
380987 381527 -0.664306 80.0 7 540
381527 386247 1.288808 80.0 10 4720
386247 386857 -0.662491 80.0 7 610
386857 396947 1.488556 80.0 27 10090
396947 398017 -1.420867 80.0 25 1070
398017 403097 1.212646 80.0 6 5080
403097 405727 7.68135 80.0 4 2630
405727 406087 2.009042 80.0 16 360
406087 406587 -0.540689 80.0 1 500
406587 407017 -3.518408 80.0 17 430
407017 407727 -5.537277 80.0 3 710
407727 408297 -2.62495 80.0 8 570
408297 410507 1.64815 80.0 21 2210
410507 411957 5.337412 80.0 22 1450
411957 412887 -0.533289 80.0 20 930
412887 418327 2.769702 80.0 6 5440
418327 419577 6.560186 80.0 12 1250
419577 420657 2.204984 80.0 2 1080
420657 421497 4.625069 80.0 22 840
421497 422607 2.325792 80.0 2 1110
422607 428687 7.100388 80.0 15 6080
428687 429147 0.919163 80.0 18 460
429147 429967 -4.051772 80.0 17 820
429967 434107 -7.511311 80.0 11 4140
434107 435177 -0.603025 80.0 13 1070
435177 435687 -6.409044 80.0 3 510
435687 436007 -3.455205 80.0 29 320
436007 438257 -0.527431 80.0 9 2250
438257 438707 1.870803 80.0 26 450
438707 439747 5.810863 80.0 22 1040
439747 440337 -0.538077 80.0 18 590
440337 440897 -5.950811 80.0 3 560
440897 441957 -2.716138 80.0 13 1060
441957 442807 -5.626623 80.0 3 850
442807 443357 -3.575941 80.0 29 550
443357 443777 -0.827355 80.0 28 420
443777 444347 0.57714 80.0 24 570
444347 445507 -0.860116 80.0 25 1160
