380482 380882 1.698532 80.0 19 400
380882 381402 -2.00239 80.0 7 520
381402 386092 1.460063 80.0 10 4690
386092 386732 -0.967639 80.0 7 640
386732 395082 1.558069 80.0 0 8350
395082 395662 -0.503547 80.0 7 580
395662 396792 2.160112 80.0 19 1130
396792 397772 -1.719762 80.0 25 980
397772 398922 0.361898 80.0 24 1150
398922 399562 -0.209863 80.0 7 640
399562 403102 1.511475 80.0 14 3540
403102 405542 8.123441 80.0 4 2440
405542 405842 2.505169 80.0 16 300
405842 406512 -0.293316 80.0 1 670
406512 406802 -3.576441 80.0 17 290
406802 407712 -5.566041 80.0 3 910
407712 408112 -2.583684 80.0 8 400
408112 410672 1.947695 80.0 21 2560
410672 411862 5.855914 80.0 22 1190
411862 412732 -1.03626 80.0 20 870
412732 418282 2.747765 80.0 6 5550
418282 419412 6.903511 80.0 12 1130
419412 422692 2.859534 80.0 23 3280
422692 428572 7.201446 80.0 15 5880
428572 428972 1.530495 80.0 18 400
428972 429812 -4.047373 80.0 17 840
429812 434052 -7.528992 80.0 11 4240
434052 434252 -2.640313 80.0 8 200
434252 434782 3.035607 80.0 19 530
434782 434982 -2.47196 80.0 17 200
434982 435592 -6.93713 80.0 3 610
435592 435822 -3.432072 80.0 29 230
435822 438242 -0.476224 80.0 9 2420
438242 438652 2.420231 80.0 26 410
438652 439632 6.33423 80.0 22 980
439632 440122 0.109982 80.0 18 490
440122 440832 -6.029325 80.0 3 710
440832 441772 -2.053517 80.0 13 940
441772 442752 -5.610985 80.0 3 980
442752 443582 -2.369532 80.0 8 830
443582 444232 0.583196 80.0 24 650
444232 445512 -1.022537 80.0 25 1280
