380687 380967 1.021479 80.0 24 280
380967 381507 -0.771523 80.0 7 540
381507 386227 1.781812 80.0 10 4720
386227 386837 -0.722425 80.0 7 610
386837 395187 1.539388 80.0 0 8350
395187 395707 -0.372879 80.0 7 520
395707 396927 1.987843 80.0 19 1220
396927 397977 -1.47449 80.0 25 1050
397977 399097 0.361185 80.0 24 1120
399097 399597 -0.181246 80.0 7 500
399597 403087 1.477858 80.0 14 3490
403087 405717 7.707795 80.0 4 2630
405717 406047 1.969885 80.0 16 330
406047 406577 -0.492312 80.0 1 530
406577 406967 -3.467707 80.0 17 390
406967 407717 -5.536684 80.0 3 750
407717 408277 -2.616674 80.0 8 560
408277 410497 1.65994 80.0 21 2220
410497 411947 5.383009 80.0 22 1450
411947 412847 -0.649394 80.0 20 900
412847 418307 3.16731 80.0 6 5460
418307 419567 6.612469 80.0 12 1260
419567 420647 2.181673 80.0 2 1080
420647 421477 4.663993 80.0 22 830
421477 422597 2.303898 80.0 2 1120
422597 428677 7.110642 80.0 15 6080
428677 429117 0.963294 80.0 18 440
429117 429967 -4.053635 80.0 17 850
429967 434107 -7.519426 80.0 11 4140
434107 434367 -2.489895 80.0 8 260
434367 434867 1.904361 80.0 19 500
434867 435137 -2.452021 80.0 17 270
435137 435667 -6.500693 80.0 3 530
435667 435977 -3.488497 80.0 29 310
435977 438257 -0.520259 80.0 9 2280
438257 438687 1.880206 80.0 26 430
438687 439737 5.871228 80.0 22 1050
439737 440307 -0.490414 80.0 18 570
440307 440887 -5.967732 80.0 3 580
440887 441937 -2.643291 80.0 13 1050
441937 442797 -5.63999 80.0 3 860
442797 443337 -3.566312 80.0 29 540
443337 443767 -0.803832 80.0 28 430
443767 444267 0.453904 80.0 24 500
444267 445507 -1.016575 80.0 25 1240
