380685 380955 1.049974 80.0 24 270
380955 381505 -0.753097 80.0 7 550
381505 386225 1.340365 80.0 10 4720
386225 386835 -0.720285 80.0 7 610
386835 395185 1.539289 80.0 0 8350
395185 395695 -0.378032 80.0 7 510
395695 396915 1.987165 80.0 19 1220
396915 397975 -1.459262 80.0 25 1060
397975 403165 1.121556 80.0 6 5190
403165 405645 7.914378 80.0 4 2480
405645 406045 2.362821 80.0 16 400
406045 406575 -0.496209 80.0 1 530
406575 406975 -3.512152 80.0 17 400
406975 407725 -5.535923 80.0 3 750
407725 408275 -2.566326 80.0 8 550
408275 410655 1.842233 80.0 21 2380
410655 411905 5.549633 80.0 22 1250
411905 412845 -0.440591 80.0 20 940
412845 418365 2.771432 80.0 6 5520
418365 419505 6.861237 80.0 12 1140
419505 422715 2.984058 80.0 23 3210
422715 428615 7.197346 80.0 15 5900
428615 429125 1.281087 80.0 18 510
429125 429965 -4.080592 80.0 17 840
429965 434095 -7.525449 80.0 11 4130
434095 434375 -2.458852 80.0 8 280
434375 434875 1.900092 80.0 19 500
434875 435135 -2.566746 80.0 17 260
435135 435665 -6.502255 80.0 3 530
435665 435975 -3.471614 80.0 29 310
435975 438255 -0.519404 80.0 9 2280
438255 438755 2.225498 80.0 26 500
438755 439685 6.077912 80.0 22 930
439685 440295 -0.043242 80.0 18 610
440295 440885 -5.945954 80.0 3 590
440885 441935 -2.64039 80.0 13 1050
441935 442795 -5.640188 80.0 3 860
442795 443335 -3.55974 80.0 29 540
443335 443765 -0.796796 80.0 28 430
443765 444265 0.454389 80.0 24 500
444265 445505 -1.017014 80.0 25 1240
