380701 380971 0.97376 80.0 24 270
380971 381511 -0.737464 80.0 7 540
381511 386241 1.322472 80.0 10 4730
386241 386831 -0.727037 80.0 7 590
386831 395201 1.534514 80.0 0 8370
395201 395701 -0.375894 80.0 7 500
395701 396931 1.957291 80.0 19 1230
396931 397991 -1.452229 80.0 25 1060
397991 403091 1.071615 80.0 6 5100
403091 405711 7.714418 80.0 4 2620
405711 406061 2.032182 80.0 16 350
406061 406591 -0.53485 80.0 1 530
406591 406991 -3.552479 80.0 17 400
406991 407721 -5.543053 80.0 3 730
407721 408291 -2.587518 80.0 8 570
408291 410491 1.653826 80.0 21 2200
410491 411961 5.343967 80.0 22 1470
411961 412861 -0.658747 80.0 20 900
412861 418311 2.75961 80.0 6 5450
418311 419561 6.606654 80.0 12 1250
419561 420671 2.238075 80.0 2 1110
420671 421481 4.673269 80.0 22 810
421481 422601 2.312549 80.0 2 1120
422601 428681 7.108842 80.0 15 6080
428681 429141 0.855712 80.0 18 460
429141 429961 -4.082295 80.0 17 820
429961 434111 -7.510209 80.0 11 4150
434111 434371 -2.496494 80.0 8 260
434371 434871 1.809876 80.0 19 500
434871 435151 -2.480778 80.0 17 280
435151 435671 -6.47835 80.0 3 520
435671 435981 -3.516759 80.0 29 310
435981 438261 -0.525142 80.0 9 2280
438261 438701 1.92713 80.0 26 440
438701 439731 5.877737 80.0 22 1030
439731 440311 -0.385925 80.0 18 580
440311 440881 -5.963854 80.0 3 570
440881 441951 -2.700827 80.0 13 1070
441951 442791 -5.648109 80.0 3 840
442791 443351 -3.573249 80.0 29 560
443351 443771 -0.793487 80.0 28 420
443771 444271 0.435239 80.0 24 500
444271 445511 -1.014575 80.0 25 1240
