380556 380906 1.533293 80.0 19 350
380906 381446 -1.58574 80.0 7 540
381446 386136 1.437121 80.0 10 4690
386136 386766 -0.884324 80.0 7 630
386766 395116 1.551207 80.0 0 8350
395116 395686 -0.452772 80.0 7 570
395686 396846 2.259554 80.0 19 1160
396846 397846 -1.633659 80.0 25 1000
397846 398996 0.360167 80.0 24 1150
398996 399606 -0.195868 80.0 7 610
399606 403076 1.5415 80.0 14 3470
403076 405616 7.931514 80.0 4 2540
405616 405916 2.196412 80.0 16 300
405916 406536 -0.354676 80.0 1 620
406536 406856 -3.501562 80.0 17 320
406856 407706 -5.55758 80.0 3 850
407706 408176 -2.626194 80.0 8 470
408176 410536 1.755847 80.0 21 2360
410536 411906 5.626591 80.0 22 1370
411906 412736 -1.032481 80.0 20 830
412736 418276 2.723624 80.0 6 5540
418276 419476 6.682371 80.0 12 1200
419476 420816 2.243429 80.0 2 1340
420816 421386 5.108748 80.0 22 570
421386 422616 2.354377 80.0 2 1230
422616 428626 7.131549 80.0 15 6010
428626 429036 1.082195 80.0 18 410
429036 429936 -4.064306 80.0 17 900
429936 434076 -7.542193 80.0 11 4140
434076 434296 -2.491869 80.0 8 220
434296 434816 2.64887 80.0 19 520
434816 435036 -2.480119 80.0 17 220
435036 435626 -6.777405 80.0 3 590
435626 435876 -3.419265 80.0 29 250
435876 438256 -0.493612 80.0 9 2380
438256 438636 2.057801 80.0 26 380
438636 439676 6.124513 80.0 22 1040
439676 440186 -0.209951 80.0 18 510
440186 440856 -6.034258 80.0 3 670
440856 441836 -2.281249 80.0 13 980
441836 442766 -5.63806 80.0 3 930
442766 443276 -3.465915 80.0 29 510
443276 443646 -0.865555 80.0 28 370
443646 444246 0.532072 80.0 24 600
444246 445506 -1.025485 80.0 25 1260
