380739 380999 0.772275 80.0 24 260
380999 381539 -0.616863 80.0 7 540
381539 386249 1.074968 80.0 10 4710
386249 386859 -0.637901 80.0 7 610
386859 396949 1.748896 80.0 27 10090
396949 398029 -1.396639 80.0 25 1080
398029 403189 1.494164 80.0 6 5160
403189 405669 7.872046 80.0 4 2480
405669 406099 2.351867 80.0 16 430
406099 406599 -0.592698 80.0 1 500
406599 407019 -3.521963 80.0 17 420
407019 407719 -5.531896 80.0 3 700
407719 408319 -2.590115 80.0 8 600
408319 410739 1.920784 80.0 21 2420
410739 411899 5.548523 80.0 22 1160
411899 412889 -0.207405 80.0 20 990
412889 418399 2.790387 80.0 6 5510
418399 419509 6.811572 80.0 12 1110
419509 422749 3.016819 80.0 23 3240
422749 428609 7.201257 80.0 15 5860
428609 429169 1.319082 80.0 18 560
429169 429959 -4.074262 80.0 17 790
429959 434109 -7.501873 80.0 11 4150
434109 435179 -0.634158 80.0 13 1070
435179 435689 -6.350477 80.0 3 510
435689 436009 -3.486597 80.0 29 320
436009 438259 -0.532007 80.0 9 2250
438259 438799 2.27546 80.0 26 540
438799 439689 6.033207 80.0 22 890
439689 440339 -0.072421 80.0 18 650
440339 440899 -5.929023 80.0 3 560
440899 441969 -2.754542 80.0 13 1070
441969 442809 -5.623323 80.0 3 840
442809 443359 -3.58474 80.0 29 550
443359 443789 -0.826342 80.0 28 430
443789 444359 0.549189 80.0 24 570
444359 445509 -0.865901 80.0 25 1150
