380499 380879 1.693767 80.0 19 380
380879 381409 -1.859817 80.0 7 530
381409 386099 1.456899 80.0 10 4690
386099 386739 -0.943435 80.0 7 640
386739 395099 1.554508 80.0 0 8360
395099 395669 -0.497619 80.0 7 570
395669 396809 2.12467 80.0 19 1140
396809 397789 -1.710498 80.0 25 980
397789 398939 0.361434 80.0 24 1150
398939 399579 -0.204483 80.0 7 640
399579 403119 1.527443 80.0 14 3540
403119 405539 8.134337 80.0 4 2420
405539 405859 2.582181 80.0 16 320
405859 406519 -0.314141 80.0 1 660
406519 406799 -3.489983 80.0 17 280
406799 407709 -5.553548 80.0 3 910
407709 408129 -2.584321 80.0 8 420
408129 410709 1.989581 80.0 21 2580
410709 411859 5.854641 80.0 22 1150
411859 412729 -0.952616 80.0 20 870
412729 418289 2.744492 80.0 6 5560
418289 419409 6.895683 80.0 12 1120
419409 422699 2.873091 80.0 23 3290
422699 428559 7.206207 80.0 15 5860
428559 428989 1.598676 80.0 18 430
428989 429829 -4.075534 80.0 17 840
429829 434069 -7.527631 80.0 11 4240
434069 434269 -2.354981 80.0 8 200
434269 434789 2.991082 80.0 19 520
434789 434989 -2.408544 80.0 17 200
434989 435589 -6.915934 80.0 3 600
435589 435839 -3.466484 80.0 29 250
435839 438259 -0.473423 80.0 9 2420
438259 438659 2.49083 80.0 26 400
438659 439629 6.319363 80.0 22 970
439629 440139 0.117627 80.0 18 510
440139 440839 -6.035453 80.0 3 700
440839 441779 -2.081037 80.0 13 940
441779 442749 -5.616382 80.0 3 970
442749 443589 -2.404295 80.0 8 840
443589 444239 0.558722 80.0 24 650
444239 445509 -1.028948 80.0 25 1270
