380685 380955 1.073535 80.0 24 270
380955 381505 -0.762738 80.0 7 550
381505 386225 1.800371 80.0 10 4720
386225 386825 -0.738468 80.0 7 600
386825 395185 1.537735 80.0 0 8360
395185 395695 -0.381878 80.0 7 510
395695 396915 1.990703 80.0 19 1220
396915 397975 -1.462393 80.0 25 1060
397975 399105 0.358048 80.0 24 1130
399105 399605 -0.181614 80.0 7 500
399605 403085 1.480669 80.0 14 3480
403085 405715 7.70931 80.0 4 2630
405715 406045 1.974868 80.0 16 330
406045 406575 -0.485958 80.0 1 530
406575 406975 -3.499051 80.0 17 400
406975 407725 -5.537619 80.0 3 750
407725 408275 -2.587207 80.0 8 550
408275 410495 1.659514 80.0 21 2220
410495 411955 5.374419 80.0 22 1460
411955 412845 -0.699534 80.0 20 890
412845 418305 2.752825 80.0 6 5460
418305 419565 6.616756 80.0 12 1260
419565 420675 2.227171 80.0 2 1110
420675 421485 4.683756 80.0 22 810
421485 422585 2.272509 80.0 2 1100
422585 428685 7.101137 80.0 15 6100
428685 429125 0.843833 80.0 18 440
429125 429965 -4.075323 80.0 17 840
429965 434095 -7.525919 80.0 11 4130
434095 434365 -2.601591 80.0 8 270
434365 434865 1.918531 80.0 19 500
434865 435135 -2.438911 80.0 17 270
435135 435675 -6.481925 80.0 3 540
435675 435975 -3.443307 80.0 29 300
435975 438255 -0.520494 80.0 9 2280
438255 438685 1.864653 80.0 26 430
438685 439735 5.874784 80.0 22 1050
439735 440295 -0.391279 80.0 18 560
440295 440885 -5.949765 80.0 3 590
440885 441935 -2.637933 80.0 13 1050
441935 442795 -5.641711 80.0 3 860
442795 443345 -3.543703 80.0 29 550
443345 443755 -0.796654 80.0 28 410
443755 444275 0.439933 80.0 24 520
444275 445505 -1.025567 80.0 25 1230
