380749 380999 0.770474 80.0 24 250
380999 381539 -0.599392 80.0 7 540
381539 386269 1.068583 80.0 10 4730
386269 386869 -0.637914 80.0 7 600
386869 396959 1.747516 80.0 27 10090
396959 398039 -1.392495 80.0 25 1080
398039 403139 1.330067 80.0 6 5100
403139 405719 7.733646 80.0 4 2580
405719 407019 -0.706356 80.0 18 1300
407019 407719 -5.525245 80.0 3 700
407719 408329 -2.598706 80.0 8 610
408329 410579 1.73004 80.0 21 2250
410579 411929 5.393172 80.0 22 1350
411929 412899 -0.308699 80.0 20 970
412899 418369 2.781564 80.0 6 5470
418369 419549 6.656364 80.0 12 1180
419549 420799 2.476996 80.0 2 1250
420799 421449 4.760239 80.0 22 650
421449 422659 2.489385 80.0 2 1210
422659 428659 7.134574 80.0 15 6000
428659 429169 1.088999 80.0 18 510
429169 429969 -4.060731 80.0 17 800
429969 434109 -7.506499 80.0 11 4140
434109 435189 -0.692105 80.0 13 1080
435189 435689 -6.342841 80.0 3 500
435689 436019 -3.509068 80.0 29 330
436019 438259 -0.534161 80.0 9 2240
438259 438759 2.048665 80.0 26 500
438759 439719 5.901361 80.0 22 960
439719 440349 -0.269547 80.0 18 630
440349 440899 -5.9387 80.0 3 550
440899 441979 -2.786317 80.0 13 1080
441979 442809 -5.625895 80.0 3 830
442809 443369 -3.588662 80.0 29 560
443369 443789 -0.834078 80.0 28 420
443789 444359 0.535723 80.0 24 570
444359 445509 -0.866757 80.0 25 1150
