380690 380960 1.04483 80.0 24 270
380960 381510 -0.752047 80.0 7 550
381510 386230 1.337478 80.0 10 4720
386230 386830 -0.73127 80.0 7 600
386830 395190 1.537319 80.0 0 8360
395190 395700 -0.378397 80.0 7 510
395700 396920 1.985656 80.0 19 1220
396920 397980 -1.459173 80.0 25 1060
397980 399100 0.360767 80.0 24 1120
399100 399610 -0.175677 80.0 7 510
399610 403090 1.483294 80.0 14 3480
403090 405720 7.707482 80.0 4 2630
405720 406050 1.955113 80.0 16 330
406050 406580 -0.498071 80.0 1 530
406580 406980 -3.517831 80.0 17 400
406980 407720 -5.542494 80.0 3 740
407720 408280 -2.604128 80.0 8 560
408280 410480 1.644366 80.0 21 2200
410480 411960 5.347775 80.0 22 1480
411960 412850 -0.703293 80.0 20 890
412850 418300 3.15462 80.0 6 5450
418300 419570 6.584146 80.0 12 1270
419570 420630 2.153774 80.0 2 1060
420630 421480 4.643173 80.0 22 850
421480 422580 2.274577 80.0 2 1100
422580 428680 7.100797 80.0 15 6100
428680 429130 0.871768 80.0 18 450
429130 429970 -4.085054 80.0 17 840
429970 434100 -7.524409 80.0 11 4130
434100 434370 -2.539989 80.0 8 270
434370 434870 1.885216 80.0 19 500
434870 435140 -2.477521 80.0 17 270
435140 435680 -6.467155 80.0 3 540
435680 435970 -3.46775 80.0 29 290
435970 438260 -0.524708 80.0 9 2290
438260 438690 1.898797 80.0 26 430
438690 439730 5.881604 80.0 22 1040
439730 440300 -0.362855 80.0 18 570
440300 440890 -5.941867 80.0 3 590
440890 441940 -2.641901 80.0 13 1050
441940 442800 -5.639962 80.0 3 860
442800 443350 -3.526716 80.0 29 550
443350 443760 -0.786947 80.0 28 410
443760 444270 0.440721 80.0 24 510
444270 445510 -1.016996 80.0 25 1240
