380644 380934 1.228029 80.0 24 290
380934 381484 -0.858108 80.0 7 550
381484 386194 1.891832 80.0 10 4710
386194 386814 -0.763894 80.0 7 620
386814 395154 1.544611 80.0 0 8340
395154 395704 -0.383858 80.0 7 550
395704 396894 2.08426 80.0 19 1190
396894 397934 -1.511913 80.0 25 1040
397934 399064 0.361491 80.0 24 1130
399064 399594 -0.187803 80.0 7 530
399594 403174 1.574657 80.0 14 3580
403174 405604 8.010188 80.0 4 2430
405604 406004 2.494993 80.0 16 400
406004 406564 -0.456701 80.0 1 560
406564 406934 -3.516047 80.0 17 370
406934 407704 -5.552431 80.0 3 770
407704 408244 -2.628098 80.0 8 540
408244 410734 1.958096 80.0 21 2490
410734 411884 5.66433 80.0 22 1150
411884 412814 -0.492806 80.0 20 930
412814 418374 2.773869 80.0 6 5560
418374 419464 7.032122 80.0 12 1090
419464 422754 3.017976 80.0 23 3290
422754 428584 7.237525 80.0 15 5830
428584 429094 1.446944 80.0 18 510
429094 429954 -4.075498 80.0 17 860
429954 434084 -7.532478 80.0 11 4130
434084 434344 -2.527432 80.0 8 260
434344 434854 2.107673 80.0 19 510
434854 435104 -2.560168 80.0 17 250
435104 435654 -6.578776 80.0 3 550
435654 435944 -3.434063 80.0 29 290
435944 438254 -0.510155 80.0 9 2310
438254 438754 2.381699 80.0 26 500
438754 439664 6.179266 80.0 22 910
439664 440274 -0.010495 80.0 18 610
440274 440874 -5.964028 80.0 3 600
440874 441904 -2.54084 80.0 13 1030
441904 442784 -5.64349 80.0 3 880
442784 443314 -3.534268 80.0 29 530
443314 443724 -0.813036 80.0 28 410
443724 444264 0.468655 80.0 24 540
444264 445504 -1.025919 80.0 25 1240
