380757 380997 0.736806 80.0 24 240
380997 381537 -0.565894 80.0 7 540
381537 386267 1.064898 80.0 10 4730
386267 386867 -0.615962 80.0 7 600
386867 396957 1.74528 80.0 27 10090
396957 398047 -1.369549 80.0 25 1090
398047 403187 1.276561 80.0 6 5140
403187 405667 7.857052 80.0 4 2480
405667 407027 -0.519469 80.0 18 1360
407027 407727 -5.516421 80.0 3 700
407727 408327 -2.577823 80.0 8 600
408327 410757 1.930016 80.0 21 2430
410757 411887 5.552658 80.0 22 1130
411887 412897 -0.094994 80.0 20 1010
412897 418407 2.792387 80.0 6 5510
418407 419517 6.776381 80.0 12 1110
419517 422747 3.017717 80.0 23 3230
422747 428617 7.191453 80.0 15 5870
428617 429177 1.299565 80.0 18 560
429177 429977 -4.079881 80.0 17 800
429977 434107 -7.509248 80.0 11 4130
434107 435187 -0.716533 80.0 13 1080
435187 435697 -6.271503 80.0 3 510
435697 436027 -3.461187 80.0 29 330
436027 438247 -0.536605 80.0 9 2220
438247 438817 2.260721 80.0 26 570
438817 439677 6.049 80.0 22 860
439677 440357 -0.023721 80.0 18 680
440357 440887 -5.948434 80.0 3 530
440887 441987 -2.839713 80.0 13 1100
441987 442807 -5.628466 80.0 3 820
442807 443377 -3.575924 80.0 29 570
443377 443797 -0.806611 80.0 28 420
443797 444347 0.539425 80.0 24 550
444347 445507 -0.857831 80.0 25 1160
