380674 380954 1.102832 80.0 24 280
380954 381504 -0.790976 80.0 7 550
381504 386214 1.821878 80.0 10 4710
386214 386824 -0.740307 80.0 7 610
386824 395184 1.538635 80.0 0 8360
395184 395694 -0.391816 80.0 7 510
395694 396914 2.002764 80.0 19 1220
396914 397964 -1.482532 80.0 25 1050
397964 399094 0.359074 80.0 24 1130
399094 399614 -0.179536 80.0 7 520
399614 403094 1.495307 80.0 14 3480
403094 405694 7.761633 80.0 4 2600
405694 406034 2.063172 80.0 16 340
406034 406574 -0.475983 80.0 1 540
406574 406964 -3.506222 80.0 17 390
406964 407724 -5.542027 80.0 3 760
407724 408264 -2.595947 80.0 8 540
408264 410534 1.702794 80.0 21 2270
410534 411944 5.437805 80.0 22 1410
411944 412834 -0.694608 80.0 20 890
412834 418304 2.750128 80.0 6 5470
418304 419544 6.679402 80.0 12 1240
419544 420754 2.365403 80.0 2 1210
420754 421454 4.805812 80.0 22 700
421454 422604 2.336686 80.0 2 1150
422604 428664 7.125156 80.0 15 6060
428664 429114 0.987882 80.0 18 450
429114 429964 -4.070761 80.0 17 850
429964 434094 -7.527851 80.0 11 4130
434094 434364 -2.53368 80.0 8 270
434364 434864 1.989444 80.0 19 500
434864 435124 -2.457349 80.0 17 260
435124 435664 -6.520707 80.0 3 540
435664 435964 -3.483407 80.0 29 300
435964 438254 -0.519386 80.0 9 2290
438254 438694 1.94301 80.0 26 440
438694 439714 5.950015 80.0 22 1020
439714 440284 -0.226402 80.0 18 570
440284 440884 -5.943699 80.0 3 600
440884 441924 -2.600793 80.0 13 1040
441924 442794 -5.639372 80.0 3 870
442794 443334 -3.546453 80.0 29 540
443334 443744 -0.816496 80.0 28 410
443744 444264 0.451933 80.0 24 520
444264 445504 -1.020706 80.0 25 1240
