380470 380870 1.752263 80.0 19 400
380870 381390 -2.108249 80.0 25 520
381390 386080 1.149877 80.0 10 4690
386080 386730 -0.968077 80.0 7 650
386730 395090 1.557463 80.0 0 8360
395090 395670 -0.513518 80.0 7 580
395670 396790 2.191461 80.0 19 1120
396790 397740 -1.780882 80.0 25 950
397740 398910 0.356062 80.0 24 1170
398910 399570 -0.207127 80.0 7 660
399570 403120 1.540956 80.0 14 3550
403120 405520 8.182565 80.0 4 2400
405520 405830 2.640826 80.0 16 310
405830 406510 -0.290647 80.0 1 680
406510 406780 -3.533185 80.0 17 270
406780 407700 -5.566933 80.0 3 920
407700 408110 -2.596498 80.0 8 410
408110 410800 2.112996 80.0 21 2690
410800 411850 5.967592 80.0 22 1050
411850 412730 -1.005799 80.0 20 880
412730 418280 2.751424 80.0 6 5550
418280 419400 6.932945 80.0 12 1120
419400 422710 2.876431 80.0 23 3310
422710 428550 7.217315 80.0 15 5840
428550 428960 1.734272 80.0 18 410
428960 429810 -4.040493 80.0 17 850
429810 434060 -7.586784 80.0 11 4250
434060 434260 -2.304926 80.0 8 200
434260 434780 3.170351 80.0 19 520
434780 434970 -2.516866 80.0 17 190
434970 435590 -6.936308 80.0 3 620
435590 435820 -3.358694 80.0 29 230
435820 438260 -0.463117 80.0 9 2440
438260 438650 2.59781 80.0 26 390
438650 439610 6.375999 80.0 22 960
439610 440110 0.315018 80.0 18 500
440110 440830 -6.020954 80.0 3 720
440830 441750 -1.968626 80.0 13 920
441750 442750 -5.597376 80.0 3 1000
442750 443560 -2.399709 80.0 8 810
443560 444240 0.571706 80.0 24 680
444240 445510 -1.032426 80.0 25 1270
