380696 380956 1.018378 80.0 24 260
380956 381516 -0.710032 80.0 7 560
381516 386226 1.321106 80.0 10 4710
386226 386836 -0.70366 80.0 7 610
386836 395196 1.536455 80.0 0 8360
395196 395696 -0.374427 80.0 7 500
395696 396916 1.973964 80.0 19 1220
396916 397486 -1.816747 80.0 25 570
397486 397986 -1.007108 80.0 28 500
397986 403166 1.121073 80.0 6 5180
403166 405646 7.905664 80.0 4 2480
405646 406056 2.382031 80.0 16 410
406056 406576 -0.504683 80.0 1 520
406576 406986 -3.50755 80.0 17 410
406986 407726 -5.534856 80.0 3 740
407726 408286 -2.552479 80.0 8 560
408286 410676 1.864042 80.0 21 2390
410676 411906 5.551071 80.0 22 1230
411906 412856 -0.401545 80.0 20 950
412856 418386 2.781026 80.0 6 5530
418386 419496 6.897239 80.0 12 1110
419496 422726 2.998093 80.0 23 3230
422726 428616 7.198731 80.0 15 5890
428616 429136 1.260364 80.0 18 520
429136 429966 -4.086744 80.0 17 830
429966 434096 -7.523246 80.0 11 4130
434096 435146 -0.457957 80.0 13 1050
435146 435676 -6.459981 80.0 3 530
435676 435986 -3.428166 80.0 29 310
435986 438256 -0.519752 80.0 9 2270
438256 438766 2.244874 80.0 26 510
438766 439676 6.088953 80.0 22 910
439676 440306 0.009568 80.0 18 630
440306 440886 -5.952395 80.0 3 580
440886 441946 -2.676982 80.0 13 1060
441946 442796 -5.641206 80.0 3 850
442796 443346 -3.553263 80.0 29 550
443346 443766 -0.796442 80.0 28 420
443766 444276 0.429518 80.0 24 510
444276 445506 -1.021908 80.0 25 1230
