380715 380965 0.959914 80.0 24 250
380965 381515 -0.679022 80.0 7 550
381515 386245 1.301554 80.0 10 4730
386245 386845 -0.690544 80.0 7 600
386845 395205 1.534886 80.0 0 8360
395205 395705 -0.359812 80.0 7 500
395705 396935 1.939956 80.0 19 1230
396935 398005 -1.428298 80.0 25 1070
398005 403075 1.062532 80.0 6 5070
403075 405745 7.630736 80.0 4 2670
405745 406075 1.88616 80.0 16 330
406075 406585 -0.528786 80.0 1 510
406585 406995 -3.477966 80.0 17 410
406995 407725 -5.530452 80.0 3 730
407725 408295 -2.604218 80.0 8 570
408295 410475 1.625728 80.0 21 2180
410475 411965 5.308877 80.0 22 1490
411965 412875 -0.618188 80.0 20 910
412875 418305 3.145873 80.0 6 5430
418305 419585 6.516675 80.0 12 1280
419585 420615 2.118647 80.0 2 1030
420615 421505 4.586648 80.0 22 890
421505 422585 2.274392 80.0 2 1080
422585 428695 7.0871 80.0 15 6110
428695 429145 0.820469 80.0 18 450
429145 429965 -4.066636 80.0 17 820
429965 434105 -7.513569 80.0 11 4140
434105 434385 -2.521938 80.0 8 280
434385 434885 1.72234 80.0 19 500
434885 435155 -2.500632 80.0 17 270
435155 435685 -6.398549 80.0 3 530
435685 435985 -3.50832 80.0 29 300
435985 438255 -0.534513 80.0 9 2270
438255 438695 1.83426 80.0 26 440
438695 439745 5.812907 80.0 22 1050
439745 440335 -0.579987 80.0 18 590
440335 440895 -5.9653 80.0 3 560
440895 441955 -2.700466 80.0 13 1060
441955 442805 -5.632862 80.0 3 850
442805 443355 -3.560647 80.0 29 550
443355 445505 -0.645183 80.0 9 2150
