380488 380878 1.704426 80.0 19 390
380878 381398 -1.946303 80.0 7 520
381398 386088 1.457296 80.0 10 4690
386088 386728 -0.957564 80.0 7 640
386728 395088 1.555566 80.0 0 8360
395088 395668 -0.496527 80.0 7 580
395668 396798 2.152109 80.0 19 1130
396798 397778 -1.715042 80.0 25 980
397778 398928 0.361717 80.0 24 1150
398928 399578 -0.204753 80.0 7 650
399578 403128 1.543275 80.0 14 3550
403128 405518 8.1805 80.0 4 2390
405518 405848 2.70208 80.0 16 330
405848 406508 -0.286532 80.0 1 660
406508 406788 -3.454231 80.0 17 280
406788 407708 -5.555264 80.0 3 920
407708 408118 -2.590958 80.0 8 410
408118 411268 2.600871 80.0 14 3150
411268 411858 6.303962 80.0 22 590
411858 412738 -0.983465 80.0 20 880
412738 418288 2.751609 80.0 6 5550
418288 419408 6.913681 80.0 12 1120
419408 422708 2.875352 80.0 23 3300
422708 428548 7.214565 80.0 15 5840
428548 428978 1.703886 80.0 18 430
428978 429818 -4.059618 80.0 17 840
429818 434058 -7.529333 80.0 11 4240
434058 434268 -2.396118 80.0 8 210
434268 434798 3.002796 80.0 19 530
434798 434978 -2.565226 80.0 17 180
434978 435598 -6.887054 80.0 3 620
435598 435838 -3.33034 80.0 29 240
435838 438248 -0.469499 80.0 9 2410
438248 438658 2.479278 80.0 26 410
438658 439618 6.352662 80.0 22 960
439618 440128 0.229157 80.0 18 510
440128 440828 -6.043099 80.0 3 700
440828 441758 -2.031909 80.0 13 930
441758 442748 -5.60413 80.0 3 990
442748 443578 -2.405659 80.0 8 830
443578 444228 0.571968 80.0 24 650
444228 445508 -1.020386 80.0 25 1280
