380710 380960 0.966316 80.0 24 250
380960 381520 -0.671708 80.0 7 560
381520 386230 1.316951 80.0 10 4710
386230 386850 -0.671288 80.0 7 620
386850 395200 1.537045 80.0 0 8350
395200 395700 -0.36271 80.0 7 500
395700 396930 1.943146 80.0 19 1230
396930 398000 -1.429212 80.0 25 1070
398000 403170 1.122302 80.0 6 5170
403170 405670 7.868241 80.0 4 2500
405670 406070 2.280721 80.0 16 400
406070 406580 -0.52201 80.0 1 510
406580 407000 -3.513482 80.0 17 420
407000 407720 -5.539044 80.0 3 720
407720 408300 -2.564563 80.0 8 580
408300 410670 1.854007 80.0 21 2370
410670 411900 5.530639 80.0 22 1230
411900 412870 -0.313318 80.0 20 970
412870 418380 2.782541 80.0 6 5510
418380 419510 6.82748 80.0 12 1130
419510 422720 2.992551 80.0 23 3210
422720 428620 7.191373 80.0 15 5900
428620 429140 1.280447 80.0 18 520
429140 429960 -4.063457 80.0 17 820
429960 434100 -7.512648 80.0 11 4140
434100 435160 -0.537164 80.0 13 1060
435160 435680 -6.428671 80.0 3 520
435680 435990 -3.464536 80.0 29 310
435990 438260 -0.524634 80.0 9 2270
438260 438780 2.281845 80.0 26 520
438780 439690 6.056885 80.0 22 910
439690 440320 -0.111837 80.0 18 630
440320 440890 -5.943145 80.0 3 570
440890 441960 -2.714292 80.0 13 1070
441960 442800 -5.640855 80.0 3 840
442800 443350 -3.563568 80.0 29 550
443350 445510 -0.642574 80.0 9 2160
