380710 380970 0.942247 80.0 24 260
380970 381520 -0.689507 80.0 7 550
381520 386240 1.306146 80.0 10 4720
386240 386840 -0.697051 80.0 7 600
386840 396930 1.491124 80.0 27 10090
396930 397500 -1.817812 80.0 25 570
397500 398000 -0.989725 80.0 28 500
398000 403110 1.083149 80.0 6 5110
403110 405700 7.747507 80.0 4 2590
405700 406070 2.119629 80.0 16 370
406070 406590 -0.544446 80.0 1 520
406590 407000 -3.543319 80.0 17 410
407000 407720 -5.540946 80.0 3 720
407720 408300 -2.575419 80.0 8 580
408300 410550 1.71528 80.0 21 2250
410550 411940 5.405924 80.0 22 1390
411940 412870 -0.514266 80.0 20 930
412870 418340 2.76994 80.0 6 5470
418340 419550 6.668367 80.0 12 1210
419550 420770 2.41 80.0 2 1220
420770 421450 4.7809 80.0 22 680
421450 422630 2.41072 80.0 2 1180
422630 428650 7.13594 80.0 15 6020
428650 429150 1.037978 80.0 18 500
429150 429970 -4.096838 80.0 17 820
429970 434110 -7.513471 80.0 11 4140
434110 434380 -2.463965 80.0 8 270
434380 434880 1.735623 80.0 19 500
434880 435160 -2.561197 80.0 17 280
435160 435680 -6.434806 80.0 3 520
435680 435990 -3.473829 80.0 29 310
435990 438260 -0.525343 80.0 9 2270
438260 438720 1.997498 80.0 26 460
438720 439720 5.908615 80.0 22 1000
439720 440320 -0.324374 80.0 18 600
440320 440890 -5.949115 80.0 3 570
440890 441960 -2.714562 80.0 13 1070
441960 442800 -5.641418 80.0 3 840
442800 443350 -3.569902 80.0 29 550
443350 445510 -0.64303 80.0 9 2160
