380526 380886 1.63972 80.0 19 360
380886 381426 -1.700768 80.0 7 540
381426 386116 1.444384 80.0 10 4690
386116 386756 -0.907514 80.0 7 640
386756 395096 1.555674 80.0 0 8340
395096 395666 -0.476071 80.0 7 570
395666 396836 2.279173 80.0 19 1170
396836 397816 -1.683453 80.0 25 980
397816 398966 0.360768 80.0 24 1150
398966 399586 -0.202592 80.0 7 620
399586 403106 1.579037 80.0 14 3520
403106 405556 8.075081 80.0 4 2450
405556 405886 2.526204 80.0 16 330
405886 406516 -0.307105 80.0 1 630
406516 406826 -3.447387 80.0 17 310
406826 407706 -5.556433 80.0 3 880
407706 408146 -2.636402 80.0 8 440
408146 410606 1.847558 80.0 21 2460
410606 411876 5.746035 80.0 22 1270
411876 412736 -0.959773 80.0 20 860
412736 418296 2.74066 80.0 6 5560
418296 419436 6.832411 80.0 12 1140
419436 422686 2.855729 80.0 23 3250
422686 428586 7.184713 80.0 15 5900
428586 429006 1.416036 80.0 18 420
429006 429936 -4.044043 80.0 17 930
429936 434066 -7.552097 80.0 11 4130
434066 434276 -2.55548 80.0 8 210
434276 434806 2.780415 80.0 19 530
434806 435016 -2.574184 80.0 17 210
435016 435606 -6.867961 80.0 3 590
435606 435856 -3.443462 80.0 29 250
435856 438256 -0.484175 80.0 9 2400
438256 438666 2.382308 80.0 26 410
438666 439646 6.270207 80.0 22 980
439646 440156 0.044928 80.0 18 510
440156 440846 -6.030231 80.0 3 690
440846 441796 -2.153813 80.0 13 950
441796 442756 -5.622786 80.0 3 960
442756 443616 -2.388325 80.0 8 860
443616 444246 0.54365 80.0 24 630
444246 445506 -1.030942 80.0 25 1260
