380639 380939 1.256224 80.0 24 300
380939 381479 -0.90583 80.0 7 540
381479 386189 1.931317 80.0 10 4710
386189 386809 -0.782808 80.0 7 620
386809 395169 1.541929 80.0 0 8360
395169 395699 -0.412421 80.0 7 530
395699 396889 2.097998 80.0 19 1190
396889 397929 -1.521154 80.0 25 1040
397929 399069 0.359281 80.0 24 1140
399069 399619 -0.185196 80.0 7 550
399619 403069 1.496802 80.0 14 3450
403069 405689 7.756784 80.0 4 2620
405689 405999 1.988638 80.0 16 310
405999 406559 -0.425367 80.0 1 560
406559 406929 -3.475914 80.0 17 370
406929 407719 -5.543568 80.0 3 790
407719 408239 -2.604002 80.0 8 520
408239 410479 1.662754 80.0 21 2240
410479 411949 5.418805 80.0 22 1470
411949 412809 -0.874963 80.0 20 860
412809 418289 2.742573 80.0 6 5480
418289 419539 6.462882 80.0 12 1250
419539 420669 2.215919 80.0 2 1130
420669 421449 4.755207 80.0 22 780
421449 422579 2.274187 80.0 2 1130
422579 428669 7.120023 80.0 15 6090
428669 429089 0.917797 80.0 18 420
429089 429959 -4.069806 80.0 17 870
429959 434099 -7.529285 80.0 11 4140
434099 434349 -2.381728 80.0 8 250
434349 434849 2.226413 80.0 19 500
434849 435099 -2.46026 80.0 17 250
435099 435649 -6.618613 80.0 3 550
435649 435939 -3.486555 80.0 29 290
435939 438259 -0.509903 80.0 9 2320
438259 438649 1.844938 80.0 26 390
438649 439719 5.912891 80.0 22 1070
439719 440249 -0.375604 80.0 18 530
440249 440869 -6.014597 80.0 3 620
440869 441899 -2.528019 80.0 13 1030
441899 442789 -5.639879 80.0 3 890
442789 443319 -3.513845 80.0 29 530
443319 443719 -0.812832 80.0 28 400
443719 444259 0.477686 80.0 24 540
444259 445509 -1.018349 80.0 25 1250
