380640 380930 1.249762 80.0 24 290
380930 381480 -0.869957 80.0 7 550
381480 386190 1.919335 80.0 10 4710
386190 386810 -0.773159 80.0 7 620
386810 395160 1.543326 80.0 0 8350
395160 395700 -0.397939 80.0 7 540
395700 396890 2.091322 80.0 19 1190
396890 397930 -1.516527 80.0 25 1040
397930 399060 0.361558 80.0 24 1130
399060 399590 -0.188487 80.0 7 530
399590 403200 1.601543 80.0 14 3610
403200 405580 8.073465 80.0 4 2380
405580 406000 2.631435 80.0 16 420
406000 406560 -0.448023 80.0 1 560
406560 406930 -3.503128 80.0 17 370
406930 407710 -5.546854 80.0 3 780
407710 408240 -2.604846 80.0 8 530
408240 411230 2.514284 80.0 21 2990
411230 411860 5.977234 80.0 22 630
411860 412810 -0.367113 80.0 20 950
412810 418400 2.784874 80.0 6 5590
418400 419420 6.867335 80.0 12 1020
419420 422810 3.067684 80.0 23 3390
422810 428550 7.271624 80.0 15 5740
428550 429090 1.679089 80.0 18 540
429090 429950 -4.069139 80.0 17 860
429950 434090 -7.526363 80.0 11 4140
434090 434340 -2.479456 80.0 8 250
434340 434850 2.131613 80.0 19 510
434850 435100 -2.525431 80.0 17 250
435100 435650 -6.59614 80.0 3 550
435650 435940 -3.446571 80.0 29 290
435940 438260 -0.507759 80.0 9 2320
438260 438790 2.609494 80.0 26 530
438790 439630 6.263315 80.0 22 840
439630 440250 0.287902 80.0 18 620
440250 440870 -5.999137 80.0 3 620
440870 441900 -2.531286 80.0 13 1030
441900 442780 -5.645359 80.0 3 880
442780 443320 -3.517572 80.0 29 540
443320 443720 -0.792009 80.0 28 400
443720 444260 0.473147 80.0 24 540
444260 445510 -1.017738 80.0 25 1250
