380531 380891 1.612945 80.0 19 360
380891 381421 -1.708849 80.0 7 530
381421 386121 1.442031 80.0 10 4700
386121 386751 -0.917464 80.0 7 630
386751 395101 1.553516 80.0 0 8350
395101 395671 -0.474125 80.0 7 570
395671 396841 2.274423 80.0 19 1170
396841 397821 -1.681947 80.0 25 980
397821 398971 0.360633 80.0 24 1150
398971 399601 -0.196841 80.0 7 630
399601 403131 1.606317 80.0 14 3530
403131 405551 8.110612 80.0 4 2420
405551 405891 2.569765 80.0 16 340
405891 406521 -0.319465 80.0 1 630
406521 406831 -3.470737 80.0 17 310
406831 407711 -5.555302 80.0 3 880
407711 408161 -2.542822 80.0 8 450
408161 410761 2.044967 80.0 21 2600
410761 411861 5.844832 80.0 22 1100
411861 412731 -0.840889 80.0 20 870
412731 418311 3.118955 80.0 6 5580
418311 419431 6.856493 80.0 12 1120
419431 422711 2.876457 80.0 23 3280
422711 428571 7.200332 80.0 15 5860
428571 429011 1.512733 80.0 18 440
429011 429931 -4.043825 80.0 17 920
429931 434071 -7.543955 80.0 11 4140
434071 434291 -2.354952 80.0 8 220
434291 434801 2.840311 80.0 19 510
434801 435021 -2.50248 80.0 17 220
435021 435611 -6.847402 80.0 3 590
435611 435861 -3.410307 80.0 29 250
435861 438241 -0.486081 80.0 9 2380
438241 438681 2.368886 80.0 26 440
438681 439631 6.299563 80.0 22 950
439631 440161 0.177308 80.0 18 530
440161 440851 -6.019748 80.0 3 690
440851 441801 -2.159883 80.0 13 950
441801 442761 -5.62021 80.0 3 960
442761 443611 -2.399529 80.0 8 850
443611 444251 0.526006 80.0 24 640
444251 445511 -1.029814 80.0 25 1260
