380524 380904 1.579019 80.0 19 380
380904 381424 -1.813926 80.0 7 520
381424 386124 1.445073 80.0 10 4700
386124 386754 -0.927799 80.0 7 630
386754 395104 1.554132 80.0 0 8350
395104 395684 -0.470618 80.0 7 580
395684 396814 2.121228 80.0 19 1130
396814 397814 -1.664034 80.0 25 1000
397814 398964 0.360847 80.0 24 1150
398964 399584 -0.203365 80.0 7 620
399584 403084 1.557371 80.0 14 3500
403084 405584 8.013199 80.0 4 2500
405584 405884 2.312844 80.0 16 300
405884 406514 -0.293049 80.0 1 630
406514 406824 -3.436954 80.0 17 310
406824 407704 -5.561377 80.0 3 880
407704 408144 -2.656369 80.0 8 440
408144 410544 1.772593 80.0 21 2400
410544 411884 5.693312 80.0 22 1340
411884 412734 -1.019975 80.0 20 850
412734 418264 2.727426 80.0 6 5530
418264 419454 6.746904 80.0 12 1190
419454 420824 2.261818 80.0 2 1370
420824 421344 5.234782 80.0 22 520
421344 422634 2.424142 80.0 2 1290
422634 428594 7.158453 80.0 15 5960
428594 429004 1.365632 80.0 18 410
429004 429934 -4.041372 80.0 17 930
429934 434064 -7.552199 80.0 11 4130
434064 434274 -2.575925 80.0 8 210
434274 434804 2.794398 80.0 19 530
434804 435014 -2.559245 80.0 17 210
435014 435604 -6.878058 80.0 3 590
435604 435854 -3.44772 80.0 29 250
435854 438254 -0.48421 80.0 9 2400
438254 438634 2.173378 80.0 26 380
438634 439664 6.196552 80.0 22 1030
439664 440154 -0.109103 80.0 18 490
440154 440844 -6.028625 80.0 3 690
440844 441794 -2.146883 80.0 13 950
441794 442764 -5.615522 80.0 3 970
442764 443614 -2.363997 80.0 8 850
443614 444244 0.548217 80.0 24 630
444244 445504 -1.035057 80.0 25 1260
