380533 380903 1.574905 80.0 19 370
380903 381433 -1.740532 80.0 7 530
381433 386133 1.440736 80.0 10 4700
386133 386753 -0.927152 80.0 7 620
386753 395103 1.553156 80.0 0 8350
395103 395683 -0.460974 80.0 7 580
395683 396833 2.308444 80.0 19 1150
396833 397823 -1.661697 80.0 25 990
397823 398973 0.360671 80.0 24 1150
398973 399593 -0.199918 80.0 7 620
399593 403083 1.554792 80.0 14 3490
403083 405593 7.992428 80.0 4 2510
405593 405893 2.277203 80.0 16 300
405893 406523 -0.316859 80.0 1 630
406523 406833 -3.473243 80.0 17 310
406833 407713 -5.555535 80.0 3 880
407713 408153 -2.600655 80.0 8 440
408153 410553 1.781535 80.0 21 2400
410553 411893 5.683098 80.0 22 1340
411893 412733 -1.045917 80.0 20 840
412733 418273 2.728613 80.0 6 5540
418273 419453 6.751984 80.0 12 1180
419453 420843 2.304267 80.0 2 1390
420843 421343 5.250511 80.0 22 500
421343 422643 2.443052 80.0 2 1300
422643 428603 7.160713 80.0 15 5960
428603 429013 1.276866 80.0 18 410
429013 429943 -4.054652 80.0 17 930
429943 434063 -7.557003 80.0 11 4120
434063 434283 -2.576497 80.0 8 220
434283 434813 2.729389 80.0 19 530
434813 435023 -2.609174 80.0 17 210
435023 435603 -6.879467 80.0 3 580
435603 435863 -3.474572 80.0 29 260
435863 438263 -0.483514 80.0 9 2400
438263 438643 2.241725 80.0 26 380
438643 439663 6.197586 80.0 22 1020
439663 440163 -0.102451 80.0 18 500
440163 440843 -6.036065 80.0 3 680
440843 441803 -2.188415 80.0 13 960
441803 442763 -5.621859 80.0 3 960
442763 443613 -2.400287 80.0 8 850
443613 444243 0.53367 80.0 24 630
444243 445503 -1.030547 80.0 25 1260
