380470 380870 1.755457 80.0 19 400
380870 381390 -2.108746 80.0 25 520
381390 386080 1.15002 80.0 10 4690
386080 386730 -0.968919 80.0 7 650
386730 395090 1.557503 80.0 0 8360
395090 395670 -0.514036 80.0 7 580
395670 396790 2.192051 80.0 19 1120
396790 397740 -1.781342 80.0 25 950
397740 398910 0.356082 80.0 24 1170
398910 399570 -0.207352 80.0 7 660
399570 403110 1.530017 80.0 14 3540
403110 405530 8.157849 80.0 4 2420
405530 405830 2.563619 80.0 16 300
405830 406510 -0.288957 80.0 1 680
406510 406780 -3.530252 80.0 17 270
406780 407700 -5.567231 80.0 3 920
407700 408110 -2.601286 80.0 8 410
408110 410740 2.041543 80.0 21 2630
410740 411860 5.920447 80.0 22 1120
411860 412730 -1.074753 80.0 20 870
412730 418270 2.746613 80.0 6 5540
418270 419410 6.902514 80.0 12 1140
419410 422680 2.848649 80.0 23 3270
422680 428550 7.206695 80.0 15 5870
428550 428960 1.741714 80.0 18 410
428960 429810 -4.039658 80.0 17 850
429810 434060 -7.58694 80.0 11 4250
434060 434260 -2.316216 80.0 8 200
434260 434780 3.174542 80.0 19 520
434780 434980 -2.63374 80.0 17 200
434980 435590 -6.970086 80.0 3 610
435590 435820 -3.362749 80.0 29 230
435820 438260 -0.463363 80.0 9 2440
438260 438640 2.525913 80.0 26 380
438640 439630 6.339452 80.0 22 990
439630 440110 0.120372 80.0 18 480
440110 440830 -6.021694 80.0 3 720
440830 441750 -1.9681 80.0 13 920
441750 442750 -5.597586 80.0 3 1000
442750 443560 -2.402061 80.0 8 810
443560 444240 0.57223 80.0 24 680
444240 445510 -1.032522 80.0 25 1270
