380763 380993 0.759466 80.0 24 230
380993 381543 -0.549052 80.0 7 550
381543 386273 1.064318 80.0 10 4730
386273 386873 -0.613796 80.0 7 600
386873 396963 1.744807 80.0 27 10090
396963 398053 -1.369056 80.0 25 1090
398053 403103 1.074374 80.0 6 5050
403103 405763 7.612572 80.0 4 2660
405763 407043 -0.891592 80.0 18 1280
407043 407733 -5.524453 80.0 3 690
407733 408343 -2.531424 80.0 8 610
408343 410503 1.643765 80.0 21 2160
410503 411973 5.27236 80.0 22 1470
411973 412903 -0.466252 80.0 20 930
412903 418333 2.772132 80.0 6 5430
418333 419583 6.48666 80.0 12 1250
419583 420613 2.150508 80.0 2 1030
420613 421513 4.549594 80.0 22 900
421513 422623 2.361019 80.0 2 1110
422623 428693 7.097295 80.0 15 6070
428693 429173 0.923112 80.0 18 480
429173 429973 -4.045276 80.0 17 800
429973 434123 -7.496407 80.0 11 4150
434123 435203 -0.723908 80.0 13 1080
435203 435703 -6.288503 80.0 3 500
435703 436033 -3.457532 80.0 29 330
436033 438253 -0.53698 80.0 9 2220
438253 438723 1.834836 80.0 26 470
438723 439753 5.749787 80.0 22 1030
439753 440363 -0.528414 80.0 18 610
440363 440893 -5.949332 80.0 3 530
440893 441993 -2.842682 80.0 13 1100
441993 442803 -5.634252 80.0 3 810
442803 443373 -3.626905 80.0 29 570
443373 443803 -0.835083 80.0 28 430
443803 444353 0.533463 80.0 24 550
444353 445503 -0.866235 80.0 25 1150
