380572 380912 1.492767 80.0 24 340
380912 381452 -1.085702 80.0 7 540
381452 386152 1.949531 80.0 10 4700
386152 386772 -0.87757 80.0 7 620
386772 395122 1.549804 80.0 0 8350
395122 395682 -0.449145 80.0 7 560
395682 396862 2.20214 80.0 19 1180
396862 397862 -1.625168 80.0 25 1000
397862 399012 0.359825 80.0 24 1150
399012 399622 -0.190668 80.0 7 610
399622 403072 1.535429 80.0 14 3450
403072 405632 7.892966 80.0 4 2560
405632 405932 2.133197 80.0 16 300
405932 406532 -0.341658 80.0 1 600
406532 406872 -3.470417 80.0 17 340
406872 407712 -5.556534 80.0 3 840
407712 408192 -2.580767 80.0 8 480
408192 410522 1.736858 80.0 21 2330
410522 411922 5.576858 80.0 22 1400
411922 412742 -1.06395 80.0 20 820
412742 418272 2.721677 80.0 6 5530
418272 419492 6.624472 80.0 12 1220
419492 420752 2.368781 80.0 2 1260
420752 421402 4.984369 80.0 22 650
421402 422602 2.318157 80.0 2 1200
422602 428642 7.115038 80.0 15 6040
428642 429032 1.094582 80.0 18 390
429032 429942 -4.036125 80.0 17 910
429942 434082 -7.53996 80.0 11 4140
434082 434312 -2.388724 80.0 8 230
434312 434822 2.603634 80.0 19 510
434822 435052 -2.510563 80.0 17 230
435052 435632 -6.759237 80.0 3 580
435632 435882 -3.457748 80.0 29 250
435882 438262 -0.499192 80.0 9 2380
438262 438642 2.062031 80.0 26 380
438642 439692 6.076619 80.0 22 1050
439692 440202 -0.351628 80.0 18 510
440202 440862 -6.031432 80.0 3 660
440862 441842 -2.301165 80.0 13 980
441842 442762 -5.641771 80.0 3 920
442762 443282 -3.504965 80.0 29 520
443282 443652 -0.873986 80.0 28 370
443652 444242 0.518115 80.0 24 590
444242 445512 -1.015921 80.0 25 1270
