380768 381008 0.717269 80.0 24 240
381008 381548 -0.550398 80.0 7 540
381548 386278 1.063409 80.0 10 4730
386278 386878 -0.608707 80.0 7 600
386878 396968 1.7442 80.0 27 10090
396968 398058 -1.366817 80.0 25 1090
398058 403088 1.282623 80.0 6 5030
403088 405778 7.566262 80.0 4 2690
405778 407038 -0.904795 80.0 18 1260
407038 407728 -5.519209 80.0 3 690
407728 408338 -2.598619 80.0 8 610
408338 410468 1.596778 80.0 21 2130
410468 411978 5.230094 80.0 22 1510
411978 412908 -0.469298 80.0 20 930
412908 418318 2.769423 80.0 6 5410
418318 419608 6.398054 80.0 12 1290
419608 420578 2.048819 80.0 2 970
420578 421558 4.481021 80.0 22 980
421558 422598 2.275346 80.0 2 1040
422598 428718 7.067672 80.0 15 6120
428718 429188 0.723036 80.0 18 470
429188 429978 -4.075727 80.0 17 790
429978 434108 -7.508286 80.0 11 4130
434108 435198 -0.768011 80.0 13 1090
435198 435698 -6.278266 80.0 3 500
435698 436038 -3.492379 80.0 29 340
436038 438258 -0.536718 80.0 9 2220
438258 438708 1.76954 80.0 26 450
438708 439768 5.68771 80.0 22 1060
439768 440368 -0.625827 80.0 18 600
440368 440908 -5.929882 80.0 3 540
440908 441998 -2.829901 80.0 13 1090
441998 442808 -5.630073 80.0 3 810
442808 443388 -3.58707 80.0 29 580
443388 443808 -0.800728 80.0 28 420
443808 444358 0.524895 80.0 24 550
444358 445508 -0.867481 80.0 25 1150
