380728 380988 0.908918 80.0 24 260
380988 381528 -0.654499 80.0 7 540
381528 386248 1.076207 80.0 10 4720
386248 386858 -0.656805 80.0 7 610
386858 396948 1.488073 80.0 27 10090
396948 398018 -1.418202 80.0 25 1070
398018 403158 1.466858 80.0 6 5140
403158 405688 7.816843 80.0 4 2530
405688 406088 2.227679 80.0 16 400
406088 406588 -0.547542 80.0 1 500
406588 407018 -3.525004 80.0 17 430
407018 407718 -5.541502 80.0 3 700
407718 408298 -2.655294 80.0 8 580
408298 410588 1.736636 80.0 21 2290
410588 411918 5.439671 80.0 22 1330
411918 412888 -0.338851 80.0 20 970
412888 418368 2.781353 80.0 6 5480
418368 419538 6.719698 80.0 12 1170
419538 420858 2.558541 80.0 2 1320
420858 421408 4.873845 80.0 22 550
421408 422678 2.558334 80.0 2 1270
422678 428638 7.158807 80.0 15 5960
428638 429148 1.223214 80.0 18 510
429148 429968 -4.052075 80.0 17 820
429968 434108 -7.51112 80.0 11 4140
434108 435178 -0.606144 80.0 13 1070
435178 435688 -6.402135 80.0 3 510
435688 436008 -3.447267 80.0 29 320
436008 438258 -0.527284 80.0 9 2250
438258 438768 2.156517 80.0 26 510
438768 439708 5.981952 80.0 22 940
439708 440338 -0.258951 80.0 18 630
440338 440888 -5.966286 80.0 3 550
440888 441958 -2.739621 80.0 13 1070
441958 442808 -5.623404 80.0 3 850
442808 443358 -3.568933 80.0 29 550
443358 443778 -0.823368 80.0 28 420
443778 444348 0.570375 80.0 24 570
444348 445508 -0.859648 80.0 25 1160
