380489 380879 1.707644 80.0 19 390
380879 381409 -1.9287 80.0 7 530
381409 386099 1.461037 80.0 10 4690
386099 386729 -0.974573 80.0 7 630
386729 395089 1.555574 80.0 0 8360
395089 395669 -0.498053 80.0 7 580
395669 396809 2.135176 80.0 19 1140
396809 397779 -1.734483 80.0 25 970
397779 398929 0.361735 80.0 24 1150
398929 399579 -0.204559 80.0 7 650
399579 403099 1.512102 80.0 14 3520
403099 405549 8.105355 80.0 4 2450
405549 405849 2.469178 80.0 16 300
405849 406509 -0.285115 80.0 1 660
406509 406789 -3.447884 80.0 17 280
406789 407709 -5.556033 80.0 3 920
407709 408119 -2.596117 80.0 8 410
408119 410579 1.831051 80.0 21 2460
410579 411879 5.771211 80.0 22 1300
411879 412729 -1.128622 80.0 20 850
412729 418269 2.739091 80.0 6 5540
418269 419429 6.844119 80.0 12 1160
419429 422669 2.836658 80.0 23 3240
422669 428579 7.1888 80.0 15 5910
428579 428979 1.464833 80.0 18 400
428979 429819 -4.059278 80.0 17 840
429819 434059 -7.529083 80.0 11 4240
434059 434269 -2.405341 80.0 8 210
434269 434789 3.061437 80.0 19 520
434789 434979 -2.431826 80.0 17 190
434979 435589 -6.917618 80.0 3 610
435589 435839 -3.40031 80.0 29 250
435839 438259 -0.466522 80.0 9 2420
438259 438639 2.404779 80.0 26 380
438639 439649 6.281442 80.0 22 1010
439649 440129 -0.067943 80.0 18 480
440129 440829 -6.043164 80.0 3 700
440829 441759 -2.032478 80.0 13 930
441759 442749 -5.604696 80.0 3 990
442749 443579 -2.407094 80.0 8 830
443579 444249 0.555299 80.0 24 670
444249 445509 -1.037753 80.0 25 1260
