380804 381014 0.593537 80.0 24 210
381014 381584 -0.4222 80.0 7 570
381584 386294 1.0557 80.0 10 4710
386294 386884 -0.548068 80.0 7 590
386884 396984 1.515814 80.0 27 10100
396984 398094 -2.170713 80.0 25 1110
398094 403224 1.151317 80.0 6 5130
403224 405674 7.856671 80.0 4 2450
405674 407084 -0.545748 80.0 18 1410
407084 407724 -5.524883 80.0 3 640
407724 408364 -2.587024 80.0 8 640
408364 410844 2.010432 80.0 21 2480
410844 411884 5.566685 80.0 22 1040
411884 412324 2.09433 80.0 16 440
412324 412944 -1.375404 80.0 7 620
412944 418454 2.819016 80.0 6 5510
418454 419494 6.815393 80.0 12 1040
419494 422804 3.075212 80.0 23 3310
422804 428604 7.337375 80.0 15 5800
428604 429214 1.376374 80.0 18 610
429214 429984 -4.079217 80.0 17 770
429984 434124 -7.491374 80.0 11 4140
434124 436054 -2.682526 80.0 9 1930
436054 438244 -0.553397 80.0 9 2190
438244 438864 2.311247 80.0 26 620
438864 439684 6.017052 80.0 22 820
439684 440394 -0.063224 80.0 18 710
440394 440904 -5.902873 80.0 3 510
440904 442024 -2.93705 80.0 13 1120
442024 442814 -5.616866 80.0 3 790
442814 443394 -3.614907 80.0 29 580
443394 443834 -0.818226 80.0 28 440
443834 444364 0.477534 80.0 24 530
444364 445504 -0.870552 80.0 25 1140
