380747 380997 0.775065 80.0 24 250
380997 381537 -0.604633 80.0 7 540
381537 386267 1.068677 80.0 10 4730
386267 386867 -0.639003 80.0 7 600
386867 396957 1.747744 80.0 27 10090
396957 398037 -1.392749 80.0 25 1080
398037 403137 1.329552 80.0 6 5100
403137 405717 7.734858 80.0 4 2580
405717 407017 -0.704585 80.0 18 1300
407017 407717 -5.526691 80.0 3 700
407717 408327 -2.603317 80.0 8 610
408327 410577 1.728449 80.0 21 2250
410577 411947 5.385881 80.0 22 1370
411947 412897 -0.409257 80.0 20 950
412897 418367 2.781127 80.0 6 5470
418367 419547 6.663262 80.0 12 1180
419547 420797 2.474447 80.0 2 1250
420797 421447 4.767329 80.0 22 650
421447 422647 2.471625 80.0 2 1200
422647 428667 7.128099 80.0 15 6020
428667 429167 1.030448 80.0 18 500
429167 429967 -4.057368 80.0 17 800
429967 434107 -7.506518 80.0 11 4140
434107 435187 -0.688025 80.0 13 1080
435187 435687 -6.353919 80.0 3 500
435687 436017 -3.522657 80.0 29 330
436017 438257 -0.53525 80.0 9 2240
438257 438747 2.001369 80.0 26 490
438747 439717 5.893331 80.0 22 970
439717 440347 -0.264654 80.0 18 630
440347 440897 -5.941041 80.0 3 550
440897 441977 -2.785391 80.0 13 1080
441977 442807 -5.629226 80.0 3 830
442807 443367 -3.59867 80.0 29 560
443367 443797 -0.820392 80.0 28 430
443797 444357 0.55148 80.0 24 560
444357 445507 -0.863652 80.0 25 1150
