380458 381388 -0.022599 80.0 7 930
381388 386078 2.500827 80.0 10 4690
386078 386718 -0.998323 80.0 7 640
386718 395078 1.558633 80.0 0 8360
395078 395658 -0.522337 80.0 7 580
395658 396778 2.201874 80.0 19 1120
396778 397728 -1.786405 80.0 25 950
397728 398898 0.356417 80.0 24 1170
398898 399558 -0.211649 80.0 7 660
399558 403118 1.541775 80.0 14 3560
403118 405508 8.204061 80.0 4 2390
405508 405818 2.693613 80.0 16 310
405818 406498 -0.26295 80.0 1 680
406498 406768 -3.49152 80.0 17 270
406768 407708 -5.561266 80.0 3 940
407708 408098 -2.548366 80.0 8 390
408098 411288 2.633083 80.0 14 3190
411288 411848 6.412632 80.0 22 560
411848 412738 -1.031379 80.0 20 890
412738 418278 2.759058 80.0 6 5540
418278 419388 6.962552 80.0 12 1110
419388 422718 2.887824 80.0 23 3330
422718 428548 7.222517 80.0 15 5830
428548 428958 1.683812 80.0 18 410
428958 429808 -4.055074 80.0 17 850
429808 434048 -7.596947 80.0 11 4240
434048 434248 -2.50415 80.0 8 200
434248 434778 3.197956 80.0 19 530
434778 434968 -2.645053 80.0 17 190
434968 435588 -6.978325 80.0 3 620
435588 435808 -3.358266 80.0 29 220
435808 438258 -0.463059 80.0 9 2450
438258 438648 2.644645 80.0 26 390
438648 439618 6.384965 80.0 22 970
439618 440098 0.234996 80.0 18 480
440098 440828 -6.017425 80.0 3 730
440828 441738 -1.916767 80.0 13 910
441738 442738 -5.596551 80.0 3 1000
442738 443558 -2.404457 80.0 8 820
443558 444238 0.590103 80.0 24 680
444238 445508 -1.034511 80.0 25 1270
