380505 380885 1.666962 80.0 19 380
380885 381415 -1.85691 80.0 7 530
381415 386105 1.455512 80.0 10 4690
386105 386735 -0.952619 80.0 7 630
386735 395095 1.553981 80.0 0 8360
395095 395665 -0.492786 80.0 7 570
395665 396815 2.101361 80.0 19 1150
396815 397795 -1.708272 80.0 25 980
397795 398945 0.361294 80.0 24 1150
398945 399585 -0.203083 80.0 7 640
399585 403095 1.581692 80.0 14 3510
403095 405555 8.079766 80.0 4 2460
405555 405865 2.465166 80.0 16 310
405865 406515 -0.302571 80.0 1 650
406515 406805 -3.465112 80.0 17 290
406805 407705 -5.556843 80.0 3 900
407705 408135 -2.603857 80.0 8 430
408135 410575 1.821552 80.0 21 2440
410575 411875 5.755371 80.0 22 1300
411875 412735 -1.035804 80.0 20 860
412735 418265 2.734951 80.0 6 5530
418265 419435 6.809953 80.0 12 1170
419435 422665 2.835712 80.0 23 3230
422665 428585 7.181284 80.0 15 5920
428585 428985 1.466569 80.0 18 400
428985 429825 -4.053454 80.0 17 840
429825 434065 -7.52674 80.0 11 4240
434065 434275 -2.401517 80.0 8 210
434275 434785 3.020072 80.0 19 510
434785 434995 -2.363323 80.0 17 210
434995 435605 -6.868256 80.0 3 610
435605 435845 -3.366962 80.0 29 240
435845 438255 -0.475993 80.0 9 2410
438255 438645 2.340365 80.0 26 390
438645 439645 6.276474 80.0 22 1000
439645 440145 -0.036486 80.0 18 500
440145 440845 -6.030993 80.0 3 700
440845 441785 -2.087404 80.0 13 940
441785 442755 -5.617739 80.0 3 970
442755 443595 -2.391299 80.0 8 840
443595 444245 0.555378 80.0 24 650
444245 445505 -1.034287 80.0 25 1260
