380714 380964 0.96719 80.0 24 250
380964 381514 -0.686804 80.0 7 550
381514 386254 1.29338 80.0 10 4740
386254 386844 -0.704993 80.0 7 590
386844 396944 1.489192 80.0 27 10100
396944 397494 -1.849752 80.0 25 550
397494 398004 -1.004144 80.0 28 510
398004 399114 0.361454 80.0 24 1110
399114 399614 -0.168327 80.0 7 500
399614 403084 1.980868 80.0 14 3470
403084 405724 7.676259 80.0 4 2640
405724 406074 1.998913 80.0 16 350
406074 406584 -0.520897 80.0 1 510
406584 407004 -3.513349 80.0 17 420
407004 407724 -5.541517 80.0 3 720
407724 408304 -2.562156 80.0 8 580
408304 410514 1.672777 80.0 21 2210
410514 411964 5.348511 80.0 22 1450
411964 412874 -0.615409 80.0 20 910
412874 418324 2.765043 80.0 6 5450
418324 419574 6.581838 80.0 12 1250
419574 420674 2.228077 80.0 2 1100
420674 421484 4.661752 80.0 22 810
421484 422604 2.329647 80.0 2 1120
422604 428684 7.103494 80.0 15 6080
428684 429144 0.892179 80.0 18 460
429144 429964 -4.064861 80.0 17 820
429964 434114 -7.50761 80.0 11 4150
434114 434384 -2.454043 80.0 8 270
434384 434884 1.732616 80.0 19 500
434884 435154 -2.48268 80.0 17 270
435154 435684 -6.405226 80.0 3 530
435684 435994 -3.47006 80.0 29 310
435994 438254 -0.527873 80.0 9 2260
438254 438704 1.872528 80.0 26 450
438704 439734 5.851606 80.0 22 1030
439734 440324 -0.416508 80.0 18 590
440324 440894 -5.951859 80.0 3 570
440894 441954 -2.701754 80.0 13 1060
441954 442794 -5.641711 80.0 3 840
442794 443364 -3.562619 80.0 29 570
443364 445504 -0.639324 80.0 9 2140
