380706 380956 0.981378 80.0 24 250
380956 381516 -0.679317 80.0 7 560
381516 386236 1.298241 80.0 10 4720
386236 386836 -0.695667 80.0 7 600
386836 396936 1.489719 80.0 27 10100
396936 397496 -1.84832 80.0 25 560
397496 397996 -0.98974 80.0 28 500
397996 403156 1.356835 80.0 6 5160
403156 405656 7.87022 80.0 4 2500
405656 406066 2.343338 80.0 16 410
406066 406576 -0.515334 80.0 1 510
406576 406986 -3.469057 80.0 17 410
406986 407716 -5.533242 80.0 3 730
407716 408286 -2.622344 80.0 8 570
408286 410636 1.808982 80.0 21 2350
410636 411916 5.498918 80.0 22 1280
411916 412866 -0.416025 80.0 20 950
412866 418366 2.777381 80.0 6 5500
418366 419516 6.797158 80.0 12 1150
419516 422696 2.976629 80.0 23 3180
422696 428626 7.178014 80.0 15 5930
428626 429136 1.236202 80.0 18 510
429136 429956 -4.058157 80.0 17 820
429956 434106 -7.508576 80.0 11 4150
434106 434376 -2.473535 80.0 8 270
434376 434876 1.750442 80.0 19 500
434876 435146 -2.468066 80.0 17 270
435146 435676 -6.412688 80.0 3 530
435676 435986 -3.475947 80.0 29 310
435986 438256 -0.526382 80.0 9 2270
438256 438756 2.177873 80.0 26 500
438756 439686 6.034839 80.0 22 930
439686 440326 -0.1707 80.0 18 640
440326 440876 -5.986701 80.0 3 550
440876 441946 -2.714243 80.0 13 1070
441946 442796 -5.635859 80.0 3 850
442796 443346 -3.572509 80.0 29 550
443346 445506 -0.641743 80.0 9 2160
