380685 380955 1.074701 80.0 24 270
380955 381505 -0.763195 80.0 7 550
381505 386225 1.800505 80.0 10 4720
386225 386825 -0.738733 80.0 7 600
386825 395185 1.537746 80.0 0 8360
395185 395695 -0.382027 80.0 7 510
395695 396915 1.990852 80.0 19 1220
396915 397975 -1.462523 80.0 25 1060
397975 399105 0.358066 80.0 24 1130
399105 399605 -0.181694 80.0 7 500
399605 403065 1.466945 80.0 14 3460
403065 405715 7.680165 80.0 4 2650
405715 406045 1.975383 80.0 16 330
406045 406575 -0.485397 80.0 1 530
406575 406975 -3.498502 80.0 17 400
406975 407725 -5.53774 80.0 3 750
407725 408275 -2.588153 80.0 8 550
408275 410495 1.65938 80.0 21 2220
410495 411955 5.374578 80.0 22 1460
411955 412845 -0.699393 80.0 20 890
412845 418305 2.752734 80.0 6 5460
418305 419565 6.617025 80.0 12 1260
419565 420615 2.134005 80.0 2 1050
420615 421485 4.626727 80.0 22 870
421485 422585 2.272345 80.0 2 1100
422585 428685 7.101166 80.0 15 6100
428685 429125 0.845107 80.0 18 440
429125 429965 -4.075116 80.0 17 840
429965 434095 -7.525956 80.0 11 4130
434095 434365 -2.603747 80.0 8 270
434365 434865 1.919604 80.0 19 500
434865 435135 -2.437488 80.0 17 270
435135 435675 -6.482548 80.0 3 540
435675 435975 -3.444074 80.0 29 300
435975 438255 -0.520538 80.0 9 2280
438255 438685 1.863496 80.0 26 430
438685 439735 5.875038 80.0 22 1050
439735 440295 -0.389918 80.0 18 560
440295 440885 -5.950064 80.0 3 590
440885 441935 -2.637771 80.0 13 1050
441935 442795 -5.641817 80.0 3 860
442795 443345 -3.544242 80.0 29 550
443345 443755 -0.79707 80.0 28 410
443755 444275 0.440097 80.0 24 520
444275 445505 -1.025604 80.0 25 1230
