380518 380898 1.5998 80.0 19 380
380898 381418 -1.9023 80.0 7 520
381418 386108 1.137943 80.0 10 4690
386108 386748 -0.919542 80.0 7 640
386748 395098 1.554651 80.0 0 8350
395098 395668 -0.483559 80.0 7 570
395668 396818 2.089345 80.0 19 1150
396818 397808 -1.683599 80.0 25 990
397808 398958 0.360994 80.0 24 1150
398958 399588 -0.201712 80.0 7 630
399588 403098 1.576754 80.0 14 3510
403098 405568 8.055281 80.0 4 2470
405568 405878 2.422576 80.0 16 310
405878 406518 -0.309598 80.0 1 640
406518 406818 -3.460554 80.0 17 300
406818 407708 -5.555635 80.0 3 890
407708 408138 -2.637958 80.0 8 430
408138 410588 1.823932 80.0 21 2450
410588 411888 5.737967 80.0 22 1300
411888 412738 -1.067132 80.0 20 850
412738 418278 2.736186 80.0 6 5540
418278 419438 6.810588 80.0 12 1160
419438 422658 2.834316 80.0 23 3220
422658 428588 7.173717 80.0 15 5930
428588 428998 1.417155 80.0 18 410
428998 429828 -4.059245 80.0 17 830
429828 434068 -7.524899 80.0 11 4240
434068 434278 -2.444089 80.0 8 210
434278 434798 2.878807 80.0 19 520
434798 435008 -2.473336 80.0 17 210
435008 435608 -6.862146 80.0 3 600
435608 435858 -3.368127 80.0 29 250
435858 438258 -0.477698 80.0 9 2400
438258 438648 2.313712 80.0 26 390
438648 439648 6.254149 80.0 22 1000
439648 440148 0.045579 80.0 18 500
440148 440838 -6.036342 80.0 3 690
440838 441798 -2.169801 80.0 13 960
441798 442748 -5.628014 80.0 3 950
442748 443608 -2.415225 80.0 8 860
443608 444248 0.542328 80.0 24 640
444248 445508 -1.032388 80.0 25 1260
