380687 380957 1.058331 80.0 24 270
380957 381507 -0.758961 80.0 7 550
381507 386227 1.803653 80.0 10 4720
386227 386827 -0.73529 80.0 7 600
386827 395187 1.53759 80.0 0 8360
395187 395697 -0.380339 80.0 7 510
395697 396917 1.988231 80.0 19 1220
396917 397977 -1.460911 80.0 25 1060
397977 399097 0.361297 80.0 24 1120
399097 399607 -0.177842 80.0 7 510
399607 403087 1.482195 80.0 14 3480
403087 405707 7.722861 80.0 4 2620
405707 406047 2.021447 80.0 16 340
406047 406577 -0.491402 80.0 1 530
406577 406977 -3.511172 80.0 17 400
406977 407727 -5.537325 80.0 3 750
407727 408277 -2.571027 80.0 8 550
408277 410507 1.671269 80.0 21 2230
410507 411957 5.383289 80.0 22 1450
411957 412847 -0.703298 80.0 20 890
412847 418307 2.753994 80.0 6 5460
418307 419557 6.635036 80.0 12 1250
419557 420717 2.301882 80.0 2 1160
420717 421467 4.741002 80.0 22 750
421467 422597 2.317193 80.0 2 1130
422597 428667 7.116177 80.0 15 6070
428667 429127 0.956832 80.0 18 460
429127 429967 -4.080773 80.0 17 840
429967 434097 -7.525855 80.0 11 4130
434097 434367 -2.570141 80.0 8 270
434367 434867 1.909712 80.0 19 500
434867 435137 -2.461817 80.0 17 270
435137 435677 -6.478292 80.0 3 540
435677 435967 -3.479393 80.0 29 290
435967 438257 -0.526098 80.0 9 2290
438257 438687 1.88314 80.0 26 430
438687 439737 5.871532 80.0 22 1050
439737 440297 -0.416733 80.0 18 560
440297 440887 -5.951717 80.0 3 590
440887 441937 -2.639072 80.0 13 1050
441937 442797 -5.642004 80.0 3 860
442797 443347 -3.535261 80.0 29 550
443347 443757 -0.792301 80.0 28 410
443757 444277 0.437704 80.0 24 520
444277 445507 -1.025322 80.0 25 1230
