380669 380949 1.098648 80.0 24 280
380949 381499 -0.79288 80.0 7 550
381499 386209 1.829691 80.0 10 4710
386209 386829 -0.730799 80.0 7 620
386829 395179 1.540697 80.0 0 8350
395179 395699 -0.386863 80.0 7 520
395699 396909 2.022351 80.0 19 1210
396909 397959 -1.483245 80.0 25 1050
397959 399089 0.359389 80.0 24 1130
399089 399589 -0.188183 80.0 7 500
399589 403199 1.581395 80.0 14 3610
403199 405609 8.014357 80.0 4 2410
405609 406029 2.53291 80.0 16 420
406029 406579 -0.506954 80.0 1 550
406579 406959 -3.543007 80.0 17 380
406959 407719 -5.539989 80.0 3 760
407719 408259 -2.599703 80.0 8 540
408259 410879 2.112435 80.0 21 2620
410879 411879 5.725362 80.0 22 1000
411879 412829 -0.360655 80.0 20 950
412829 418389 2.778756 80.0 6 5560
418389 419469 7.002295 80.0 12 1080
419469 422779 3.036327 80.0 23 3310
422779 428579 7.242997 80.0 15 5800
428579 429109 1.526465 80.0 18 530
429109 429959 -4.066939 80.0 17 850
429959 434099 -7.522391 80.0 11 4140
434099 434359 -2.441615 80.0 8 260
434359 434859 2.001007 80.0 19 500
434859 435129 -2.549582 80.0 17 270
435129 435659 -6.554982 80.0 3 530
435659 435959 -3.48489 80.0 29 300
435959 438259 -0.515993 80.0 9 2300
438259 438779 2.424716 80.0 26 520
438779 439649 6.1871 80.0 22 870
439649 440289 0.163914 80.0 18 640
440289 440869 -5.977369 80.0 3 580
440869 441919 -2.620159 80.0 13 1050
441919 442789 -5.637801 80.0 3 870
442789 443329 -3.547738 80.0 29 540
443329 443739 -0.816818 80.0 28 410
443739 444259 0.452538 80.0 24 520
444259 445509 -1.011848 80.0 25 1250
