380735 380985 0.839096 80.0 24 250
380985 381535 -0.622019 80.0 7 550
381535 386255 1.074269 80.0 10 4720
386255 386855 -0.657531 80.0 7 600
386855 396945 1.747968 80.0 27 10090
396945 398025 -1.400902 80.0 25 1080
398025 403155 1.464612 80.0 6 5130
403155 405685 7.810325 80.0 4 2530
405685 407005 -0.590904 80.0 18 1320
407005 407725 -5.519849 80.0 3 720
407725 408315 -2.579741 80.0 8 590
408315 410605 1.76266 80.0 21 2290
410605 411915 5.443549 80.0 22 1310
411915 412895 -0.293824 80.0 20 980
412895 418385 2.787733 80.0 6 5490
418385 419535 6.744798 80.0 12 1150
419535 420885 2.606526 80.0 2 1350
420885 421415 4.873137 80.0 22 530
421415 422695 2.57954 80.0 2 1280
422695 428635 7.165374 80.0 15 5940
428635 429155 1.240494 80.0 18 520
429155 429965 -4.052275 80.0 17 810
429965 434105 -7.508676 80.0 11 4140
434105 435175 -0.627264 80.0 13 1070
435175 435685 -6.363727 80.0 3 510
435685 436005 -3.514061 80.0 29 320
436005 438255 -0.53541 80.0 9 2250
438255 438765 2.104712 80.0 26 510
438765 439705 5.965381 80.0 22 940
439705 440345 -0.236921 80.0 18 640
440345 440895 -5.952949 80.0 3 550
440895 441965 -2.749999 80.0 13 1070
441965 442805 -5.626938 80.0 3 840
442805 443365 -3.573615 80.0 29 560
443365 443775 -0.83103 80.0 28 410
443775 444355 0.550887 80.0 24 580
444355 445505 -0.867601 80.0 25 1150
