380564 380914 1.497928 80.0 24 350
380914 381444 -1.1274 80.0 7 530
381444 386144 1.965838 80.0 10 4700
386144 386764 -0.889124 80.0 7 620
386764 395124 1.548653 80.0 0 8360
395124 395684 -0.454691 80.0 7 560
395684 396854 2.230356 80.0 19 1170
396854 397854 -1.629177 80.0 25 1000
397854 399004 0.359999 80.0 24 1150
399004 399614 -0.192886 80.0 7 610
399614 403064 1.529922 80.0 14 3450
403064 405634 7.885363 80.0 4 2570
405634 405924 2.085026 80.0 16 290
405924 406534 -0.345172 80.0 1 610
406534 406864 -3.488441 80.0 17 330
406864 407704 -5.562067 80.0 3 840
407704 408184 -2.626275 80.0 8 480
408184 410534 1.751347 80.0 21 2350
410534 411914 5.607273 80.0 22 1380
411914 412734 -1.05581 80.0 20 820
412734 418264 2.717052 80.0 6 5530
418264 419484 6.63351 80.0 12 1220
419484 420764 2.150995 80.0 2 1280
420764 421384 5.03749 80.0 22 620
421384 422604 2.345357 80.0 2 1220
422604 428624 7.124844 80.0 15 6020
428624 429034 1.162924 80.0 18 410
429034 429954 -4.067575 80.0 17 920
429954 434084 -7.546558 80.0 11 4130
434084 434304 -2.377634 80.0 8 220
434304 434814 2.642215 80.0 19 510
434814 435044 -2.445076 80.0 17 230
435044 435624 -6.776042 80.0 3 580
435624 435874 -3.498058 80.0 29 250
435874 438254 -0.500812 80.0 9 2380
438254 438634 2.002049 80.0 26 380
438634 439694 6.075007 80.0 22 1060
439694 440194 -0.37275 80.0 18 500
440194 440854 -6.03815 80.0 3 660
440854 441844 -2.322433 80.0 13 990
441844 442764 -5.64223 80.0 3 920
442764 443284 -3.471278 80.0 29 520
443284 443654 -0.840257 80.0 28 370
443654 444244 0.529292 80.0 24 590
444244 445504 -1.025503 80.0 25 1260
