380610 380930 1.332246 80.0 24 320
380930 381470 -0.971905 80.0 7 540
381470 386170 2.024695 80.0 10 4700
386170 386800 -0.806183 80.0 7 630
386800 395140 1.548037 80.0 0 8340
395140 395700 -0.413859 80.0 7 560
395700 396870 2.16753 80.0 19 1170
396870 397900 -1.551309 80.0 25 1030
397900 399040 0.360804 80.0 24 1140
399040 399590 -0.19511 80.0 7 550
399590 403110 1.533147 80.0 14 3520
403110 405630 7.91818 80.0 4 2520
405630 405970 2.260468 80.0 16 340
405970 406550 -0.404826 80.0 1 580
406550 406900 -3.475904 80.0 17 350
406900 407720 -5.541851 80.0 3 820
407720 408210 -2.60316 80.0 8 490
408210 410580 1.781036 80.0 21 2370
410580 411900 5.591323 80.0 22 1320
411900 412780 -0.73513 80.0 20 880
412780 418310 2.743245 80.0 6 5530
418310 419480 6.657863 80.0 12 1170
419480 420870 2.574807 80.0 2 1390
420870 421370 5.108224 80.0 22 500
421370 422670 2.506155 80.0 2 1300
422670 428610 7.153556 80.0 15 5940
428610 429060 1.335919 80.0 18 450
429060 429950 -4.047892 80.0 17 890
429950 434080 -7.538471 80.0 11 4130
434080 434320 -2.60751 80.0 8 240
434320 434830 2.340909 80.0 19 510
434830 435070 -2.35181 80.0 17 240
435070 435640 -6.643042 80.0 3 570
435640 435920 -3.440658 80.0 29 280
435920 438260 -0.500693 80.0 9 2340
438260 438690 2.184809 80.0 26 430
438690 439680 6.107099 80.0 22 990
439680 440240 -0.260152 80.0 18 560
440240 440870 -6.027064 80.0 3 630
440870 441870 -2.413209 80.0 13 1000
441870 442780 -5.635643 80.0 3 910
442780 443300 -3.501682 80.0 29 520
443300 443700 -0.815342 80.0 28 400
443700 444250 0.502868 80.0 24 550
444250 445510 -1.015869 80.0 25 1260
