380501 380881 1.69424 80.0 19 380
380881 381411 -1.864532 80.0 7 530
381411 386101 1.457138 80.0 10 4690
386101 386741 -0.943649 80.0 7 640
386741 395101 1.554438 80.0 0 8360
395101 395671 -0.498805 80.0 7 570
395671 396811 2.12559 80.0 19 1140
396811 397791 -1.711492 80.0 25 980
397791 398941 0.361411 80.0 24 1150
398941 399581 -0.203806 80.0 7 640
399581 403081 1.489385 80.0 14 3500
403081 405571 8.043368 80.0 4 2490
405571 405861 2.333844 80.0 16 290
405861 406511 -0.287309 80.0 1 650
406511 406801 -3.444453 80.0 17 290
406801 407711 -5.555916 80.0 3 910
407711 408131 -2.580078 80.0 8 420
408131 410571 1.818488 80.0 21 2440
410571 411891 5.742109 80.0 22 1320
411891 412731 -1.162984 80.0 20 840
412731 418261 2.733081 80.0 6 5530
418261 419441 6.796501 80.0 12 1180
419441 422651 2.821644 80.0 23 3210
422651 428581 7.179128 80.0 15 5930
428581 428981 1.510407 80.0 18 400
428981 429821 -4.045759 80.0 17 840
429821 434061 -7.526567 80.0 11 4240
434061 434271 -2.464027 80.0 8 210
434271 434791 2.979986 80.0 19 520
434791 434991 -2.425892 80.0 17 200
434991 435601 -6.880829 80.0 3 610
435601 435841 -3.393766 80.0 29 240
435841 438261 -0.473897 80.0 9 2420
438261 438631 2.30569 80.0 26 370
438631 439661 6.234783 80.0 22 1030
439661 440141 -0.190028 80.0 18 480
440141 440841 -6.030584 80.0 3 700
440841 441781 -2.080233 80.0 13 940
441781 442751 -5.617715 80.0 3 970
442751 443591 -2.40445 80.0 8 840
443591 444241 0.558464 80.0 24 650
444241 445511 -1.028058 80.0 25 1270
