380753 380993 0.853514 80.0 24 240
380993 381543 -0.572912 80.0 7 550
381543 386263 1.069113 80.0 10 4720
386263 386863 -0.62913 80.0 7 600
386863 396953 1.662782 80.0 27 10090
396953 398043 -1.375524 80.0 25 1090
398043 403133 1.091969 80.0 6 5090
403133 405723 7.717202 80.0 4 2590
405723 407023 -0.713233 80.0 18 1300
407023 407723 -5.524343 80.0 3 700
407723 408323 -2.626173 80.0 8 600
408323 410553 1.690718 80.0 21 2230
410553 411933 5.367184 80.0 22 1380
411933 412893 -0.318947 80.0 20 960
412893 418363 2.775686 80.0 6 5470
418363 419553 6.628803 80.0 12 1190
419553 420803 2.477748 80.0 2 1250
420803 421463 4.748085 80.0 22 660
421463 422653 2.463255 80.0 2 1190
422653 428673 7.125617 80.0 15 6020
428673 429173 1.00223 80.0 18 500
429173 429973 -4.064363 80.0 17 800
429973 434113 -7.504695 80.0 11 4140
434113 435183 -0.663382 80.0 13 1070
435183 435693 -6.299987 80.0 3 510
435693 436023 -3.500223 80.0 29 330
436023 438263 -0.534698 80.0 9 2240
438263 438763 2.070733 80.0 26 500
438763 439723 5.895592 80.0 22 960
439723 440353 -0.299096 80.0 18 630
440353 440903 -5.929447 80.0 3 550
440903 441983 -2.791333 80.0 13 1080
441983 442813 -5.624749 80.0 3 830
442813 443373 -3.578518 80.0 29 560
443373 443793 -0.827322 80.0 28 420
443793 444363 0.529323 80.0 24 570
444363 445503 -0.875591 80.0 25 1140
