380761 381001 0.716022 80.0 24 240
381001 381541 -0.555574 80.0 7 540
381541 386271 1.064197 80.0 10 4730
386271 386871 -0.612375 80.0 7 600
386871 396951 1.744975 80.0 27 10080
396951 398051 -1.355494 80.0 25 1100
398051 403161 1.341414 80.0 6 5110
403161 405711 7.763025 80.0 4 2550
405711 407031 -0.680394 80.0 18 1320
407031 407721 -5.52191 80.0 3 690
407721 408331 -2.60324 80.0 8 610
408331 410621 1.770958 80.0 21 2290
410621 411921 5.418925 80.0 22 1300
411921 412901 -0.238541 80.0 20 980
412901 418391 2.7879 80.0 6 5490
418391 419541 6.688097 80.0 12 1150
419541 420861 2.583827 80.0 2 1320
420861 421411 4.818295 80.0 22 550
421411 422701 2.615255 80.0 2 1290
422701 428641 7.159462 80.0 15 5940
428641 429181 1.155144 80.0 18 540
429181 429971 -4.072691 80.0 17 790
429971 434111 -7.501736 80.0 11 4140
434111 435191 -0.72816 80.0 13 1080
435191 435691 -6.277984 80.0 3 500
435691 436031 -3.494288 80.0 29 340
436031 438241 -0.538114 80.0 9 2210
438241 438781 2.064142 80.0 26 540
438781 439701 5.9413 80.0 22 920
439701 440361 -0.186862 80.0 18 660
440361 440901 -5.923698 80.0 3 540
440901 441991 -2.824394 80.0 13 1090
441991 442811 -5.624445 80.0 3 820
442811 443371 -3.594397 80.0 29 560
443371 443801 -0.831298 80.0 28 430
443801 444341 0.541541 80.0 24 540
444341 445511 -0.850499 80.0 25 1170
