380765 380995 0.757461 80.0 24 230
380995 381545 -0.54529 80.0 7 550
381545 386275 1.063981 80.0 10 4730
386275 386865 -0.622304 80.0 7 590
386865 396955 1.74279 80.0 27 10090
396955 398055 -1.355788 80.0 25 1100
398055 403135 1.238941 80.0 6 5080
403135 405725 7.70822 80.0 4 2590
405725 407035 -0.716289 80.0 18 1310
407035 407725 -5.519581 80.0 3 690
407725 408345 -2.564803 80.0 8 620
408345 410545 1.686012 80.0 21 2200
410545 411945 5.338594 80.0 22 1400
411945 412905 -0.332536 80.0 20 960
412905 418365 2.778652 80.0 6 5460
418365 419565 6.589229 80.0 12 1200
419565 420755 2.397449 80.0 2 1190
420755 421465 4.695968 80.0 22 710
421465 422655 2.475068 80.0 2 1190
422655 428665 7.125181 80.0 15 6010
428665 429185 1.040161 80.0 18 520
429185 429965 -4.061976 80.0 17 780
429965 434115 -7.496069 80.0 11 4150
434115 435195 -0.72609 80.0 13 1080
435195 435695 -6.284623 80.0 3 500
435695 436025 -3.540252 80.0 29 330
436025 438255 -0.543416 80.0 9 2230
438255 438755 1.969844 80.0 26 500
438755 439735 5.839087 80.0 22 980
439735 440365 -0.394444 80.0 18 630
440365 440895 -5.945319 80.0 3 530
440895 441995 -2.847322 80.0 13 1100
441995 442815 -5.624609 80.0 3 820
442815 443385 -3.569549 80.0 29 570
443385 443805 -0.802907 80.0 28 420
443805 444355 0.532458 80.0 24 550
444355 445505 -0.866417 80.0 25 1150
