380683 380963 1.054626 80.0 24 280
380963 381503 -0.782184 80.0 7 540
381503 386223 1.801049 80.0 10 4720
386223 386823 -0.739668 80.0 7 600
386823 395183 1.537813 80.0 0 8360
395183 395703 -0.375389 80.0 7 520
395703 396923 1.992288 80.0 19 1220
396923 397973 -1.476686 80.0 25 1050
397973 399103 0.358261 80.0 24 1130
399103 399603 -0.182965 80.0 7 500
399603 403073 1.470887 80.0 14 3470
403073 405713 7.698334 80.0 4 2640
405713 406043 1.980583 80.0 16 330
406043 406573 -0.473145 80.0 1 530
406573 406973 -3.490157 80.0 17 400
406973 407723 -5.543391 80.0 3 750
407723 408273 -2.60167 80.0 8 550
408273 410493 1.658443 80.0 21 2220
410493 411963 5.365376 80.0 22 1470
411963 412843 -0.747548 80.0 20 880
412843 418293 2.750191 80.0 6 5450
418293 419563 6.597237 80.0 12 1270
419563 420613 2.134077 80.0 2 1050
420613 421483 4.62928 80.0 22 870
421483 422583 2.267875 80.0 2 1100
422583 428683 7.103673 80.0 15 6100
428683 429123 0.863127 80.0 18 440
429123 429963 -4.072104 80.0 17 840
429963 434093 -7.525923 80.0 11 4130
434093 434363 -2.632422 80.0 8 270
434363 434863 1.93221 80.0 19 500
434863 435133 -2.426865 80.0 17 270
435133 435673 -6.486508 80.0 3 540
435673 435973 -3.453292 80.0 29 300
435973 438253 -0.520626 80.0 9 2280
438253 438683 1.850856 80.0 26 430
438683 439733 5.877297 80.0 22 1050
439733 440293 -0.370432 80.0 18 560
440293 440883 -5.951509 80.0 3 590
440883 441933 -2.633111 80.0 13 1050
441933 442793 -5.642677 80.0 3 860
442793 443343 -3.550404 80.0 29 550
443343 443753 -0.802869 80.0 28 410
443753 444273 0.441119 80.0 24 520
444273 445503 -1.027359 80.0 25 1230
