380750 381000 0.762826 80.0 24 250
381000 381540 -0.592204 80.0 7 540
381540 386270 1.067975 80.0 10 4730
386270 386870 -0.635338 80.0 7 600
386870 396960 1.747239 80.0 27 10090
396960 398040 -1.391121 80.0 25 1080
398040 403140 1.330445 80.0 6 5100
403140 405720 7.732157 80.0 4 2580
405720 407020 -0.706164 80.0 18 1300
407020 407720 -5.523947 80.0 3 700
407720 408330 -2.596538 80.0 8 610
408330 410560 1.707579 80.0 21 2230
410560 411930 5.376696 80.0 22 1370
411930 412900 -0.310098 80.0 20 970
412900 418360 2.779573 80.0 6 5460
418360 419550 6.632936 80.0 12 1190
419550 420800 2.478261 80.0 2 1250
420800 421450 4.758696 80.0 22 650
421450 422650 2.474772 80.0 2 1200
422650 428670 7.125955 80.0 15 6020
428670 429170 1.020718 80.0 18 500
429170 429970 -4.060312 80.0 17 800
429970 434110 -7.5049 80.0 11 4140
434110 435190 -0.698905 80.0 13 1080
435190 435690 -6.335145 80.0 3 500
435690 436020 -3.511923 80.0 29 330
436020 438260 -0.534426 80.0 9 2240
438260 438750 2.008785 80.0 26 490
438750 439720 5.882324 80.0 22 970
439720 440350 -0.276012 80.0 18 630
440350 440900 -5.927567 80.0 3 550
440900 441980 -2.786484 80.0 13 1080
441980 442810 -5.625592 80.0 3 830
442810 443370 -3.588771 80.0 29 560
443370 443790 -0.834609 80.0 28 420
443790 444360 0.533606 80.0 24 570
444360 445510 -0.866483 80.0 25 1150
