380761 381001 0.735692 80.0 24 240
381001 381541 -0.560437 80.0 7 540
381541 386281 1.062346 80.0 10 4740
386281 386871 -0.625392 80.0 7 590
386871 396961 1.745007 80.0 27 10090
396961 398051 -1.369221 80.0 25 1090
398051 403131 1.236879 80.0 6 5080
403131 405731 7.696955 80.0 4 2600
405731 407041 -0.773961 80.0 18 1310
407041 407731 -5.523556 80.0 3 690
407731 408331 -2.58285 80.0 8 600
408331 410561 1.698984 80.0 21 2230
410561 411931 5.364418 80.0 22 1370
411931 412921 -0.273208 80.0 20 990
412921 418361 2.788082 80.0 6 5440
418361 419571 6.570228 80.0 12 1210
419571 420731 2.355061 80.0 2 1160
420731 421461 4.683167 80.0 22 730
421461 422651 2.470028 80.0 2 1190
422651 428671 7.122766 80.0 15 6020
428671 429171 1.059022 80.0 18 500
429171 429981 -4.052902 80.0 17 810
429981 434111 -7.508034 80.0 11 4130
434111 435201 -0.763235 80.0 13 1090
435201 435701 -6.289136 80.0 3 500
435701 436021 -3.509557 80.0 29 320
436021 438241 -0.545814 80.0 9 2220
438241 438751 1.915835 80.0 26 510
438751 439731 5.841428 80.0 22 980
439731 440361 -0.373086 80.0 18 630
440361 440911 -5.906381 80.0 3 550
440911 442001 -2.82129 80.0 13 1090
442001 442811 -5.633698 80.0 3 810
442811 443371 -3.606777 80.0 29 560
443371 443791 -0.858867 80.0 28 420
443791 444351 0.524312 80.0 24 560
444351 445511 -0.858918 80.0 25 1160
