380529 380889 1.623931 80.0 19 360
380889 381429 -1.69339 80.0 7 540
381429 386119 1.443327 80.0 10 4690
386119 386759 -0.904602 80.0 7 640
386759 395099 1.555461 80.0 0 8340
395099 395669 -0.474233 80.0 7 570
395669 396839 2.275464 80.0 19 1170
396839 397819 -1.682442 80.0 25 980
397819 398969 0.360726 80.0 24 1150
398969 399589 -0.201333 80.0 7 620
399589 403109 1.580918 80.0 14 3520
403109 405559 8.072953 80.0 4 2450
405559 405889 2.513674 80.0 16 330
405889 406519 -0.313588 80.0 1 630
406519 406829 -3.460589 80.0 17 310
406829 407709 -5.554883 80.0 3 880
407709 408149 -2.617873 80.0 8 440
408149 410609 1.850986 80.0 21 2460
410609 411879 5.737645 80.0 22 1270
411879 412729 -0.970442 80.0 20 850
412729 418299 2.738225 80.0 6 5570
418299 419439 6.824217 80.0 12 1140
419439 422679 2.851647 80.0 23 3240
422679 428579 7.185131 80.0 15 5900
428579 429009 1.463982 80.0 18 430
429009 429939 -4.049561 80.0 17 930
429939 434069 -7.551946 80.0 11 4130
434069 434279 -2.502431 80.0 8 210
434279 434809 2.754147 80.0 19 530
434809 435019 -2.589909 80.0 17 210
435019 435609 -6.856638 80.0 3 590
435609 435859 -3.426907 80.0 29 250
435859 438259 -0.482852 80.0 9 2400
438259 438669 2.399873 80.0 26 410
438669 439649 6.259804 80.0 22 980
439649 440159 0.021335 80.0 18 510
440159 440839 -6.042185 80.0 3 680
440839 441809 -2.215062 80.0 13 970
441809 442759 -5.626942 80.0 3 950
442759 443619 -2.381678 80.0 8 860
443619 444249 0.535706 80.0 24 630
444249 445509 -1.029194 80.0 25 1260
