380765 381005 0.720824 80.0 24 240
381005 381545 -0.553858 80.0 7 540
381545 386275 1.063613 80.0 10 4730
386275 386875 -0.608764 80.0 7 600
386875 396965 1.744301 80.0 27 10090
396965 398055 -1.366564 80.0 25 1090
398055 403125 1.31158 80.0 6 5070
403125 405735 7.680216 80.0 4 2610
405735 407035 -0.761712 80.0 18 1300
407035 407725 -5.518865 80.0 3 690
407725 408335 -2.597199 80.0 8 610
408335 410555 1.692447 80.0 21 2220
410555 411945 5.344652 80.0 22 1390
411945 412905 -0.333535 80.0 20 960
412905 418365 2.779909 80.0 6 5460
418365 419565 6.58532 80.0 12 1200
419565 420745 2.386674 80.0 2 1180
420745 421475 4.678444 80.0 22 730
421475 422645 2.447537 80.0 2 1170
422645 428675 7.115168 80.0 15 6030
428675 429185 0.966388 80.0 18 510
429185 429975 -4.077845 80.0 17 790
429975 434115 -7.502008 80.0 11 4140
434115 435195 -0.728891 80.0 13 1080
435195 435695 -6.276151 80.0 3 500
435695 436035 -3.487117 80.0 29 340
436035 438255 -0.536344 80.0 9 2220
438255 438745 1.939085 80.0 26 490
438745 439735 5.818871 80.0 22 990
439735 440365 -0.412334 80.0 18 630
440365 440905 -5.924119 80.0 3 540
440905 441995 -2.828621 80.0 13 1090
441995 442815 -5.624328 80.0 3 820
442815 443385 -3.564482 80.0 29 570
443385 443805 -0.799295 80.0 28 420
443805 444345 0.540826 80.0 24 540
444345 445505 -0.857523 80.0 25 1160
