380482 380872 1.744029 80.0 19 390
380872 381402 -2.030942 80.0 25 530
381402 386092 1.147187 80.0 10 4690
386092 386722 -0.984454 80.0 7 630
386722 395082 1.556263 80.0 0 8360
395082 395672 -0.496103 80.0 7 590
395672 396802 2.161638 80.0 19 1130
396802 397772 -1.738738 80.0 25 970
397772 398922 0.361886 80.0 24 1150
398922 399572 -0.206403 80.0 7 650
399572 403092 1.506061 80.0 14 3520
403092 405542 8.111249 80.0 4 2450
405542 405842 2.497414 80.0 16 300
405842 406502 -0.266527 80.0 1 660
406502 406782 -3.42295 80.0 17 280
406782 407712 -5.554713 80.0 3 930
407712 408112 -2.581862 80.0 8 400
408112 410622 1.887156 80.0 21 2510
410622 411872 5.818104 80.0 22 1250
411872 412732 -1.10903 80.0 20 860
412732 418272 2.744503 80.0 6 5540
418272 419422 6.872362 80.0 12 1150
419422 422682 2.846312 80.0 23 3260
422682 428572 7.199473 80.0 15 5890
428572 428972 1.531205 80.0 18 400
428972 429812 -4.049838 80.0 17 840
429812 434052 -7.528906 80.0 11 4240
434052 434262 -2.517891 80.0 8 210
434262 434792 3.034533 80.0 19 530
434792 434972 -2.473027 80.0 17 180
434972 435592 -6.901997 80.0 3 620
435592 435832 -3.377734 80.0 29 240
435832 438262 -0.465738 80.0 9 2430
438262 438632 2.418009 80.0 26 370
438632 439632 6.309001 80.0 22 1000
439632 440122 0.097251 80.0 18 490
440122 440832 -6.027591 80.0 3 710
440832 441772 -2.054656 80.0 13 940
441772 442752 -5.611724 80.0 3 980
442752 443572 -2.398361 80.0 8 820
443572 444242 0.564336 80.0 24 670
444242 445512 -1.029477 80.0 25 1270
