380668 380958 1.107116 80.0 24 290
380958 381498 -0.826231 80.0 7 540
381498 386218 1.842122 80.0 10 4720
386218 386828 -0.752473 80.0 7 610
386828 395178 1.541153 80.0 0 8350
395178 395698 -0.39143 80.0 7 520
395698 396908 2.028059 80.0 19 1210
396908 397958 -1.487982 80.0 25 1050
397958 399088 0.359872 80.0 24 1130
399088 399618 -0.179455 80.0 7 530
399618 403058 1.475237 80.0 14 3440
403058 405718 7.678004 80.0 4 2660
405718 406028 1.903448 80.0 16 310
406028 406578 -0.485063 80.0 1 550
406578 406958 -3.52496 80.0 17 380
406958 407718 -5.544791 80.0 3 760
407718 408258 -2.633956 80.0 8 540
408258 410468 1.636777 80.0 21 2210
410468 411958 5.36568 80.0 22 1490
411958 412828 -0.798271 80.0 20 870
412828 418268 2.740971 80.0 6 5440
418268 419578 6.541423 80.0 12 1310
419578 420578 2.04161 80.0 2 1000
420578 421498 4.589905 80.0 22 920
421498 422558 2.199284 80.0 2 1060
422558 428688 7.090194 80.0 15 6130
428688 429108 0.838957 80.0 18 420
429108 429968 -4.070255 80.0 17 860
429968 434098 -7.529795 80.0 11 4130
434098 435128 -0.301364 80.0 13 1030
435128 435668 -6.549332 80.0 3 540
435668 435958 -3.463009 80.0 29 290
435958 438258 -0.519139 80.0 9 2300
438258 438648 1.752105 80.0 26 390
438648 439748 5.814808 80.0 22 1100
439748 440288 -0.563671 80.0 18 540
440288 440888 -5.955204 80.0 3 600
440888 441918 -2.568361 80.0 13 1030
441918 442798 -5.634143 80.0 3 880
442798 443328 -3.539051 80.0 29 530
443328 443748 -0.810891 80.0 28 420
443748 444258 0.467913 80.0 24 510
444258 445508 -1.013717 80.0 25 1250
