380616 380936 1.295636 80.0 24 320
380936 381476 -0.956695 80.0 7 540
381476 386176 1.99451 80.0 10 4700
386176 386796 -0.810702 80.0 7 620
386796 395146 1.545657 80.0 0 8350
395146 395696 -0.415253 80.0 7 550
395696 396876 2.141828 80.0 19 1180
396876 397906 -1.548037 80.0 25 1030
397906 399046 0.360734 80.0 24 1140
399046 399596 -0.193697 80.0 7 550
399596 403116 1.537543 80.0 14 3520
403116 405636 7.914005 80.0 4 2520
405636 405976 2.236662 80.0 16 340
405976 406556 -0.422225 80.0 1 580
406556 406906 -3.496825 80.0 17 350
406906 407716 -5.543061 80.0 3 810
407716 408226 -2.565379 80.0 8 510
408226 410566 1.768735 80.0 21 2340
410566 411916 5.563639 80.0 22 1350
411916 412786 -0.804869 80.0 20 870
412786 418316 3.143815 80.0 6 5530
418316 419486 6.651801 80.0 12 1170
419486 420846 2.532834 80.0 2 1360
420846 421376 5.064797 80.0 22 530
421376 422656 2.482546 80.0 2 1280
422656 428626 7.184749 80.0 15 5970
428626 429076 1.146866 80.0 18 450
429076 429946 -4.069029 80.0 17 870
429946 434086 -7.532203 80.0 11 4140
434086 434326 -2.52762 80.0 8 240
434326 434836 2.309517 80.0 19 510
434836 435086 -2.499667 80.0 17 250
435086 435646 -6.657995 80.0 3 560
435646 435916 -3.467119 80.0 29 270
435916 438256 -0.50976 80.0 9 2340
438256 438696 2.172222 80.0 26 440
438696 439686 6.098877 80.0 22 990
439686 440236 -0.217908 80.0 18 550
440236 440866 -6.024018 80.0 3 630
440866 441876 -2.449932 80.0 13 1010
441876 442776 -5.641851 80.0 3 900
442776 443306 -3.515678 80.0 29 530
443306 443696 -0.821735 80.0 28 390
443696 444256 0.489784 80.0 24 560
444256 445506 -1.02272 80.0 25 1250
