380568 380918 1.453849 80.0 24 350
380918 381448 -1.106694 80.0 7 530
381448 386138 2.167864 80.0 10 4690
386138 386768 -0.865058 80.0 7 630
386768 395118 1.55004 80.0 0 8350
395118 395688 -0.442176 80.0 7 570
395688 396858 2.222706 80.0 19 1170
396858 397858 -1.624467 80.0 25 1000
397858 399008 0.359876 80.0 24 1150
399008 399618 -0.191607 80.0 7 610
399618 403108 1.568334 80.0 14 3490
403108 405598 7.99104 80.0 4 2490
405598 405928 2.348329 80.0 16 330
405928 406528 -0.339258 80.0 1 600
406528 406868 -3.463931 80.0 17 340
406868 407708 -5.556894 80.0 3 840
407708 408188 -2.588931 80.0 8 480
408188 410578 1.801725 80.0 21 2390
410578 411898 5.653752 80.0 22 1320
411898 412738 -0.935805 80.0 20 840
412738 418298 2.729286 80.0 6 5560
418298 419448 6.757843 80.0 12 1150
419448 422668 2.853665 80.0 23 3220
422668 428598 7.164815 80.0 15 5930
428598 429038 1.333819 80.0 18 440
429038 429938 -4.054129 80.0 17 900
429938 434078 -7.540156 80.0 11 4140
434078 434308 -2.415804 80.0 8 230
434308 434818 2.621216 80.0 19 510
434818 435048 -2.504909 80.0 17 230
435048 435628 -6.764091 80.0 3 580
435628 435878 -3.468143 80.0 29 250
435878 438258 -0.499473 80.0 9 2380
438258 438668 2.21949 80.0 26 410
438668 439658 6.185394 80.0 22 990
439658 440198 -0.06797 80.0 18 540
440198 440858 -6.035487 80.0 3 660
440858 441848 -2.3272 80.0 13 990
441848 442768 -5.639643 80.0 3 920
442768 443278 -3.48268 80.0 29 510
443278 443658 -0.854751 80.0 28 380
443658 444248 0.520735 80.0 24 590
444248 445508 -1.022771 80.0 25 1260
