380672 380952 1.112219 80.0 24 280
380952 381502 -0.802432 80.0 7 550
381502 386212 1.837502 80.0 10 4710
386212 386822 -0.74842 80.0 7 610
386822 395182 1.539049 80.0 0 8360
395182 395692 -0.397332 80.0 7 510
395692 396912 2.008123 80.0 19 1220
396912 397962 -1.486315 80.0 25 1050
397962 399082 0.362552 80.0 24 1120
399082 399612 -0.177393 80.0 7 530
399612 403092 1.494917 80.0 14 3480
403092 405692 7.763726 80.0 4 2600
405692 406032 2.05419 80.0 16 340
406032 406572 -0.471367 80.0 1 540
406572 406962 -3.508335 80.0 17 390
406962 407722 -5.543565 80.0 3 760
407722 408262 -2.601903 80.0 8 540
408262 410522 1.692785 80.0 21 2260
410522 411942 5.429402 80.0 22 1420
411942 412832 -0.694413 80.0 20 890
412832 418302 3.148514 80.0 6 5470
418302 419552 6.662447 80.0 12 1250
419552 420742 2.338571 80.0 2 1190
420742 421452 4.798273 80.0 22 710
421452 422602 2.330892 80.0 2 1150
422602 428662 7.126716 80.0 15 6060
428662 429112 0.994846 80.0 18 450
429112 429962 -4.069945 80.0 17 850
429962 434092 -7.528251 80.0 11 4130
434092 434362 -2.552609 80.0 8 270
434362 434862 2.006558 80.0 19 500
434862 435122 -2.445491 80.0 17 260
435122 435662 -6.533323 80.0 3 540
435662 435952 -3.537474 80.0 29 290
435952 438262 -0.523478 80.0 9 2310
438262 438692 1.979145 80.0 26 430
438692 439732 5.917521 80.0 22 1040
439732 440282 -0.371382 80.0 18 550
440282 440882 -5.94621 80.0 3 600
440882 441922 -2.594581 80.0 13 1040
441922 442792 -5.641874 80.0 3 870
442792 443332 -3.548936 80.0 29 540
443332 443742 -0.818513 80.0 28 410
443742 444262 0.454368 80.0 24 520
444262 445512 -1.012488 80.0 25 1250
