380668 380948 1.143531 80.0 24 280
380948 381498 -0.809666 80.0 7 550
381498 386208 1.841781 80.0 10 4710
386208 386818 -0.750486 80.0 7 610
386818 395178 1.539201 80.0 0 8360
395178 395698 -0.389884 80.0 7 520
395698 396908 2.027027 80.0 19 1210
396908 397958 -1.487323 80.0 25 1050
397958 399088 0.359899 80.0 24 1130
399088 399608 -0.183383 80.0 7 520
399608 403078 1.484688 80.0 14 3470
403078 405708 7.722335 80.0 4 2630
405708 406028 1.959236 80.0 16 320
406028 406568 -0.457776 80.0 1 540
406568 406958 -3.487312 80.0 17 390
406958 407718 -5.545292 80.0 3 760
407718 408258 -2.630676 80.0 8 540
408258 410508 1.676472 80.0 21 2250
410508 411958 5.406126 80.0 22 1450
411958 412828 -0.797166 80.0 20 870
412828 418288 2.744661 80.0 6 5460
418288 419558 6.629273 80.0 12 1270
419558 420668 2.214464 80.0 2 1110
420668 421458 4.719277 80.0 22 790
421458 422578 2.285978 80.0 2 1120
422578 428668 7.111477 80.0 15 6090
428668 429108 0.971923 80.0 18 440
429108 429968 -4.071962 80.0 17 860
429968 434098 -7.529948 80.0 11 4130
434098 434358 -2.514886 80.0 8 260
434358 434858 2.03915 80.0 19 500
434858 435118 -2.410834 80.0 17 260
435118 435668 -6.517929 80.0 3 550
435668 435958 -3.459543 80.0 29 290
435958 438258 -0.519152 80.0 9 2300
438258 438668 1.850686 80.0 26 410
438668 439728 5.891024 80.0 22 1060
439728 440288 -0.408582 80.0 18 560
440288 440878 -5.97116 80.0 3 590
440878 441918 -2.590394 80.0 13 1040
441918 442798 -5.634752 80.0 3 880
442798 443328 -3.538079 80.0 29 530
443328 443748 -0.810281 80.0 28 420
443748 444268 0.458991 80.0 24 520
444268 445508 -1.021583 80.0 25 1240
