380680 380960 1.06294 80.0 24 280
380960 381500 -0.794929 80.0 7 540
381500 386220 1.806789 80.0 10 4720
386220 386820 -0.74737 80.0 7 600
386820 395180 1.538305 80.0 0 8360
395180 395700 -0.381865 80.0 7 520
395700 396920 1.998672 80.0 19 1220
396920 397970 -1.480621 80.0 25 1050
397970 399090 0.361768 80.0 24 1120
399090 399620 -0.173527 80.0 7 530
399620 403080 1.4861 80.0 14 3460
403080 405700 7.728949 80.0 4 2620
405700 406040 2.031327 80.0 16 340
406040 406570 -0.468883 80.0 1 530
406570 406970 -3.494737 80.0 17 400
406970 407720 -5.543042 80.0 3 750
407720 408270 -2.60516 80.0 8 550
408270 410510 1.678578 80.0 21 2240
410510 411960 5.390481 80.0 22 1450
411960 412840 -0.752576 80.0 20 880
412840 418300 3.064887 80.0 6 5460
418300 419560 6.626422 80.0 12 1260
419560 420670 2.223875 80.0 2 1110
420670 421470 4.701838 80.0 22 800
421470 422580 2.278891 80.0 2 1110
422580 428670 7.109953 80.0 15 6090
428670 429120 0.933275 80.0 18 450
429120 429970 -4.080916 80.0 17 850
429970 434090 -7.532379 80.0 11 4120
434090 434360 -2.656229 80.0 8 270
434360 434860 1.954964 80.0 19 500
434860 435130 -2.412362 80.0 17 270
435130 435670 -6.503798 80.0 3 540
435670 435960 -3.506987 80.0 29 290
435960 438260 -0.523633 80.0 9 2300
438260 438680 1.887702 80.0 26 420
438680 439730 5.883301 80.0 22 1050
439730 440290 -0.365439 80.0 18 560
440290 440890 -5.937423 80.0 3 600
440890 441930 -2.605438 80.0 13 1040
441930 442790 -5.644983 80.0 3 860
442790 443340 -3.555034 80.0 29 550
443340 443750 -0.804095 80.0 28 410
443750 444270 0.443974 80.0 24 520
444270 445510 -1.017568 80.0 25 1240
