380728 380988 0.917153 80.0 24 260
380988 381528 -0.654237 80.0 7 540
381528 386248 1.075967 80.0 10 4720
386248 386848 -0.665944 80.0 7 600
386848 396938 1.663515 80.0 27 10090
396938 398018 -1.403983 80.0 25 1080
398018 403098 1.074674 80.0 6 5080
403098 405728 7.679336 80.0 4 2630
405728 406088 2.010648 80.0 16 360
406088 406588 -0.545838 80.0 1 500
406588 407008 -3.489069 80.0 17 420
407008 407718 -5.532189 80.0 3 710
407718 408308 -2.613893 80.0 8 590
408308 410518 1.665873 80.0 21 2210
410518 411948 5.353186 80.0 22 1430
411948 412888 -0.484825 80.0 20 940
412888 418328 2.770693 80.0 6 5440
418328 419568 6.575826 80.0 12 1240
419568 420708 2.29884 80.0 2 1140
420708 421478 4.682958 80.0 22 770
421478 422608 2.357755 80.0 2 1130
422608 428678 7.104244 80.0 15 6070
428678 429158 0.910967 80.0 18 480
429158 429968 -4.076811 80.0 17 810
429968 434108 -7.510518 80.0 11 4140
434108 434388 -2.529624 80.0 8 280
434388 434888 1.617171 80.0 19 500
434888 435168 -2.503317 80.0 17 280
435168 435688 -6.370602 80.0 3 520
435688 435998 -3.499256 80.0 29 310
435998 438258 -0.534241 80.0 9 2260
438258 438708 1.884932 80.0 26 450
438708 439728 5.840673 80.0 22 1020
439728 440328 -0.3247 80.0 18 600
440328 440888 -5.94434 80.0 3 560
440888 441968 -2.761088 80.0 13 1080
441968 442808 -5.631375 80.0 3 840
442808 443358 -3.569506 80.0 29 550
443358 443768 -0.844403 80.0 28 410
443768 444348 0.561075 80.0 24 580
444348 445508 -0.860453 80.0 25 1160
