380460 380870 1.75795 80.0 19 410
380870 381390 -2.083483 80.0 7 520
381390 386070 1.468512 80.0 10 4680
386070 386710 -0.995494 80.0 7 640
386710 395090 1.55471 80.0 0 8380
395090 395660 -0.530087 80.0 7 570
395660 396780 2.200316 80.0 19 1120
396780 397750 -1.748929 80.0 25 970
397750 398900 0.362525 80.0 24 1150
398900 399560 -0.210365 80.0 7 660
399560 403100 1.522011 80.0 14 3540
403100 405520 8.165126 80.0 4 2420
405520 405820 2.609541 80.0 16 300
405820 406510 -0.291777 80.0 1 690
406510 406780 -3.602388 80.0 17 270
406780 407710 -5.566074 80.0 3 930
407710 408100 -2.542298 80.0 8 390
408100 410720 2.019727 80.0 21 2620
410720 411860 5.920582 80.0 22 1140
411860 412730 -1.114291 80.0 20 870
412730 418270 2.750714 80.0 6 5540
418270 419410 6.913321 80.0 12 1140
419410 422680 2.845427 80.0 23 3270
422680 428550 7.209002 80.0 15 5870
428550 428950 1.759977 80.0 18 400
428950 429810 -4.033482 80.0 17 860
429810 434050 -7.594815 80.0 11 4240
434050 434250 -2.484822 80.0 8 200
434250 434780 3.174666 80.0 19 530
434780 434960 -2.520665 80.0 17 180
434960 435590 -6.938293 80.0 3 630
435590 435820 -3.295275 80.0 29 230
435820 438240 -0.459524 80.0 9 2420
438240 438630 2.386274 80.0 26 390
438630 439630 6.341654 80.0 22 1000
439630 440100 0.121033 80.0 18 470
440100 440830 -6.010428 80.0 3 730
440830 441750 -1.952212 80.0 13 920
441750 442750 -5.597815 80.0 3 1000
442750 443560 -2.369404 80.0 8 810
443560 444230 0.596386 80.0 24 670
444230 445510 -1.026604 80.0 25 1280
