380701 380961 0.989399 80.0 24 260
380961 381511 -0.713807 80.0 7 550
381511 386231 1.314138 80.0 10 4720
386231 386841 -0.697855 80.0 7 610
386841 395201 1.536154 80.0 0 8360
395201 395701 -0.373202 80.0 7 500
395701 396921 1.970245 80.0 19 1220
396921 397491 -1.818262 80.0 25 570
397491 397991 -1.000201 80.0 28 500
397991 403151 1.109722 80.0 6 5160
403151 405661 7.863352 80.0 4 2510
405661 406061 2.312425 80.0 16 400
406061 406581 -0.516487 80.0 1 520
406581 406991 -3.52069 80.0 17 410
406991 407721 -5.540537 80.0 3 730
407721 408291 -2.572889 80.0 8 570
408291 410651 1.833724 80.0 21 2360
410651 411921 5.513826 80.0 22 1270
411921 412861 -0.45872 80.0 20 940
412861 418371 2.777232 80.0 6 5510
418371 419511 6.828525 80.0 12 1140
419511 422701 2.978895 80.0 23 3190
422701 428631 7.180682 80.0 15 5930
428631 429141 1.162412 80.0 18 510
429141 429971 -4.095408 80.0 17 830
429971 434091 -7.527301 80.0 11 4120
434091 434381 -2.56095 80.0 8 290
434381 434881 1.793813 80.0 19 500
434881 435151 -2.591523 80.0 17 270
435151 435671 -6.468141 80.0 3 520
435671 435981 -3.509176 80.0 29 310
435981 438261 -0.524291 80.0 9 2280
438261 438751 2.177543 80.0 26 490
438751 439691 6.030385 80.0 22 940
439691 440311 -0.107436 80.0 18 620
440311 440891 -5.941303 80.0 3 580
440891 441951 -2.681495 80.0 13 1060
441951 442791 -5.647069 80.0 3 840
442791 443351 -3.564779 80.0 29 560
443351 443771 -0.787114 80.0 28 420
443771 444271 0.431707 80.0 24 500
444271 445511 -1.014147 80.0 25 1240
