380603 380923 1.379116 80.0 24 320
380923 381463 -0.991072 80.0 7 540
381463 386173 2.041512 80.0 10 4710
386173 386793 -0.828161 80.0 7 620
386793 395143 1.546675 80.0 0 8350
395143 395693 -0.424331 80.0 7 550
395693 396873 2.157105 80.0 19 1180
396873 397893 -1.570912 80.0 25 1020
397893 399033 0.361358 80.0 24 1140
399033 399603 -0.191341 80.0 7 570
399603 403143 1.57179 80.0 14 3540
403143 405603 8.004764 80.0 4 2460
405603 405963 2.40873 80.0 16 360
405963 406543 -0.383884 80.0 1 580
406543 406893 -3.454246 80.0 17 350
406893 407703 -5.554151 80.0 3 810
407703 408213 -2.63502 80.0 8 510
408213 410673 1.902009 80.0 21 2460
410673 411883 5.679789 80.0 22 1210
411883 412773 -0.665042 80.0 20 890
412773 418333 2.749985 80.0 6 5560
418333 419453 6.757674 80.0 12 1120
419453 422723 2.984965 80.0 23 3270
422723 428583 7.188822 80.0 15 5860
428583 429053 1.532372 80.0 18 470
429053 429953 -4.046985 80.0 17 900
429953 434083 -7.540382 80.0 11 4130
434083 434313 -2.575981 80.0 8 230
434313 434833 2.338928 80.0 19 520
434833 435063 -2.392562 80.0 17 230
435063 435633 -6.670424 80.0 3 570
435633 435913 -3.468508 80.0 29 280
435913 438253 -0.502108 80.0 9 2340
438253 438713 2.307035 80.0 26 460
438713 439663 6.18143 80.0 22 950
439663 440233 -0.121905 80.0 18 570
440233 440873 -6.021509 80.0 3 640
440873 441863 -2.375593 80.0 13 990
441863 442783 -5.631314 80.0 3 920
442783 443293 -3.492564 80.0 29 510
443293 443683 -0.850959 80.0 28 390
443683 444243 0.503695 80.0 24 560
444243 445503 -1.017681 80.0 25 1260
