380513 380883 1.677405 80.0 19 370
380883 381423 -1.783468 80.0 7 540
381423 386113 1.452578 80.0 10 4690
386113 386743 -0.942031 80.0 7 630
386743 395103 1.553223 80.0 0 8360
395103 395673 -0.486344 80.0 7 570
395673 396823 2.093752 80.0 19 1150
396823 397803 -1.703391 80.0 25 980
397803 398953 0.361116 80.0 24 1150
398953 399593 -0.20028 80.0 7 640
399593 403083 1.567687 80.0 14 3490
403083 405573 8.034119 80.0 4 2490
405573 405873 2.365236 80.0 16 300
405873 406523 -0.318022 80.0 1 650
406523 406813 -3.491243 80.0 17 290
406813 407703 -5.560958 80.0 3 890
407703 408143 -2.615364 80.0 8 440
408143 410563 1.805261 80.0 21 2420
410563 411893 5.718027 80.0 22 1330
411893 412733 -1.124856 80.0 20 840
412733 418263 2.731228 80.0 6 5530
418263 419453 6.760476 80.0 12 1190
419453 420843 2.288273 80.0 2 1390
420843 421343 5.28177 80.0 22 500
421343 422643 2.429578 80.0 2 1300
422643 428593 7.168618 80.0 15 5950
428593 428993 1.394013 80.0 18 400
428993 429823 -4.05359 80.0 17 830
429823 434063 -7.525322 80.0 11 4240
434063 434283 -2.415426 80.0 8 220
434283 434793 2.968899 80.0 19 510
434793 435003 -2.421151 80.0 17 210
435003 435603 -6.878448 80.0 3 600
435603 435843 -3.455388 80.0 29 240
435843 438253 -0.483519 80.0 9 2410
438253 438643 2.275685 80.0 26 390
438643 439663 6.229392 80.0 22 1020
439663 440143 -0.10149 80.0 18 480
440143 440843 -6.024436 80.0 3 700
440843 441783 -2.099421 80.0 13 940
441783 442753 -5.617118 80.0 3 970
442753 443603 -2.399344 80.0 8 850
443603 444243 0.552444 80.0 24 640
444243 445503 -1.034772 80.0 25 1260
