380466 380866 1.770768 80.0 19 400
380866 381396 -2.106531 80.0 25 530
381396 386076 1.15326 80.0 10 4680
386076 386726 -0.973814 80.0 7 650
386726 395086 1.557897 80.0 0 8360
395086 395656 -0.525408 80.0 7 570
395656 396786 2.176131 80.0 19 1130
396786 397756 -1.746752 80.0 25 970
397756 398906 0.362309 80.0 24 1150
398906 399556 -0.21174 80.0 7 650
399556 403106 1.523666 80.0 14 3550
403106 405516 8.173962 80.0 4 2410
405516 405826 2.64598 80.0 16 310
405826 406506 -0.281309 80.0 1 680
406506 406786 -3.582758 80.0 17 280
406786 407706 -5.567778 80.0 3 920
407706 408096 -2.621326 80.0 8 390
408096 410756 2.05433 80.0 21 2660
410756 411856 5.943768 80.0 22 1100
411856 412736 -1.062678 80.0 20 880
412736 418276 2.753802 80.0 6 5540
418276 419406 6.926599 80.0 12 1130
419406 422696 2.86069 80.0 23 3290
422696 428546 7.214628 80.0 15 5850
428546 428956 1.771826 80.0 18 410
428956 429816 -4.045028 80.0 17 860
429816 434056 -7.594664 80.0 11 4240
434056 434246 -2.485093 80.0 8 190
434246 434776 3.139168 80.0 19 530
434776 434976 -2.58988 80.0 17 200
434976 435586 -6.985335 80.0 3 610
435586 435816 -3.384346 80.0 29 230
435816 438246 -0.466993 80.0 9 2430
438246 438646 2.50753 80.0 26 400
438646 439616 6.373472 80.0 22 970
439616 440106 0.253068 80.0 18 490
440106 440826 -6.0247 80.0 3 720
440826 441756 -1.997762 80.0 13 930
441756 442756 -5.598676 80.0 3 1000
442756 443566 -2.348991 80.0 8 810
443566 444226 0.598387 80.0 24 660
444226 445506 -1.024413 80.0 25 1280
