380707 380957 0.993065 80.0 24 250
380957 381517 -0.683043 80.0 7 560
381517 386237 1.317558 80.0 10 4720
386237 386847 -0.689536 80.0 7 610
386847 395197 1.537396 80.0 0 8350
395197 395697 -0.366561 80.0 7 500
395697 396927 1.947955 80.0 19 1230
396927 397497 -1.819821 80.0 25 570
397497 397997 -0.991558 80.0 28 500
397997 403157 1.11299 80.0 6 5160
403157 405677 7.844147 80.0 4 2520
405677 406067 2.245902 80.0 16 390
406067 406577 -0.508942 80.0 1 510
406577 406997 -3.496433 80.0 17 420
406997 407727 -5.534717 80.0 3 730
407727 408297 -2.546405 80.0 8 570
408297 410627 1.802369 80.0 21 2330
410627 411917 5.49544 80.0 22 1290
411917 412867 -0.414186 80.0 20 950
412867 418357 2.773321 80.0 6 5490
418357 419527 6.759013 80.0 12 1170
419527 420857 2.561091 80.0 2 1330
420857 421397 4.908087 80.0 22 540
421397 422687 2.57097 80.0 2 1290
422687 428627 7.174189 80.0 15 5940
428627 429147 1.188681 80.0 18 520
429147 429957 -4.080504 80.0 17 810
429957 434097 -7.515374 80.0 11 4140
434097 435157 -0.519913 80.0 13 1060
435157 435677 -6.455463 80.0 3 520
435677 435987 -3.483688 80.0 29 310
435987 438257 -0.526581 80.0 9 2270
438257 438757 2.16794 80.0 26 500
438757 439687 6.036438 80.0 22 930
439687 440317 -0.078156 80.0 18 630
440317 440887 -5.958241 80.0 3 570
440887 441957 -2.711288 80.0 13 1070
441957 442797 -5.64453 80.0 3 840
442797 443357 -3.550447 80.0 29 560
443357 443777 -0.77867 80.0 28 420
443777 444277 0.425319 80.0 24 500
444277 445507 -1.020536 80.0 25 1230
