380512 380882 1.680503 80.0 19 370
380882 381422 -1.789493 80.0 7 540
381422 386112 1.453601 80.0 10 4690
386112 386742 -0.944349 80.0 7 630
386742 395102 1.553406 80.0 0 8360
395102 395672 -0.490169 80.0 7 570
395672 396822 2.096224 80.0 19 1150
396822 397802 -1.704724 80.0 25 980
397802 398952 0.361132 80.0 24 1150
398952 399592 -0.200836 80.0 7 640
399592 403082 1.567573 80.0 14 3490
403082 405572 8.034831 80.0 4 2490
405572 405872 2.364228 80.0 16 300
405872 406522 -0.316413 80.0 1 650
406522 406812 -3.49214 80.0 17 290
406812 407712 -5.555548 80.0 3 900
407712 408142 -2.560947 80.0 8 430
408142 410562 1.80495 80.0 21 2420
410562 411892 5.719286 80.0 22 1330
411892 412732 -1.124889 80.0 20 840
412732 418272 2.734144 80.0 6 5540
418272 419452 6.780446 80.0 12 1180
419452 422652 2.819994 80.0 23 3200
422652 428602 7.168 80.0 15 5950
428602 428992 1.314384 80.0 18 390
428992 429832 -4.064664 80.0 17 840
429832 434062 -7.531339 80.0 11 4230
434062 434282 -2.422682 80.0 8 220
434282 434792 2.980076 80.0 19 510
434792 435002 -2.423424 80.0 17 210
435002 435602 -6.885136 80.0 3 600
435602 435842 -3.453499 80.0 29 240
435842 438262 -0.480916 80.0 9 2420
438262 438642 2.328966 80.0 26 380
438642 439662 6.232817 80.0 22 1020
439662 440142 -0.098252 80.0 18 480
440142 440842 -6.021836 80.0 3 700
440842 441782 -2.096043 80.0 13 940
441782 442752 -5.617192 80.0 3 970
442752 443602 -2.401765 80.0 8 850
443602 444242 0.553007 80.0 24 640
444242 445512 -1.025705 80.0 25 1270
