380716 380986 0.872568 80.0 24 270
380986 381526 -0.683797 80.0 7 540
381526 386246 1.309313 80.0 10 4720
386246 386846 -0.685959 80.0 7 600
386846 396936 1.489951 80.0 27 10090
396936 397506 -1.815764 80.0 25 570
397506 398006 -0.981399 80.0 28 500
398006 403106 1.080508 80.0 6 5100
403106 405726 7.70001 80.0 4 2620
405726 406076 1.995676 80.0 16 350
406076 406596 -0.566586 80.0 1 520
406596 406996 -3.521375 80.0 17 400
406996 407716 -5.533643 80.0 3 720
407716 408296 -2.631755 80.0 8 580
408296 410526 1.678415 80.0 21 2230
410526 411956 5.362428 80.0 22 1430
411956 412876 -0.567838 80.0 20 920
412876 418326 2.767383 80.0 6 5450
418326 419566 6.59549 80.0 12 1240
419566 420706 2.294694 80.0 2 1140
420706 421466 4.698249 80.0 22 760
421466 422616 2.376389 80.0 2 1150
422616 428676 7.112908 80.0 15 6060
428676 429146 0.933098 80.0 18 470
429146 429966 -4.066638 80.0 17 820
429966 434106 -7.513238 80.0 11 4140
434106 435156 -0.49868 80.0 13 1050
435156 435676 -6.416756 80.0 3 520
435676 435996 -3.500759 80.0 29 320
435996 438256 -0.527997 80.0 9 2260
438256 438716 1.944754 80.0 26 460
438716 439726 5.880552 80.0 22 1010
439726 440336 -0.449878 80.0 18 610
440336 440896 -5.962516 80.0 3 560
440896 441956 -2.703802 80.0 13 1060
441956 442806 -5.6326 80.0 3 850
442806 443356 -3.552723 80.0 29 550
443356 445506 -0.644697 80.0 9 2150
