380771 381011 0.699348 80.0 24 240
381011 381551 -0.53814 80.0 7 540
381551 386281 1.062474 80.0 10 4730
386281 386871 -0.613797 80.0 7 590
386871 396971 1.741595 80.0 27 10100
396971 398061 -1.364939 80.0 25 1090
398061 403121 1.230972 80.0 6 5060
403121 405741 7.662693 80.0 4 2620
405741 407051 -0.798286 80.0 18 1310
407051 407731 -5.523902 80.0 3 680
407731 408351 -2.541472 80.0 8 620
408351 410551 1.691383 80.0 21 2200
410551 411961 5.317624 80.0 22 1410
411961 412281 1.724578 80.0 16 320
412281 412921 -1.420055 80.0 7 640
412921 418361 2.78459 80.0 6 5440
418361 419581 6.532915 80.0 12 1220
419581 420711 2.315381 80.0 2 1130
420711 421491 4.633692 80.0 22 780
421491 422651 2.437942 80.0 2 1160
422651 428681 7.114349 80.0 15 6030
428681 429181 1.004211 80.0 18 500
429181 429981 -4.053123 80.0 17 800
429981 434121 -7.500483 80.0 11 4140
434121 436041 -2.662125 80.0 9 1920
436041 438261 -0.535631 80.0 9 2220
438261 438741 1.915588 80.0 26 480
438741 439731 5.804305 80.0 22 990
439731 440371 -0.365447 80.0 18 640
440371 440901 -5.93289 80.0 3 530
440901 442001 -2.852572 80.0 13 1100
442001 442811 -5.628981 80.0 3 810
442811 443391 -3.579946 80.0 29 580
443391 443801 -0.816061 80.0 28 410
443801 444361 0.511027 80.0 24 560
444361 445511 -0.866621 80.0 25 1150
