380608 380928 1.366649 80.0 24 320
380928 381468 -0.988386 80.0 7 540
381468 386178 1.781693 80.0 10 4710
386178 386798 -0.826984 80.0 7 620
386798 395138 1.548472 80.0 0 8340
395138 395698 -0.418314 80.0 7 560
395698 396878 2.155253 80.0 19 1180
396878 397898 -1.571189 80.0 25 1020
397898 399038 0.361396 80.0 24 1140
399038 399618 -0.18787 80.0 7 580
399618 403068 1.5117 80.0 14 3450
403068 405668 7.808704 80.0 4 2600
405668 405968 2.011469 80.0 16 300
405968 406548 -0.389867 80.0 1 580
406548 406898 -3.461657 80.0 17 350
406898 407718 -5.545105 80.0 3 820
407718 408208 -2.628652 80.0 8 490
408208 410508 1.697605 80.0 21 2300
410508 411928 5.510655 80.0 22 1420
411928 412778 -0.915078 80.0 20 850
412778 418268 2.728156 80.0 6 5490
418268 419518 6.513918 80.0 12 1250
419518 420698 2.268564 80.0 2 1180
420698 421438 4.828951 80.0 22 740
421438 422578 2.262433 80.0 2 1140
422578 428658 7.083598 80.0 15 6080
428658 429068 0.940158 80.0 18 410
429068 429948 -4.065689 80.0 17 880
429948 434078 -7.540959 80.0 11 4130
434078 434318 -2.645867 80.0 8 240
434318 434828 2.384736 80.0 19 510
434828 435068 -2.323533 80.0 17 240
435068 435638 -6.670941 80.0 3 570
435638 435918 -3.449539 80.0 29 280
435918 438258 -0.502694 80.0 9 2340
438258 438648 1.940775 80.0 26 390
438648 439708 5.995697 80.0 22 1060
439708 440238 -0.473506 80.0 18 530
440238 440868 -6.038342 80.0 3 630
440868 441868 -2.407375 80.0 13 1000
441868 442778 -5.637753 80.0 3 910
442778 443298 -3.511671 80.0 29 520
443298 443698 -0.823 80.0 28 400
443698 444258 0.50049 80.0 24 560
444258 445508 -1.027581 80.0 25 1250
