380744 380994 0.78868 80.0 24 250
380994 381534 -0.608921 80.0 7 540
381534 386264 1.069496 80.0 10 4730
386264 386864 -0.64287 80.0 7 600
386864 396954 1.748112 80.0 27 10090
396954 398034 -1.394121 80.0 25 1080
398034 403154 1.462286 80.0 6 5120
403154 405694 7.792025 80.0 4 2540
405694 406104 2.239855 80.0 16 410
406104 406604 -0.598039 80.0 1 500
406604 407014 -3.492585 80.0 17 410
407014 407724 -5.524613 80.0 3 710
407724 408324 -2.578771 80.0 8 600
408324 410574 1.724866 80.0 21 2250
410574 411934 5.396395 80.0 22 1360
411934 412894 -0.357762 80.0 20 960
412894 418374 2.781666 80.0 6 5480
418374 419534 6.708331 80.0 12 1160
419534 420854 2.567112 80.0 2 1320
420854 421424 4.834417 80.0 22 570
421424 422674 2.543247 80.0 2 1250
422674 428654 7.145679 80.0 15 5980
428654 429174 1.053834 80.0 18 520
429174 429964 -4.080542 80.0 17 790
429964 434104 -7.506527 80.0 11 4140
434104 435184 -0.685577 80.0 13 1080
435184 435694 -6.333879 80.0 3 510
435694 436014 -3.479719 80.0 29 320
436014 438254 -0.53554 80.0 9 2240
438254 438764 2.069927 80.0 26 510
438764 439714 5.931752 80.0 22 950
439714 440344 -0.238035 80.0 18 630
440344 440894 -5.939611 80.0 3 550
440894 441974 -2.782342 80.0 13 1080
441974 442804 -5.629581 80.0 3 830
442804 443364 -3.602815 80.0 29 560
443364 443794 -0.823108 80.0 28 430
443794 444354 0.554584 80.0 24 560
444354 445504 -0.867695 80.0 25 1150
