380744 380984 0.833087 80.0 24 240
380984 381534 -0.599338 80.0 7 550
381534 386264 1.069935 80.0 10 4730
386264 386864 -0.646287 80.0 7 600
386864 396954 1.748387 80.0 27 10090
396954 398034 -1.395685 80.0 25 1080
398034 403094 1.291016 80.0 6 5060
403094 405754 7.626256 80.0 4 2660
405754 407024 -0.860588 80.0 18 1270
407024 407724 -5.532439 80.0 3 700
407724 408324 -2.594254 80.0 8 600
408324 410484 1.625902 80.0 21 2160
410484 411964 5.284411 80.0 22 1480
411964 412894 -0.491374 80.0 20 930
412894 418324 2.76835 80.0 6 5430
418324 419594 6.480752 80.0 12 1270
419594 420614 2.119863 80.0 2 1020
420614 421514 4.561265 80.0 22 900
421514 422614 2.330925 80.0 2 1100
422614 428694 7.096151 80.0 15 6080
428694 429164 0.884859 80.0 18 470
429164 429974 -4.057499 80.0 17 810
429974 434114 -7.506907 80.0 11 4140
434114 435184 -0.640751 80.0 13 1070
435184 435694 -6.342912 80.0 3 510
435694 436014 -3.497158 80.0 29 320
436014 438254 -0.536869 80.0 9 2240
438254 438714 1.833444 80.0 26 460
438714 439754 5.770982 80.0 22 1040
439754 440344 -0.500289 80.0 18 590
440344 440894 -5.940674 80.0 3 550
440894 441984 -2.799723 80.0 13 1090
441984 442804 -5.638936 80.0 3 820
442804 443374 -3.585778 80.0 29 570
443374 443784 -0.822925 80.0 28 410
443784 444354 0.548238 80.0 24 570
444354 445504 -0.868948 80.0 25 1150
