380571 380911 1.499704 80.0 24 340
380911 381451 -1.0879 80.0 7 540
381451 386151 1.950773 80.0 10 4700
386151 386771 -0.878934 80.0 7 620
386771 395131 1.548077 80.0 0 8360
395131 395691 -0.450255 80.0 7 560
395691 396861 2.221822 80.0 19 1170
396861 397861 -1.625346 80.0 25 1000
397861 399011 0.35988 80.0 24 1150
399011 399611 -0.194073 80.0 7 600
399611 403061 1.522797 80.0 14 3450
403061 405641 7.864237 80.0 4 2580
405641 405931 2.070868 80.0 16 290
405931 406541 -0.365846 80.0 1 610
406541 406871 -3.509404 80.0 17 330
406871 407721 -5.55087 80.0 3 850
407721 408191 -2.538071 80.0 8 470
408191 410521 1.736607 80.0 21 2330
410521 411911 5.585779 80.0 22 1390
411911 412741 -0.99522 80.0 20 830
412741 418261 2.718225 80.0 6 5520
418261 419501 6.583999 80.0 12 1240
419501 420751 2.354177 80.0 2 1250
420751 421411 4.973769 80.0 22 660
421411 422591 2.287541 80.0 2 1180
422591 428641 7.109304 80.0 15 6050
428641 429041 1.02805 80.0 18 400
429041 429951 -4.067431 80.0 17 910
429951 434081 -7.545969 80.0 11 4130
434081 434301 -2.51252 80.0 8 220
434301 434831 2.503589 80.0 19 530
434831 435051 -2.602419 80.0 17 220
435051 435621 -6.790568 80.0 3 570
435621 435881 -3.525806 80.0 29 260
435881 438261 -0.499234 80.0 9 2380
438261 438631 1.993911 80.0 26 370
438631 439691 6.058697 80.0 22 1060
439691 440201 -0.333386 80.0 18 510
440201 440851 -6.046703 80.0 3 650
440851 441841 -2.330222 80.0 13 990
441841 442771 -5.63445 80.0 3 930
442771 443281 -3.482339 80.0 29 510
443281 443661 -0.856018 80.0 28 380
443661 444241 0.528879 80.0 24 580
444241 445511 -1.014654 80.0 25 1270
