380789 381019 0.638864 80.0 24 230
381019 381559 -0.490643 80.0 7 540
381559 386289 1.057548 80.0 10 4730
386289 386889 -0.575532 80.0 7 600
386889 396979 1.738669 80.0 27 10090
396979 398079 -1.34054 80.0 25 1100
398079 403139 1.09323 80.0 6 5060
403139 405749 7.663212 80.0 4 2610
405749 407059 -0.785148 80.0 18 1310
407059 407729 -5.516921 80.0 3 670
407729 408359 -2.576271 80.0 8 630
408359 410549 1.678792 80.0 21 2190
410549 411949 5.307167 80.0 22 1400
411949 412299 1.810812 80.0 16 350
412299 412929 -1.405559 80.0 7 630
412929 418379 2.789227 80.0 6 5450
418379 419579 6.53892 80.0 12 1200
419579 420729 2.358822 80.0 2 1150
420729 421489 4.633254 80.0 22 760
421489 422669 2.482746 80.0 2 1180
422669 428679 7.188713 80.0 15 6010
428679 429199 1.003554 80.0 18 520
429199 429979 -4.059212 80.0 17 780
429979 434129 -7.491074 80.0 11 4150
434129 436049 -2.667735 80.0 9 1920
436049 438259 -0.542924 80.0 9 2210
438259 438769 1.980734 80.0 26 510
438769 439729 5.821116 80.0 22 960
439729 440389 -0.369745 80.0 18 660
440389 440899 -5.946384 80.0 3 510
440899 442019 -2.914656 80.0 13 1120
442019 442819 -5.622825 80.0 3 800
442819 443399 -3.578447 80.0 29 580
443399 443829 -0.789899 80.0 28 430
443829 444359 0.507727 80.0 24 530
444359 445509 -0.864521 80.0 25 1150
