380552 380902 1.561823 80.0 19 350
380902 381442 -1.601488 80.0 7 540
381442 386132 1.974992 80.0 10 4690
386132 386762 -0.893019 80.0 7 630
386762 395112 1.551744 80.0 0 8350
395112 395682 -0.459583 80.0 7 570
395682 396842 2.267549 80.0 19 1160
396842 397842 -1.637974 80.0 25 1000
397842 398992 0.360237 80.0 24 1150
398992 399602 -0.197529 80.0 7 610
399602 403072 1.538009 80.0 14 3470
403072 405612 7.936638 80.0 4 2540
405612 405912 2.204547 80.0 16 300
405912 406532 -0.339509 80.0 1 620
406532 406852 -3.491931 80.0 17 320
406852 407712 -5.55674 80.0 3 860
407712 408172 -2.595414 80.0 8 460
408172 410522 1.741714 80.0 21 2350
410522 411912 5.610278 80.0 22 1390
411912 412732 -1.093642 80.0 20 820
412732 418252 3.639214 80.0 6 5520
418252 419482 6.629871 80.0 12 1230
419482 420782 2.174145 80.0 2 1300
420782 421382 5.077248 80.0 22 600
421382 422602 2.33358 80.0 2 1220
422602 428622 7.12588 80.0 15 6020
428622 429032 1.113439 80.0 18 410
429032 429942 -4.069856 80.0 17 910
429942 434082 -7.542476 80.0 11 4140
434082 434292 -2.41388 80.0 8 210
434292 434822 2.625911 80.0 19 530
434822 435032 -2.582318 80.0 17 210
435032 435622 -6.791715 80.0 3 590
435622 435872 -3.427063 80.0 29 250
435872 438262 -0.491097 80.0 9 2390
438262 438632 2.08224 80.0 26 370
438632 439692 6.09551 80.0 22 1060
439692 440182 -0.35738 80.0 18 490
440182 440852 -6.034689 80.0 3 670
440852 441822 -2.243383 80.0 13 970
441822 442762 -5.631589 80.0 3 940
442762 443272 -3.469994 80.0 29 510
443272 443642 -0.870137 80.0 28 370
443642 444242 0.536526 80.0 24 600
444242 445512 -1.021589 80.0 25 1270
