380470 380870 1.75121 80.0 19 400
380870 381390 -2.013579 80.0 7 520
381390 386080 1.460746 80.0 10 4690
386080 386730 -0.967148 80.0 7 650
386730 395090 1.557417 80.0 0 8360
395090 395660 -0.521694 80.0 7 570
395660 396790 2.170936 80.0 19 1130
396790 397760 -1.743399 80.0 25 970
397760 398910 0.362241 80.0 24 1150
398910 399560 -0.210199 80.0 7 650
399560 403110 1.526403 80.0 14 3550
403110 405520 8.169227 80.0 4 2410
405520 405830 2.646523 80.0 16 310
405830 406500 -0.265485 80.0 1 670
406500 406790 -3.530823 80.0 17 290
406790 407710 -5.566174 80.0 3 920
407710 408100 -2.603219 80.0 8 390
408100 410760 2.057823 80.0 21 2660
410760 411860 5.933027 80.0 22 1100
411860 412730 -1.074259 80.0 20 870
412730 418270 2.747137 80.0 6 5540
418270 419410 6.901992 80.0 12 1140
419410 422700 2.862704 80.0 23 3290
422700 428550 7.215229 80.0 15 5850
428550 428960 1.739113 80.0 18 410
428960 429810 -4.040436 80.0 17 850
429810 434050 -7.592032 80.0 11 4240
434050 434250 -2.581471 80.0 8 200
434250 434780 3.10525 80.0 19 530
434780 434980 -2.625409 80.0 17 200
434980 435590 -6.963133 80.0 3 610
435590 435820 -3.370002 80.0 29 230
435820 438240 -0.467645 80.0 9 2420
438240 438640 2.398587 80.0 26 400
438640 439630 6.339539 80.0 22 990
439630 440110 0.119221 80.0 18 480
440110 440830 -6.020099 80.0 3 720
440830 441760 -2.000471 80.0 13 930
441760 442750 -5.604595 80.0 3 990
442750 443570 -2.373874 80.0 8 820
443570 444230 0.589597 80.0 24 660
444230 445510 -1.02325 80.0 25 1280
