380639 380939 1.249002 80.0 24 300
380939 381479 -0.902965 80.0 7 540
381479 386189 1.93026 80.0 10 4710
386189 386809 -0.781224 80.0 7 620
386809 395169 1.541854 80.0 0 8360
395169 395699 -0.41143 80.0 7 530
395699 396889 2.097018 80.0 19 1190
396889 397929 -1.520347 80.0 25 1040
397929 399069 0.359204 80.0 24 1140
399069 399619 -0.184738 80.0 7 550
399619 403099 1.519721 80.0 14 3480
403099 405669 7.828427 80.0 4 2570
405669 405999 2.107124 80.0 16 330
405999 406559 -0.428688 80.0 1 560
406559 406929 -3.479679 80.0 17 370
406929 407719 -5.542914 80.0 3 790
407719 408239 -2.597634 80.0 8 520
408239 410539 1.725569 80.0 21 2300
410539 411929 5.496971 80.0 22 1390
411929 412809 -0.763974 80.0 20 880
412809 418299 2.745524 80.0 6 5490
418299 419519 6.521765 80.0 12 1220
419519 420759 2.374426 80.0 2 1240
420759 421429 4.877939 80.0 22 670
421429 422609 2.349059 80.0 2 1180
422609 428649 7.14547 80.0 15 6040
428649 429089 1.051333 80.0 18 440
429089 429959 -4.071096 80.0 17 870
429959 434099 -7.528975 80.0 11 4140
434099 434349 -2.367449 80.0 8 250
434349 434849 2.219527 80.0 19 500
434849 435099 -2.469901 80.0 17 250
435099 435649 -6.614961 80.0 3 550
435649 435939 -3.481264 80.0 29 290
435939 438259 -0.509553 80.0 9 2320
438259 438679 2.003776 80.0 26 420
438679 439709 5.985929 80.0 22 1030
439709 440249 -0.302605 80.0 18 540
440249 440869 -6.013031 80.0 3 620
440869 441899 -2.528928 80.0 13 1030
441899 442789 -5.639218 80.0 3 890
442789 443319 -3.51038 80.0 29 530
443319 443719 -0.809881 80.0 28 400
443719 444259 0.476676 80.0 24 540
444259 445509 -1.018182 80.0 25 1250
