380596 380916 1.430709 80.0 24 320
380916 381456 -1.019014 80.0 7 540
381456 386166 2.053173 80.0 10 4710
386166 386786 -0.843096 80.0 7 620
386786 395136 1.547641 80.0 0 8350
395136 395706 -0.419844 80.0 7 570
395706 396866 2.206664 80.0 19 1160
396866 397886 -1.577475 80.0 25 1020
397886 399036 0.35882 80.0 24 1150
399036 399606 -0.195123 80.0 7 570
399606 403076 1.51979 80.0 14 3470
403076 405656 7.845363 80.0 4 2580
405656 405956 2.044723 80.0 16 300
405956 406556 -0.413772 80.0 1 600
406556 406896 -3.553941 80.0 17 340
406896 407726 -5.545275 80.0 3 830
407726 408196 -2.594803 80.0 8 470
408196 410526 1.721224 80.0 21 2330
410526 411916 5.557533 80.0 22 1390
411916 412766 -0.905542 80.0 20 850
412766 418276 2.728345 80.0 6 5510
418276 419516 6.550085 80.0 12 1240
419516 420776 2.380127 80.0 2 1260
420776 421416 4.963027 80.0 22 640
421416 422596 2.311892 80.0 2 1180
422596 428646 7.102899 80.0 15 6050
428646 429056 1.032673 80.0 18 410
429056 429946 -4.056625 80.0 17 890
429946 434086 -7.536185 80.0 11 4140
434086 434316 -2.492004 80.0 8 230
434316 434826 2.450028 80.0 19 510
434826 435066 -2.414765 80.0 17 240
435066 435636 -6.707545 80.0 3 570
435636 435906 -3.455351 80.0 29 270
435906 438256 -0.502171 80.0 9 2350
438256 438646 1.967328 80.0 26 390
438646 439696 6.036062 80.0 22 1050
439696 440226 -0.388335 80.0 18 530
440226 440856 -6.053656 80.0 3 630
440856 441856 -2.394849 80.0 13 1000
441856 442776 -5.635437 80.0 3 920
442776 443296 -3.492728 80.0 29 520
443296 443676 -0.844671 80.0 28 380
443676 444246 0.508439 80.0 24 570
444246 445506 -1.018122 80.0 25 1260
