380476 380876 1.722874 80.0 19 400
380876 381396 -2.011047 80.0 7 520
381396 386086 1.458533 80.0 10 4690
386086 386726 -0.973412 80.0 7 640
386726 395086 1.556749 80.0 0 8360
395086 395676 -0.497513 80.0 7 590
395676 396796 2.183266 80.0 19 1120
396796 397766 -1.739705 80.0 25 970
397766 398916 0.362089 80.0 24 1150
398916 399566 -0.208668 80.0 7 650
399566 403096 1.511841 80.0 14 3530
403096 405536 8.127077 80.0 4 2440
405536 405836 2.528685 80.0 16 300
405836 406506 -0.279476 80.0 1 670
406506 406796 -3.560375 80.0 17 290
406796 407706 -5.567756 80.0 3 910
407706 408106 -2.620821 80.0 8 400
408106 410696 1.979579 80.0 21 2590
410696 411856 5.885812 80.0 22 1160
411856 412736 -1.017811 80.0 20 880
412736 418276 2.749757 80.0 6 5540
418276 419406 6.912461 80.0 12 1130
419406 422686 2.857437 80.0 23 3280
422686 428566 7.202035 80.0 15 5880
428566 428966 1.590722 80.0 18 400
428966 429816 -4.048679 80.0 17 850
429816 434056 -7.53031 80.0 11 4240
434056 434256 -2.474048 80.0 8 200
434256 434776 3.137259 80.0 19 520
434776 434976 -2.415391 80.0 17 200
434976 435586 -6.95858 80.0 3 610
435586 435826 -3.403735 80.0 29 240
435826 438246 -0.468567 80.0 9 2420
438246 438646 2.445523 80.0 26 400
438646 439636 6.334175 80.0 22 990
439636 440116 0.056447 80.0 18 480
440116 440826 -6.035007 80.0 3 710
440826 441766 -2.044427 80.0 13 940
441766 442756 -5.605433 80.0 3 990
442756 443576 -2.354748 80.0 8 820
443576 444236 0.58573 80.0 24 660
444236 445506 -1.031295 80.0 25 1270
