380673 380953 1.084436 80.0 24 280
380953 381503 -0.787075 80.0 7 550
381503 386213 1.81665 80.0 10 4710
386213 386823 -0.739105 80.0 7 610
386823 395183 1.538529 80.0 0 8360
395183 395693 -0.388511 80.0 7 510
395693 396913 2.001381 80.0 19 1220
396913 397963 -1.481385 80.0 25 1050
397963 399093 0.358887 80.0 24 1130
399093 399603 -0.182504 80.0 7 510
399603 403163 1.550274 80.0 14 3560
403163 405623 7.950939 80.0 4 2460
405623 406033 2.456463 80.0 16 410
406033 406573 -0.483955 80.0 1 540
406573 406963 -3.519327 80.0 17 390
406963 407723 -5.540127 80.0 3 760
407723 408263 -2.582395 80.0 8 540
408263 410673 1.868404 80.0 21 2410
410673 411903 5.57706 80.0 22 1230
411903 412833 -0.479839 80.0 20 930
412833 418373 2.772916 80.0 6 5540
418373 419493 6.922704 80.0 12 1120
419493 422733 2.996013 80.0 23 3240
422733 428593 7.220005 80.0 15 5860
428593 429113 1.434494 80.0 18 520
429113 429953 -4.063995 80.0 17 840
429953 434093 -7.521376 80.0 11 4140
434093 434363 -2.501212 80.0 8 270
434363 434863 1.979137 80.0 19 500
434863 435123 -2.484225 80.0 17 260
435123 435663 -6.514565 80.0 3 540
435663 435963 -3.468649 80.0 29 300
435963 438253 -0.518351 80.0 9 2290
438253 438763 2.300724 80.0 26 510
438763 439673 6.129088 80.0 22 910
439673 440283 0.058478 80.0 18 610
440283 440883 -5.941954 80.0 3 600
440883 441923 -2.597294 80.0 13 1040
441923 442793 -5.638273 80.0 3 870
442793 443333 -3.537399 80.0 29 540
443333 443743 -0.809388 80.0 28 410
443743 444263 0.451068 80.0 24 520
444263 445503 -1.020263 80.0 25 1240
