380492 380882 1.685016 80.0 19 390
380882 381402 -1.934771 80.0 7 520
381402 386102 1.452121 80.0 10 4700
386102 386732 -0.96796 80.0 7 630
386732 395092 1.555164 80.0 0 8360
395092 395672 -0.495448 80.0 7 580
395672 396802 2.15105 80.0 19 1130
396802 397782 -1.715196 80.0 25 980
397782 398932 0.361618 80.0 24 1150
398932 399572 -0.205774 80.0 7 640
399572 403132 1.541804 80.0 14 3560
403132 405512 8.18903 80.0 4 2380
405512 405852 2.767882 80.0 16 340
405852 406512 -0.295126 80.0 1 660
406512 406792 -3.468087 80.0 17 280
406792 407712 -5.55268 80.0 3 920
407712 408122 -2.566745 80.0 8 410
408122 410842 2.148044 80.0 21 2720
410842 411842 5.961673 80.0 22 1000
411842 412732 -0.855567 80.0 20 890
412732 418312 3.157394 80.0 6 5580
418312 419392 6.963931 80.0 12 1080
419392 422742 2.91299 80.0 23 3350
422742 428552 7.22385 80.0 15 5810
428552 428992 1.577147 80.0 18 440
428992 429812 -4.078514 80.0 17 820
429812 434062 -7.521342 80.0 11 4250
434062 434262 -2.448928 80.0 8 200
434262 434792 2.957616 80.0 19 530
434792 434982 -2.453912 80.0 17 190
434982 435592 -6.900062 80.0 3 610
435592 435832 -3.435029 80.0 29 240
435832 438242 -0.477066 80.0 9 2410
438242 438672 2.510108 80.0 26 430
438672 439612 6.366235 80.0 22 940
439612 440132 0.288205 80.0 18 520
440132 440842 -6.018936 80.0 3 710
440842 441772 -2.037784 80.0 13 930
441772 442752 -5.611131 80.0 3 980
442752 443582 -2.393615 80.0 8 830
443582 444242 0.558629 80.0 24 660
444242 445512 -1.02924 80.0 25 1270
