380660 380940 1.18221 80.0 24 280
380940 381490 -0.823904 80.0 7 550
381490 386210 1.846758 80.0 10 4720
386210 386820 -0.76003 80.0 7 610
386820 395170 1.541724 80.0 0 8350
395170 395700 -0.390983 80.0 7 530
395700 396900 2.052481 80.0 19 1200
396900 397950 -1.491197 80.0 25 1050
397950 399080 0.360162 80.0 24 1130
399080 399600 -0.184865 80.0 7 520
399600 403110 1.510377 80.0 14 3510
403110 405670 7.826208 80.0 4 2560
405670 406020 2.157977 80.0 16 350
406020 406570 -0.468764 80.0 1 550
406570 406950 -3.508862 80.0 17 380
406950 407720 -5.542269 80.0 3 770
407720 408250 -2.61569 80.0 8 530
408250 410550 1.72604 80.0 21 2300
410550 411930 5.479095 80.0 22 1380
411930 412820 -0.68376 80.0 20 890
412820 418320 2.752225 80.0 6 5500
418320 419530 6.765779 80.0 12 1210
419530 420770 2.404397 80.0 2 1240
420770 421420 4.872211 80.0 22 650
421420 422640 2.426694 80.0 2 1220
422640 428640 7.159412 80.0 15 6000
428640 429100 1.145951 80.0 18 460
429100 429950 -4.051206 80.0 17 850
429950 434090 -7.52345 80.0 11 4140
434090 434360 -2.488317 80.0 8 270
434360 434860 2.066126 80.0 19 500
434860 435120 -2.556562 80.0 17 260
435120 435660 -6.561631 80.0 3 540
435660 435950 -3.484292 80.0 29 290
435950 438260 -0.516285 80.0 9 2310
438260 438700 2.05669 80.0 26 440
438700 439700 6.0083 80.0 22 1000
439700 440290 -0.281797 80.0 18 590
440290 440880 -5.968383 80.0 3 590
440880 441910 -2.557326 80.0 13 1030
441910 442790 -5.63738 80.0 3 880
442790 443320 -3.554708 80.0 29 530
443320 443730 -0.840266 80.0 28 410
443730 444260 0.458074 80.0 24 530
444260 445510 -1.014582 80.0 25 1250
