380748 380988 0.804467 80.0 24 240
380988 381538 -0.586217 80.0 7 550
381538 386268 1.068242 80.0 10 4730
386268 386868 -0.635733 80.0 7 600
386868 396948 1.747601 80.0 27 10080
396948 398038 -1.378346 80.0 25 1090
398038 403098 1.419708 80.0 6 5060
403098 405738 7.649725 80.0 4 2640
405738 407028 -0.809153 80.0 18 1290
407028 407718 -5.532639 80.0 3 690
407718 408328 -2.602434 80.0 8 610
408328 410518 1.661313 80.0 21 2190
410518 411948 5.330507 80.0 22 1430
411948 412898 -0.408578 80.0 20 950
412898 418338 2.773655 80.0 6 5440
418338 419588 6.514751 80.0 12 1250
419588 420668 2.221297 80.0 2 1080
420668 421498 4.613219 80.0 22 830
421498 422628 2.377039 80.0 2 1130
422628 428688 7.105062 80.0 15 6060
428688 429168 0.904599 80.0 18 480
429168 429968 -4.05738 80.0 17 800
429968 434108 -7.50608 80.0 11 4140
434108 435188 -0.692595 80.0 13 1080
435188 435688 -6.343824 80.0 3 500
435688 436018 -3.51515 80.0 29 330
436018 438258 -0.535386 80.0 9 2240
438258 438728 1.919082 80.0 26 470
438728 439738 5.818583 80.0 22 1010
439738 440348 -0.412907 80.0 18 610
440348 440898 -5.93387 80.0 3 550
440898 441988 -2.806091 80.0 13 1090
441988 442808 -5.634626 80.0 3 820
442808 443368 -3.592073 80.0 29 560
443368 443788 -0.836472 80.0 28 420
443788 444348 0.546284 80.0 24 560
444348 445508 -0.859569 80.0 25 1160
