380528 380898 1.592865 80.0 19 370
380898 381428 -1.75241 80.0 7 530
381428 386128 1.443232 80.0 10 4700
386128 386758 -0.921604 80.0 7 630
386758 395098 1.55559 80.0 0 8340
395098 395688 -0.458327 80.0 7 590
395688 396838 2.316965 80.0 19 1150
396838 397818 -1.683747 80.0 25 980
397818 398968 0.360771 80.0 24 1150
398968 399588 -0.201951 80.0 7 620
399588 403088 1.561293 80.0 14 3500
403088 405578 8.022013 80.0 4 2490
405578 405888 2.370965 80.0 16 310
405888 406518 -0.308855 80.0 1 630
406518 406828 -3.452185 80.0 17 310
406828 407708 -5.556952 80.0 3 880
407708 408148 -2.62857 80.0 8 440
408148 410578 1.809839 80.0 21 2430
410578 411888 5.717808 80.0 22 1310
411888 412738 -1.027801 80.0 20 850
412738 418268 2.730326 80.0 6 5530
418268 419448 6.759727 80.0 12 1180
419448 422658 2.832659 80.0 23 3210
422658 428598 7.168736 80.0 15 5940
428598 429008 1.323205 80.0 18 410
429008 429938 -4.046246 80.0 17 930
429938 434068 -7.552625 80.0 11 4130
434068 434278 -2.531061 80.0 8 210
434278 434808 2.767054 80.0 19 530
434808 435018 -2.564214 80.0 17 210
435018 435608 -6.865964 80.0 3 590
435608 435858 -3.439014 80.0 29 250
435858 438258 -0.484685 80.0 9 2400
438258 438648 2.269538 80.0 26 390
438648 439658 6.222585 80.0 22 1010
439658 440158 -0.054458 80.0 18 500
440158 440848 -6.03174 80.0 3 690
440848 441808 -2.183581 80.0 13 960
441808 442768 -5.620641 80.0 3 960
442768 443618 -2.355628 80.0 8 850
443618 444248 0.537289 80.0 24 630
444248 445508 -1.029936 80.0 25 1260
