380759 381009 0.74768 80.0 24 250
381009 381539 -0.564943 80.0 7 530
381539 386279 1.061757 80.0 10 4740
386279 386869 -0.6225 80.0 7 590
386869 396959 1.482432 80.0 27 10090
396959 398049 -1.36768 80.0 25 1090
398049 403189 1.366132 80.0 6 5140
403189 405679 7.841094 80.0 4 2490
405679 407039 -0.596637 80.0 18 1360
407039 407719 -5.528712 80.0 3 680
407719 408329 -2.604589 80.0 8 610
408329 410709 1.874147 80.0 21 2380
410709 411899 5.502135 80.0 22 1190
411899 412909 -0.140776 80.0 20 1010
412909 418409 2.799255 80.0 6 5500
418409 419519 6.766914 80.0 12 1110
419519 422739 3.014675 80.0 23 3220
422739 428629 7.182304 80.0 15 5890
428629 429169 1.27936 80.0 18 540
429169 429969 -4.04248 80.0 17 800
429969 434109 -7.50266 80.0 11 4140
434109 436029 -2.662536 80.0 9 1920
436029 438239 -0.537846 80.0 9 2210
438239 438809 2.190215 80.0 26 570
438809 439689 6.00652 80.0 22 880
439689 440359 -0.112536 80.0 18 670
440359 440899 -5.927046 80.0 3 540
440899 441999 -2.844717 80.0 13 1100
441999 442809 -5.630727 80.0 3 810
442809 443369 -3.595774 80.0 29 560
443369 443799 -0.830845 80.0 28 430
443799 444349 0.532291 80.0 24 550
444349 445509 -0.857353 80.0 25 1160
