380584 380914 1.456633 80.0 24 330
380914 381454 -1.043283 80.0 7 540
381454 386154 2.107661 80.0 10 4700
386154 386784 -0.842271 80.0 7 630
386784 395124 1.550357 80.0 0 8340
395124 395694 -0.425712 80.0 7 570
395694 396864 2.200515 80.0 19 1170
396864 397874 -1.598404 80.0 25 1010
397874 399024 0.359291 80.0 24 1150
399024 399604 -0.194913 80.0 7 580
399604 403104 1.547466 80.0 14 3500
403104 405604 7.966506 80.0 4 2500
405604 405944 2.359092 80.0 16 340
405944 406544 -0.379486 80.0 1 600
406544 406884 -3.514877 80.0 17 340
406884 407714 -5.55577 80.0 3 830
407714 408194 -2.604687 80.0 8 480
408194 410584 1.799819 80.0 21 2390
410584 411894 5.634221 80.0 22 1310
411894 412754 -0.823445 80.0 20 860
412754 418304 3.1013 80.0 6 5550
418304 419474 6.696444 80.0 12 1170
419474 422664 2.938148 80.0 23 3190
422664 428604 7.158265 80.0 15 5940
428604 429044 1.350986 80.0 18 440
429044 429954 -4.060693 80.0 17 910
429954 434084 -7.543746 80.0 11 4130
434084 434304 -2.511156 80.0 8 220
434304 434834 2.405522 80.0 19 530
434834 435054 -2.50947 80.0 17 220
435054 435634 -6.711059 80.0 3 580
435634 435894 -3.450391 80.0 29 260
435894 438254 -0.501721 80.0 9 2360
438254 438684 2.222372 80.0 26 430
438684 439664 6.170851 80.0 22 980
439664 440214 -0.123624 80.0 18 550
440214 440864 -6.031446 80.0 3 650
440864 441854 -2.35173 80.0 13 990
441854 442764 -5.643939 80.0 3 910
442764 443284 -3.524537 80.0 29 520
443284 443674 -0.848681 80.0 28 390
443674 444244 0.519834 80.0 24 570
444244 445504 -1.021069 80.0 25 1260
