380466 380866 1.769825 80.0 19 400
380866 381396 -2.106377 80.0 25 530
381396 386076 1.153215 80.0 10 4680
386076 386726 -0.973565 80.0 7 650
386726 395086 1.557886 80.0 0 8360
395086 395656 -0.525273 80.0 7 570
395656 396786 2.175968 80.0 19 1130
396786 397756 -1.746619 80.0 25 970
397756 398906 0.362303 80.0 24 1150
398906 399556 -0.211682 80.0 7 650
399556 403126 1.544659 80.0 14 3570
403126 405516 8.198383 80.0 4 2390
405516 405826 2.64488 80.0 16 310
405826 406506 -0.281808 80.0 1 680
406506 406786 -3.583598 80.0 17 280
406786 407706 -5.567665 80.0 3 920
407706 408096 -2.619912 80.0 8 390
408096 410786 2.089918 80.0 21 2690
410786 411856 5.96363 80.0 22 1070
411856 412736 -1.063112 80.0 20 880
412736 418276 2.753919 80.0 6 5540
418276 419396 6.941648 80.0 12 1120
419396 422706 2.874904 80.0 23 3310
422706 428546 7.218077 80.0 15 5840
428546 428956 1.769643 80.0 18 410
428956 429816 -4.045268 80.0 17 860
429816 434056 -7.594627 80.0 11 4240
434056 434246 -2.48171 80.0 8 190
434246 434776 3.138103 80.0 19 530
434776 434976 -2.592086 80.0 17 200
434976 435586 -6.984762 80.0 3 610
435586 435816 -3.383147 80.0 29 230
435816 438246 -0.466943 80.0 9 2430
438246 438646 2.509086 80.0 26 400
438646 439616 6.373413 80.0 22 970
439616 440106 0.250812 80.0 18 490
440106 440826 -6.02452 80.0 3 720
440826 441756 -1.997919 80.0 13 930
441756 442756 -5.59861 80.0 3 1000
442756 443566 -2.348318 80.0 8 810
443566 444226 0.59827 80.0 24 660
444226 445506 -1.024396 80.0 25 1280
