380480 380870 1.749618 80.0 19 390
380870 381400 -2.025708 80.0 25 530
381400 386090 1.147652 80.0 10 4690
386090 386730 -0.971275 80.0 7 640
386730 395090 1.556479 80.0 0 8360
395090 395670 -0.505777 80.0 7 580
395670 396790 2.182326 80.0 19 1120
396790 397770 -1.721783 80.0 25 980
397770 398920 0.361962 80.0 24 1150
398920 399570 -0.206545 80.0 7 650
399570 403110 1.524369 80.0 14 3540
403110 405530 8.150826 80.0 4 2420
405530 405840 2.588518 80.0 16 310
405840 406500 -0.263409 80.0 1 660
406500 406780 -3.414899 80.0 17 280
406780 407710 -5.554411 80.0 3 930
407710 408110 -2.594728 80.0 8 400
408110 410660 1.933819 80.0 21 2550
410660 411860 5.851761 80.0 22 1200
411860 412730 -1.033424 80.0 20 870
412730 418280 2.746896 80.0 6 5550
418280 419410 6.906593 80.0 12 1130
419410 422690 2.859212 80.0 23 3280
422690 428550 7.208075 80.0 15 5860
428550 428970 1.716149 80.0 18 420
428970 429810 -4.048036 80.0 17 840
429810 434050 -7.528564 80.0 11 4240
434050 434260 -2.523198 80.0 8 210
434260 434790 3.038303 80.0 19 530
434790 434970 -2.479275 80.0 17 180
434970 435590 -6.902095 80.0 3 620
435590 435830 -3.378109 80.0 29 240
435830 438240 -0.468971 80.0 9 2410
438240 438650 2.40827 80.0 26 410
438650 439630 6.337564 80.0 22 980
439630 440120 0.120862 80.0 18 490
440120 440830 -6.026507 80.0 3 710
440830 441770 -2.049802 80.0 13 940
441770 442750 -5.61071 80.0 3 980
442750 443570 -2.400516 80.0 8 820
443570 444240 0.567835 80.0 24 670
444240 445510 -1.031489 80.0 25 1270
