380750 380990 0.79935 80.0 24 240
380990 381540 -0.582003 80.0 7 550
381540 386270 1.068017 80.0 10 4730
386270 386860 -0.646118 80.0 7 590
386860 396950 1.747262 80.0 27 10090
396950 398040 -1.378623 80.0 25 1090
398040 403090 1.414743 80.0 6 5050
403090 405750 7.620096 80.0 4 2660
405750 407030 -0.84877 80.0 18 1280
407030 407720 -5.532389 80.0 3 690
407720 408330 -2.597095 80.0 8 610
408330 410490 1.631918 80.0 21 2160
410490 411970 5.276486 80.0 22 1480
411970 412260 1.641803 80.0 16 290
412260 412900 -1.464858 80.0 7 640
412900 418320 2.770302 80.0 6 5420
418320 419590 6.467716 80.0 12 1270
419590 420600 2.110078 80.0 2 1010
420600 421520 4.539132 80.0 22 920
421520 422610 2.322945 80.0 2 1090
422610 428690 7.093775 80.0 15 6080
428690 429180 0.836321 80.0 18 490
429180 429980 -4.095866 80.0 17 800
429980 434110 -7.510825 80.0 11 4130
434110 435190 -0.699449 80.0 13 1080
435190 435690 -6.335828 80.0 3 500
435690 436020 -3.513499 80.0 29 330
436020 438260 -0.534403 80.0 9 2240
438260 438710 1.832607 80.0 26 450
438710 439760 5.73646 80.0 22 1050
439760 440350 -0.5588 80.0 18 590
440350 440900 -5.928497 80.0 3 550
440900 441990 -2.808381 80.0 13 1090
441990 442810 -5.633535 80.0 3 820
442810 443370 -3.59038 80.0 29 560
443370 443800 -0.815793 80.0 28 430
443800 444350 0.554103 80.0 24 550
444350 445510 -0.85896 80.0 25 1160
