380648 380938 1.242301 80.0 24 290
380938 381488 -0.8675 80.0 7 550
381488 386198 1.902926 80.0 10 4710
386198 386808 -0.784691 80.0 7 610
386808 395168 1.541194 80.0 0 8360
395168 395708 -0.396216 80.0 7 540
395708 396898 2.088177 80.0 19 1190
396898 397938 -1.516686 80.0 25 1040
397938 399078 0.358446 80.0 24 1140
399078 399618 -0.184463 80.0 7 540
399618 403068 1.491193 80.0 14 3450
403068 405698 7.73768 80.0 4 2630
405698 406008 1.94776 80.0 16 310
406008 406558 -0.4233 80.0 1 550
406558 406938 -3.467865 80.0 17 380
406938 407718 -5.545249 80.0 3 780
407718 408248 -2.598442 80.0 8 530
408248 410478 1.658011 80.0 21 2230
410478 411948 5.412824 80.0 22 1470
411948 412808 -0.842265 80.0 20 860
412808 418278 2.736638 80.0 6 5470
418278 419548 6.670013 80.0 12 1270
419548 420688 2.24666 80.0 2 1140
420688 421468 4.749382 80.0 22 780
421468 422568 2.237589 80.0 2 1100
422568 428668 7.111937 80.0 15 6100
428668 429098 0.914989 80.0 18 430
429098 429948 -4.064034 80.0 17 850
429948 434098 -7.521303 80.0 11 4150
434098 434348 -2.463531 80.0 8 250
434348 434858 2.119759 80.0 19 510
434858 435108 -2.528919 80.0 17 250
435108 435658 -6.588096 80.0 3 550
435658 435938 -3.496954 80.0 29 280
435938 438258 -0.518343 80.0 9 2320
438258 438658 1.857455 80.0 26 400
438658 439728 5.915257 80.0 22 1070
439728 440278 -0.471603 80.0 18 550
440278 440888 -5.956855 80.0 3 610
440888 441908 -2.517134 80.0 13 1020
441908 442798 -5.635652 80.0 3 890
442798 443328 -3.484922 80.0 29 530
443328 443718 -0.812565 80.0 28 390
443718 444258 0.466123 80.0 24 540
444258 445508 -1.017154 80.0 25 1250
