380746 380996 0.774183 80.0 24 250
380996 381536 -0.603642 80.0 7 540
381536 386256 1.071092 80.0 10 4720
386256 386866 -0.629646 80.0 7 610
386866 396956 1.747886 80.0 27 10090
396956 398036 -1.393296 80.0 25 1080
398036 403136 1.329949 80.0 6 5100
403136 405716 7.735198 80.0 4 2580
405716 406106 2.11391 80.0 16 390
406106 406606 -0.614299 80.0 1 500
406606 407016 -3.507026 80.0 17 410
407016 407726 -5.518975 80.0 3 710
407726 408326 -2.558277 80.0 8 600
408326 410576 1.727601 80.0 21 2250
410576 411926 5.403179 80.0 22 1350
411926 412896 -0.316058 80.0 20 970
412896 418366 2.780699 80.0 6 5470
418366 419546 6.664308 80.0 12 1180
419546 420826 2.514709 80.0 2 1280
420826 421436 4.798263 80.0 22 610
421436 422666 2.516857 80.0 2 1230
422666 428656 7.139999 80.0 15 5990
428656 429166 1.087632 80.0 18 510
429166 429966 -4.059686 80.0 17 800
429966 434106 -7.505783 80.0 11 4140
434106 435186 -0.692215 80.0 13 1080
435186 435686 -6.345116 80.0 3 500
435686 436016 -3.512895 80.0 29 330
436016 438256 -0.53523 80.0 9 2240
438256 438756 2.046901 80.0 26 500
438756 439716 5.910951 80.0 22 960
439716 440346 -0.267999 80.0 18 630
440346 440896 -5.935209 80.0 3 550
440896 441976 -2.786504 80.0 13 1080
441976 442806 -5.627197 80.0 3 830
442806 443366 -3.59178 80.0 29 560
443366 443796 -0.813908 80.0 28 430
443796 444356 0.549788 80.0 24 560
444356 445506 -0.865353 80.0 25 1150
