380616 380936 1.311959 80.0 24 320
380936 381466 -0.982626 80.0 7 530
381466 386186 1.74451 80.0 10 4720
386186 386796 -0.827301 80.0 7 610
386796 395146 1.54583 80.0 0 8350
395146 395696 -0.417378 80.0 7 550
395696 396886 2.125947 80.0 19 1190
396886 397906 -1.56486 80.0 25 1020
397906 399046 0.360841 80.0 24 1140
399046 399606 -0.190855 80.0 7 560
399606 403066 1.501541 80.0 14 3460
403066 405666 7.801891 80.0 4 2600
405666 405976 2.051569 80.0 16 310
405976 406546 -0.38878 80.0 1 570
406546 406906 -3.445129 80.0 17 360
406906 407726 -5.538034 80.0 3 820
407726 408216 -2.582898 80.0 8 490
408216 410506 1.695303 80.0 21 2290
410506 411936 5.490714 80.0 22 1430
411936 412786 -0.920659 80.0 20 850
412786 418286 2.735568 80.0 6 5500
418286 419526 6.519234 80.0 12 1240
419526 420716 2.290064 80.0 2 1190
420716 421426 4.85517 80.0 22 710
421426 422596 2.314307 80.0 2 1170
422596 428656 7.141224 80.0 15 6060
428656 429076 0.951854 80.0 18 420
429076 429956 -4.078254 80.0 17 880
429956 434086 -7.539379 80.0 11 4130
434086 434326 -2.549508 80.0 8 240
434326 434836 2.325778 80.0 19 510
434836 435076 -2.373725 80.0 17 240
435076 435646 -6.641982 80.0 3 570
435646 435916 -3.474666 80.0 29 270
435916 438256 -0.509874 80.0 9 2340
438256 438656 1.946248 80.0 26 400
438656 439706 5.997379 80.0 22 1050
439706 440246 -0.453907 80.0 18 540
440246 440876 -6.027495 80.0 3 630
440876 441876 -2.420692 80.0 13 1000
441876 442786 -5.636788 80.0 3 910
442786 443306 -3.494331 80.0 29 520
443306 443696 -0.829178 80.0 28 390
443696 444256 0.492482 80.0 24 560
444256 445506 -1.833826 80.0 25 1250
