380470 380870 1.753337 80.0 19 400
380870 381390 -2.108415 80.0 25 520
381390 386080 1.149926 80.0 10 4690
386080 386730 -0.968361 80.0 7 650
386730 395090 1.557477 80.0 0 8360
395090 395670 -0.513692 80.0 7 580
395670 396790 2.191659 80.0 19 1120
396790 397740 -1.781037 80.0 25 950
397740 398910 0.356069 80.0 24 1170
398910 399570 -0.207203 80.0 7 660
399570 403110 1.530424 80.0 14 3540
403110 405520 8.170332 80.0 4 2410
405520 405830 2.642087 80.0 16 310
405830 406510 -0.290078 80.0 1 680
406510 406780 -3.532198 80.0 17 270
406780 407700 -5.567034 80.0 3 920
407700 408110 -2.598108 80.0 8 410
408110 411270 2.616383 80.0 14 3160
411270 411850 6.347919 80.0 22 580
411850 412730 -1.005274 80.0 20 880
412730 418280 2.75128 80.0 6 5550
418280 419400 6.933189 80.0 12 1120
419400 422710 2.87637 80.0 23 3310
422710 428550 7.217325 80.0 15 5840
428550 428960 1.736775 80.0 18 410
428960 429810 -4.040211 80.0 17 850
429810 434060 -7.586831 80.0 11 4250
434060 434260 -2.308724 80.0 8 200
434260 434780 3.171761 80.0 19 520
434780 434970 -2.514298 80.0 17 190
434970 435590 -6.936978 80.0 3 620
435590 435820 -3.360059 80.0 29 230
435820 438260 -0.4632 80.0 9 2440
438260 438650 2.596053 80.0 26 390
438650 439610 6.376071 80.0 22 960
439610 440110 0.317638 80.0 18 500
440110 440830 -6.021202 80.0 3 720
440830 441750 -1.968449 80.0 13 920
441750 442750 -5.597447 80.0 3 1000
442750 443560 -2.4005 80.0 8 810
443560 444240 0.571882 80.0 24 680
444240 445510 -1.032458 80.0 25 1270
