380753 380993 0.780445 80.0 24 240
380993 381543 -0.57118 80.0 7 550
381543 386273 1.066724 80.0 10 4730
386273 386863 -0.638535 80.0 7 590
386863 396953 1.746451 80.0 27 10090
396953 398043 -1.374968 80.0 25 1090
398043 403133 1.445307 80.0 6 5090
403133 405723 7.716472 80.0 4 2590
405723 407033 -0.745433 80.0 18 1310
407033 407723 -5.530776 80.0 3 690
407723 408333 -2.583466 80.0 8 610
408333 410573 1.720544 80.0 21 2240
410573 411943 5.374375 80.0 22 1370
411943 412263 1.830545 80.0 16 320
412263 412903 -1.454565 80.0 7 640
412903 418363 2.781007 80.0 6 5460
418363 419553 6.626145 80.0 12 1190
419553 420783 2.451403 80.0 2 1230
420783 421453 4.740905 80.0 22 670
421453 422663 2.491243 80.0 2 1210
422663 428663 7.135099 80.0 15 6000
428663 429183 1.003852 80.0 18 520
429183 429983 -4.101505 80.0 17 800
429983 434103 -7.516289 80.0 11 4120
434103 435193 -0.745358 80.0 13 1090
435193 435693 -6.322215 80.0 3 500
435693 436023 -3.503282 80.0 29 330
436023 438253 -0.536948 80.0 9 2230
438253 438753 1.987632 80.0 26 500
438753 439713 5.892134 80.0 22 960
439713 440353 -0.225743 80.0 18 640
440353 440893 -5.939685 80.0 3 540
440893 441993 -2.831689 80.0 13 1100
441993 442813 -5.632302 80.0 3 820
442813 443373 -3.581264 80.0 29 560
443373 443803 -0.810534 80.0 28 430
443803 444353 0.548356 80.0 24 550
444353 445503 -0.866422 80.0 25 1150
