380484 380874 1.731677 80.0 19 390
380874 381394 -1.952489 80.0 7 520
381394 386094 1.458256 80.0 10 4700
386094 386724 -0.977603 80.0 7 630
386724 395084 1.555905 80.0 0 8360
395084 395674 -0.49157 80.0 7 590
395674 396804 2.156724 80.0 19 1130
396804 397774 -1.735391 80.0 25 970
397774 398924 0.361834 80.0 24 1150
398924 399574 -0.206663 80.0 7 650
399574 403114 1.528081 80.0 14 3540
403114 405534 8.147811 80.0 4 2420
405534 405844 2.568628 80.0 16 310
405844 406504 -0.271533 80.0 1 660
406504 406784 -3.434493 80.0 17 280
406784 407704 -5.560058 80.0 3 920
407704 408114 -2.622649 80.0 8 410
408114 410634 1.902634 80.0 21 2520
410634 411864 5.826687 80.0 22 1230
411864 412734 -1.044551 80.0 20 870
412734 418274 2.7452 80.0 6 5540
418274 419424 6.869775 80.0 12 1150
419424 422684 2.846539 80.0 23 3260
422684 428574 7.197217 80.0 15 5890
428574 428974 1.503813 80.0 18 400
428974 429814 -4.053499 80.0 17 840
429814 434054 -7.529006 80.0 11 4240
434054 434264 -2.47984 80.0 8 210
434264 434794 3.035824 80.0 19 530
434794 434974 -2.515681 80.0 17 180
434974 435594 -6.904305 80.0 3 620
435594 435834 -3.353063 80.0 29 240
435834 438254 -0.467056 80.0 9 2420
438254 438644 2.441805 80.0 26 390
438644 439634 6.320761 80.0 22 990
439634 440124 0.070996 80.0 18 490
440124 440834 -6.027503 80.0 3 710
440834 441774 -2.056068 80.0 13 940
441774 442754 -5.61094 80.0 3 980
442754 443574 -2.390259 80.0 8 820
443574 444244 0.565493 80.0 24 670
444244 445504 -1.038884 80.0 25 1260
