380492 380882 1.694697 80.0 19 390
380882 381402 -1.937298 80.0 7 520
381402 386102 1.452759 80.0 10 4700
386102 386732 -0.970512 80.0 7 630
386732 395092 1.555272 80.0 0 8360
395092 395672 -0.496843 80.0 7 580
395672 396802 2.152732 80.0 19 1130
396802 397782 -1.71652 80.0 25 980
397782 398932 0.361673 80.0 24 1150
398932 399572 -0.2064 80.0 7 640
399572 403092 1.5002 80.0 14 3520
403092 405542 8.102303 80.0 4 2450
405542 405852 2.54468 80.0 16 310
405852 406512 -0.290173 80.0 1 660
406512 406792 -3.459515 80.0 17 280
406792 407712 -5.553715 80.0 3 920
407712 408122 -2.580349 80.0 8 410
408122 410592 1.844313 80.0 21 2470
410592 411872 5.783358 80.0 22 1280
411872 412732 -1.063267 80.0 20 860
412732 418262 2.736303 80.0 6 5530
418262 419422 6.840311 80.0 12 1160
419422 422672 2.843569 80.0 23 3250
422672 428572 7.191884 80.0 15 5900
428572 428992 1.431563 80.0 18 420
428992 429812 -4.076189 80.0 17 820
429812 434062 -7.521781 80.0 11 4250
434062 434262 -2.481537 80.0 8 200
434262 434792 2.969287 80.0 19 530
434792 434982 -2.432017 80.0 17 190
434982 435602 -6.875214 80.0 3 620
435602 435832 -3.378706 80.0 29 230
435832 438262 -0.473739 80.0 9 2430
438262 438632 2.358963 80.0 26 370
438632 439652 6.263281 80.0 22 1020
439652 440132 -0.087485 80.0 18 480
440132 440842 -6.021447 80.0 3 710
440842 441772 -2.036087 80.0 13 930
441772 442752 -5.611763 80.0 3 980
442752 443582 -2.400413 80.0 8 830
443582 444242 0.560181 80.0 24 660
444242 445512 -1.029501 80.0 25 1270
