380751 380991 0.756652 80.0 24 240
380991 381531 -0.576681 80.0 7 540
381531 386261 1.066299 80.0 10 4730
386261 386861 -0.624956 80.0 7 600
386861 396951 1.74447 80.0 27 10090
396951 398041 -1.373424 80.0 25 1090
398041 403211 1.386736 80.0 6 5170
403211 405651 7.911182 80.0 4 2440
405651 407021 -0.460942 80.0 18 1370
407021 407721 -5.520938 80.0 3 700
407721 408321 -2.603786 80.0 8 600
408321 410811 1.994698 80.0 21 2490
410811 411891 5.587505 80.0 22 1080
411891 412901 -0.129224 80.0 20 1010
412901 418431 2.80555 80.0 6 5530
418431 419501 6.85869 80.0 12 1070
419501 422781 3.043297 80.0 23 3280
422781 428601 7.214391 80.0 15 5820
428601 429171 1.397219 80.0 18 570
429171 429971 -4.06989 80.0 17 800
429971 434111 -7.503034 80.0 11 4140
434111 435181 -0.674122 80.0 13 1070
435181 435691 -6.277964 80.0 3 510
435691 436021 -3.484148 80.0 29 330
436021 438241 -0.537993 80.0 9 2220
438241 438831 2.31714 80.0 26 590
438831 439671 6.081933 80.0 22 840
439671 440351 0.028393 80.0 18 680
440351 440891 -5.932785 80.0 3 540
440891 441981 -2.815352 80.0 13 1090
441981 442811 -5.620201 80.0 3 830
442811 443371 -3.567173 80.0 29 560
443371 443791 -0.818374 80.0 28 420
443791 444351 0.536157 80.0 24 560
444351 445511 -0.857562 80.0 25 1160
