380676 380956 1.099351 80.0 24 280
380956 381506 -0.793069 80.0 7 550
381506 386216 1.60651 80.0 10 4710
386216 386826 -0.743152 80.0 7 610
386826 395186 1.53868 80.0 0 8360
395186 395696 -0.3917 80.0 7 510
395696 396916 2.003308 80.0 19 1220
396916 397966 -1.484238 80.0 25 1050
397966 399096 0.358992 80.0 24 1130
399096 399616 -0.178953 80.0 7 520
399616 403066 1.475904 80.0 14 3450
403066 405716 7.688584 80.0 4 2650
405716 406036 1.930247 80.0 16 320
406036 406576 -0.481726 80.0 1 540
406576 406966 -3.513121 80.0 17 390
406966 407726 -5.538704 80.0 3 760
407726 408266 -2.590871 80.0 8 540
408266 410476 1.642807 80.0 21 2210
410476 411956 5.367409 80.0 22 1480
411956 412836 -0.74985 80.0 20 880
412836 418276 2.744246 80.0 6 5440
418276 419576 6.551066 80.0 12 1300
419576 420646 2.157943 80.0 2 1070
420646 421496 4.65307 80.0 22 850
421496 422576 2.23436 80.0 2 1080
422576 428686 7.098707 80.0 15 6110
428686 429116 0.84439 80.0 18 430
429116 429966 -4.073339 80.0 17 850
429966 434096 -7.527966 80.0 11 4130
434096 434356 -2.614489 80.0 8 260
434356 434856 1.977901 80.0 19 500
434856 435126 -2.367421 80.0 17 270
435126 435666 -6.51694 80.0 3 540
435666 435966 -3.480614 80.0 29 300
435966 438256 -0.520014 80.0 9 2290
438256 438666 1.800352 80.0 26 410
438666 439746 5.839817 80.0 22 1080
439746 440286 -0.471201 80.0 18 540
440286 440886 -5.946215 80.0 3 600
440886 441926 -2.603001 80.0 13 1040
441926 442796 -5.639164 80.0 3 870
442796 443336 -3.543776 80.0 29 540
443336 443746 -0.814484 80.0 28 410
443746 444276 0.441888 80.0 24 530
444276 445506 -1.027483 80.0 25 1230
