380720 380990 0.928667 80.0 24 270
380990 381530 -0.685095 80.0 7 540
381530 386240 1.299971 80.0 10 4710
386240 386840 -0.686559 80.0 7 600
386840 396940 1.488463 80.0 27 10100
396940 398010 -1.427275 80.0 25 1070
398010 403080 1.287362 80.0 6 5070
403080 405740 7.643356 80.0 4 2660
405740 406080 1.927571 80.0 16 340
406080 406590 -0.541514 80.0 1 510
406590 407000 -3.491142 80.0 17 410
407000 407720 -5.536623 80.0 3 720
407720 408300 -2.623801 80.0 8 580
408300 410480 1.631009 80.0 21 2180
410480 411970 5.300677 80.0 22 1490
411970 412880 -0.616955 80.0 20 910
412880 418300 2.762438 80.0 6 5420
418300 419590 6.486585 80.0 12 1290
419590 420600 2.089906 80.0 2 1010
420600 421510 4.568825 80.0 22 910
421510 422590 2.275984 80.0 2 1080
422590 428690 7.09209 80.0 15 6100
428690 429150 0.855168 80.0 18 460
429150 429970 -4.076361 80.0 17 820
429970 434110 -7.512157 80.0 11 4140
434110 435160 -0.503137 80.0 13 1050
435160 435680 -6.413543 80.0 3 520
435680 436000 -3.492434 80.0 29 320
436000 438260 -0.526025 80.0 9 2260
438260 438690 1.814011 80.0 26 430
438690 439750 5.783292 80.0 22 1060
439750 440330 -0.539869 80.0 18 580
440330 440890 -5.956336 80.0 3 560
440890 441960 -2.726163 80.0 13 1070
441960 442810 -5.630716 80.0 3 850
442810 443360 -3.547721 80.0 29 550
443360 445510 -0.644842 80.0 9 2150
