380784 381014 0.642552 80.0 24 230
381014 381554 -0.494142 80.0 7 540
381554 386284 1.057746 80.0 10 4730
386284 386874 -0.586133 80.0 7 590
386874 396974 1.738726 80.0 27 10100
396974 398074 -1.340047 80.0 25 1100
398074 403154 1.104473 80.0 6 5080
403154 405744 7.692997 80.0 4 2590
405744 407054 -0.782983 80.0 18 1310
407054 407724 -5.521895 80.0 3 670
407724 408344 -2.620439 80.0 8 620
408344 410574 1.702688 80.0 21 2230
410574 411924 5.355963 80.0 22 1350
411924 412924 -0.172221 80.0 20 1000
412924 418374 2.788069 80.0 6 5450
418374 419564 6.565577 80.0 12 1190
419564 420784 2.45688 80.0 2 1220
420784 421464 4.696643 80.0 22 680
421464 422674 2.522352 80.0 2 1210
422674 428664 7.199295 80.0 15 5990
428664 429194 1.066936 80.0 18 530
429194 429974 -4.057877 80.0 17 780
429974 434124 -7.490554 80.0 11 4150
434124 436044 -2.667993 80.0 9 1920
436044 438244 -0.546272 80.0 9 2200
438244 438774 1.980815 80.0 26 530
438774 439714 5.864041 80.0 22 940
439714 440384 -0.291857 80.0 18 670
440384 440894 -5.942645 80.0 3 510
440894 442014 -2.911229 80.0 13 1120
442014 442804 -5.632808 80.0 3 790
442804 443384 -3.631948 80.0 29 580
443384 443814 -0.837357 80.0 28 430
443814 444354 0.505417 80.0 24 540
444354 445504 -0.864675 80.0 25 1150
