380702 380952 1.001722 80.0 24 250
380952 381512 -0.690985 80.0 7 560
381512 386232 1.310295 80.0 10 4720
386232 386832 -0.70347 80.0 7 600
386832 395202 1.533994 80.0 0 8370
395202 395702 -0.370618 80.0 7 500
395702 396932 1.951131 80.0 19 1230
396932 397992 -1.446991 80.0 25 1060
397992 403182 1.132429 80.0 6 5190
403182 405642 7.926103 80.0 4 2460
405642 406062 2.410146 80.0 16 420
406062 406572 -0.499533 80.0 1 510
406572 406992 -3.495899 80.0 17 420
406992 407722 -5.539498 80.0 3 730
407722 408292 -2.552825 80.0 8 570
408292 410712 1.907913 80.0 21 2420
410712 411902 5.569165 80.0 22 1190
411902 412862 -0.361383 80.0 20 960
412862 418392 2.786023 80.0 6 5530
418392 419492 6.902468 80.0 12 1100
419492 422732 3.005572 80.0 23 3240
422732 428612 7.201962 80.0 15 5880
428612 429142 1.262065 80.0 18 530
429142 429962 -4.090318 80.0 17 820
429962 434092 -7.520304 80.0 11 4130
434092 434372 -2.604619 80.0 8 280
434372 434872 1.766934 80.0 19 500
434872 435152 -2.52872 80.0 17 280
435152 435672 -6.45328 80.0 3 520
435672 435982 -3.490172 80.0 29 310
435982 438262 -0.523777 80.0 9 2280
438262 438772 2.293188 80.0 26 510
438772 439672 6.088022 80.0 22 900
439672 440312 0.012576 80.0 18 640
440312 440882 -5.952239 80.0 3 570
440882 441952 -2.708104 80.0 13 1070
441952 442792 -5.643573 80.0 3 840
442792 443342 -3.581002 80.0 29 550
443342 443772 -0.806951 80.0 28 430
443772 444272 0.427719 80.0 24 500
444272 445512 -1.01367 80.0 25 1240
