380665 380955 1.090783 80.0 24 290
380955 381495 -0.823583 80.0 7 540
381495 386205 1.825314 80.0 10 4710
386205 386815 -0.749833 80.0 7 610
386815 395185 1.53741 80.0 0 8370
395185 395695 -0.397108 80.0 7 510
395695 396915 2.01043 80.0 19 1220
396915 397955 -1.500622 80.0 25 1040
397955 399085 0.359774 80.0 24 1130
399085 399595 -0.186286 80.0 7 510
399595 403165 1.554059 80.0 14 3570
403165 405625 7.955852 80.0 4 2460
405625 406025 2.424628 80.0 16 400
406025 406565 -0.463845 80.0 1 540
406565 406955 -3.494321 80.0 17 390
406955 407725 -5.536449 80.0 3 770
407725 408255 -2.575744 80.0 8 530
408255 410695 1.896268 80.0 21 2440
410695 411895 5.611665 80.0 22 1200
411895 412825 -0.472238 80.0 20 930
412825 418375 2.771574 80.0 6 5550
418375 419495 6.938808 80.0 12 1120
419495 422725 2.98876 80.0 23 3230
422725 428595 7.214053 80.0 15 5870
428595 429105 1.429678 80.0 18 510
429105 429965 -4.072807 80.0 17 860
429965 434095 -7.528937 80.0 11 4130
434095 434355 -2.501792 80.0 8 260
434355 434855 2.032189 80.0 19 500
434855 435115 -2.423142 80.0 17 260
435115 435665 -6.514036 80.0 3 550
435665 435955 -3.451395 80.0 29 290
435955 438255 -0.518281 80.0 9 2300
438255 438755 2.301022 80.0 26 500
438755 439675 6.13183 80.0 22 920
439675 440285 -0.032707 80.0 18 610
440285 440885 -5.949334 80.0 3 600
440885 441915 -2.570143 80.0 13 1030
441915 442795 -5.635243 80.0 3 880
442795 443335 -3.509102 80.0 29 540
443335 443745 -0.778552 80.0 28 410
443745 444255 0.470777 80.0 24 510
444255 445505 -1.010575 80.0 25 1250
