380671 380951 1.118264 80.0 24 280
380951 381501 -0.801846 80.0 7 550
381501 386211 1.829739 80.0 10 4710
386211 386821 -0.746676 80.0 7 610
386821 395181 1.539005 80.0 0 8360
395181 395711 -0.381145 80.0 7 530
395711 396911 2.04095 80.0 19 1200
396911 397961 -1.485356 80.0 25 1050
397961 399091 0.359281 80.0 24 1130
399091 399611 -0.180767 80.0 7 520
399611 403081 1.487164 80.0 14 3470
403081 405701 7.734554 80.0 4 2620
405701 406031 2.005695 80.0 16 330
406031 406571 -0.469107 80.0 1 540
406571 406961 -3.501857 80.0 17 390
406961 407721 -5.54411 80.0 3 760
407721 408261 -2.608666 80.0 8 540
408261 410491 1.661584 80.0 21 2230
410491 411951 5.388483 80.0 22 1460
411951 412831 -0.743819 80.0 20 880
412831 418301 2.749521 80.0 6 5470
418301 419561 6.641281 80.0 12 1260
419561 420641 2.173757 80.0 2 1080
420641 421471 4.677833 80.0 22 830
421471 422581 2.27224 80.0 2 1110
422581 428681 7.106097 80.0 15 6100
428681 429111 0.868697 80.0 18 430
429111 429961 -4.067783 80.0 17 850
429961 434091 -7.527957 80.0 11 4130
434091 434361 -2.56743 80.0 8 270
434361 434871 1.967705 80.0 19 510
434871 435121 -2.536538 80.0 17 250
435121 435661 -6.530623 80.0 3 540
435661 435961 -3.491796 80.0 29 300
435961 438261 -0.51704 80.0 9 2300
438261 438681 1.925316 80.0 26 420
438681 439731 5.900001 80.0 22 1050
439731 440291 -0.444497 80.0 18 560
440291 440881 -5.96276 80.0 3 590
440881 441921 -2.592942 80.0 13 1040
441921 442791 -5.641534 80.0 3 870
442791 443331 -3.552264 80.0 29 540
443331 443751 -0.80092 80.0 28 420
443751 444271 0.456664 80.0 24 520
444271 445511 -1.021307 80.0 25 1240
