380675 380955 1.099423 80.0 24 280
380955 381505 -0.786355 80.0 7 550
381505 386215 1.605936 80.0 10 4710
386215 386825 -0.738571 80.0 7 610
386825 395185 1.538511 80.0 0 8360
395185 395695 -0.389559 80.0 7 510
395695 396915 2.001242 80.0 19 1220
396915 397965 -1.48207 80.0 25 1050
397965 399095 0.359216 80.0 24 1130
399095 399615 -0.180444 80.0 7 520
399615 403065 1.475713 80.0 14 3450
403065 405715 7.686137 80.0 4 2650
405715 406035 1.9559 80.0 16 320
406035 406575 -0.481669 80.0 1 540
406575 406965 -3.501992 80.0 17 390
406965 407725 -5.537296 80.0 3 760
407725 408265 -2.599109 80.0 8 540
408265 410465 1.631589 80.0 21 2200
410465 411955 5.353673 80.0 22 1490
411955 412835 -0.741731 80.0 20 880
412835 418285 2.745849 80.0 6 5450
418285 419575 6.568573 80.0 12 1290
419575 420595 2.081715 80.0 2 1020
420595 421495 4.601244 80.0 22 900
421495 422565 2.221937 80.0 2 1070
422565 428685 7.09269 80.0 15 6120
428685 429115 0.85819 80.0 18 430
429115 429965 -4.067741 80.0 17 850
429965 434095 -7.528406 80.0 11 4130
434095 434355 -2.640226 80.0 8 260
434355 434865 1.958834 80.0 19 510
434865 435125 -2.456408 80.0 17 260
435125 435665 -6.52393 80.0 3 540
435665 435965 -3.487248 80.0 29 300
435965 438255 -0.519939 80.0 9 2290
438255 438665 1.797547 80.0 26 410
438665 439745 5.835828 80.0 22 1080
439745 440295 -0.533601 80.0 18 550
440295 440885 -5.962204 80.0 3 590
440885 441925 -2.600613 80.0 13 1040
441925 442795 -5.640301 80.0 3 870
442795 443335 -3.549056 80.0 29 540
443335 443745 -0.819443 80.0 28 410
443745 444275 0.444147 80.0 24 530
444275 445505 -1.027721 80.0 25 1230
