380632 380932 1.271665 80.0 24 300
380932 381472 -0.908098 80.0 7 540
381472 386192 1.941177 80.0 10 4720
386192 386802 -0.797526 80.0 7 610
386802 395152 1.544055 80.0 0 8350
395152 395692 -0.406009 80.0 7 540
395692 396892 2.083827 80.0 19 1200
396892 397922 -1.536431 80.0 25 1030
397922 399062 0.359348 80.0 24 1140
399062 399592 -0.192303 80.0 7 530
399592 403182 1.587572 80.0 14 3590
403182 405582 8.056169 80.0 4 2400
405582 405992 2.613844 80.0 16 410
405992 406552 -0.418182 80.0 1 560
406552 406922 -3.469042 80.0 17 370
406922 407722 -5.539147 80.0 3 800
407722 408232 -2.566477 80.0 8 510
408232 410912 2.1661 80.0 21 2680
410912 411872 5.800962 80.0 22 960
411872 412802 -0.468328 80.0 20 930
412802 418382 2.774592 80.0 6 5580
418382 419432 6.832973 80.0 12 1050
419432 422772 3.033694 80.0 23 3340
422772 428572 7.252166 80.0 15 5800
428572 429092 1.490162 80.0 18 520
429092 429942 -4.077362 80.0 17 850
429942 434082 -7.5282 80.0 11 4140
434082 434342 -2.49785 80.0 8 260
434342 434842 2.226186 80.0 19 500
434842 435102 -2.542737 80.0 17 260
435102 435642 -6.649382 80.0 3 540
435642 435932 -3.494612 80.0 29 290
435932 438262 -0.508082 80.0 9 2330
438262 438762 2.499054 80.0 26 500
438762 439652 6.21535 80.0 22 890
439652 440252 0.045131 80.0 18 600
440252 440872 -6.010753 80.0 3 620
440872 441882 -2.471611 80.0 13 1010
441882 442782 -5.634223 80.0 3 900
442782 443312 -3.518227 80.0 29 530
443312 443712 -0.814195 80.0 28 400
443712 444262 0.473771 80.0 24 550
444262 445512 -1.019784 80.0 25 1250
