380486 380886 1.671238 80.0 19 400
380886 381406 -1.995979 80.0 7 520
381406 386096 1.458707 80.0 10 4690
386096 386736 -0.961467 80.0 7 640
386736 395086 1.557711 80.0 0 8350
395086 395666 -0.49936 80.0 7 580
395666 396796 2.155956 80.0 19 1130
396796 397776 -1.718047 80.0 25 980
397776 398926 0.361819 80.0 24 1150
398926 399566 -0.208759 80.0 7 640
399566 403106 1.516613 80.0 14 3540
403106 405546 8.119427 80.0 4 2440
405546 405846 2.473593 80.0 16 300
405846 406516 -0.307848 80.0 1 670
406516 406786 -3.49462 80.0 17 270
406786 407706 -5.556642 80.0 3 920
407706 408116 -2.608469 80.0 8 410
408116 410586 1.838847 80.0 21 2470
410586 411876 5.78758 80.0 22 1290
411876 412736 -1.113563 80.0 20 860
412736 418276 2.745167 80.0 6 5540
418276 419426 6.868555 80.0 12 1150
419426 422686 2.847795 80.0 23 3260
422686 428566 7.199563 80.0 15 5880
428566 428986 1.477528 80.0 18 420
428986 429806 -4.069971 80.0 17 820
429806 434066 -7.517521 80.0 11 4260
434066 434256 -2.418015 80.0 8 190
434256 434786 3.019679 80.0 19 530
434786 434976 -2.417686 80.0 17 190
434976 435596 -6.895423 80.0 3 620
435596 435826 -3.399178 80.0 29 230
435826 438256 -0.473967 80.0 9 2430
438256 438646 2.44367 80.0 26 390
438646 439636 6.318967 80.0 22 990
439636 440126 0.070262 80.0 18 490
440126 440836 -6.027588 80.0 3 710
440836 441766 -2.022794 80.0 13 930
441766 442756 -5.606569 80.0 3 990
442756 443576 -2.386069 80.0 8 820
443576 444246 0.561825 80.0 24 670
444246 445506 -1.03536 80.0 25 1260
