380536 380896 1.598487 80.0 19 360
380896 381436 -1.778865 80.0 7 540
381436 386126 1.13415 80.0 10 4690
386126 386756 -0.913424 80.0 7 630
386756 395096 1.554986 80.0 0 8340
395096 395686 -0.453701 80.0 7 590
395686 396846 2.287638 80.0 19 1160
396846 397826 -1.680019 80.0 25 980
397826 398976 0.360589 80.0 24 1150
398976 399596 -0.199102 80.0 7 620
399596 403086 1.557319 80.0 14 3490
403086 405606 7.975086 80.0 4 2520
405606 405896 2.193196 80.0 16 290
405896 406536 -0.353857 80.0 1 640
406536 406836 -3.527236 80.0 17 300
406836 407706 -5.557576 80.0 3 870
407706 408156 -2.640728 80.0 8 450
408156 410546 1.770911 80.0 21 2390
410546 411906 5.663199 80.0 22 1360
411906 412736 -1.114645 80.0 20 830
412736 418266 2.725388 80.0 6 5530
418266 419466 6.714329 80.0 12 1200
419466 420806 2.225062 80.0 2 1340
420806 421356 5.169573 80.0 22 550
421356 422626 2.401155 80.0 2 1270
422626 428616 7.143825 80.0 15 5990
428616 429016 1.182268 80.0 18 400
429016 429936 -4.051443 80.0 17 920
429936 434066 -7.550932 80.0 11 4130
434066 434286 -2.534224 80.0 8 220
434286 434806 2.766112 80.0 19 520
434806 435026 -2.527577 80.0 17 220
435026 435616 -6.835232 80.0 3 590
435616 435856 -3.456094 80.0 29 240
435856 438256 -0.492272 80.0 9 2400
438256 438636 2.137633 80.0 26 380
438636 439676 6.162481 80.0 22 1040
439676 440166 -0.216162 80.0 18 490
440166 440856 -6.021591 80.0 3 690
440856 441816 -2.196359 80.0 13 960
441816 442766 -5.627632 80.0 3 950
442766 443626 -2.364652 80.0 8 860
443626 444246 0.53896 80.0 24 620
444246 445506 -1.029622 80.0 25 1260
