380442 381382 -0.0086 80.0 7 940
381382 386062 2.534306 80.0 10 4680
386062 386712 -1.002635 80.0 7 650
386712 395082 1.558417 80.0 0 8370
395082 395652 -0.545047 80.0 7 570
395652 396772 2.216639 80.0 19 1120
396772 397732 -1.774984 80.0 25 960
397732 398882 0.363067 80.0 24 1150
398882 399542 -0.215748 80.0 7 660
399542 403112 1.536189 80.0 14 3570
403112 405502 8.2162 80.0 4 2390
405502 405802 2.716174 80.0 16 300
405802 406492 -0.246329 80.0 1 690
406492 406762 -3.521855 80.0 17 270
406762 407712 -5.565685 80.0 3 950
407712 408092 -2.477755 80.0 8 380
408092 411322 2.609692 80.0 14 3230
411322 411842 6.49314 80.0 22 520
411842 412732 -1.05337 80.0 20 890
412732 418272 2.75963 80.0 6 5540
418272 419392 6.964611 80.0 12 1120
419392 422712 2.875593 80.0 23 3320
422712 428552 7.222837 80.0 15 5840
428552 428952 1.611608 80.0 18 400
428952 429802 -4.060268 80.0 17 850
429802 434052 -7.593011 80.0 11 4250
434052 434232 -2.52529 80.0 8 180
434232 434762 3.278158 80.0 19 530
434762 434952 -2.452694 80.0 17 190
434952 435582 -6.983961 80.0 3 630
435582 435802 -3.332112 80.0 29 220
435802 438242 -0.457821 80.0 9 2440
438242 438642 2.583731 80.0 26 400
438642 439612 6.405073 80.0 22 970
439612 440082 0.318706 80.0 18 470
440082 440832 -5.990233 80.0 3 750
440832 441732 -1.855499 80.0 13 900
441732 442732 -5.596287 80.0 3 1000
442732 443542 -2.425014 80.0 8 810
443542 444232 0.603438 80.0 24 690
444232 445512 -1.030056 80.0 25 1280
