380680 380960 1.0675 80.0 24 280
380960 381500 -0.796739 80.0 7 540
381500 386220 1.807297 80.0 10 4720
386220 386820 -0.748363 80.0 7 600
386820 395180 1.53835 80.0 0 8360
395180 395700 -0.382428 80.0 7 520
395700 396920 1.999264 80.0 19 1220
396920 397970 -1.48114 80.0 25 1050
397970 399090 0.361832 80.0 24 1120
399090 399620 -0.173843 80.0 7 530
399620 403070 1.478784 80.0 14 3450
403070 405710 7.700252 80.0 4 2640
405710 406040 1.975873 80.0 16 330
406040 406570 -0.466771 80.0 1 530
406570 406970 -3.492584 80.0 17 400
406970 407720 -5.543441 80.0 3 750
407720 408270 -2.608863 80.0 8 550
408270 410480 1.647837 80.0 21 2210
410480 411960 5.361053 80.0 22 1480
411960 412840 -0.752136 80.0 20 880
412840 418290 2.749538 80.0 6 5450
418290 419570 6.583372 80.0 12 1280
419570 420600 2.098595 80.0 2 1030
420600 421480 4.624053 80.0 22 880
421480 422580 2.263684 80.0 2 1100
422580 428680 7.104815 80.0 15 6100
428680 429120 0.870652 80.0 18 440
429120 429970 -4.080093 80.0 17 850
429970 434100 -7.526427 80.0 11 4130
434100 434360 -2.574895 80.0 8 260
434360 434860 1.959212 80.0 19 500
434860 435130 -2.406758 80.0 17 270
435130 435670 -6.506277 80.0 3 540
435670 435960 -3.510062 80.0 29 290
435960 438260 -0.523843 80.0 9 2300
438260 438660 1.787343 80.0 26 400
438660 439750 5.808161 80.0 22 1090
439750 440290 -0.51485 80.0 18 540
440290 440890 -5.938667 80.0 3 600
440890 441930 -2.604808 80.0 13 1040
441930 442790 -5.645395 80.0 3 860
442790 443340 -3.557162 80.0 29 550
443340 443750 -0.805738 80.0 28 410
443750 444270 0.444624 80.0 24 520
444270 445510 -1.017686 80.0 25 1240
