380470 380870 1.752025 80.0 19 400
380870 381390 -2.10821 80.0 25 520
381390 386080 1.149867 80.0 10 4690
386080 386730 -0.968015 80.0 7 650
386730 395090 1.55746 80.0 0 8360
395090 395670 -0.513479 80.0 7 580
395670 396790 2.191417 80.0 19 1120
396790 397740 -1.780849 80.0 25 950
397740 398910 0.35606 80.0 24 1170
398910 399570 -0.207111 80.0 7 660
399570 403120 1.541002 80.0 14 3550
403120 405510 8.19472 80.0 4 2390
405510 405830 2.722656 80.0 16 320
405830 406510 -0.290773 80.0 1 680
406510 406780 -3.533402 80.0 17 270
406780 407700 -5.566911 80.0 3 920
407700 408110 -2.59614 80.0 8 410
408110 411280 2.624873 80.0 14 3170
411280 411850 6.366954 80.0 22 570
411850 412730 -1.005916 80.0 20 880
412730 418280 2.751456 80.0 6 5550
418280 419400 6.932889 80.0 12 1120
419400 422710 2.876445 80.0 23 3310
422710 428550 7.217311 80.0 15 5840
428550 428960 1.733717 80.0 18 410
428960 429810 -4.040556 80.0 17 850
429810 434060 -7.586767 80.0 11 4250
434060 434260 -2.304085 80.0 8 200
434260 434780 3.170038 80.0 19 520
434780 434970 -2.517435 80.0 17 190
434970 435590 -6.936158 80.0 3 620
435590 435820 -3.358393 80.0 29 230
435820 438260 -0.463098 80.0 9 2440
438260 438650 2.5982 80.0 26 390
438650 439610 6.375978 80.0 22 960
439610 440110 0.314437 80.0 18 500
440110 440830 -6.020898 80.0 3 720
440830 441750 -1.968665 80.0 13 920
441750 442750 -5.597361 80.0 3 1000
442750 443560 -2.399534 80.0 8 810
443560 444240 0.571667 80.0 24 680
444240 445510 -1.032418 80.0 25 1270
