380666 380956 1.116751 80.0 24 290
380956 381496 -0.830493 80.0 7 540
381496 386206 1.844359 80.0 10 4710
386206 386816 -0.754084 80.0 7 610
386816 395186 1.537584 80.0 0 8370
395186 395696 -0.40043 80.0 7 510
395696 396906 2.029582 80.0 19 1210
396906 397956 -1.488695 80.0 25 1050
397956 399086 0.360129 80.0 24 1130
399086 399606 -0.184483 80.0 7 520
399606 403066 1.476522 80.0 14 3460
403066 405706 7.708403 80.0 4 2640
405706 406026 1.970973 80.0 16 320
406026 406566 -0.452224 80.0 1 540
406566 406956 -3.480158 80.0 17 390
406956 407716 -5.544168 80.0 3 760
407716 408256 -2.643774 80.0 8 540
408256 410476 1.644035 80.0 21 2220
410476 411956 5.37855 80.0 22 1480
411956 412826 -0.794925 80.0 20 870
412826 418286 2.743237 80.0 6 5460
418286 419556 6.632654 80.0 12 1270
419556 420616 2.1382 80.0 2 1060
420616 421476 4.649495 80.0 22 860
421476 422566 2.24053 80.0 2 1090
422566 428676 7.100757 80.0 15 6110
428676 429106 0.922501 80.0 18 430
429106 429966 -4.065937 80.0 17 860
429966 434096 -7.530007 80.0 11 4130
434096 434356 -2.558272 80.0 8 260
434356 434856 2.054309 80.0 19 500
434856 435116 -2.386353 80.0 17 260
435116 435666 -6.524292 80.0 3 550
435666 435956 -3.473904 80.0 29 290
435956 438256 -0.519748 80.0 9 2300
438256 438666 1.830873 80.0 26 410
438666 439746 5.856253 80.0 22 1080
439746 440286 -0.536845 80.0 18 540
440286 440886 -5.957355 80.0 3 600
440886 441916 -2.565755 80.0 13 1030
441916 442796 -5.637291 80.0 3 880
442796 443336 -3.518705 80.0 29 540
443336 443746 -0.786538 80.0 28 410
443746 444276 0.454774 80.0 24 530
444276 445506 -1.02962 80.0 25 1230
