380453 380873 1.744915 80.0 19 420
380873 381383 -2.27144 80.0 25 510
381383 386073 1.152977 80.0 10 4690
386073 386713 -1.001028 80.0 7 640
386713 395083 1.557072 80.0 0 8370
395083 395653 -0.531998 80.0 7 570
395653 396773 2.203357 80.0 19 1120
396773 397743 -1.749601 80.0 25 970
397743 398893 0.362662 80.0 24 1150
398893 399563 -0.208898 80.0 7 670
399563 403123 1.551754 80.0 14 3560
403123 405503 8.220434 80.0 4 2380
405503 405813 2.719367 80.0 16 310
405813 406503 -0.274659 80.0 1 690
406503 406773 -3.583673 80.0 17 270
406773 407703 -5.571701 80.0 3 930
407703 408093 -2.580697 80.0 8 390
408093 411313 2.65808 80.0 14 3220
411313 411843 6.475733 80.0 22 530
411843 412733 -1.02174 80.0 20 890
412733 418283 2.762638 80.0 6 5550
418283 419393 6.965849 80.0 12 1110
419393 422723 2.88633 80.0 23 3330
422723 428553 7.22778 80.0 15 5830
428553 428943 1.741169 80.0 18 390
428943 429803 -4.021861 80.0 17 860
429803 434053 -7.590907 80.0 11 4250
434053 434253 -2.332109 80.0 8 200
434253 434773 3.27221 80.0 19 520
434773 434963 -2.575338 80.0 17 190
434963 435583 -6.985296 80.0 3 620
435583 435813 -3.33547 80.0 29 230
435813 438243 -0.459042 80.0 9 2430
438243 438653 2.61815 80.0 26 410
438653 439613 6.400076 80.0 22 960
439613 440093 0.279215 80.0 18 480
440093 440833 -6.001403 80.0 3 740
440833 441743 -1.907213 80.0 13 910
441743 442743 -5.598146 80.0 3 1000
442743 443553 -2.390795 80.0 8 810
443553 444233 0.595737 80.0 24 680
444233 445503 -1.033599 80.0 25 1270
