380601 380921 1.41005 80.0 24 320
380921 381461 -1.004956 80.0 7 540
381461 386171 2.048235 80.0 10 4710
386171 386791 -0.836077 80.0 7 620
386791 395141 1.547196 80.0 0 8350
395141 395701 -0.424088 80.0 7 560
395701 396871 2.181857 80.0 19 1170
396871 397891 -1.574579 80.0 25 1020
397891 399031 0.361552 80.0 24 1140
399031 399611 -0.189239 80.0 7 580
399611 403081 1.521208 80.0 14 3470
403081 405651 7.856884 80.0 4 2570
405651 405961 2.109719 80.0 16 310
405961 406541 -0.368455 80.0 1 580
406541 406891 -3.435345 80.0 17 350
406891 407721 -5.54271 80.0 3 830
407721 408211 -2.570364 80.0 8 490
408211 410521 1.721316 80.0 21 2310
410521 411931 5.525771 80.0 22 1410
411931 412771 -0.960451 80.0 20 840
412771 418281 2.730844 80.0 6 5510
418281 419511 6.558757 80.0 12 1230
419511 420741 2.340571 80.0 2 1230
420741 421421 4.91082 80.0 22 680
421421 422591 2.299489 80.0 2 1170
422591 428641 7.102861 80.0 15 6050
428641 429071 1.002937 80.0 18 430
429071 429951 -4.084436 80.0 17 880
429951 434081 -7.541128 80.0 11 4130
434081 434321 -2.546903 80.0 8 240
434321 434831 2.411812 80.0 19 510
434831 435071 -2.43541 80.0 17 240
435071 435641 -6.688484 80.0 3 570
435641 435911 -3.442662 80.0 29 270
435911 438261 -0.501093 80.0 9 2350
438261 438651 1.993668 80.0 26 390
438651 439701 6.020774 80.0 22 1050
439701 440231 -0.407194 80.0 18 530
440231 440871 -6.025985 80.0 3 640
440871 441861 -2.373394 80.0 13 990
441861 442781 -5.633549 80.0 3 920
442781 443291 -3.50988 80.0 29 510
443291 443681 -0.866008 80.0 28 390
443681 444261 0.490211 80.0 24 580
444261 445511 -1.02642 80.0 25 1250
