380528 380898 1.589557 80.0 19 370
380898 381428 -1.82083 80.0 7 530
381428 386128 1.133031 80.0 10 4700
386128 386748 -0.934682 80.0 7 620
386748 395098 1.553693 80.0 0 8350
395098 395678 -0.465968 80.0 7 580
395678 396838 2.295959 80.0 19 1160
396838 397818 -1.682754 80.0 25 980
397818 398968 0.360782 80.0 24 1150
398968 399598 -0.198196 80.0 7 630
399598 403108 1.584008 80.0 14 3510
403108 405568 8.060866 80.0 4 2460
405568 405888 2.452092 80.0 16 320
405888 406528 -0.335395 80.0 1 640
406528 406828 -3.501809 80.0 17 300
406828 407708 -5.555759 80.0 3 880
407708 408148 -2.627764 80.0 8 440
408148 410588 1.822516 80.0 21 2440
410588 411888 5.720946 80.0 22 1300
411888 412738 -1.024884 80.0 20 850
412738 418288 2.73721 80.0 6 5550
418288 419438 6.811861 80.0 12 1150
419438 422678 2.850509 80.0 23 3240
422678 428588 7.180017 80.0 15 5910
428588 429008 1.400217 80.0 18 420
429008 429938 -4.045219 80.0 17 930
429938 434068 -7.551818 80.0 11 4130
434068 434288 -2.410278 80.0 8 220
434288 434798 2.868937 80.0 19 510
434798 435018 -2.468403 80.0 17 220
435018 435608 -6.85773 80.0 3 590
435608 435858 -3.434726 80.0 29 250
435858 438258 -0.484406 80.0 9 2400
438258 438658 2.329844 80.0 26 400
438658 439648 6.252985 80.0 22 990
439648 440158 0.038878 80.0 18 510
440158 440838 -6.042844 80.0 3 680
440838 441808 -2.21319 80.0 13 970
441808 442758 -5.626915 80.0 3 950
442758 443608 -2.412838 80.0 8 850
443608 444248 0.528078 80.0 24 640
444248 445508 -1.030806 80.0 25 1260
