380589 380919 1.415454 80.0 24 330
380919 381459 -1.030547 80.0 7 540
381459 386159 1.842543 80.0 10 4700
386159 386789 -0.837317 80.0 7 630
386789 395129 1.549996 80.0 0 8340
395129 395689 -0.432302 80.0 7 560
395689 396859 2.195581 80.0 19 1170
396859 397879 -1.580368 80.0 25 1020
397879 399029 0.359123 80.0 24 1150
399029 399609 -0.19384 80.0 7 580
399609 403129 1.570709 80.0 14 3520
403129 405609 7.988387 80.0 4 2480
405609 405949 2.329265 80.0 16 340
405949 406549 -0.39924 80.0 1 600
406549 406889 -3.541693 80.0 17 340
406889 407709 -5.55618 80.0 3 820
407709 408199 -2.613464 80.0 8 490
408199 410609 1.828164 80.0 21 2410
410609 411889 5.64913 80.0 22 1280
411889 412759 -0.768943 80.0 20 870
412759 418319 2.742194 80.0 6 5560
418319 419449 6.758527 80.0 12 1130
419449 422689 2.965816 80.0 23 3240
422689 428599 7.169751 80.0 15 5910
428599 429049 1.363254 80.0 18 450
429049 429939 -4.047301 80.0 17 890
429939 434079 -7.537074 80.0 11 4140
434079 434309 -2.546405 80.0 8 230
434309 434819 2.479152 80.0 19 510
434819 435069 -2.478192 80.0 17 250
435069 435629 -6.753434 80.0 3 560
435629 435899 -3.475233 80.0 29 270
435899 438259 -0.499214 80.0 9 2360
438259 438699 2.316106 80.0 26 440
438699 439659 6.188953 80.0 22 960
439659 440219 -0.086252 80.0 18 560
440219 440859 -6.043669 80.0 3 640
440859 441849 -2.356655 80.0 13 990
441849 442779 -5.628407 80.0 3 930
442779 443279 -3.504024 80.0 29 500
443279 443669 -0.881297 80.0 28 390
443669 444249 0.503189 80.0 24 580
444249 445509 -1.020154 80.0 25 1260
