380692 380962 1.029631 80.0 24 270
380962 381512 -0.742391 80.0 7 550
381512 386232 1.330844 80.0 10 4720
386232 386832 -0.727318 80.0 7 600
386832 395192 1.537106 80.0 0 8360
395192 395712 -0.36884 80.0 7 520
395712 396922 1.999124 80.0 19 1210
396922 397982 -1.457448 80.0 25 1060
397982 403082 1.066941 80.0 6 5100
403082 405722 7.690823 80.0 4 2640
405722 406052 1.958313 80.0 16 330
406052 406582 -0.505183 80.0 1 530
406582 406982 -3.517815 80.0 17 400
406982 407722 -5.542113 80.0 3 740
407722 408282 -2.59455 80.0 8 560
408282 410492 1.655583 80.0 21 2210
410492 411972 5.342371 80.0 22 1480
411972 412852 -0.752397 80.0 20 880
412852 418302 3.155736 80.0 6 5450
418302 419572 6.579659 80.0 12 1270
419572 420612 2.123274 80.0 2 1040
420612 421492 4.611692 80.0 22 880
421492 422582 2.26446 80.0 2 1090
422582 428682 7.100588 80.0 15 6100
428682 429132 0.862081 80.0 18 450
429132 429962 -4.074335 80.0 17 830
429962 434102 -7.51756 80.0 11 4140
434102 434372 -2.525276 80.0 8 270
434372 434872 1.865877 80.0 19 500
434872 435142 -2.488889 80.0 17 270
435142 435672 -6.482107 80.0 3 530
435672 435982 -3.464168 80.0 29 310
435982 438262 -0.518744 80.0 9 2280
438262 438682 1.866807 80.0 26 420
438682 439742 5.838069 80.0 22 1060
439742 440312 -0.533759 80.0 18 570
440312 440882 -5.973807 80.0 3 570
440882 441942 -2.6683 80.0 13 1060
441942 442792 -5.645277 80.0 3 850
442792 443342 -3.574291 80.0 29 550
443342 443772 -0.791601 80.0 28 430
443772 444272 0.445689 80.0 24 500
444272 445512 -1.0183 80.0 25 1240
