380669 380949 1.136864 80.0 24 280
380949 381499 -0.804817 80.0 7 550
381499 386209 1.840935 80.0 10 4710
386209 386819 -0.749837 80.0 7 610
386819 395179 1.539167 80.0 0 8360
395179 395699 -0.390417 80.0 7 520
395699 396909 2.026594 80.0 19 1210
396909 397959 -1.487105 80.0 25 1050
397959 399089 0.359922 80.0 24 1130
399089 399609 -0.182902 80.0 7 520
399609 403079 1.484806 80.0 14 3470
403079 405709 7.721233 80.0 4 2630
405709 406029 1.965147 80.0 16 320
406029 406569 -0.460949 80.0 1 540
406569 406959 -3.486454 80.0 17 390
406959 407719 -5.54261 80.0 3 760
407719 408259 -2.629973 80.0 8 540
408259 410489 1.657901 80.0 21 2230
410489 411959 5.381413 80.0 22 1470
411959 412829 -0.792205 80.0 20 870
412829 418289 2.745675 80.0 6 5460
418289 419559 6.622703 80.0 12 1270
419559 420629 2.158608 80.0 2 1070
420629 421479 4.655656 80.0 22 850
421479 422579 2.257592 80.0 2 1100
422579 428679 7.106423 80.0 15 6100
428679 429109 0.900695 80.0 18 430
429109 429959 -4.059948 80.0 17 850
429959 434089 -7.529757 80.0 11 4130
434089 434359 -2.600217 80.0 8 270
434359 434859 2.030195 80.0 19 500
434859 435119 -2.408569 80.0 17 260
435119 435669 -6.514834 80.0 3 550
435669 435959 -3.458483 80.0 29 290
435959 438259 -0.517514 80.0 9 2300
438259 438669 1.85303 80.0 26 410
438669 439729 5.883737 80.0 22 1060
439729 440289 -0.409916 80.0 18 560
440289 440879 -5.969882 80.0 3 590
440879 441919 -2.590776 80.0 13 1040
441919 442799 -5.634867 80.0 3 880
442799 443339 -3.509432 80.0 29 540
443339 443749 -0.782828 80.0 28 410
443749 444269 0.45756 80.0 24 520
444269 445509 -1.021089 80.0 25 1240
