380470 380870 1.750154 80.0 19 400
380870 381390 -2.107918 80.0 25 520
381390 386080 1.149783 80.0 10 4690
386080 386730 -0.967522 80.0 7 650
386730 395090 1.557437 80.0 0 8360
395090 395670 -0.513176 80.0 7 580
395670 396790 2.191071 80.0 19 1120
396790 397740 -1.780579 80.0 25 950
397740 398910 0.356049 80.0 24 1170
398910 399570 -0.206979 80.0 7 660
399570 403130 1.552065 80.0 14 3560
403130 405510 8.206399 80.0 4 2380
405510 405830 2.720395 80.0 16 320
405830 406510 -0.291763 80.0 1 680
406510 406780 -3.535119 80.0 17 270
406780 407700 -5.566737 80.0 3 920
407700 408110 -2.593335 80.0 8 410
408110 411300 2.642081 80.0 14 3190
411300 411850 6.404375 80.0 22 550
411850 412730 -1.006833 80.0 20 880
412730 418290 2.756426 80.0 6 5560
418290 419390 6.961175 80.0 12 1100
419390 422730 2.898558 80.0 23 3340
422730 428550 7.223789 80.0 15 5820
428550 428960 1.729358 80.0 18 410
428960 429810 -4.041043 80.0 17 850
429810 434060 -7.586671 80.0 11 4250
434060 434260 -2.297471 80.0 8 200
434260 434780 3.167582 80.0 19 520
434780 434960 -2.384105 80.0 17 180
434960 435590 -6.904315 80.0 3 630
435590 435820 -3.356018 80.0 29 230
435820 438260 -0.462954 80.0 9 2440
438260 438660 2.669027 80.0 26 400
438660 439610 6.387046 80.0 22 950
439610 440110 0.309874 80.0 18 500
440110 440830 -6.020464 80.0 3 720
440830 441750 -1.968973 80.0 13 920
441750 442750 -5.597239 80.0 3 1000
442750 443560 -2.398156 80.0 8 810
443560 444240 0.57136 80.0 24 680
444240 445510 -1.032362 80.0 25 1270
