380766 380996 0.751567 80.0 24 230
380996 381546 -0.540989 80.0 7 550
381546 386276 1.063498 80.0 10 4730
386276 386866 -0.619392 80.0 7 590
386866 396956 1.742462 80.0 27 10090
396956 398056 -1.354446 80.0 25 1100
398056 403136 1.239557 80.0 6 5080
403136 405726 7.706908 80.0 4 2590
405726 407036 -0.718574 80.0 18 1310
407036 407726 -5.519409 80.0 3 690
407726 408346 -2.559992 80.0 8 620
408346 410576 1.720539 80.0 21 2230
410576 411946 5.361844 80.0 22 1370
411946 412906 -0.330181 80.0 20 960
412906 418366 2.779444 80.0 6 5460
418366 419566 6.585678 80.0 12 1200
419566 420786 2.444463 80.0 2 1220
420786 421466 4.716076 80.0 22 680
421466 422666 2.489647 80.0 2 1200
422666 428666 7.130541 80.0 15 6000
428666 429186 1.035421 80.0 18 520
429186 429966 -4.062335 80.0 17 780
429966 434116 -7.496001 80.0 11 4150
434116 435196 -0.729116 80.0 13 1080
435196 435696 -6.277631 80.0 3 500
435696 436026 -3.539489 80.0 29 330
436026 438256 -0.54362 80.0 9 2230
438256 438766 2.018452 80.0 26 510
438766 439736 5.853776 80.0 22 970
439736 440366 -0.401186 80.0 18 630
440366 440896 -5.946349 80.0 3 530
440896 441996 -2.84824 80.0 13 1100
441996 442806 -5.631524 80.0 3 810
442806 443386 -3.592858 80.0 29 580
443386 443806 -0.80513 80.0 28 420
443806 444356 0.528908 80.0 24 550
444356 445506 -0.864453 80.0 25 1150
