380772 381012 0.689457 80.0 24 240
381012 381552 -0.536407 80.0 7 540
381552 386282 1.062361 80.0 10 4730
386282 386882 -0.602951 80.0 7 600
386882 396972 1.743475 80.0 27 10090
396972 398062 -1.364307 80.0 25 1090
398062 403092 1.284474 80.0 6 5030
403092 405782 7.563068 80.0 4 2690
405782 407042 -0.915041 80.0 18 1260
407042 407722 -5.523726 80.0 3 680
407722 408342 -2.619757 80.0 8 620
408342 410482 1.610639 80.0 21 2140
410482 411982 5.233409 80.0 22 1500
411982 412912 -0.466593 80.0 20 930
412912 418322 2.771923 80.0 6 5410
418322 419612 6.386034 80.0 12 1290
419612 420582 2.054929 80.0 2 970
420582 421552 4.487514 80.0 22 970
421552 422612 2.304554 80.0 2 1060
422612 428712 7.077589 80.0 15 6100
428712 429192 0.759977 80.0 18 480
429192 429972 -4.070065 80.0 17 780
429972 434112 -7.500506 80.0 11 4140
434112 436042 -2.673922 80.0 9 1930
436042 438262 -0.53598 80.0 9 2220
438262 438702 1.750722 80.0 26 440
438702 439762 5.673394 80.0 22 1060
439762 440372 -0.580095 80.0 18 610
440372 440902 -5.933696 80.0 3 530
440902 442002 -2.854748 80.0 13 1100
442002 442812 -5.628676 80.0 3 810
442812 443392 -3.577828 80.0 29 580
443392 443812 -0.796255 80.0 28 420
443812 444362 0.517804 80.0 24 550
444362 445512 -0.865523 80.0 25 1150
