380761 381011 0.770978 80.0 24 250
381011 381551 -0.561935 80.0 7 540
381551 386271 1.067042 80.0 10 4720
386271 386861 -0.627026 80.0 7 590
386861 396961 1.481264 80.0 27 10100
396961 398051 -1.370537 80.0 25 1090
398051 403121 1.230793 80.0 6 5070
403121 405741 7.669238 80.0 4 2620
405741 407031 -0.778621 80.0 18 1290
407031 407721 -5.522799 80.0 3 690
407721 408331 -2.623846 80.0 8 610
408331 410541 1.676455 80.0 21 2210
410541 411951 5.328191 80.0 22 1410
411951 412901 -0.369074 80.0 20 950
412901 418351 2.775371 80.0 6 5450
418351 419571 6.548944 80.0 12 1220
419571 420721 2.339781 80.0 2 1150
420721 421491 4.652259 80.0 22 770
421491 422641 2.414453 80.0 2 1150
422641 428691 7.107005 80.0 15 6050
428691 429181 0.878847 80.0 18 490
429181 429981 -4.078196 80.0 17 800
429981 434111 -7.508068 80.0 11 4130
434111 435191 -0.724614 80.0 13 1080
435191 435691 -6.286387 80.0 3 500
435691 436031 -3.513475 80.0 29 340
436031 438261 -0.535099 80.0 9 2230
438261 438741 1.950439 80.0 26 480
438741 439731 5.822706 80.0 22 990
439731 440361 -0.365342 80.0 18 630
440361 440901 -5.927177 80.0 3 540
440901 441991 -2.823091 80.0 13 1090
441991 442811 -5.626775 80.0 3 820
442811 443381 -3.579322 80.0 29 570
443381 443801 -0.81237 80.0 28 420
443801 444351 0.53403 80.0 24 550
444351 445511 -0.858231 80.0 25 1160
