380470 380870 1.753999 80.0 19 400
380870 381390 -2.10852 80.0 25 520
381390 386080 1.149955 80.0 10 4690
386080 386730 -0.968535 80.0 7 650
386730 395090 1.557485 80.0 0 8360
395090 395670 -0.513799 80.0 7 580
395670 396790 2.191781 80.0 19 1120
396790 397740 -1.781132 80.0 25 950
397740 398910 0.356073 80.0 24 1170
398910 399570 -0.20725 80.0 7 660
399570 403110 1.530297 80.0 14 3540
403110 405520 8.170432 80.0 4 2410
405520 405830 2.642861 80.0 16 310
405830 406510 -0.289729 80.0 1 680
406510 406780 -3.53159 80.0 17 270
406780 407700 -5.567094 80.0 3 920
407700 408110 -2.599098 80.0 8 410
408110 411250 2.599898 80.0 14 3140
411250 411850 6.309438 80.0 22 600
411850 412730 -1.00495 80.0 20 880
412730 418270 2.746807 80.0 6 5540
418270 419400 6.917827 80.0 12 1130
419400 422700 2.869367 80.0 23 3300
422700 428550 7.213843 80.0 15 5850
428550 428960 1.738316 80.0 18 410
428960 429810 -4.04004 80.0 17 850
429810 434060 -7.586874 80.0 11 4250
434060 434260 -2.311061 80.0 8 200
434260 434780 3.172628 80.0 19 520
434780 434970 -2.512718 80.0 17 190
434970 435590 -6.93739 80.0 3 620
435590 435820 -3.360897 80.0 29 230
435820 438260 -0.463251 80.0 9 2440
438260 438650 2.594971 80.0 26 390
438650 439630 6.351599 80.0 22 980
439630 440110 0.116936 80.0 18 480
440110 440830 -6.021357 80.0 3 720
440830 441750 -1.96834 80.0 13 920
441750 442750 -5.597491 80.0 3 1000
442750 443560 -2.400987 80.0 8 810
443560 444240 0.571991 80.0 24 680
444240 445510 -1.032478 80.0 25 1270
