380639 380939 1.256379 80.0 24 300
380939 381479 -0.906938 80.0 7 540
381479 386199 1.915165 80.0 10 4720
386199 386809 -0.79629 80.0 7 610
386809 395169 1.542015 80.0 0 8360
395169 395709 -0.405559 80.0 7 540
395709 396899 2.098567 80.0 19 1190
396899 397929 -1.536411 80.0 25 1030
397929 399069 0.359332 80.0 24 1140
399069 399609 -0.188991 80.0 7 540
399609 403049 1.479126 80.0 14 3440
403049 405699 7.712554 80.0 4 2650
405699 405999 1.923008 80.0 16 300
405999 406559 -0.424515 80.0 1 560
406559 406929 -3.475629 80.0 17 370
406929 407719 -5.544769 80.0 3 790
407719 408249 -2.554071 80.0 8 530
408249 410479 1.670614 80.0 21 2230
410479 411959 5.40642 80.0 22 1480
411959 412809 -0.929406 80.0 20 850
412809 418259 2.73645 80.0 6 5450
418259 419549 6.382335 80.0 12 1290
419549 420599 2.09442 80.0 2 1050
420599 421479 4.64886 80.0 22 880
421479 422549 2.186197 80.0 2 1070
422549 428679 7.098947 80.0 15 6130
428679 429089 0.84708 80.0 18 410
429089 429959 -4.069937 80.0 17 870
429959 434089 -7.535747 80.0 11 4130
434089 434339 -2.585107 80.0 8 250
434339 434859 2.14309 80.0 19 520
434859 435109 -2.645579 80.0 17 250
435109 435649 -6.655671 80.0 3 540
435649 435939 -3.487094 80.0 29 290
435939 438259 -0.509738 80.0 9 2320
438259 438639 1.793164 80.0 26 380
438639 439729 5.875673 80.0 22 1090
439729 440249 -0.458332 80.0 18 520
440249 440879 -6.001154 80.0 3 630
440879 441899 -2.502509 80.0 13 1020
441899 442789 -5.641 80.0 3 890
442789 443319 -3.512515 80.0 29 530
443319 443719 -0.812359 80.0 28 400
443719 444259 0.478996 80.0 24 540
444259 445509 -1.018962 80.0 25 1250
