380807 381027 0.567787 80.0 24 220
381027 381587 -0.431505 80.0 7 560
381587 386297 1.054988 80.0 10 4710
386297 386887 -0.542288 80.0 7 590
386887 396977 1.516548 80.0 27 10090
396977 398097 -2.117568 80.0 25 1120
398097 403177 1.119036 80.0 6 5080
403177 405727 7.728579 80.0 4 2550
405727 407087 -0.746993 80.0 18 1360
407087 407717 -5.530522 80.0 3 630
407717 408377 -2.576209 80.0 8 660
408377 410607 1.74581 80.0 21 2230
410607 411927 5.356242 80.0 22 1320
411927 412307 1.924524 80.0 16 380
412307 412957 -1.305748 80.0 7 650
412957 418407 2.809354 80.0 6 5450
418407 419557 6.599925 80.0 12 1150
419557 420857 2.58684 80.0 2 1300
420857 421437 4.735237 80.0 22 580
421437 422707 2.623816 80.0 2 1270
422707 428647 7.272903 80.0 15 5940
428647 429207 1.190424 80.0 18 560
429207 429977 -4.048704 80.0 17 770
429977 434117 -7.490934 80.0 11 4140
434117 436057 -2.693997 80.0 9 1940
436057 438247 -0.553229 80.0 9 2190
438247 438807 2.085412 80.0 26 560
438807 439717 5.866794 80.0 22 910
439717 440397 -0.284572 80.0 18 680
440397 440907 -5.898636 80.0 3 510
440907 442027 -2.940775 80.0 13 1120
442027 442817 -5.618081 80.0 3 790
442817 443397 -3.61151 80.0 29 580
443397 443837 -0.817344 80.0 28 440
443837 444347 0.49695 80.0 24 510
444347 445507 -0.853594 80.0 25 1160
