380639 380939 1.252573 80.0 24 300
380939 381479 -0.904381 80.0 7 540
381479 386189 1.930782 80.0 10 4710
386189 386809 -0.782007 80.0 7 620
386809 395169 1.54189 80.0 0 8360
395169 395699 -0.41192 80.0 7 530
395699 396889 2.097502 80.0 19 1190
396889 397929 -1.520746 80.0 25 1040
397929 399069 0.359242 80.0 24 1140
399069 399619 -0.184964 80.0 7 550
399619 403079 1.50436 80.0 14 3460
403079 405669 7.800033 80.0 4 2590
405669 405999 2.108973 80.0 16 330
405999 406559 -0.427046 80.0 1 560
406559 406929 -3.477816 80.0 17 370
406929 407719 -5.543237 80.0 3 790
407719 408239 -2.600782 80.0 8 520
408239 410509 1.693398 80.0 21 2270
410509 411949 5.448833 80.0 22 1440
411949 412809 -0.875363 80.0 20 860
412809 418299 2.745217 80.0 6 5490
418299 419519 6.52259 80.0 12 1220
419519 420709 2.303198 80.0 2 1190
420709 421439 4.811497 80.0 22 730
421439 422599 2.318806 80.0 2 1160
422599 428659 7.135514 80.0 15 6060
428659 429089 0.983999 80.0 18 430
429089 429959 -4.07046 80.0 17 870
429959 434099 -7.529129 80.0 11 4140
434099 434349 -2.374507 80.0 8 250
434349 434849 2.222931 80.0 19 500
434849 435099 -2.465136 80.0 17 250
435099 435649 -6.616767 80.0 3 550
435649 435939 -3.483879 80.0 29 290
435939 438259 -0.509726 80.0 9 2320
438259 438669 1.949509 80.0 26 410
438669 439719 5.950193 80.0 22 1050
439719 440249 -0.380291 80.0 18 530
440249 440869 -6.013806 80.0 3 620
440869 441899 -2.52848 80.0 13 1030
441899 442789 -5.639545 80.0 3 890
442789 443319 -3.512093 80.0 29 530
443319 443719 -0.81134 80.0 28 400
443719 444259 0.477175 80.0 24 540
444259 445509 -1.018264 80.0 25 1250
