380662 380952 1.150685 80.0 24 290
380952 381492 -0.846639 80.0 7 540
381492 386212 1.850473 80.0 10 4720
386212 386822 -0.764839 80.0 7 610
386822 395172 1.541841 80.0 0 8350
395172 395702 -0.391892 80.0 7 530
395702 396902 2.05459 80.0 19 1200
396902 397952 -1.49354 80.0 25 1050
397952 399082 0.360182 80.0 24 1130
399082 399602 -0.18479 80.0 7 520
399602 403082 1.487039 80.0 14 3480
403082 405702 7.742996 80.0 4 2620
405702 406022 1.967994 80.0 16 320
406022 406572 -0.464685 80.0 1 550
406572 406952 -3.511891 80.0 17 380
406952 407722 -5.54382 80.0 3 770
407722 408252 -2.617507 80.0 8 530
408252 410492 1.662762 80.0 21 2240
410492 411962 5.392877 80.0 22 1470
411962 412822 -0.847551 80.0 20 860
412822 418292 2.744191 80.0 6 5470
418292 419562 6.641163 80.0 12 1270
419562 420702 2.257181 80.0 2 1140
420702 421462 4.759097 80.0 22 760
421462 422582 2.277496 80.0 2 1120
422582 428672 7.114234 80.0 15 6090
428672 429102 0.944055 80.0 18 430
429102 429962 -4.062772 80.0 17 860
429962 434092 -7.529975 80.0 11 4130
434092 434362 -2.488123 80.0 8 270
434362 434862 2.062074 80.0 19 500
434862 435122 -2.544945 80.0 17 260
435122 435662 -6.562699 80.0 3 540
435662 435952 -3.487286 80.0 29 290
435952 438262 -0.517268 80.0 9 2310
438262 438672 1.902757 80.0 26 410
438672 439732 5.903836 80.0 22 1060
439732 440292 -0.517727 80.0 18 560
440292 440882 -5.971741 80.0 3 590
440882 441912 -2.558583 80.0 13 1030
441912 442792 -5.637529 80.0 3 880
442792 443322 -3.555497 80.0 29 530
443322 443732 -0.841573 80.0 28 410
443732 444262 0.457895 80.0 24 530
444262 445512 -1.014797 80.0 25 1250
