380470 380870 1.751166 80.0 19 400
380870 381390 -2.108076 80.0 25 520
381390 386080 1.149828 80.0 10 4690
386080 386730 -0.967788 80.0 7 650
386730 395090 1.55745 80.0 0 8360
395090 395670 -0.51334 80.0 7 580
395670 396790 2.191258 80.0 19 1120
396790 397740 -1.780725 80.0 25 950
397740 398910 0.356055 80.0 24 1170
398910 399570 -0.20705 80.0 7 660
399570 403120 1.54117 80.0 14 3550
403120 405510 8.194592 80.0 4 2390
405510 405830 2.721619 80.0 16 320
405830 406510 -0.291227 80.0 1 680
406510 406780 -3.53419 80.0 17 270
406780 407700 -5.56683 80.0 3 920
407700 408110 -2.594853 80.0 8 410
408110 411290 2.633407 80.0 14 3180
411290 411850 6.385836 80.0 22 560
411850 412730 -1.006336 80.0 20 880
412730 418280 2.751572 80.0 6 5550
418280 419400 6.932693 80.0 12 1120
419400 422720 2.883717 80.0 23 3320
422720 428550 7.220634 80.0 15 5830
428550 428960 1.731717 80.0 18 410
428960 429810 -4.040778 80.0 17 850
429810 434060 -7.586723 80.0 11 4250
434060 434260 -2.301051 80.0 8 200
434260 434780 3.168911 80.0 19 520
434780 434960 -2.381623 80.0 17 180
434960 435590 -6.904914 80.0 3 630
435590 435820 -3.357303 80.0 29 230
435820 438260 -0.463032 80.0 9 2440
438260 438660 2.667391 80.0 26 400
438660 439610 6.387128 80.0 22 950
439610 440110 0.312344 80.0 18 500
440110 440830 -6.020702 80.0 3 720
440830 441750 -1.968807 80.0 13 920
441750 442750 -5.597303 80.0 3 1000
442750 443560 -2.398902 80.0 8 810
443560 444240 0.571527 80.0 24 680
444240 445510 -1.032393 80.0 25 1270
