380594 380924 1.394791 80.0 24 330
380924 381454 -1.033238 80.0 7 530
381454 386164 1.831609 80.0 10 4710
386164 386784 -0.840335 80.0 7 620
386784 395134 1.547468 80.0 0 8350
395134 395694 -0.424823 80.0 7 560
395694 396864 2.186315 80.0 19 1170
396864 397884 -1.575303 80.0 25 1020
397884 399034 0.358775 80.0 24 1150
399034 399594 -0.198299 80.0 7 560
399594 403124 1.555148 80.0 14 3530
403124 405614 7.972317 80.0 4 2490
405614 405954 2.31703 80.0 16 340
405954 406544 -0.383153 80.0 1 590
406544 406884 -3.46428 80.0 17 340
406884 407704 -5.553294 80.0 3 820
407704 408204 -2.640555 80.0 8 500
408204 410604 1.819494 80.0 21 2400
410604 411904 5.6297 80.0 22 1300
411904 412764 -0.838095 80.0 20 860
412764 418314 2.740483 80.0 6 5550
418314 419464 6.718779 80.0 12 1150
419464 422684 2.955396 80.0 23 3220
422684 428594 7.168616 80.0 15 5910
428594 429064 1.327394 80.0 18 470
429064 429944 -4.077224 80.0 17 880
429944 434084 -7.535522 80.0 11 4140
434084 434314 -2.487386 80.0 8 230
434314 434824 2.441307 80.0 19 510
434824 435064 -2.416408 80.0 17 240
435064 435634 -6.701499 80.0 3 570
435634 435904 -3.456791 80.0 29 270
435904 438254 -0.501984 80.0 9 2350
438254 438694 2.239617 80.0 26 440
438694 439674 6.152177 80.0 22 980
439674 440224 -0.208982 80.0 18 550
440224 440864 -6.032315 80.0 3 640
440864 441854 -2.365615 80.0 13 990
441854 442774 -5.634163 80.0 3 920
442774 443284 -3.523234 80.0 29 510
443284 443674 -0.87279 80.0 28 390
443674 444244 0.506711 80.0 24 570
444244 445504 -1.019713 80.0 25 1260
