380631 380941 1.272281 80.0 24 310
380941 381481 -0.929625 80.0 7 540
381481 386191 1.958851 80.0 10 4710
386191 386801 -0.808602 80.0 7 610
386801 395161 1.542703 80.0 0 8360
395161 395711 -0.40511 80.0 7 550
395711 396881 2.144478 80.0 19 1170
396881 397921 -1.526713 80.0 25 1040
397921 399061 0.359702 80.0 24 1140
399061 399611 -0.188029 80.0 7 550
399611 403051 1.484731 80.0 14 3440
403051 405701 7.718727 80.0 4 2650
405701 405991 1.880671 80.0 16 290
405991 406561 -0.426904 80.0 1 570
406561 406921 -3.492176 80.0 17 360
406921 407721 -5.544484 80.0 3 800
407721 408231 -2.601429 80.0 8 510
408231 410481 1.667196 80.0 21 2250
410481 411941 5.438295 80.0 22 1460
411941 412801 -0.869837 80.0 20 860
412801 418261 2.734343 80.0 6 5460
418261 419551 6.394475 80.0 12 1290
419551 420631 2.136416 80.0 2 1080
420631 421461 4.709414 80.0 22 830
421461 422551 2.20503 80.0 2 1090
422551 428671 7.10671 80.0 15 6120
428671 429081 0.909982 80.0 18 410
429081 429951 -4.058935 80.0 17 870
429951 434091 -7.530281 80.0 11 4140
434091 434341 -2.475017 80.0 8 250
434341 434841 2.271756 80.0 19 500
434841 435091 -2.390036 80.0 17 250
435091 435651 -6.618154 80.0 3 560
435651 435931 -3.466893 80.0 29 280
435931 438261 -0.509204 80.0 9 2330
438261 438651 1.890278 80.0 26 390
438651 439731 5.909736 80.0 22 1080
439731 440241 -0.475202 80.0 18 510
440241 440871 -6.005406 80.0 3 630
440871 441891 -2.489975 80.0 13 1020
441891 442781 -5.644726 80.0 3 890
442781 443311 -3.535663 80.0 29 530
443311 443701 -0.851391 80.0 28 390
443701 444261 0.472537 80.0 24 560
444261 445511 -1.020934 80.0 25 1250
