380751 380991 0.788689 80.0 24 240
380991 381541 -0.583228 80.0 7 550
381541 386261 1.070325 80.0 10 4720
386261 386861 -0.63521 80.0 7 600
386861 396951 1.74717 80.0 27 10090
396951 398041 -1.378206 80.0 25 1090
398041 403141 1.452286 80.0 6 5100
403141 405711 7.746125 80.0 4 2570
405711 407031 -0.708839 80.0 18 1320
407031 407721 -5.533497 80.0 3 690
407721 408331 -2.585618 80.0 8 610
408331 410571 1.720425 80.0 21 2240
410571 411931 5.385882 80.0 22 1360
411931 412891 -0.317937 80.0 20 960
412891 418371 2.777704 80.0 6 5480
418371 419551 6.653291 80.0 12 1180
419551 420811 2.491033 80.0 2 1260
420811 421451 4.76922 80.0 22 640
421451 422661 2.488805 80.0 2 1210
422661 428671 7.130128 80.0 15 6010
428671 429181 0.944055 80.0 18 510
429181 429981 -4.101808 80.0 17 800
429981 434111 -7.511123 80.0 11 4130
434111 435191 -0.699275 80.0 13 1080
435191 435691 -6.334281 80.0 3 500
435691 436021 -3.502209 80.0 29 330
436021 438261 -0.533823 80.0 9 2240
438261 438751 2.019555 80.0 26 490
438751 439721 5.881619 80.0 22 970
439721 440351 -0.289958 80.0 18 630
440351 440901 -5.931155 80.0 3 550
440901 441981 -2.788853 80.0 13 1080
441981 442811 -5.626291 80.0 3 830
442811 443371 -3.583991 80.0 29 560
443371 443801 -0.810537 80.0 28 430
443801 444351 0.553311 80.0 24 550
444351 445511 -0.858667 80.0 25 1160
