380668 380948 1.14253 80.0 24 280
380948 381498 -0.809295 80.0 7 550
381498 386208 1.841664 80.0 10 4710
386208 386818 -0.750277 80.0 7 610
386818 395178 1.53919 80.0 0 8360
395178 395698 -0.389761 80.0 7 520
395698 396908 2.026903 80.0 19 1210
396908 397958 -1.487215 80.0 25 1050
397958 399088 0.359887 80.0 24 1130
399088 399608 -0.183322 80.0 7 520
399608 403078 1.484798 80.0 14 3470
403078 405698 7.736715 80.0 4 2620
405698 406028 2.018471 80.0 16 330
406028 406568 -0.458223 80.0 1 540
406568 406958 -3.487775 80.0 17 390
406958 407718 -5.545206 80.0 3 760
407718 408258 -2.629874 80.0 8 540
408258 410508 1.67658 80.0 21 2250
410508 411958 5.405979 80.0 22 1450
411958 412828 -0.797276 80.0 20 870
412828 418288 2.744735 80.0 6 5460
418288 419558 6.62907 80.0 12 1270
419558 420668 2.214582 80.0 2 1110
420668 421458 4.719168 80.0 22 790
421458 422578 2.286093 80.0 2 1120
422578 428668 7.111453 80.0 15 6090
428668 429108 0.970832 80.0 18 440
429108 429968 -4.07213 80.0 17 860
429968 434098 -7.529904 80.0 11 4130
434098 434358 -2.513081 80.0 8 260
434358 434858 2.038273 80.0 19 500
434858 435118 -2.412042 80.0 17 260
435118 435668 -6.517434 80.0 3 550
435668 435958 -3.458891 80.0 29 290
435958 438258 -0.519113 80.0 9 2300
438258 438668 1.851664 80.0 26 410
438668 439728 5.890834 80.0 22 1060
439728 440288 -0.409714 80.0 18 560
440288 440878 -5.970935 80.0 3 590
440878 441918 -2.590518 80.0 13 1040
441918 442798 -5.634658 80.0 3 880
442798 443328 -3.537633 80.0 29 530
443328 443748 -0.809923 80.0 28 420
443748 444268 0.458848 80.0 24 520
444268 445508 -1.021557 80.0 25 1240
