380757 380997 0.761039 80.0 24 240
380997 381537 -0.576492 80.0 7 540
381537 386277 1.063875 80.0 10 4740
386277 386867 -0.634369 80.0 7 590
386867 396967 1.74576 80.0 27 10100
396967 398047 -1.386183 80.0 25 1080
398047 403127 1.313731 80.0 6 5080
403127 405737 7.686031 80.0 4 2610
405737 407027 -0.765114 80.0 18 1290
407027 407727 -5.519557 80.0 3 700
407727 408337 -2.562435 80.0 8 610
408337 410567 1.712204 80.0 21 2230
410567 411947 5.363904 80.0 22 1380
411947 412897 -0.369507 80.0 20 950
412897 418357 2.774512 80.0 6 5460
418357 419567 6.582989 80.0 12 1210
419567 420787 2.437256 80.0 2 1220
420787 421457 4.735552 80.0 22 670
421457 422657 2.482009 80.0 2 1200
422657 428667 7.127366 80.0 15 6010
428667 429177 1.033444 80.0 18 510
429177 429967 -4.059343 80.0 17 790
429967 434107 -7.503969 80.0 11 4140
434107 435187 -0.709899 80.0 13 1080
435187 435697 -6.287634 80.0 3 510
435697 436027 -3.484678 80.0 29 330
436027 438257 -0.536392 80.0 9 2230
438257 438757 2.007757 80.0 26 500
438757 439737 5.8548 80.0 22 980
439737 440357 -0.399233 80.0 18 620
440357 440897 -5.942094 80.0 3 540
440897 441987 -2.818055 80.0 13 1090
441987 442807 -5.629849 80.0 3 820
442807 443377 -3.595024 80.0 29 570
443377 443797 -0.821303 80.0 28 420
443797 444357 0.535255 80.0 24 560
444357 445507 -0.865845 80.0 25 1150
