380470 380870 1.751854 80.0 19 400
380870 381390 -2.108183 80.0 25 520
381390 386080 1.149859 80.0 10 4690
386080 386730 -0.967969 80.0 7 650
386730 395090 1.557458 80.0 0 8360
395090 395670 -0.513451 80.0 7 580
395670 396790 2.191385 80.0 19 1120
396790 397740 -1.780824 80.0 25 950
397740 398910 0.356059 80.0 24 1170
398910 399570 -0.207099 80.0 7 660
399570 403120 1.541036 80.0 14 3550
403120 405510 8.194695 80.0 4 2390
405510 405830 2.72245 80.0 16 320
405830 406510 -0.290863 80.0 1 680
406510 406780 -3.533558 80.0 17 270
406780 407700 -5.566895 80.0 3 920
407700 408110 -2.595884 80.0 8 410
408110 411280 2.6249 80.0 14 3170
411280 411850 6.366904 80.0 22 570
411850 412730 -1.005999 80.0 20 880
412730 418280 2.751479 80.0 6 5550
418280 419400 6.93285 80.0 12 1120
419400 422720 2.883676 80.0 23 3320
422720 428550 7.220644 80.0 15 5830
428550 428960 1.73332 80.0 18 410
428960 429810 -4.0406 80.0 17 850
429810 434060 -7.586757 80.0 11 4250
434060 434260 -2.303481 80.0 8 200
434260 434780 3.169813 80.0 19 520
434780 434960 -2.379939 80.0 17 180
434960 435590 -6.905322 80.0 3 630
435590 435820 -3.358176 80.0 29 230
435820 438260 -0.463085 80.0 9 2440
438260 438650 2.598479 80.0 26 390
438650 439610 6.375967 80.0 22 960
439610 440110 0.31402 80.0 18 500
440110 440830 -6.020861 80.0 3 720
440830 441750 -1.968693 80.0 13 920
441750 442750 -5.597349 80.0 3 1000
442750 443560 -2.399408 80.0 8 810
443560 444240 0.571639 80.0 24 680
444240 445510 -1.032413 80.0 25 1270
