380703 380973 0.925286 80.0 24 270
380973 381513 -0.708078 80.0 7 540
381513 386233 1.303959 80.0 10 4720
386233 386833 -0.697823 80.0 7 600
386833 395193 1.535492 80.0 0 8360
395193 395693 -0.364304 80.0 7 500
395693 396933 1.931353 80.0 19 1240
396933 397993 -1.444256 80.0 25 1060
397993 403203 1.146605 80.0 6 5210
403203 405633 7.962302 80.0 4 2430
405633 406063 2.477385 80.0 16 430
406063 406583 -0.529273 80.0 1 520
406583 406993 -3.526792 80.0 17 410
406993 407723 -5.537258 80.0 3 730
407723 408293 -2.556064 80.0 8 570
408293 410813 2.0253 80.0 21 2520
410813 411873 5.650598 80.0 22 1060
411873 412863 -0.199498 80.0 20 990
412863 418403 2.7899 80.0 6 5540
418403 419483 6.935614 80.0 12 1080
419483 422783 3.039265 80.0 23 3300
422783 428583 7.23521 80.0 15 5800
428583 429143 1.456784 80.0 18 560
429143 429963 -4.085893 80.0 17 820
429963 434093 -7.520738 80.0 11 4130
434093 434373 -2.616648 80.0 8 280
434373 434873 1.777224 80.0 19 500
434873 435153 -2.52983 80.0 17 280
435153 435673 -6.455519 80.0 3 520
435673 435983 -3.492495 80.0 29 310
435983 438253 -0.526461 80.0 9 2270
438253 438803 2.388947 80.0 26 550
438803 439663 6.1428 80.0 22 860
439663 440323 0.013655 80.0 18 660
440323 440883 -5.96852 80.0 3 560
440883 441953 -2.707191 80.0 13 1070
441953 442793 -5.644068 80.0 3 840
442793 443343 -3.582811 80.0 29 550
443343 443773 -0.808924 80.0 28 430
443773 444273 0.428063 80.0 24 500
444273 445503 -1.022609 80.0 25 1230
