380692 380962 1.031288 80.0 24 270
380962 381512 -0.75223 80.0 7 550
381512 386232 1.337272 80.0 10 4720
386232 386832 -0.73004 80.0 7 600
386832 395192 1.537199 80.0 0 8360
395192 395702 -0.37777 80.0 7 510
395702 396922 1.98477 80.0 19 1220
396922 397982 -1.45931 80.0 25 1060
397982 399102 0.360755 80.0 24 1120
399102 399602 -0.179346 80.0 7 500
399602 403072 1.466494 80.0 14 3470
403072 405722 7.678254 80.0 4 2650
405722 406052 1.941386 80.0 16 330
406052 406582 -0.5029 80.0 1 530
406582 406982 -3.527382 80.0 17 400
406982 407722 -5.544189 80.0 3 740
407722 408282 -2.591086 80.0 8 560
408282 410482 1.647105 80.0 21 2200
410482 411962 5.347381 80.0 22 1480
411962 412852 -0.706443 80.0 20 890
412852 418292 3.02949 80.0 6 5440
418292 419582 6.539868 80.0 12 1290
419582 420602 2.088469 80.0 2 1020
420602 421502 4.599297 80.0 22 900
421502 422572 2.231217 80.0 2 1070
422572 428682 7.096749 80.0 15 6110
428682 429122 0.918028 80.0 18 440
429122 429962 -4.053803 80.0 17 840
429962 434102 -7.518391 80.0 11 4140
434102 435142 -0.399171 80.0 13 1040
435142 435672 -6.490322 80.0 3 530
435672 435972 -3.509718 80.0 29 300
435972 438262 -0.52518 80.0 9 2290
438262 438672 1.818796 80.0 26 410
438672 439752 5.804078 80.0 22 1080
439752 440302 -0.53907 80.0 18 550
440302 440892 -5.945127 80.0 3 590
440892 441942 -2.642178 80.0 13 1050
441942 442792 -5.647496 80.0 3 850
442792 443342 -3.579499 80.0 29 550
443342 443762 -0.812906 80.0 28 420
443762 444272 0.439428 80.0 24 510
444272 445512 -1.014581 80.0 25 1240
