380460 380870 1.756328 80.0 19 410
380870 381390 -2.083134 80.0 7 520
381390 386070 1.468403 80.0 10 4680
386070 386710 -0.995094 80.0 7 640
386710 395090 1.55469 80.0 0 8380
395090 395660 -0.529842 80.0 7 570
395660 396780 2.200039 80.0 19 1120
396780 397750 -1.748711 80.0 25 970
397750 398900 0.362514 80.0 24 1150
398900 399560 -0.210253 80.0 7 660
399560 403110 1.532517 80.0 14 3550
403110 405520 8.177423 80.0 4 2410
405520 405820 2.607605 80.0 16 300
405820 406510 -0.292644 80.0 1 690
406510 406780 -3.603871 80.0 17 270
406780 407710 -5.565878 80.0 3 930
407710 408100 -2.539832 80.0 8 390
408100 411270 2.618003 80.0 14 3170
411270 411860 6.343297 80.0 22 590
411860 412730 -1.114992 80.0 20 870
412730 418270 2.750933 80.0 6 5540
418270 419400 6.928138 80.0 12 1130
419400 422700 2.866502 80.0 23 3300
422700 428550 7.216083 80.0 15 5850
428550 428950 1.756081 80.0 18 400
428950 429810 -4.033917 80.0 17 860
429810 434050 -7.594749 80.0 11 4240
434050 434250 -2.478788 80.0 8 200
434250 434780 3.172549 80.0 19 530
434780 434960 -2.524653 80.0 17 180
434960 435590 -6.937274 80.0 3 630
435590 435820 -3.2932 80.0 29 230
435820 438240 -0.459435 80.0 9 2420
438240 438640 2.456867 80.0 26 400
438640 439610 6.378219 80.0 22 970
439610 440100 0.323653 80.0 18 490
440100 440830 -6.010042 80.0 3 730
440830 441750 -1.952494 80.0 13 920
441750 442750 -5.597703 80.0 3 1000
442750 443560 -2.368191 80.0 8 810
443560 444230 0.596136 80.0 24 670
444230 445510 -1.026573 80.0 25 1280
