380779 381009 0.682741 80.0 24 230
381009 381549 -0.515641 80.0 7 540
381549 386289 1.058403 80.0 10 4740
386289 386879 -0.603512 80.0 7 590
386879 396969 1.738448 80.0 27 10090
396969 398069 -1.348374 80.0 25 1100
398069 403089 1.066203 80.0 6 5020
403089 405789 7.541586 80.0 4 2700
405789 407059 -0.966721 80.0 18 1270
407059 407729 -5.5241 80.0 3 670
407729 408349 -2.58428 80.0 8 620
408349 410459 1.586541 80.0 21 2110
410459 411979 5.199378 80.0 22 1520
411979 412289 1.630186 80.0 16 310
412289 412929 -1.403756 80.0 7 640
412929 418319 2.778625 80.0 6 5390
418319 419619 6.348885 80.0 12 1300
419619 420579 2.045783 80.0 2 960
420579 421559 4.471247 80.0 22 980
421559 422609 2.304501 80.0 2 1050
422609 428719 7.068135 80.0 15 6110
428719 429199 0.711032 80.0 18 480
429199 429979 -4.078257 80.0 17 780
429979 434119 -7.500329 80.0 11 4140
434119 435209 -0.787916 80.0 13 1090
435209 435709 -6.238437 80.0 3 500
435709 436049 -3.448164 80.0 29 340
436049 438259 -0.535376 80.0 9 2210
438259 438709 1.753012 80.0 26 450
438709 439769 5.654822 80.0 22 1060
439769 440379 -0.630534 80.0 18 610
440379 440909 -5.927678 80.0 3 530
440909 441999 -2.846219 80.0 13 1090
441999 442819 -5.613244 80.0 3 820
442819 443379 -3.608938 80.0 29 560
443379 443809 -0.855303 80.0 28 430
443809 444349 0.511649 80.0 24 540
444349 445509 -0.857857 80.0 25 1160
