380522 380902 1.588877 80.0 19 380
380902 381422 -1.90247 80.0 7 520
381422 386122 1.135459 80.0 10 4700
386122 386752 -0.933674 80.0 7 630
386752 395102 1.554493 80.0 0 8350
395102 395682 -0.474145 80.0 7 580
395682 396822 2.106712 80.0 19 1140
396822 397812 -1.683608 80.0 25 990
397812 398962 0.360905 80.0 24 1150
398962 399582 -0.203297 80.0 7 620
399582 403082 1.555758 80.0 14 3500
403082 405592 8.0007 80.0 4 2510
405592 405882 2.247532 80.0 16 290
405882 406522 -0.31414 80.0 1 640
406522 406822 -3.475884 80.0 17 300
406822 407712 -5.556017 80.0 3 890
407712 408142 -2.619103 80.0 8 430
408142 410562 1.793287 80.0 21 2420
410562 411892 5.70723 80.0 22 1330
411892 412732 -1.082775 80.0 20 840
412732 418262 2.726969 80.0 6 5530
418262 419452 6.750422 80.0 12 1190
419452 422642 2.818585 80.0 23 3190
422642 428602 7.161323 80.0 15 5960
428602 429002 1.310474 80.0 18 400
429002 429942 -4.047102 80.0 17 940
429942 434062 -7.557957 80.0 11 4120
434062 434272 -2.620404 80.0 8 210
434272 434802 2.790831 80.0 19 530
434802 435012 -2.513429 80.0 17 210
435012 435602 -6.875835 80.0 3 590
435602 435862 -3.412006 80.0 29 260
435862 438262 -0.476414 80.0 9 2400
438262 438632 2.212524 80.0 26 370
438632 439662 6.200883 80.0 22 1030
439662 440152 -0.089011 80.0 18 490
440152 440842 -6.030103 80.0 3 690
440842 441802 -2.172411 80.0 13 960
441802 442762 -5.621684 80.0 3 960
442762 443612 -2.37302 80.0 8 850
443612 444242 0.547098 80.0 24 630
444242 445512 -1.024849 80.0 25 1270
