380727 380987 0.841826 80.0 24 260
380987 381527 -0.65541 80.0 7 540
381527 386247 1.076263 80.0 10 4720
386247 386857 -0.657371 80.0 7 610
386857 396937 1.751341 80.0 27 10080
396937 397507 -1.78252 80.0 25 570
397507 398017 -0.983569 80.0 28 510
398017 403117 1.319781 80.0 6 5100
403117 405717 7.721538 80.0 4 2600
405717 406087 2.061227 80.0 16 370
406087 406597 -0.577259 80.0 1 510
406597 407007 -3.522603 80.0 17 410
407007 407717 -5.534881 80.0 3 710
407717 408307 -2.612407 80.0 8 590
408307 410547 1.70037 80.0 21 2240
410547 411937 5.38885 80.0 22 1390
411937 412887 -0.435398 80.0 20 950
412887 418337 2.773376 80.0 6 5450
418337 419557 6.616567 80.0 12 1220
419557 420767 2.405027 80.0 2 1210
420767 421457 4.751315 80.0 22 690
421457 422627 2.41294 80.0 2 1170
422627 428667 7.120553 80.0 15 6040
428667 429157 0.973184 80.0 18 490
429157 429967 -4.077807 80.0 17 810
429967 434107 -7.51041 80.0 11 4140
434107 435167 -0.566719 80.0 13 1060
435167 435687 -6.371819 80.0 3 520
435687 435997 -3.495033 80.0 29 310
435997 438257 -0.533976 80.0 9 2260
438257 438737 2.020387 80.0 26 480
438737 439727 5.894106 80.0 22 990
439727 440337 -0.401044 80.0 18 610
440337 440897 -5.943168 80.0 3 560
440897 441967 -2.739713 80.0 13 1070
441967 442807 -5.632825 80.0 3 840
442807 443357 -3.571262 80.0 29 550
443357 443777 -0.823522 80.0 28 420
443777 444357 0.564075 80.0 24 580
444357 445507 -0.866043 80.0 25 1150
