380419 381369 -0.017023 80.0 7 950
381369 386049 1.48512 80.0 10 4680
386049 386699 -1.028528 80.0 7 650
386699 395069 1.560848 80.0 0 8370
395069 395659 -0.542315 80.0 7 590
395659 396769 2.256616 80.0 19 1110
396769 397709 -1.822889 80.0 25 940
397709 398859 0.363896 80.0 24 1150
398859 399539 -0.217119 80.0 7 680
399539 403099 1.518051 80.0 14 3560
403099 405489 8.234127 80.0 4 2390
405489 405779 2.757976 80.0 16 290
405779 406489 -0.240892 80.0 1 710
406489 406739 -3.540475 80.0 17 250
406739 407699 -5.572949 80.0 3 960
407699 408069 -2.5766 80.0 8 370
408069 411309 2.600962 80.0 14 3240
411309 411849 6.490111 80.0 22 540
411849 412729 -1.196369 80.0 20 880
412729 418249 3.167941 80.0 6 5520
418249 419399 6.943656 80.0 12 1150
419399 422689 2.847114 80.0 23 3290
422689 428549 7.219511 80.0 15 5860
428549 428929 1.697473 80.0 18 380
428929 429799 -4.038038 80.0 17 870
429799 434049 -7.599431 80.0 11 4250
434049 434229 -2.389872 80.0 8 180
434229 434769 3.370373 80.0 19 540
434769 434939 -2.745273 80.0 17 170
434939 435569 -7.057684 80.0 3 630
435569 435789 -3.338803 80.0 29 220
435789 437129 -0.737601 80.0 28 1340
437129 437599 0.119486 80.0 24 470
437599 438239 -0.255678 80.0 7 640
438239 438619 2.537843 80.0 26 380
438619 439609 6.039451 80.0 22 990
439609 440059 0.364443 80.0 18 450
440059 440819 -5.988304 80.0 3 760
440819 441709 -1.781861 80.0 13 890
441709 442729 -5.580106 80.0 3 1020
442729 443169 -3.473577 80.0 29 440
443169 443649 -1.140439 80.0 28 480
443649 444229 0.441043 80.0 24 580
444229 445509 -1.033503 80.0 25 1280
