380682 380952 1.068098 80.0 24 270
380952 381502 -0.765149 80.0 7 550
381502 386222 1.341815 80.0 10 4720
386222 386832 -0.727163 80.0 7 610
386832 395182 1.539689 80.0 0 8350
395182 395692 -0.383518 80.0 7 510
395692 396912 1.992702 80.0 19 1220
396912 397972 -1.462753 80.0 25 1060
397972 403162 1.119606 80.0 6 5190
403162 405642 7.917846 80.0 4 2480
405642 406042 2.36962 80.0 16 400
406042 406572 -0.484846 80.0 1 530
406572 406972 -3.505309 80.0 17 400
406972 407722 -5.541677 80.0 3 750
407722 408272 -2.577971 80.0 8 550
408272 410682 1.875066 80.0 21 2410
410682 411902 5.573233 80.0 22 1220
411902 412842 -0.435217 80.0 20 940
412842 418372 2.773654 80.0 6 5530
418372 419492 6.905229 80.0 12 1120
419492 422722 2.993553 80.0 23 3230
422722 428612 7.203512 80.0 15 5890
428612 429122 1.297544 80.0 18 510
429122 429962 -4.077184 80.0 17 840
429962 434092 -7.525188 80.0 11 4130
434092 435132 -0.388404 80.0 13 1040
435132 435662 -6.507564 80.0 3 530
435662 435972 -3.484665 80.0 29 310
435972 438262 -0.516942 80.0 9 2290
438262 438762 2.301534 80.0 26 500
438762 439672 6.112938 80.0 22 910
439672 440292 0.05851 80.0 18 620
440292 440882 -5.947108 80.0 3 590
440882 441932 -2.635048 80.0 13 1050
441932 442792 -5.640916 80.0 3 860
442792 443332 -3.567037 80.0 29 540
443332 443762 -0.801526 80.0 28 430
443762 444262 0.456237 80.0 24 500
444262 445512 -1.010016 80.0 25 1250
