380571 380911 1.500414 80.0 24 340
380911 381451 -1.091325 80.0 7 540
381451 386151 1.954543 80.0 10 4700
386151 386771 -0.88083 80.0 7 620
386771 395121 1.550035 80.0 0 8350
395121 395681 -0.451951 80.0 7 560
395681 396861 2.204527 80.0 19 1180
396861 397861 -1.626586 80.0 25 1000
397861 399011 0.359858 80.0 24 1150
399011 399621 -0.191185 80.0 7 610
399621 403051 1.519899 80.0 14 3430
403051 405651 7.835349 80.0 4 2600
405651 405931 1.995908 80.0 16 280
405931 406531 -0.337902 80.0 1 600
406531 406871 -3.468156 80.0 17 340
406871 407721 -5.550327 80.0 3 850
407721 408191 -2.535987 80.0 8 470
408191 410491 1.705391 80.0 21 2300
410491 411931 5.536351 80.0 22 1440
411931 412741 -1.1259 80.0 20 810
412741 418261 3.622437 80.0 6 5520
418261 419511 6.566695 80.0 12 1250
419511 420731 2.309663 80.0 2 1220
420731 421411 4.949999 80.0 22 680
421411 422581 2.271739 80.0 2 1170
422581 428641 7.104377 80.0 15 6060
428641 429031 1.101296 80.0 18 390
429031 429941 -4.034278 80.0 17 910
429941 434081 -7.539943 80.0 11 4140
434081 434311 -2.408977 80.0 8 230
434311 434821 2.613822 80.0 19 510
434821 435051 -2.504791 80.0 17 230
435051 435631 -6.762887 80.0 3 580
435631 435881 -3.464001 80.0 29 250
435881 438261 -0.499228 80.0 9 2380
438261 438621 1.937369 80.0 26 360
438621 439701 6.024655 80.0 22 1080
439701 440201 -0.428924 80.0 18 500
440201 440861 -6.031147 80.0 3 660
440861 441841 -2.301233 80.0 13 980
441841 442771 -5.635705 80.0 3 930
442771 443281 -3.479027 80.0 29 510
443281 443651 -0.878401 80.0 28 370
443651 444241 0.520946 80.0 24 590
444241 445511 -1.015886 80.0 25 1270
