380489 380879 1.70485 80.0 19 390
380879 381399 -1.943769 80.0 7 520
381399 386099 1.456804 80.0 10 4700
386099 386729 -0.973836 80.0 7 630
386729 395089 1.555542 80.0 0 8360
395089 395669 -0.497651 80.0 7 580
395669 396799 2.153563 80.0 19 1130
396799 397779 -1.716375 80.0 25 980
397779 398929 0.361719 80.0 24 1150
398929 399579 -0.204381 80.0 7 650
399579 403109 1.522453 80.0 14 3530
403109 405539 8.130683 80.0 4 2430
405539 405849 2.546869 80.0 16 310
405849 406509 -0.286543 80.0 1 660
406509 406789 -3.450356 80.0 17 280
406789 407709 -5.555733 80.0 3 920
407709 408119 -2.592192 80.0 8 410
408119 410669 1.943666 80.0 21 2550
410669 411859 5.842112 80.0 22 1190
411859 412729 -0.989738 80.0 20 870
412729 418269 2.739443 80.0 6 5540
418269 419429 6.843386 80.0 12 1160
419429 422689 2.84983 80.0 23 3260
422689 428569 7.20037 80.0 15 5880
428569 428979 1.541274 80.0 18 410
428979 429819 -4.059954 80.0 17 840
429819 434059 -7.528981 80.0 11 4240
434059 434269 -2.39607 80.0 8 210
434269 434789 3.058156 80.0 19 520
434789 434979 -2.438114 80.0 17 190
434979 435589 -6.916115 80.0 3 610
435589 435839 -3.396976 80.0 29 250
435839 438259 -0.46632 80.0 9 2420
438259 438639 2.409209 80.0 26 380
438639 439629 6.308308 80.0 22 990
439629 440129 0.125933 80.0 18 500
440129 440829 -6.042662 80.0 3 700
440829 441759 -2.032883 80.0 13 930
441759 442749 -5.60452 80.0 3 990
442749 443579 -2.40514 80.0 8 830
443579 444249 0.554796 80.0 24 670
444249 445509 -1.037646 80.0 25 1260
