380520 380900 1.679623 80.0 19 380
380900 381420 -1.81556 80.0 7 520
381420 386110 1.137652 80.0 10 4690
386110 386750 -0.916687 80.0 7 640
386750 395100 1.554465 80.0 0 8350
395100 395670 -0.483155 80.0 7 570
395670 396820 2.088106 80.0 19 1150
396820 397810 -1.682776 80.0 25 990
397810 398960 0.360946 80.0 24 1150
398960 399590 -0.200474 80.0 7 630
399590 403110 1.586744 80.0 14 3520
403110 405570 8.067331 80.0 4 2460
405570 405880 2.41488 80.0 16 310
405880 406520 -0.312286 80.0 1 640
406520 406820 -3.470568 80.0 17 300
406820 407710 -5.553984 80.0 3 890
407710 408140 -2.628462 80.0 8 430
408140 410590 1.828046 80.0 21 2450
410590 411870 5.744027 80.0 22 1280
411870 412730 -0.941448 80.0 20 860
412730 418280 2.733731 80.0 6 5550
418280 419440 6.802564 80.0 12 1160
419440 422680 2.847612 80.0 23 3240
422680 428580 7.187003 80.0 15 5900
428580 429000 1.478827 80.0 18 420
429000 429830 -4.063688 80.0 17 830
429830 434070 -7.523415 80.0 11 4240
434070 434280 -2.411494 80.0 8 210
434280 434800 2.852358 80.0 19 520
434800 435010 -2.491398 80.0 17 210
435010 435610 -6.849905 80.0 3 600
435610 435860 -3.356382 80.0 29 250
435860 438260 -0.476011 80.0 9 2400
438260 438660 2.390071 80.0 26 400
438660 439650 6.259404 80.0 22 990
439650 440150 0.02496 80.0 18 500
440150 440840 -6.028177 80.0 3 690
440840 441800 -2.17057 80.0 13 960
441800 442750 -5.628559 80.0 3 950
442750 443610 -2.40996 80.0 8 860
443610 444240 0.548342 80.0 24 630
444240 445510 -1.024257 80.0 25 1270
