380766 380996 0.754193 80.0 24 230
380996 381546 -0.542264 80.0 7 550
381546 386276 1.06363 80.0 10 4730
386276 386866 -0.620154 80.0 7 590
386866 396956 1.742525 80.0 27 10090
396956 398056 -1.354797 80.0 25 1100
398056 403126 1.23319 80.0 6 5070
403126 405746 7.665866 80.0 4 2620
405746 407036 -0.791534 80.0 18 1290
407036 407726 -5.51973 80.0 3 690
407726 408346 -2.562408 80.0 8 620
408346 410536 1.67605 80.0 21 2190
410536 411946 5.3274 80.0 22 1410
411946 412906 -0.329636 80.0 20 960
412906 418356 2.776793 80.0 6 5450
418356 419566 6.565735 80.0 12 1210
419566 420716 2.341176 80.0 2 1150
420716 421486 4.647326 80.0 22 770
421486 422646 2.433541 80.0 2 1160
422646 428686 7.110611 80.0 15 6040
428686 429186 0.916476 80.0 18 500
429186 429966 -4.061753 80.0 17 780
429966 434116 -7.496133 80.0 11 4150
434116 435196 -0.728195 80.0 13 1080
435196 435696 -6.279472 80.0 3 500
435696 436026 -3.541495 80.0 29 330
436026 438256 -0.543742 80.0 9 2230
438256 438756 1.973393 80.0 26 500
438756 439736 5.836903 80.0 22 980
439736 440366 -0.397605 80.0 18 630
440366 440896 -5.947311 80.0 3 530
440896 441996 -2.847829 80.0 13 1100
441996 442816 -5.62417 80.0 3 820
442816 443386 -3.569669 80.0 29 570
443386 443806 -0.806231 80.0 28 420
443806 444356 0.52943 80.0 24 550
444356 445506 -0.864588 80.0 25 1150
