380453 380863 1.794016 80.0 19 410
380863 381383 -2.18531 80.0 25 520
381383 386063 1.155234 80.0 10 4680
386063 386713 -0.984956 80.0 7 650
386713 395083 1.557046 80.0 0 8370
395083 395663 -0.522728 80.0 7 580
395663 396783 2.203038 80.0 19 1120
396783 397743 -1.767405 80.0 25 960
397743 398893 0.362713 80.0 24 1150
398893 399553 -0.212003 80.0 7 660
399553 403113 1.535883 80.0 14 3560
403113 405513 8.195576 80.0 4 2400
405513 405813 2.65027 80.0 16 300
405813 406493 -0.247757 80.0 1 680
406493 406773 -3.515583 80.0 17 280
406773 407713 -5.565274 80.0 3 940
407713 408103 -2.4622 80.0 8 390
408103 411313 2.662896 80.0 14 3210
411313 411843 6.476723 80.0 22 530
411843 412733 -1.015153 80.0 20 890
412733 418283 2.760397 80.0 6 5550
418283 419393 6.966218 80.0 12 1110
419393 422713 2.879127 80.0 23 3320
422713 428553 7.22114 80.0 15 5840
428553 428963 1.572969 80.0 18 410
428963 429803 -4.067226 80.0 17 840
429803 434053 -7.590643 80.0 11 4250
434053 434243 -2.465047 80.0 8 190
434243 434773 3.207748 80.0 19 530
434773 434953 -2.434068 80.0 17 180
434953 435583 -6.950973 80.0 3 630
435583 435813 -3.341063 80.0 29 230
435813 438243 -0.459799 80.0 9 2430
438243 438653 2.600345 80.0 26 410
438653 439613 6.400075 80.0 22 960
439613 440093 0.306512 80.0 18 480
440093 440833 -5.999679 80.0 3 740
440833 441743 -1.912953 80.0 13 910
441743 442743 -5.597069 80.0 3 1000
442743 443553 -2.391826 80.0 8 810
443553 444233 0.596166 80.0 24 680
444233 445503 -1.035545 80.0 25 1270
