380532 380902 1.575592 80.0 19 370
380902 381432 -1.743369 80.0 7 530
381432 386132 1.442114 80.0 10 4700
386132 386752 -0.932069 80.0 7 620
386752 395102 1.553462 80.0 0 8350
395102 395682 -0.466517 80.0 7 580
395682 396832 2.313316 80.0 19 1150
396832 397822 -1.664539 80.0 25 990
397822 398972 0.360673 80.0 24 1150
398972 399592 -0.200585 80.0 7 620
399592 403082 1.554873 80.0 14 3490
403082 405592 7.992719 80.0 4 2510
405592 405892 2.277637 80.0 16 300
405892 406522 -0.316598 80.0 1 630
406522 406832 -3.468396 80.0 17 310
406832 407712 -5.555586 80.0 3 880
407712 408152 -2.60528 80.0 8 440
408152 410552 1.780402 80.0 21 2400
410552 411892 5.682961 80.0 22 1340
411892 412732 -1.041422 80.0 20 840
412732 418272 2.727821 80.0 6 5540
418272 419452 6.752242 80.0 12 1180
419452 420842 2.304782 80.0 2 1390
420842 421342 5.250622 80.0 22 500
421342 422642 2.443173 80.0 2 1300
422642 428602 7.15966 80.0 15 5960
428602 429012 1.284607 80.0 18 410
429012 429942 -4.052658 80.0 17 930
429942 434072 -7.551166 80.0 11 4130
434072 434282 -2.480267 80.0 8 210
434282 434812 2.742639 80.0 19 530
434812 435022 -2.608111 80.0 17 210
435022 435612 -6.852645 80.0 3 590
435612 435862 -3.417538 80.0 29 250
435862 438262 -0.483209 80.0 9 2400
438262 438642 2.232197 80.0 26 380
438642 439662 6.198455 80.0 22 1020
439662 440162 -0.090341 80.0 18 500
440162 440842 -6.037477 80.0 3 680
440842 441802 -2.188918 80.0 13 960
441802 442772 -5.615292 80.0 3 970
442772 443612 -2.372717 80.0 8 840
443612 444242 0.536005 80.0 24 630
444242 445512 -1.022347 80.0 25 1270
