380668 380948 1.146424 80.0 24 280
380948 381498 -0.810737 80.0 7 550
381498 386208 1.842119 80.0 10 4710
386208 386818 -0.751087 80.0 7 610
386818 395178 1.539229 80.0 0 8360
395178 395698 -0.39024 80.0 7 520
395698 396908 2.027388 80.0 19 1210
396908 397958 -1.487632 80.0 25 1050
397958 399088 0.359935 80.0 24 1130
399088 399608 -0.183558 80.0 7 520
399608 403068 1.477572 80.0 14 3460
403068 405708 7.707903 80.0 4 2640
405708 406028 1.960483 80.0 16 320
406028 406568 -0.456482 80.0 1 540
406568 406958 -3.485966 80.0 17 390
406958 407718 -5.545538 80.0 3 760
407718 408258 -2.632993 80.0 8 540
408258 410478 1.64634 80.0 21 2220
410478 411958 5.375657 80.0 22 1480
411958 412828 -0.79685 80.0 20 870
412828 418288 2.744453 80.0 6 5460
418288 419558 6.629867 80.0 12 1270
419558 420628 2.153123 80.0 2 1070
420628 421478 4.658949 80.0 22 850
421478 422568 2.242018 80.0 2 1090
422568 428678 7.100918 80.0 15 6110
428678 429108 0.907071 80.0 18 430
429108 429968 -4.07147 80.0 17 860
429968 434098 -7.530057 80.0 11 4130
434098 434358 -2.520102 80.0 8 260
434358 434858 2.04168 80.0 19 500
434858 435118 -2.40734 80.0 17 260
435118 435668 -6.519351 80.0 3 550
435668 435958 -3.461427 80.0 29 290
435958 438258 -0.519264 80.0 9 2300
438258 438668 1.847864 80.0 26 410
438668 439738 5.872168 80.0 22 1070
439738 440288 -0.482044 80.0 18 550
440288 440878 -5.971813 80.0 3 590
440878 441918 -2.590038 80.0 13 1040
441918 442798 -5.63502 80.0 3 880
442798 443328 -3.539368 80.0 29 530
443328 443748 -0.811314 80.0 28 420
443748 444268 0.459406 80.0 24 520
444268 445508 -1.021659 80.0 25 1240
