380743 380993 0.788398 80.0 24 250
380993 381533 -0.604848 80.0 7 540
381533 386253 1.071245 80.0 10 4720
386253 386863 -0.629762 80.0 7 610
386863 396953 1.747999 80.0 27 10090
396953 398033 -1.393245 80.0 25 1080
398033 403183 1.487009 80.0 6 5150
403183 405673 7.856531 80.0 4 2490
405673 406103 2.35199 80.0 16 430
406103 406603 -0.600718 80.0 1 500
406603 407023 -3.525782 80.0 17 420
407023 407723 -5.529734 80.0 3 700
407723 408323 -2.579447 80.0 8 600
408323 410703 1.875339 80.0 21 2380
410703 411903 5.515888 80.0 22 1200
411903 412893 -0.208498 80.0 20 990
412893 418393 2.788426 80.0 6 5500
418393 419523 6.764206 80.0 12 1130
419523 422733 3.002688 80.0 23 3210
422733 428623 7.188541 80.0 15 5890
428623 429173 1.240932 80.0 18 550
429173 429963 -4.076229 80.0 17 790
429963 434113 -7.500411 80.0 11 4150
434113 435183 -0.643718 80.0 13 1070
435183 435693 -6.335359 80.0 3 510
435693 436013 -3.483721 80.0 29 320
436013 438253 -0.53572 80.0 9 2240
438253 438803 2.247421 80.0 26 550
438803 439693 6.026377 80.0 22 890
439693 440343 -0.090862 80.0 18 650
440343 440903 -5.919219 80.0 3 560
440903 441973 -2.757118 80.0 13 1070
441973 442813 -5.622327 80.0 3 840
442813 443363 -3.579171 80.0 29 550
443363 443793 -0.822307 80.0 28 430
443793 444353 0.554567 80.0 24 560
444353 445503 -0.867205 80.0 25 1150
