380733 380973 0.875638 80.0 24 240
380973 381533 -0.616083 80.0 7 560
381533 386253 1.074355 80.0 10 4720
386253 386853 -0.658577 80.0 7 600
386853 396943 1.748197 80.0 27 10090
396943 398023 -1.40104 80.0 25 1080
398023 403153 1.463362 80.0 6 5130
403153 405683 7.812917 80.0 4 2530
405683 407003 -0.587519 80.0 18 1320
407003 407723 -5.524419 80.0 3 720
407723 408313 -2.585422 80.0 8 590
408313 410603 1.763371 80.0 21 2290
410603 411913 5.448295 80.0 22 1310
411913 412893 -0.295094 80.0 20 980
412893 418373 2.785763 80.0 6 5480
418373 419533 6.726956 80.0 12 1160
419533 420853 2.5649 80.0 2 1320
420853 421413 4.861361 80.0 22 560
421413 422693 2.573081 80.0 2 1280
422693 428643 7.166831 80.0 15 5950
428643 429153 1.18304 80.0 18 510
429153 429963 -4.048948 80.0 17 810
429963 434113 -7.502859 80.0 11 4150
434113 434393 -2.486627 80.0 8 280
434393 434893 1.58613 80.0 19 500
434893 435173 -2.544903 80.0 17 280
435173 435683 -6.374978 80.0 3 510
435683 436003 -3.527592 80.0 29 320
436003 438253 -0.534949 80.0 9 2250
438253 438763 2.101745 80.0 26 510
438763 439703 5.968584 80.0 22 940
439703 440343 -0.233529 80.0 18 640
440343 440903 -5.938632 80.0 3 560
440903 441963 -2.724144 80.0 13 1060
441963 442813 -5.621445 80.0 3 850
442813 443363 -3.556844 80.0 29 550
443363 443783 -0.816183 80.0 28 420
443783 444353 0.562117 80.0 24 570
444353 445503 -0.864858 80.0 25 1150
