380515 380885 1.655823 80.0 19 370
380885 381425 -1.837057 80.0 7 540
381425 386115 1.138871 80.0 10 4690
386115 386745 -0.938576 80.0 7 630
386745 395095 1.554886 80.0 0 8350
395095 395675 -0.476761 80.0 7 580
395675 396825 2.09141 80.0 19 1150
396825 397805 -1.701998 80.0 25 980
397805 398955 0.361078 80.0 24 1150
398955 399585 -0.202509 80.0 7 630
399585 403095 1.575168 80.0 14 3510
403095 405565 8.057251 80.0 4 2470
405565 405875 2.431232 80.0 16 310
405875 406515 -0.30256 80.0 1 640
406515 406815 -3.451133 80.0 17 300
406815 407705 -5.556425 80.0 3 890
407705 408145 -2.598143 80.0 8 440
408145 410565 1.806656 80.0 21 2420
410565 411885 5.724539 80.0 22 1320
411885 412735 -1.06136 80.0 20 850
412735 418275 2.7352 80.0 6 5540
418275 419435 6.812487 80.0 12 1160
419435 422655 2.833848 80.0 23 3220
422655 428585 7.174318 80.0 15 5930
428585 428995 1.449811 80.0 18 410
428995 429825 -4.057475 80.0 17 830
429825 434065 -7.52482 80.0 11 4240
434065 434275 -2.487323 80.0 8 210
434275 434795 2.891477 80.0 19 520
434795 435005 -2.444054 80.0 17 210
435005 435605 -6.868436 80.0 3 600
435605 435845 -3.44113 80.0 29 240
435845 438255 -0.483976 80.0 9 2410
438255 438645 2.289083 80.0 26 390
438645 439645 6.25781 80.0 22 1000
439645 440145 0.07328 80.0 18 500
440145 440845 -6.020437 80.0 3 700
440845 441795 -2.135717 80.0 13 950
441795 442755 -5.623243 80.0 3 960
442755 443605 -2.394098 80.0 8 850
443605 444245 0.550262 80.0 24 640
444245 445505 -1.03231 80.0 25 1260
