380795 381035 0.621504 80.0 24 240
381035 381585 -0.453396 80.0 7 550
381585 386295 1.059412 80.0 10 4710
386295 386885 -0.570483 80.0 7 590
386885 396985 1.475698 80.0 27 10100
396985 398085 -2.224167 80.0 25 1100
398085 403165 1.111469 80.0 6 5080
403165 405735 7.7087 80.0 4 2570
405735 407065 -0.740322 80.0 18 1330
407065 407725 -5.516959 80.0 3 660
407725 408365 -2.567956 80.0 8 640
408365 410585 1.720813 80.0 21 2220
410585 411925 5.350524 80.0 22 1340
411925 412305 1.941056 80.0 16 380
412305 412935 -1.390536 80.0 7 630
412935 418395 2.795832 80.0 6 5460
418395 419565 6.586236 80.0 12 1170
419565 420805 2.49646 80.0 2 1240
420805 421455 4.697052 80.0 22 650
421455 422685 2.561747 80.0 2 1230
422685 428655 7.203995 80.0 15 5970
428655 429205 1.11842 80.0 18 550
429205 429985 -4.07688 80.0 17 780
429985 434115 -7.50015 80.0 11 4130
434115 436055 -2.686423 80.0 9 1940
436055 438245 -0.546882 80.0 9 2190
438245 438795 2.039434 80.0 26 550
438795 439725 5.85986 80.0 22 930
439725 440395 -0.374573 80.0 18 670
440395 440895 -5.939273 80.0 3 500
440895 442025 -2.944181 80.0 13 1130
442025 442815 -5.62561 80.0 3 790
442815 443395 -3.601214 80.0 29 580
443395 443825 -0.818916 80.0 28 430
443825 444355 0.495911 80.0 24 530
444355 445505 -0.861846 80.0 25 1150
