380739 380989 0.81868 80.0 24 250
380989 381529 -0.625019 80.0 7 540
381529 386259 1.071163 80.0 10 4730
386259 386859 -0.652655 80.0 7 600
386859 396949 1.749214 80.0 27 10090
396949 398029 -1.398651 80.0 25 1080
398029 403149 1.340277 80.0 6 5120
403149 405709 7.768149 80.0 4 2560
405709 406099 2.148404 80.0 16 390
406099 406599 -0.582559 80.0 1 500
406599 407029 -3.5493 80.0 17 430
407029 407719 -5.540995 80.0 3 690
407719 408309 -2.647083 80.0 8 590
408309 410569 1.713616 80.0 21 2260
410569 411929 5.399391 80.0 22 1360
411929 412899 -0.346518 80.0 20 970
412899 418359 2.782041 80.0 6 5460
418359 419539 6.675147 80.0 12 1180
419539 420819 2.511892 80.0 2 1280
420819 421429 4.805719 80.0 22 610
421429 422669 2.524735 80.0 2 1240
422669 428659 7.142514 80.0 15 5990
428659 429159 1.091085 80.0 18 500
429159 429969 -4.05629 80.0 17 810
429969 434109 -7.50841 80.0 11 4140
434109 435189 -0.670887 80.0 13 1080
435189 435689 -6.385974 80.0 3 500
435689 436009 -3.5041 80.0 29 320
436009 438259 -0.532924 80.0 9 2250
438259 438759 2.083518 80.0 26 500
438759 439719 5.92084 80.0 22 960
439719 440339 -0.268774 80.0 18 620
440339 440899 -5.934793 80.0 3 560
440899 441969 -2.754144 80.0 13 1070
441969 442809 -5.624544 80.0 3 840
442809 443369 -3.564877 80.0 29 560
443369 443789 -0.806713 80.0 28 420
443789 444349 0.561634 80.0 24 560
444349 445509 -0.859182 80.0 25 1160
