380507 380877 1.704463 80.0 19 370
380877 381417 -1.869458 80.0 7 540
381417 386107 1.140815 80.0 10 4690
386107 386737 -0.948674 80.0 7 630
386737 395097 1.55383 80.0 0 8360
395097 395677 -0.48333 80.0 7 580
395677 396817 2.117467 80.0 19 1140
396817 397797 -1.706298 80.0 25 980
397797 398947 0.361251 80.0 24 1150
398947 399587 -0.202247 80.0 7 640
399587 403107 1.59176 80.0 14 3520
403107 405557 8.091522 80.0 4 2450
405557 405867 2.462637 80.0 16 310
405867 406517 -0.304555 80.0 1 650
406517 406807 -3.470563 80.0 17 290
406807 407707 -5.556736 80.0 3 900
407707 408137 -2.596643 80.0 8 430
408137 410587 1.83581 80.0 21 2450
410587 411877 5.760019 80.0 22 1290
411877 412737 -1.039975 80.0 20 860
412737 418277 2.73916 80.0 6 5540
418277 419427 6.843593 80.0 12 1150
419427 422677 2.848005 80.0 23 3250
422677 428587 7.18485 80.0 15 5910
428587 428997 1.368926 80.0 18 410
428997 429817 -4.070958 80.0 17 820
429817 434067 -7.520662 80.0 11 4250
434067 434277 -2.367091 80.0 8 210
434277 434797 2.953175 80.0 19 520
434797 434997 -2.488403 80.0 17 200
434997 435597 -6.901213 80.0 3 600
435597 435847 -3.422298 80.0 29 250
435847 438257 -0.476085 80.0 9 2410
438257 438647 2.354239 80.0 26 390
438647 439647 6.273156 80.0 22 1000
439647 440147 -0.049978 80.0 18 500
440147 440847 -6.030558 80.0 3 700
440847 441777 -2.059472 80.0 13 930
441777 442757 -5.611068 80.0 3 980
442757 443597 -2.385496 80.0 8 840
443597 444247 0.552654 80.0 24 650
444247 445507 -1.035233 80.0 25 1260
