380512 380882 1.679609 80.0 19 370
380882 381422 -1.789219 80.0 7 540
381422 386112 1.45354 80.0 10 4690
386112 386742 -0.944119 80.0 7 630
386742 395102 1.553395 80.0 0 8360
395102 395672 -0.490045 80.0 7 570
395672 396822 2.09607 80.0 19 1150
396822 397802 -1.704593 80.0 25 980
397802 398952 0.361128 80.0 24 1150
398952 399592 -0.200775 80.0 7 640
399592 403082 1.567719 80.0 14 3490
403082 405572 8.034707 80.0 4 2490
405572 405872 2.363407 80.0 16 300
405872 406522 -0.316871 80.0 1 650
406522 406812 -3.492873 80.0 17 290
406812 407712 -5.555456 80.0 3 900
407712 408142 -2.559765 80.0 8 430
408142 410562 1.805118 80.0 21 2420
410562 411892 5.719093 80.0 22 1330
411892 412732 -1.12516 80.0 20 840
412732 418272 2.734252 80.0 6 5540
418272 419442 6.798381 80.0 12 1170
419442 422652 2.82577 80.0 23 3210
422652 428582 7.176448 80.0 15 5930
428582 428992 1.475685 80.0 18 410
428992 429832 -4.064889 80.0 17 840
429832 434062 -7.531302 80.0 11 4230
434062 434282 -2.419873 80.0 8 220
434282 434792 2.978983 80.0 19 510
434792 435002 -2.425326 80.0 17 210
435002 435602 -6.884599 80.0 3 600
435602 435842 -3.452474 80.0 29 240
435842 438262 -0.480854 80.0 9 2420
438262 438642 2.330327 80.0 26 380
438642 439662 6.23262 80.0 22 1020
439662 440142 -0.100058 80.0 18 480
440142 440842 -6.02162 80.0 3 700
440842 441782 -2.096185 80.0 13 940
441782 442752 -5.617137 80.0 3 970
442752 443602 -2.401165 80.0 8 850
443602 444242 0.552865 80.0 24 640
444242 445512 -1.025684 80.0 25 1270
