380656 380946 1.147565 80.0 24 290
380946 381486 -0.845962 80.0 7 540
381486 386206 1.62324 80.0 10 4720
386206 386806 -0.775954 80.0 7 600
386806 395176 1.538246 80.0 0 8370
395176 395696 -0.399497 80.0 7 520
395696 396906 2.038729 80.0 19 1210
396906 397946 -1.506842 80.0 25 1040
397946 399076 0.360641 80.0 24 1130
399076 399596 -0.187165 80.0 7 520
399596 403166 1.561311 80.0 14 3570
403166 405606 7.987607 80.0 4 2440
405606 406016 2.513077 80.0 16 410
406016 406566 -0.465754 80.0 1 550
406566 406946 -3.509311 80.0 17 380
406946 407716 -5.543251 80.0 3 770
407716 408246 -2.620302 80.0 8 530
408246 410736 1.947877 80.0 21 2490
410736 411886 5.653072 80.0 22 1150
411886 412816 -0.458553 80.0 20 930
412816 418376 2.770503 80.0 6 5560
418376 419476 6.996133 80.0 12 1100
419476 422756 3.014091 80.0 23 3280
422756 428586 7.234305 80.0 15 5830
428586 429096 1.494173 80.0 18 510
429096 429956 -4.058603 80.0 17 860
429956 434096 -7.524915 80.0 11 4140
434096 434346 -2.499411 80.0 8 250
434346 434856 2.047975 80.0 19 510
434856 435106 -2.450013 80.0 17 250
435106 435656 -6.546391 80.0 3 550
435656 435946 -3.486367 80.0 29 290
435946 438256 -0.517536 80.0 9 2310
438256 438756 2.344311 80.0 26 500
438756 439656 6.176315 80.0 22 900
439656 440286 0.048036 80.0 18 630
440286 440876 -5.975235 80.0 3 590
440876 441906 -2.553841 80.0 13 1030
441906 442786 -5.639383 80.0 3 880
442786 443326 -3.531316 80.0 29 540
443326 443736 -0.791711 80.0 28 410
443736 444256 0.47402 80.0 24 520
444256 445506 -1.014166 80.0 25 1250
