380760 381010 0.777027 80.0 24 250
381010 381550 -0.566895 80.0 7 540
381550 386280 1.06547 80.0 10 4730
386280 386870 -0.629793 80.0 7 590
386870 396960 1.482925 80.0 27 10090
396960 398050 -1.371357 80.0 25 1090
398050 403130 1.315239 80.0 6 5080
403130 405720 7.71111 80.0 4 2590
405720 407040 -0.731372 80.0 18 1320
407040 407730 -5.524479 80.0 3 690
407730 408340 -2.548033 80.0 8 610
408340 410570 1.716762 80.0 21 2230
410570 411940 5.367836 80.0 22 1370
411940 412910 -0.321004 80.0 20 970
412910 418370 2.784806 80.0 6 5460
418370 419560 6.614162 80.0 12 1190
419560 420780 2.441344 80.0 2 1220
420780 421460 4.722479 80.0 22 680
421460 422660 2.484439 80.0 2 1200
422660 428670 7.126264 80.0 15 6010
428670 429170 1.071198 80.0 18 500
429170 429980 -4.049842 80.0 17 810
429980 434120 -7.502518 80.0 11 4140
434120 435200 -0.720033 80.0 13 1080
435200 435700 -6.2958 80.0 3 500
435700 436030 -3.472505 80.0 29 330
436030 438260 -0.534979 80.0 9 2230
438260 438770 2.072275 80.0 26 510
438770 439730 5.878733 80.0 22 960
439730 440360 -0.361217 80.0 18 630
440360 440900 -5.929429 80.0 3 540
440900 442000 -2.842681 80.0 13 1100
442000 442810 -5.634852 80.0 3 810
442810 443380 -3.586564 80.0 29 570
443380 443800 -0.819414 80.0 28 420
443800 444350 0.535782 80.0 24 550
444350 445510 -0.856593 80.0 25 1160
