380469 380869 1.761802 80.0 19 400
380869 381389 -2.112085 80.0 25 520
381389 386079 1.150238 80.0 10 4690
386079 386729 -0.970686 80.0 7 650
386729 395089 1.55759 80.0 0 8360
395089 395669 -0.51394 80.0 7 580
395669 396789 2.192758 80.0 19 1120
396789 397759 -1.745302 80.0 25 970
397759 398909 0.362283 80.0 24 1150
398909 399559 -0.210938 80.0 7 650
399559 403099 1.514697 80.0 14 3540
403099 405529 8.146165 80.0 4 2430
405529 405829 2.568099 80.0 16 300
405829 406509 -0.286255 80.0 1 680
406509 406789 -3.579738 80.0 17 280
406789 407709 -5.566525 80.0 3 920
407709 408099 -2.615782 80.0 8 390
408099 410619 1.885763 80.0 21 2520
410619 411859 5.840931 80.0 22 1240
411859 412729 -1.068341 80.0 20 870
412729 418269 2.745968 80.0 6 5540
418269 419429 6.869854 80.0 12 1160
419429 422679 2.836377 80.0 23 3250
422679 428569 7.200267 80.0 15 5890
428569 428959 1.590619 80.0 18 390
428959 429809 -4.036521 80.0 17 850
429809 434049 -7.594134 80.0 11 4240
434049 434249 -2.592318 80.0 8 200
434249 434779 3.121501 80.0 19 530
434779 434979 -2.600103 80.0 17 200
434979 435589 -6.974189 80.0 3 610
435589 435819 -3.377272 80.0 29 230
435819 438259 -0.464122 80.0 9 2440
438259 438639 2.510104 80.0 26 380
438639 439629 6.340934 80.0 22 990
439629 440109 0.138939 80.0 18 480
440109 440829 -6.027056 80.0 3 720
440829 441759 -1.999514 80.0 13 930
441759 442749 -5.604249 80.0 3 990
442749 443569 -2.37709 80.0 8 820
443569 444229 0.590172 80.0 24 660
444229 445509 -1.02394 80.0 25 1280
