380683 380963 1.055884 80.0 24 280
380963 381503 -0.782696 80.0 7 540
381503 386223 1.801196 80.0 10 4720
386223 386823 -0.739955 80.0 7 600
386823 395183 1.537824 80.0 0 8360
395183 395703 -0.375564 80.0 7 520
395703 396923 1.992462 80.0 19 1220
396923 397973 -1.476836 80.0 25 1050
397973 399103 0.358281 80.0 24 1130
399103 399603 -0.183053 80.0 7 500
399603 403073 1.470751 80.0 14 3470
403073 405733 7.668906 80.0 4 2660
405733 406043 1.865821 80.0 16 310
406043 406573 -0.472562 80.0 1 530
406573 406973 -3.489561 80.0 17 400
406973 407723 -5.543502 80.0 3 750
407723 408273 -2.602692 80.0 8 550
408273 410483 1.648695 80.0 21 2210
410483 411963 5.354861 80.0 22 1480
411963 412843 -0.747425 80.0 20 880
412843 418283 2.748195 80.0 6 5440
418283 419583 6.532631 80.0 12 1300
419583 420603 2.085289 80.0 2 1020
420603 421493 4.61048 80.0 22 890
421493 422573 2.239694 80.0 2 1080
422573 428683 7.098248 80.0 15 6110
428683 429123 0.864515 80.0 18 440
429123 429963 -4.07188 80.0 17 840
429963 434103 -7.519875 80.0 11 4140
434103 434363 -2.543709 80.0 8 260
434363 434863 1.933379 80.0 19 500
434863 435133 -2.425318 80.0 17 270
435133 435673 -6.487188 80.0 3 540
435673 435973 -3.454126 80.0 29 300
435973 438253 -0.520674 80.0 9 2280
438253 438663 1.754508 80.0 26 410
438663 439743 5.819911 80.0 22 1080
439743 440293 -0.444883 80.0 18 550
440293 440883 -5.951831 80.0 3 590
440883 441933 -2.632956 80.0 13 1050
441933 442793 -5.642793 80.0 3 860
442793 443343 -3.550994 80.0 29 550
443343 443753 -0.803323 80.0 28 410
443753 444273 0.441297 80.0 24 520
444273 445503 -1.027392 80.0 25 1230
