380501 380881 1.694082 80.0 19 380
380881 381411 -1.864488 80.0 7 530
381411 386101 1.457128 80.0 10 4690
386101 386741 -0.943609 80.0 7 640
386741 395101 1.554436 80.0 0 8360
395101 395671 -0.498782 80.0 7 570
395671 396811 2.125562 80.0 19 1140
396811 397791 -1.71147 80.0 25 980
397791 398941 0.36141 80.0 24 1150
398941 399581 -0.203795 80.0 7 640
399581 403091 1.498532 80.0 14 3510
403091 405571 8.056869 80.0 4 2480
405571 405861 2.333697 80.0 16 290
405861 406511 -0.287389 80.0 1 650
406511 406801 -3.444588 80.0 17 290
406801 407711 -5.5559 80.0 3 910
407711 408131 -2.579863 80.0 8 420
408131 410571 1.818519 80.0 21 2440
410571 411891 5.74207 80.0 22 1320
411891 412731 -1.163031 80.0 20 840
412731 418261 2.733102 80.0 6 5530
418261 419441 6.796461 80.0 12 1180
419441 422651 2.821655 80.0 23 3210
422651 428581 7.179124 80.0 15 5930
428581 428981 1.510085 80.0 18 400
428981 429821 -4.045797 80.0 17 840
429821 434061 -7.526561 80.0 11 4240
434061 434271 -2.463516 80.0 8 210
434271 434791 2.979795 80.0 19 520
434791 434991 -2.426236 80.0 17 200
434991 435601 -6.880734 80.0 3 610
435601 435841 -3.393584 80.0 29 240
435841 438261 -0.473886 80.0 9 2420
438261 438631 2.305938 80.0 26 370
438631 439661 6.234749 80.0 22 1030
439661 440141 -0.190351 80.0 18 480
440141 440841 -6.03054 80.0 3 700
440841 441781 -2.080259 80.0 13 940
441781 442751 -5.617704 80.0 3 970
442751 443591 -2.404343 80.0 8 840
443591 444241 0.558438 80.0 24 650
444241 445511 -1.028054 80.0 25 1270
