380749 380999 0.749366 80.0 24 250
380999 381539 -0.583692 80.0 7 540
381539 386259 1.069456 80.0 10 4720
386259 386859 -0.630601 80.0 7 600
386859 396949 1.745083 80.0 27 10090
396949 398039 -1.375783 80.0 25 1090
398039 403149 1.339835 80.0 6 5110
403149 405699 7.770442 80.0 4 2550
405699 407029 -0.670653 80.0 18 1330
407029 407719 -5.530466 80.0 3 690
407719 408319 -2.626418 80.0 8 600
408319 410589 1.737604 80.0 21 2270
410589 411919 5.409336 80.0 22 1330
411919 412899 -0.268361 80.0 20 980
412899 418379 2.787909 80.0 6 5480
418379 419539 6.68947 80.0 12 1160
419539 420839 2.551172 80.0 2 1300
420839 421429 4.805024 80.0 22 590
421429 422679 2.546855 80.0 2 1250
422679 428649 7.152987 80.0 15 5970
428649 429169 1.124088 80.0 18 520
429169 429969 -4.061184 80.0 17 800
429969 434109 -7.506369 80.0 11 4140
434109 435189 -0.693256 80.0 13 1080
435189 435689 -6.342055 80.0 3 500
435689 436019 -3.49153 80.0 29 330
436019 438259 -0.532404 80.0 9 2240
438259 438779 2.163375 80.0 26 520
438779 439709 5.946146 80.0 22 930
439709 440349 -0.232685 80.0 18 640
440349 440889 -5.950219 80.0 3 540
440889 441989 -2.820326 80.0 13 1100
441989 442809 -5.632832 80.0 3 820
442809 443369 -3.582226 80.0 29 560
443369 443799 -0.81001 80.0 28 430
443799 444349 0.550168 80.0 24 550
444349 445509 -0.856824 80.0 25 1160
