380826 381046 0.493764 80.0 24 220
381046 381616 -0.360569 80.0 7 570
381616 386316 1.052567 80.0 10 4700
386316 386896 -0.523165 80.0 7 580
386896 396986 1.77713 80.0 27 10090
396986 398116 -1.274871 80.0 25 1130
398116 403186 1.123895 80.0 6 5070
403186 405716 7.737298 80.0 4 2530
405716 407106 -0.688694 80.0 18 1390
407106 407716 -5.527805 80.0 3 610
407716 408376 -2.642696 80.0 8 660
408376 410696 1.826899 80.0 21 2320
410696 411916 5.411377 80.0 22 1220
411916 412336 1.953575 80.0 16 420
412336 412976 -1.290291 80.0 7 640
412976 418426 2.81911 80.0 6 5450
418426 419546 6.619616 80.0 12 1120
419546 422726 3.017894 80.0 23 3180
422726 428656 7.26835 80.0 15 5930
428656 429226 1.124307 80.0 18 570
429226 429976 -4.050375 80.0 17 750
429976 434116 -7.486309 80.0 11 4140
434116 436076 -2.707615 80.0 9 1960
436076 438246 -0.554743 80.0 9 2170
438246 438836 2.144444 80.0 26 590
438836 439706 5.894491 80.0 22 870
439706 440196 1.247627 80.0 18 490
440196 442046 -8.089413 80.0 3 1850
442046 442826 -5.608522 80.0 29 780
442826 443406 -3.605156 80.0 29 580
443406 443846 -0.829041 80.0 28 440
443846 444356 0.460004 80.0 24 510
444356 445506 -0.859405 80.0 25 1150
