380769 381009 0.707505 80.0 24 240
381009 381549 -0.545162 80.0 7 540
381549 386279 1.063082 80.0 10 4730
386279 386879 -0.606403 80.0 7 600
386879 396969 1.743946 80.0 27 10090
396969 398059 -1.366005 80.0 25 1090
398059 403119 1.082641 80.0 6 5060
403119 405739 7.663538 80.0 4 2620
405739 407049 -0.792444 80.0 18 1310
407049 407729 -5.523912 80.0 3 680
407729 408349 -2.550938 80.0 8 620
408349 410549 1.689821 80.0 21 2200
410549 411959 5.320311 80.0 22 1410
411959 412279 1.732489 80.0 16 320
412279 412919 -1.422041 80.0 7 640
412919 418359 2.783925 80.0 6 5440
418359 419579 6.536559 80.0 12 1220
419579 420729 2.344622 80.0 2 1150
420729 421489 4.650604 80.0 22 760
421489 422649 2.437419 80.0 2 1160
422649 428679 7.115078 80.0 15 6030
428679 429179 1.019666 80.0 18 500
429179 429979 -4.049259 80.0 17 800
429979 434119 -7.502111 80.0 11 4140
434119 436039 -2.662038 80.0 9 1920
436039 438259 -0.535523 80.0 9 2220
438259 438749 1.946878 80.0 26 490
438749 439749 5.789497 80.0 22 1000
439749 440369 -0.491477 80.0 18 620
440369 440899 -5.94111 80.0 3 530
440899 441999 -2.851949 80.0 13 1100
441999 442809 -5.630095 80.0 3 810
442809 443389 -3.585172 80.0 29 580
443389 443809 -0.800457 80.0 28 420
443809 444359 0.521136 80.0 24 550
444359 445509 -0.865369 80.0 25 1150
