380765 381005 0.701429 80.0 24 240
381005 381545 -0.543469 80.0 7 540
381545 386275 1.062885 80.0 10 4730
386275 386875 -0.60562 80.0 7 600
386875 396965 1.744041 80.0 27 10090
396965 398055 -1.364997 80.0 25 1090
398055 403165 1.114534 80.0 6 5110
403165 405705 7.772208 80.0 4 2540
405705 407045 -0.689371 80.0 18 1340
407045 407725 -5.524561 80.0 3 680
407725 408335 -2.581113 80.0 8 610
408335 410645 1.797869 80.0 21 2310
410645 411915 5.441208 80.0 22 1270
411915 412905 -0.201428 80.0 20 990
412905 418385 2.787031 80.0 6 5480
418385 419535 6.683251 80.0 12 1150
419535 420865 2.599764 80.0 2 1330
420865 421425 4.8036 80.0 22 560
421425 422695 2.591092 80.0 2 1270
422695 428635 7.158153 80.0 15 5940
428635 429175 1.245737 80.0 18 540
429175 429965 -4.041274 80.0 17 790
429965 434105 -7.500849 80.0 11 4140
434105 436035 -2.672946 80.0 9 1930
436035 438245 -0.538022 80.0 9 2210
438245 438785 2.088695 80.0 26 540
438785 439705 5.936893 80.0 22 920
439705 440365 -0.223726 80.0 18 660
440365 440895 -5.936359 80.0 3 530
440895 441995 -2.850868 80.0 13 1100
441995 442805 -5.63022 80.0 3 810
442805 443375 -3.607466 80.0 29 570
443375 443795 -0.839523 80.0 28 420
443795 444355 0.517698 80.0 24 560
444355 445505 -0.864536 80.0 25 1150
