380451 381381 -0.01382 80.0 7 930
381381 386071 2.488081 80.0 10 4690
386071 386711 -1.00589 80.0 7 640
386711 395081 1.557459 80.0 0 8370
395081 395651 -0.53637 80.0 7 570
395651 396771 2.206977 80.0 19 1120
396771 397741 -1.751723 80.0 25 970
397741 398891 0.362784 80.0 24 1150
398891 399561 -0.209564 80.0 7 670
399561 403121 1.549485 80.0 14 3560
403121 405501 8.220204 80.0 4 2380
405501 405811 2.750051 80.0 16 310
405811 406501 -0.270129 80.0 1 690
406501 406771 -3.560462 80.0 17 270
406771 407711 -5.565832 80.0 3 940
407711 408101 -2.477748 80.0 8 390
408101 411341 2.62622 80.0 14 3240
411341 411841 6.514093 80.0 22 500
411841 412731 -1.012125 80.0 20 890
412731 418281 2.759962 80.0 6 5550
418281 419391 6.968088 80.0 12 1110
419391 422721 2.885734 80.0 23 3330
422721 428551 7.223944 80.0 15 5830
428551 428951 1.684918 80.0 18 400
428951 429801 -4.042766 80.0 17 850
429801 434051 -7.590843 80.0 11 4250
434051 434251 -2.364534 80.0 8 200
434251 434771 3.287304 80.0 19 520
434771 434961 -2.575291 80.0 17 190
434961 435581 -6.988891 80.0 3 620
435581 435811 -3.343709 80.0 29 230
435811 438241 -0.458514 80.0 9 2430
438241 438651 2.590928 80.0 26 410
438651 439611 6.402725 80.0 22 960
439611 440091 0.316984 80.0 18 480
440091 440831 -5.999314 80.0 3 740
440831 441741 -1.904284 80.0 13 910
441741 442741 -5.596967 80.0 3 1000
442741 443551 -2.396757 80.0 8 810
443551 444231 0.600003 80.0 24 680
444231 445511 -1.028368 80.0 25 1280
