380738 380988 0.828426 80.0 24 250
380988 381528 -0.631821 80.0 7 540
381528 386258 1.071659 80.0 10 4730
386258 386858 -0.655548 80.0 7 600
386858 396948 1.749545 80.0 27 10090
396948 398028 -1.400117 80.0 25 1080
398028 403098 1.302138 80.0 6 5070
403098 405738 7.658273 80.0 4 2640
405738 406098 1.987501 80.0 16 360
406098 406598 -0.577656 80.0 1 500
406598 407028 -3.54689 80.0 17 430
407028 407718 -5.542971 80.0 3 690
407718 408308 -2.654228 80.0 8 590
408308 410498 1.635674 80.0 21 2190
410498 411958 5.313515 80.0 22 1460
411958 412898 -0.491116 80.0 20 940
412898 418328 2.773213 80.0 6 5430
418328 419588 6.517029 80.0 12 1260
419588 420638 2.16495 80.0 2 1050
420638 421488 4.606807 80.0 22 850
421488 422618 2.364517 80.0 2 1130
422618 428688 7.102826 80.0 15 6070
428688 429158 0.912454 80.0 18 470
429158 429978 -4.067622 80.0 17 820
429978 434108 -7.515016 80.0 11 4130
434108 435188 -0.66665 80.0 13 1080
435188 435688 -6.393392 80.0 3 500
435688 436008 -3.50956 80.0 29 320
436008 438258 -0.534825 80.0 9 2250
438258 438718 1.894973 80.0 26 460
438718 439748 5.8044 80.0 22 1030
439748 440338 -0.471291 80.0 18 590
440338 440898 -5.937476 80.0 3 560
440898 441968 -2.751209 80.0 13 1070
441968 442808 -5.625571 80.0 3 840
442808 443368 -3.568552 80.0 29 560
443368 443788 -0.807687 80.0 28 420
443788 444348 0.565189 80.0 24 560
444348 445508 -0.859423 80.0 25 1160
