380470 380870 1.755329 80.0 19 400
380870 381390 -2.108727 80.0 25 520
381390 386080 1.150015 80.0 10 4690
386080 386730 -0.968885 80.0 7 650
386730 395090 1.557501 80.0 0 8360
395090 395670 -0.514015 80.0 7 580
395670 396790 2.192028 80.0 19 1120
396790 397740 -1.781324 80.0 25 950
397740 398910 0.356081 80.0 24 1170
398910 399570 -0.207343 80.0 7 660
399570 403110 1.530041 80.0 14 3540
403110 405530 8.157834 80.0 4 2420
405530 405830 2.563474 80.0 16 300
405830 406510 -0.289025 80.0 1 680
406510 406780 -3.53037 80.0 17 270
406780 407700 -5.567219 80.0 3 920
407700 408110 -2.601094 80.0 8 410
408110 410740 2.041569 80.0 21 2630
410740 411860 5.920415 80.0 22 1120
411860 412730 -1.074809 80.0 20 870
412730 418270 2.74663 80.0 6 5540
418270 419410 6.902483 80.0 12 1140
419410 422680 2.848657 80.0 23 3270
422680 428550 7.206694 80.0 15 5870
428550 428960 1.741415 80.0 18 410
428960 429810 -4.039689 80.0 17 850
429810 434060 -7.586934 80.0 11 4250
434060 434260 -2.315764 80.0 8 200
434260 434780 3.174375 80.0 19 520
434780 434980 -2.634038 80.0 17 200
434980 435590 -6.970005 80.0 3 610
435590 435820 -3.362586 80.0 29 230
435820 438260 -0.463354 80.0 9 2440
438260 438640 2.526125 80.0 26 380
438640 439630 6.339434 80.0 22 990
439630 440110 0.120071 80.0 18 480
440110 440830 -6.021663 80.0 3 720
440830 441750 -1.968121 80.0 13 920
441750 442750 -5.597578 80.0 3 1000
442750 443560 -2.401967 80.0 8 810
443560 444240 0.572209 80.0 24 680
444240 445510 -1.032518 80.0 25 1270
