380753 380993 0.850955 80.0 24 240
380993 381543 -0.573246 80.0 7 550
381543 386263 1.06902 80.0 10 4720
386263 386863 -0.627815 80.0 7 600
386863 396953 1.483854 80.0 27 10090
396953 398033 -1.387767 80.0 25 1080
398033 403163 1.342191 80.0 6 5130
403163 405703 7.784525 80.0 4 2540
405703 407023 -0.642659 80.0 18 1320
407023 407723 -5.523154 80.0 3 700
407723 408333 -2.577562 80.0 8 610
408333 410593 1.74376 80.0 21 2260
410593 411933 5.40071 80.0 22 1340
411933 412903 -0.314849 80.0 20 970
412903 418383 2.786367 80.0 6 5480
418383 419553 6.669042 80.0 12 1170
419553 420843 2.534824 80.0 2 1290
420843 421423 4.8102 80.0 22 580
421423 422683 2.563654 80.0 2 1260
422683 428663 7.143953 80.0 15 5980
428663 429173 1.050923 80.0 18 510
429173 429973 -4.065483 80.0 17 800
429973 434113 -7.504872 80.0 11 4140
434113 435183 -0.663489 80.0 13 1070
435183 435693 -6.295743 80.0 3 510
435693 436023 -3.49813 80.0 29 330
436023 438243 -0.538827 80.0 9 2220
438243 438773 2.039731 80.0 26 530
438773 439703 5.94486 80.0 22 930
439703 440353 -0.165589 80.0 18 650
440353 440903 -5.923071 80.0 3 550
440903 441983 -2.792925 80.0 13 1080
441983 442803 -5.634205 80.0 3 820
442803 443373 -3.602779 80.0 29 570
443373 443803 -0.807652 80.0 28 430
443803 444353 0.5485 80.0 24 550
444353 445503 -0.865765 80.0 25 1150
