380784 381014 0.662759 80.0 24 230
381014 381584 -0.501745 80.0 7 570
381584 386284 1.065271 80.0 10 4700
386284 386884 -0.581541 80.0 7 600
386884 396974 1.479142 80.0 27 10090
396974 398074 -1.342904 80.0 25 1100
398074 403124 1.08433 80.0 6 5050
403124 405764 7.626456 80.0 4 2640
405764 407054 -0.843295 80.0 18 1290
407054 407724 -5.523274 80.0 3 670
407724 408354 -2.598269 80.0 8 630
408354 410524 1.651341 80.0 21 2170
410524 411964 5.27928 80.0 22 1440
411964 412304 1.651882 80.0 16 340
412304 412924 -1.436994 80.0 7 620
412924 418354 3.806243 80.0 6 5430
418354 419584 6.489794 80.0 12 1230
419584 420674 2.258742 80.0 2 1090
420674 421494 4.596019 80.0 22 820
421494 422654 2.450771 80.0 2 1160
422654 428694 7.173994 80.0 15 6040
428694 429194 0.916274 80.0 18 500
429194 429984 -4.063086 80.0 17 790
429984 434124 -7.497785 80.0 11 4140
434124 436044 -2.670547 80.0 9 1920
436044 438254 -0.544937 80.0 9 2210
438254 438754 1.909991 80.0 26 500
438754 439744 5.780694 80.0 22 990
439744 440384 -0.46502 80.0 18 640
440384 440904 -5.93252 80.0 3 520
440904 442014 -2.889429 80.0 13 1110
442014 442824 -5.619987 80.0 3 810
442824 443394 -3.570217 80.0 29 570
443394 443824 -0.799521 80.0 28 430
443824 444354 0.519012 80.0 24 530
444354 445504 -0.865004 80.0 25 1150
