380489 380879 1.706609 80.0 19 390
380879 381399 -1.94421 80.0 7 520
381399 386099 1.456919 80.0 10 4700
386099 386729 -0.9743 80.0 7 630
386729 395089 1.555562 80.0 0 8360
395089 395669 -0.497904 80.0 7 580
395669 396809 2.134989 80.0 19 1140
396809 397779 -1.734328 80.0 25 970
397779 398929 0.361729 80.0 24 1150
398929 399579 -0.204493 80.0 7 650
399579 403099 1.512288 80.0 14 3520
403099 405549 8.105199 80.0 4 2450
405549 405849 2.468126 80.0 16 300
405849 406509 -0.285645 80.0 1 660
406509 406789 -3.448801 80.0 17 280
406789 407709 -5.555922 80.0 3 920
407709 408119 -2.594662 80.0 8 410
408119 410579 1.83126 80.0 21 2460
410579 411879 5.770979 80.0 22 1300
411879 412729 -1.128974 80.0 20 850
412729 418269 2.739221 80.0 6 5540
418269 419429 6.843847 80.0 12 1160
419429 422669 2.83673 80.0 23 3240
422669 428569 7.192771 80.0 15 5900
428569 428979 1.544969 80.0 18 410
428979 429819 -4.05953 80.0 17 840
429819 434059 -7.529044 80.0 11 4240
434059 434269 -2.401904 80.0 8 210
434269 434789 3.060222 80.0 19 520
434789 434979 -2.434155 80.0 17 190
434979 435589 -6.917058 80.0 3 610
435589 435839 -3.399075 80.0 29 250
435839 438259 -0.466447 80.0 9 2420
438259 438639 2.406421 80.0 26 380
438639 439649 6.281225 80.0 22 1010
439649 440129 -0.070158 80.0 18 480
440129 440829 -6.042979 80.0 3 700
440829 441759 -2.032628 80.0 13 930
441759 442749 -5.60463 80.0 3 990
442749 443579 -2.406369 80.0 8 830
443579 444249 0.555113 80.0 24 670
444249 445509 -1.037714 80.0 25 1260
