380579 380919 1.44636 80.0 24 340
380919 381449 -1.085327 80.0 7 530
381449 386159 2.135495 80.0 10 4710
386159 386779 -0.869043 80.0 7 620
386779 395119 1.55109 80.0 0 8340
395119 395689 -0.435579 80.0 7 570
395689 396859 2.211984 80.0 19 1170
396859 397869 -1.60473 80.0 25 1010
397869 399019 0.359644 80.0 24 1150
399019 399619 -0.192111 80.0 7 600
399619 403079 1.536647 80.0 14 3460
403079 405629 7.902024 80.0 4 2550
405629 405939 2.168671 80.0 16 310
405939 406539 -0.363431 80.0 1 600
406539 406869 -3.456674 80.0 17 330
406869 407719 -5.544015 80.0 3 850
407719 408189 -2.587976 80.0 8 470
408189 410529 1.737205 80.0 21 2340
410529 411919 5.576069 80.0 22 1390
411919 412749 -1.010166 80.0 20 830
412749 418269 2.722997 80.0 6 5520
418269 419489 6.612129 80.0 12 1220
419489 420789 2.428819 80.0 2 1300
420789 421389 5.039423 80.0 22 600
421389 422619 2.372494 80.0 2 1230
422619 428629 7.127587 80.0 15 6010
428629 429039 1.174277 80.0 18 410
429039 429949 -4.048194 80.0 17 910
429949 434079 -7.546006 80.0 11 4130
434079 434309 -2.498484 80.0 8 230
434309 434829 2.519284 80.0 19 520
434829 435059 -2.592545 80.0 17 230
435059 435629 -6.769164 80.0 3 570
435629 435889 -3.474269 80.0 29 260
435889 438259 -0.498833 80.0 9 2370
438259 438649 2.064598 80.0 26 390
438649 439689 6.080475 80.0 22 1040
439689 440209 -0.333183 80.0 18 520
440209 440859 -6.043587 80.0 3 650
440859 441849 -2.340686 80.0 13 990
441849 442779 -5.632597 80.0 3 930
442779 443279 -3.480372 80.0 29 500
443279 443659 -0.884637 80.0 28 380
443659 444249 0.510041 80.0 24 590
444249 445509 -1.022544 80.0 25 1260
