380525 380895 1.616515 80.0 19 370
380895 381425 -1.756231 80.0 7 530
381425 386115 1.448462 80.0 10 4690
386115 386755 -0.912599 80.0 7 640
386755 395095 1.555867 80.0 0 8340
395095 395685 -0.460846 80.0 7 590
395685 396835 2.322429 80.0 19 1150
396835 397815 -1.686123 80.0 25 980
397815 398965 0.360877 80.0 24 1150
398965 399585 -0.202688 80.0 7 620
399585 403055 1.533625 80.0 14 3470
403055 405605 7.940119 80.0 4 2550
405605 405885 2.16963 80.0 16 280
405885 406525 -0.323388 80.0 1 640
406525 406835 -3.530246 80.0 17 310
406835 407715 -5.557868 80.0 3 880
407715 408155 -2.547459 80.0 8 440
408155 410525 1.757858 80.0 21 2370
410525 411905 5.656763 80.0 22 1380
411905 412735 -1.148654 80.0 20 830
412735 418245 2.722266 80.0 6 5510
418245 419485 6.647426 80.0 12 1240
419485 420775 2.138444 80.0 2 1290
420775 421375 5.113455 80.0 22 600
421375 422595 2.312478 80.0 2 1220
422595 428625 7.128104 80.0 15 6030
428625 429005 1.128947 80.0 18 380
429005 429945 -4.048492 80.0 17 940
429945 434075 -7.552004 80.0 11 4130
434075 434275 -2.477571 80.0 8 200
434275 434795 2.831208 80.0 19 520
434795 435015 -2.400094 80.0 17 220
435015 435615 -6.841402 80.0 3 600
435615 435855 -3.398079 80.0 29 240
435855 438255 -0.485388 80.0 9 2400
438255 438615 2.05232 80.0 26 360
438615 439685 6.126662 80.0 22 1070
439685 440155 -0.293198 80.0 18 470
440155 440845 -6.030597 80.0 3 690
440845 441805 -2.178713 80.0 13 960
441805 442765 -5.622448 80.0 3 960
442765 443605 -2.398436 80.0 8 840
443605 444245 0.536871 80.0 24 640
444245 445505 -1.031035 80.0 25 1260
