380774 381024 0.719159 80.0 24 250
381024 381554 -0.539852 80.0 7 530
381554 386284 1.060581 80.0 10 4730
386284 386884 -0.589185 80.0 7 600
386884 396974 1.48001 80.0 27 10090
396974 398064 -1.357927 80.0 25 1090
398064 403114 1.078748 80.0 6 5050
403114 405754 7.635019 80.0 4 2640
405754 407054 -0.84387 80.0 18 1300
407054 407724 -5.532641 80.0 3 670
407724 408344 -2.613043 80.0 8 620
408344 410534 1.661426 80.0 21 2190
410534 411954 5.310344 80.0 22 1420
411954 412284 1.782681 80.0 16 330
412284 412914 -1.440874 80.0 7 630
412914 418344 3.793467 80.0 6 5430
418344 419594 6.470665 80.0 12 1250
419594 420644 2.187157 80.0 2 1050
420644 421504 4.577683 80.0 22 860
421504 422644 2.408925 80.0 2 1140
422644 428694 7.104915 80.0 15 6050
428694 429184 0.928498 80.0 18 490
429184 429974 -4.047409 80.0 17 790
429974 434114 -7.500817 80.0 11 4140
434114 436044 -2.672449 80.0 9 1930
436044 438264 -0.534456 80.0 9 2220
438264 438744 1.917667 80.0 26 480
438744 439754 5.768259 80.0 22 1010
439754 440374 -0.512282 80.0 18 620
440374 440894 -5.949523 80.0 3 520
440894 442004 -2.869848 80.0 13 1110
442004 442814 -5.627935 80.0 3 810
442814 443384 -3.598023 80.0 29 570
443384 443814 -0.818337 80.0 28 430
443814 444354 0.52148 80.0 24 540
444354 445504 -0.865207 80.0 25 1150
