380637 380947 1.199497 80.0 24 310
380947 381477 -0.908854 80.0 7 530
381477 386197 1.933358 80.0 10 4720
386197 386807 -0.790572 80.0 7 610
386807 395157 1.543626 80.0 0 8350
395157 395697 -0.401245 80.0 7 540
395697 396887 2.095237 80.0 19 1190
396887 397927 -1.517976 80.0 25 1040
397927 399067 0.358979 80.0 24 1140
399067 399607 -0.187645 80.0 7 540
399607 403157 1.567076 80.0 14 3550
403157 405617 7.976477 80.0 4 2460
405617 405997 2.417428 80.0 16 380
405997 406557 -0.432039 80.0 1 560
406557 406937 -3.521162 80.0 17 380
406937 407717 -5.548202 80.0 3 780
407717 408237 -2.590647 80.0 8 520
408237 410687 1.902292 80.0 21 2450
410687 411897 5.638416 80.0 22 1210
411897 412807 -0.598961 80.0 20 910
412807 418357 2.765386 80.0 6 5550
418357 419467 6.727826 80.0 12 1110
419467 422727 2.98752 80.0 23 3260
422727 428597 7.224317 80.0 15 5870
428597 429087 1.392123 80.0 18 490
429087 429947 -4.059638 80.0 17 860
429947 434087 -7.528236 80.0 11 4140
434087 434337 -2.542452 80.0 8 250
434337 434847 2.163676 80.0 19 510
434847 435097 -2.476682 80.0 17 250
435097 435647 -6.611876 80.0 3 550
435647 435937 -3.471132 80.0 29 290
435937 438257 -0.510107 80.0 9 2320
438257 438737 2.330311 80.0 26 480
438737 439667 6.154484 80.0 22 930
439667 440257 -0.08599 80.0 18 590
440257 440867 -6.025078 80.0 3 610
440867 441887 -2.504254 80.0 13 1020
441887 442787 -5.631881 80.0 3 900
442787 443317 -3.508714 80.0 29 530
443317 443717 -0.805445 80.0 28 400
443717 444247 0.487243 80.0 24 530
444247 445507 -1.010388 80.0 25 1260
