380800 381020 0.612663 80.0 24 220
381020 381590 -0.456511 80.0 7 570
381590 386300 1.058473 80.0 10 4710
386300 386890 -0.565679 80.0 7 590
386890 396980 1.476557 80.0 27 10090
396980 398090 -1.319947 80.0 25 1110
398090 403140 1.094099 80.0 6 5050
403140 405750 7.654841 80.0 4 2610
405750 407070 -0.788839 80.0 18 1320
407070 407730 -5.515216 80.0 3 660
407730 408360 -2.594542 80.0 8 630
408360 410550 1.67095 80.0 21 2190
410550 411940 5.306935 80.0 22 1390
411940 412310 1.839736 80.0 16 370
412310 412940 -1.376883 80.0 7 630
412940 418380 2.793446 80.0 6 5440
418380 419580 6.517801 80.0 12 1200
419580 420740 2.379667 80.0 2 1160
420740 421490 4.631125 80.0 22 750
421490 422670 2.492936 80.0 2 1180
422670 428680 7.184504 80.0 15 6010
428680 429210 0.975796 80.0 18 530
429210 429980 -4.070437 80.0 17 770
429980 434120 -7.493073 80.0 11 4140
434120 436060 -2.685222 80.0 9 1940
436060 438260 -0.542785 80.0 9 2200
438260 438770 1.973324 80.0 26 510
438770 439730 5.798435 80.0 22 960
439730 440390 -0.334847 80.0 18 660
440390 440900 -5.917517 80.0 3 510
440900 442020 -2.927599 80.0 13 1120
442020 442820 -5.615064 80.0 3 800
442820 443390 -3.618157 80.0 29 570
443390 443830 -0.83972 80.0 28 440
443830 444360 0.487369 80.0 24 530
444360 445510 -0.863083 80.0 25 1150
