380489 380879 1.701018 80.0 19 390
380879 381399 -1.942804 80.0 7 520
381399 386089 1.457333 80.0 10 4690
386089 386729 -0.957653 80.0 7 640
386729 395089 1.555501 80.0 0 8360
395089 395669 -0.497099 80.0 7 580
395669 396799 2.152899 80.0 19 1130
396799 397779 -1.715852 80.0 25 980
397779 398929 0.361696 80.0 24 1150
398929 399579 -0.204136 80.0 7 650
399579 403129 1.543655 80.0 14 3550
403129 405519 8.179635 80.0 4 2390
405519 405849 2.702684 80.0 16 330
405849 406509 -0.288502 80.0 1 660
406509 406789 -3.453751 80.0 17 280
406789 407709 -5.555322 80.0 3 920
407709 408119 -2.58681 80.0 8 410
408119 411269 2.603039 80.0 14 3150
411269 411859 6.288172 80.0 22 590
411859 412729 -0.991427 80.0 20 870
412729 418289 2.748261 80.0 6 5560
418289 419409 6.90696 80.0 12 1120
419409 422709 2.876726 80.0 23 3300
422709 428549 7.214827 80.0 15 5840
428549 428979 1.69804 80.0 18 430
428979 429819 -4.06088 80.0 17 840
429819 434059 -7.528841 80.0 11 4240
434059 434269 -2.383353 80.0 8 210
434269 434789 3.053657 80.0 19 520
434789 434979 -2.446738 80.0 17 190
434979 435589 -6.914058 80.0 3 610
435589 435839 -3.392403 80.0 29 250
435839 438239 -0.469993 80.0 9 2400
438239 438669 2.489452 80.0 26 430
438669 439609 6.370735 80.0 22 940
439609 440129 0.31244 80.0 18 520
440129 440829 -6.041974 80.0 3 700
440829 441759 -2.033437 80.0 13 930
441759 442749 -5.604281 80.0 3 990
442749 443579 -2.402461 80.0 8 830
443579 444229 0.57123 80.0 24 650
444229 445509 -1.021326 80.0 25 1280
