380756 380996 0.767329 80.0 24 240
380996 381546 -0.569678 80.0 7 550
381546 386266 1.068892 80.0 10 4720
386266 386866 -0.626909 80.0 7 600
386866 396956 1.746298 80.0 27 10090
396956 398046 -1.375115 80.0 25 1090
398046 403126 1.31334 80.0 6 5080
403126 405736 7.686949 80.0 4 2610
405736 407036 -0.795954 80.0 18 1300
407036 407726 -5.528043 80.0 3 690
407726 408336 -2.566694 80.0 8 610
408336 410546 1.689059 80.0 21 2210
410546 411946 5.349846 80.0 22 1400
411946 412896 -0.371554 80.0 20 950
412896 418366 2.776534 80.0 6 5470
418366 419566 6.60667 80.0 12 1200
419566 420756 2.392584 80.0 2 1190
420756 421476 4.695556 80.0 22 720
421476 422646 2.438743 80.0 2 1170
422646 428676 7.11806 80.0 15 6030
428676 429186 0.918254 80.0 18 510
429186 429976 -4.095052 80.0 17 790
429976 434106 -7.510477 80.0 11 4130
434106 435196 -0.745806 80.0 13 1090
435196 435696 -6.320643 80.0 3 500
435696 436026 -3.487276 80.0 29 330
436026 438256 -0.536405 80.0 9 2230
438256 438746 1.95874 80.0 26 490
438746 439736 5.840557 80.0 22 990
439736 440356 -0.394066 80.0 18 620
440356 440896 -5.943569 80.0 3 540
440896 441986 -2.815764 80.0 13 1090
441986 442806 -5.630999 80.0 3 820
442806 443376 -3.597569 80.0 29 570
443376 443806 -0.802495 80.0 28 430
443806 444356 0.546779 80.0 24 550
444356 445506 -0.865965 80.0 25 1150
