380680 380960 1.064558 80.0 24 280
380960 381500 -0.795571 80.0 7 540
381500 386220 1.806969 80.0 10 4720
386220 386820 -0.747722 80.0 7 600
386820 395180 1.53832 80.0 0 8360
395180 395700 -0.382064 80.0 7 520
395700 396920 1.998882 80.0 19 1220
396920 397970 -1.480805 80.0 25 1050
397970 399090 0.361791 80.0 24 1120
399090 399620 -0.173639 80.0 7 530
399620 403080 1.485922 80.0 14 3460
403080 405710 7.714653 80.0 4 2630
405710 406040 1.974571 80.0 16 330
406040 406570 -0.468134 80.0 1 530
406570 406970 -3.493975 80.0 17 400
406970 407720 -5.543184 80.0 3 750
407720 408270 -2.606473 80.0 8 550
408270 410490 1.658196 80.0 21 2220
410490 411960 5.370727 80.0 22 1470
411960 412840 -0.75242 80.0 20 880
412840 418300 2.751726 80.0 6 5460
418300 419560 6.626794 80.0 12 1260
419560 420640 2.177836 80.0 2 1080
420640 421480 4.66276 80.0 22 840
421480 422580 2.264056 80.0 2 1100
422580 428680 7.104748 80.0 15 6100
428680 429120 0.867411 80.0 18 440
429120 429970 -4.080624 80.0 17 850
429970 434090 -7.532444 80.0 11 4120
434090 434360 -2.659246 80.0 8 270
434360 434860 1.956472 80.0 19 500
434860 435130 -2.410373 80.0 17 270
435130 435670 -6.504674 80.0 3 540
435670 435960 -3.508077 80.0 29 290
435960 438260 -0.523707 80.0 9 2300
438260 438680 1.8861 80.0 26 420
438680 439730 5.883659 80.0 22 1050
439730 440290 -0.363544 80.0 18 560
440290 440890 -5.937863 80.0 3 600
440890 441930 -2.605215 80.0 13 1040
441930 442790 -5.645133 80.0 3 860
442790 443340 -3.555789 80.0 29 550
443340 443750 -0.804678 80.0 28 410
443750 444270 0.444205 80.0 24 520
444270 445510 -1.01761 80.0 25 1240
