380481 380871 1.741653 80.0 19 390
380871 381401 -2.031221 80.0 25 530
381401 386081 1.149524 80.0 10 4680
386081 386721 -0.968401 80.0 7 640
386721 395081 1.556309 80.0 0 8360
395081 395671 -0.49571 80.0 7 590
395671 396791 2.1805 80.0 19 1120
396791 397771 -1.720424 80.0 25 980
397771 398921 0.361871 80.0 24 1150
398921 399571 -0.206563 80.0 7 650
399571 403111 1.526254 80.0 14 3540
403111 405531 8.149693 80.0 4 2420
405531 405841 2.574271 80.0 16 310
405841 406501 -0.267774 80.0 1 660
406501 406781 -3.425258 80.0 17 280
406781 407711 -5.554442 80.0 3 930
407711 408111 -2.580265 80.0 8 400
408111 410701 1.986896 80.0 21 2590
410701 411861 5.877221 80.0 22 1160
411861 412731 -1.040379 80.0 20 870
412731 418281 2.749366 80.0 6 5550
418281 419411 6.904432 80.0 12 1130
419411 422691 2.859471 80.0 23 3280
422691 428551 7.212067 80.0 15 5860
428551 428971 1.695352 80.0 18 420
428971 429811 -4.049168 80.0 17 840
429811 434051 -7.528721 80.0 11 4240
434051 434261 -2.524146 80.0 8 210
434261 434791 3.038493 80.0 19 530
434791 434971 -2.478717 80.0 17 180
434971 435591 -6.902251 80.0 3 620
435591 435831 -3.378439 80.0 29 240
435831 438241 -0.468814 80.0 9 2410
438241 438651 2.42979 80.0 26 410
438651 439631 6.33606 80.0 22 980
439631 440121 0.091612 80.0 18 490
440121 440831 -6.028952 80.0 3 710
440831 441771 -2.051069 80.0 13 940
441771 442751 -5.611703 80.0 3 980
442751 443571 -2.399841 80.0 8 820
443571 444241 0.566091 80.0 24 670
444241 445511 -1.028573 80.0 25 1270
