380749 380989 0.777979 80.0 24 240
380989 381539 -0.578726 80.0 7 550
381539 386269 1.067527 80.0 10 4730
386269 386859 -0.642035 80.0 7 590
386859 396949 1.746994 80.0 27 10090
396949 398039 -1.376813 80.0 25 1090
398039 403159 1.469206 80.0 6 5120
403159 405699 7.784784 80.0 4 2540
405699 407029 -0.674668 80.0 18 1330
407029 407719 -5.531551 80.0 3 690
407719 408329 -2.580075 80.0 8 610
408329 410629 1.790814 80.0 21 2300
410629 411909 5.446824 80.0 22 1280
411909 412259 2.04651 80.0 16 350
412259 412899 -1.459362 80.0 7 640
412899 418389 2.789436 80.0 6 5490
418389 419529 6.730795 80.0 12 1140
419529 420879 2.619711 80.0 2 1350
420879 421419 4.840861 80.0 22 540
421419 422699 2.591558 80.0 2 1280
422699 428639 7.162873 80.0 15 5940
428639 429169 1.181676 80.0 18 530
429169 429969 -4.064726 80.0 17 800
429969 434109 -7.505441 80.0 11 4140
434109 435189 -0.696866 80.0 13 1080
435189 435689 -6.33567 80.0 3 500
435689 436019 -3.497206 80.0 29 330
436019 438259 -0.532643 80.0 9 2240
438259 438779 2.158542 80.0 26 520
438779 439699 5.964162 80.0 22 920
439699 440349 -0.158023 80.0 18 650
440349 440899 -5.928432 80.0 3 550
440899 441979 -2.789553 80.0 13 1080
441979 442809 -5.624304 80.0 3 830
442809 443369 -3.578268 80.0 29 560
443369 443789 -0.826851 80.0 28 420
443789 444359 0.531885 80.0 24 570
444359 445509 -0.8652 80.0 25 1150
