380566 380916 1.479482 80.0 24 350
380916 381446 -1.118822 80.0 7 530
381446 386146 1.960236 80.0 10 4700
386146 386766 -0.887179 80.0 7 620
386766 395126 1.548517 80.0 0 8360
395126 395686 -0.45385 80.0 7 560
395686 396856 2.228777 80.0 19 1170
396856 397856 -1.628877 80.0 25 1000
397856 399006 0.359953 80.0 24 1150
399006 399616 -0.192811 80.0 7 610
399616 403056 1.524522 80.0 14 3440
403056 405646 7.851867 80.0 4 2590
405646 405926 2.022976 80.0 16 280
405926 406536 -0.353245 80.0 1 610
406536 406866 -3.493748 80.0 17 330
406866 407726 -5.543818 80.0 3 860
407726 408186 -2.515427 80.0 8 460
408186 410506 1.720132 80.0 21 2320
410506 411916 5.578448 80.0 22 1410
411916 412736 -1.059359 80.0 20 820
412736 418256 3.595438 80.0 6 5520
418256 419496 6.591551 80.0 12 1240
419496 420726 2.075145 80.0 2 1230
420726 421406 4.953034 80.0 22 680
421406 422586 2.284683 80.0 2 1180
422586 428636 7.111554 80.0 15 6050
428636 429036 1.073163 80.0 18 400
429036 429956 -4.066523 80.0 17 920
429956 434076 -7.553099 80.0 11 4120
434076 434306 -2.492352 80.0 8 230
434306 434816 2.639733 80.0 19 510
434816 435046 -2.43882 80.0 17 230
435046 435626 -6.775212 80.0 3 580
435626 435876 -3.501559 80.0 29 250
435876 438256 -0.501071 80.0 9 2380
438256 438626 1.957641 80.0 26 370
438626 439706 6.035171 80.0 22 1080
439706 440196 -0.47388 80.0 18 490
440196 440856 -6.039237 80.0 3 660
440856 441846 -2.325149 80.0 13 990
441846 442766 -5.643354 80.0 3 920
442766 443286 -3.470394 80.0 29 520
443286 443656 -0.839525 80.0 28 370
443656 444246 0.526176 80.0 24 590
444246 445506 -1.022686 80.0 25 1260
