380551 380901 1.564778 80.0 19 350
380901 381441 -1.590454 80.0 7 540
381441 386141 1.43833 80.0 10 4700
386141 386761 -0.905969 80.0 7 620
386761 395111 1.551744 80.0 0 8350
395111 395681 -0.458421 80.0 7 570
395681 396851 2.248008 80.0 19 1170
396851 397841 -1.65299 80.0 25 990
397841 398991 0.360244 80.0 24 1150
398991 399601 -0.197195 80.0 7 610
399601 403101 1.562195 80.0 14 3500
403101 405591 8.005152 80.0 4 2490
405591 405911 2.367198 80.0 16 320
405911 406541 -0.365524 80.0 1 630
406541 406861 -3.572566 80.0 17 320
406861 407711 -5.561217 80.0 3 850
407711 408171 -2.605754 80.0 8 460
408171 410581 1.8068 80.0 21 2410
410581 411901 5.67382 80.0 22 1320
411901 412731 -1.02363 80.0 20 830
412731 418291 2.727096 80.0 6 5560
418291 419461 6.743438 80.0 12 1170
419461 422661 2.835182 80.0 23 3200
422661 428601 7.161455 80.0 15 5940
428601 429021 1.360366 80.0 18 420
429021 429941 -4.042766 80.0 17 920
429941 434081 -7.542023 80.0 11 4140
434081 434291 -2.424177 80.0 8 210
434291 434811 2.669986 80.0 19 520
434811 435031 -2.454851 80.0 17 220
435031 435621 -6.786931 80.0 3 590
435621 435871 -3.433587 80.0 29 250
435871 438261 -0.49022 80.0 9 2390
438261 438661 2.252171 80.0 26 400
438661 439661 6.196061 80.0 22 1000
439661 440181 -0.074456 80.0 18 520
440181 440851 -6.032403 80.0 3 670
440851 441831 -2.274876 80.0 13 980
441831 442761 -5.636546 80.0 3 930
442761 443271 -3.471976 80.0 29 510
443271 443641 -0.865993 80.0 28 370
443641 444241 0.531795 80.0 24 600
444241 445511 -1.022634 80.0 25 1270
