380525 380895 1.600782 80.0 19 370
380895 381425 -1.768133 80.0 7 530
381425 386115 1.443436 80.0 10 4690
386115 386745 -0.918616 80.0 7 630
386745 395095 1.553707 80.0 0 8350
395095 395675 -0.465696 80.0 7 580
395675 396825 2.316513 80.0 19 1150
396825 397815 -1.664178 80.0 25 990
397815 398965 0.360814 80.0 24 1150
398965 399585 -0.201235 80.0 7 620
399585 403145 1.617579 80.0 14 3560
403145 405535 8.153378 80.0 4 2390
405535 405885 2.659045 80.0 16 350
405885 406515 -0.304775 80.0 1 630
406515 406835 -3.506976 80.0 17 320
406835 407715 -5.556448 80.0 3 880
407715 408145 -2.575391 80.0 8 430
408145 411285 2.600008 80.0 14 3140
411285 411855 6.267759 80.0 22 570
411855 412735 -0.81945 80.0 20 880
412735 418315 2.748466 80.0 6 5580
418315 419405 6.914391 80.0 12 1090
419405 422745 2.916228 80.0 23 3340
422745 428545 7.220042 80.0 15 5800
428545 429005 1.722259 80.0 18 460
429005 429935 -4.044389 80.0 17 930
429935 434055 -7.55721 80.0 11 4120
434055 434275 -2.645741 80.0 8 220
434275 434795 2.8067 80.0 19 520
434795 435015 -2.444426 80.0 17 220
435015 435605 -6.857462 80.0 3 590
435605 435845 -3.502069 80.0 29 240
435845 438245 -0.492472 80.0 9 2400
438245 438695 2.506327 80.0 26 450
438695 439615 6.346651 80.0 22 920
439615 440165 0.231961 80.0 18 550
440165 440845 -6.039235 80.0 3 680
440845 441805 -2.185849 80.0 13 960
441805 442755 -5.627665 80.0 3 950
442755 443255 -3.451686 80.0 29 500
443255 443605 -0.931256 80.0 28 350
443605 444235 0.544469 80.0 24 630
444235 445505 -1.023482 80.0 25 1270
