380650 380940 1.222259 80.0 24 290
380940 381490 -0.854957 80.0 7 550
381490 386200 1.878361 80.0 10 4710
386200 386810 -0.778215 80.0 7 610
386810 395170 1.540913 80.0 0 8360
395170 395700 -0.401149 80.0 7 530
395700 396900 2.066279 80.0 19 1200
396900 397940 -1.513457 80.0 25 1040
397940 399080 0.357998 80.0 24 1140
399080 399620 -0.182219 80.0 7 540
399620 403080 1.499735 80.0 14 3460
403080 405690 7.763174 80.0 4 2610
405690 406010 2.018384 80.0 16 320
406010 406560 -0.431098 80.0 1 550
406560 406940 -3.472681 80.0 17 380
406940 407720 -5.542042 80.0 3 780
407720 408250 -2.586262 80.0 8 530
408250 410510 1.690945 80.0 21 2260
410510 411940 5.445986 80.0 22 1430
411940 412810 -0.781108 80.0 20 870
412810 418300 2.743527 80.0 6 5490
418300 419550 6.702324 80.0 12 1250
419550 420700 2.267252 80.0 2 1150
420700 421450 4.778653 80.0 22 750
421450 422600 2.312634 80.0 2 1150
422600 428670 7.128314 80.0 15 6070
428670 429100 0.896299 80.0 18 430
429100 429950 -4.06371 80.0 17 850
429950 434090 -7.525609 80.0 11 4140
434090 434350 -2.549556 80.0 8 260
434350 434850 2.137496 80.0 19 500
434850 435110 -2.436346 80.0 17 260
435110 435660 -6.575747 80.0 3 550
435660 435940 -3.494339 80.0 29 280
435940 438260 -0.51679 80.0 9 2320
438260 438680 1.975369 80.0 26 420
438680 439720 5.958631 80.0 22 1040
439720 440280 -0.407055 80.0 18 560
440280 440890 -5.947497 80.0 3 610
440890 441900 -2.495578 80.0 13 1010
441900 442790 -5.635705 80.0 3 890
442790 443320 -3.538488 80.0 29 530
443320 443720 -0.840122 80.0 28 400
443720 444260 0.462631 80.0 24 540
444260 445510 -1.015391 80.0 25 1250
