380497 380887 1.6673 80.0 19 390
380887 381407 -2.015948 80.0 7 520
381407 386097 1.14339 80.0 10 4690
386097 386737 -0.947714 80.0 7 640
386737 395097 1.554771 80.0 0 8360
395097 395667 -0.498596 80.0 7 570
395667 396807 2.126256 80.0 19 1140
396807 397787 -1.711823 80.0 25 980
397787 398937 0.361524 80.0 24 1150
398937 399577 -0.206171 80.0 7 640
399577 403097 1.505414 80.0 14 3520
403097 405557 8.085694 80.0 4 2460
405557 405857 2.433197 80.0 16 300
405857 406517 -0.306243 80.0 1 660
406517 406797 -3.478929 80.0 17 280
406797 407707 -5.556547 80.0 3 910
407707 408127 -2.603186 80.0 8 420
408127 410577 1.82619 80.0 21 2450
410577 411877 5.763556 80.0 22 1300
411877 412737 -1.076958 80.0 20 860
412737 418267 2.73864 80.0 6 5530
418267 419437 6.819949 80.0 12 1170
419437 422657 2.82621 80.0 23 3220
422657 428587 7.177458 80.0 15 5930
428587 428987 1.384531 80.0 18 400
428987 429817 -4.063915 80.0 17 830
429817 434067 -7.522684 80.0 11 4250
434067 434267 -2.38906 80.0 8 200
434267 434787 3.024513 80.0 19 520
434787 434987 -2.403335 80.0 17 200
434987 435597 -6.902232 80.0 3 610
435597 435827 -3.464778 80.0 29 230
435827 438257 -0.481151 80.0 9 2430
438257 438637 2.340867 80.0 26 380
438637 439647 6.27562 80.0 22 1010
439647 440137 -0.052004 80.0 18 490
440137 440847 -6.023431 80.0 3 710
440847 441767 -2.011066 80.0 13 920
441767 442757 -5.605808 80.0 3 990
442757 443587 -2.383165 80.0 8 830
443587 444247 0.557947 80.0 24 660
444247 445507 -1.037647 80.0 25 1260
