380676 380956 1.049252 80.0 24 280
380956 381496 -0.787678 80.0 7 540
381496 386216 1.792688 80.0 10 4720
386216 386816 -0.744408 80.0 7 600
386816 395186 1.536333 80.0 0 8370
395186 395696 -0.385199 80.0 7 510
395696 396916 1.996833 80.0 19 1220
396916 397966 -1.478539 80.0 25 1050
397966 403176 1.132275 80.0 6 5210
403176 405616 7.971718 80.0 4 2440
405616 406036 2.491964 80.0 16 420
406036 406576 -0.50523 80.0 1 540
406576 406966 -3.536358 80.0 17 390
406966 407726 -5.533643 80.0 3 760
407726 408266 -2.550477 80.0 8 540
408266 410756 1.966398 80.0 21 2490
410756 411876 5.649446 80.0 22 1120
411876 412836 -0.325088 80.0 20 960
412836 418396 2.782679 80.0 6 5560
418396 419466 7.012126 80.0 12 1070
419466 422766 3.031844 80.0 23 3300
422766 428586 7.232166 80.0 15 5820
428586 429116 1.455721 80.0 18 530
429116 429956 -4.071001 80.0 17 840
429956 434096 -7.519993 80.0 11 4140
434096 434356 -2.522179 80.0 8 260
434356 434856 1.934339 80.0 19 500
434856 435126 -2.429027 80.0 17 270
435126 435666 -6.491349 80.0 3 540
435666 435966 -3.447427 80.0 29 300
435966 438256 -0.518125 80.0 9 2290
438256 438776 2.380955 80.0 26 520
438776 439666 6.153411 80.0 22 890
439666 440286 0.086676 80.0 18 620
440286 440886 -5.934028 80.0 3 600
440886 441926 -2.609967 80.0 13 1040
441926 442796 -5.634684 80.0 3 870
442796 443326 -3.550212 80.0 29 530
443326 443746 -0.82452 80.0 28 420
443746 444256 0.453234 80.0 24 510
444256 445506 -1.009943 80.0 25 1250
