380704 380964 0.960256 80.0 24 260
380964 381514 -0.696783 80.0 7 550
381514 386234 1.303919 80.0 10 4720
386234 386844 -0.687662 80.0 7 610
386844 395194 1.537321 80.0 0 8350
395194 395694 -0.364502 80.0 7 500
395694 396924 1.947173 80.0 19 1230
396924 397994 -1.431033 80.0 25 1070
397994 403214 1.154507 80.0 6 5220
403214 405624 7.988205 80.0 4 2410
405624 406064 2.520457 80.0 16 440
406064 406584 -0.530364 80.0 1 520
406584 406994 -3.534901 80.0 17 410
406994 407724 -5.537862 80.0 3 730
407724 408284 -2.592458 80.0 8 560
408284 410914 2.133201 80.0 21 2630
410914 411874 5.715137 80.0 22 960
411874 412864 -0.203348 80.0 20 990
412864 418414 2.794155 80.0 6 5550
418414 419464 6.992649 80.0 12 1050
419464 422794 3.05708 80.0 23 3330
422794 428584 7.237826 80.0 15 5790
428584 429134 1.507996 80.0 18 550
429134 429964 -4.063974 80.0 17 830
429964 434104 -7.514382 80.0 11 4140
434104 435154 -0.482345 80.0 13 1050
435154 435674 -6.44709 80.0 3 520
435674 435994 -3.437618 80.0 29 320
435994 438254 -0.520095 80.0 9 2260
438254 438824 2.489275 80.0 26 570
438824 439664 6.169742 80.0 22 840
439664 440324 -0.002003 80.0 18 660
440324 440884 -5.967217 80.0 3 560
440884 441954 -2.710811 80.0 13 1070
441954 442794 -5.6436 80.0 3 840
442794 443344 -3.579347 80.0 29 550
443344 445504 -0.643572 80.0 9 2160
