380512 380882 1.678245 80.0 19 370
380882 381422 -1.788803 80.0 7 540
381422 386112 1.453446 80.0 10 4690
386112 386742 -0.943767 80.0 7 630
386742 395102 1.553381 80.0 0 8360
395102 395672 -0.489855 80.0 7 570
395672 396822 2.095833 80.0 19 1150
396822 397802 -1.704394 80.0 25 980
397802 398952 0.361121 80.0 24 1150
398952 399592 -0.200682 80.0 7 640
399592 403092 1.57687 80.0 14 3500
403092 405562 8.061512 80.0 4 2470
405562 405872 2.437889 80.0 16 310
405872 406522 -0.317572 80.0 1 650
406522 406812 -3.493993 80.0 17 290
406812 407712 -5.555315 80.0 3 900
407712 408142 -2.557954 80.0 8 430
408142 410572 1.81739 80.0 21 2430
410572 411872 5.741758 80.0 22 1300
411872 412732 -0.989568 80.0 20 860
412732 418272 2.73442 80.0 6 5540
418272 419442 6.798024 80.0 12 1170
419442 422662 2.831726 80.0 23 3220
422662 428582 7.180586 80.0 15 5920
428582 428992 1.472969 80.0 18 410
428992 429832 -4.065232 80.0 17 840
429832 434062 -7.531238 80.0 11 4230
434062 434282 -2.415576 80.0 8 220
434282 434792 2.977309 80.0 19 510
434792 435002 -2.428232 80.0 17 210
435002 435602 -6.883767 80.0 3 600
435602 435842 -3.450905 80.0 29 240
435842 438262 -0.48076 80.0 9 2420
438262 438652 2.393844 80.0 26 390
438652 439652 6.262703 80.0 22 1000
439652 440142 -0.004847 80.0 18 490
440142 440842 -6.021286 80.0 3 700
440842 441782 -2.096401 80.0 13 940
441782 442752 -5.61705 80.0 3 970
442752 443602 -2.400246 80.0 8 850
443602 444242 0.552647 80.0 24 640
444242 445512 -1.025651 80.0 25 1270
