380770 381010 0.698805 80.0 24 240
381010 381550 -0.537838 80.0 7 540
381550 386270 1.06476 80.0 10 4720
386270 386870 -0.604374 80.0 7 600
386870 396960 1.741908 80.0 27 10090
396960 398060 -1.352676 80.0 25 1100
398060 403120 1.231295 80.0 6 5060
403120 405750 7.648546 80.0 4 2630
405750 407040 -0.805332 80.0 18 1290
407040 407720 -5.523375 80.0 3 680
407720 408340 -2.620706 80.0 8 620
408340 410530 1.662626 80.0 21 2190
410530 411950 5.310029 80.0 22 1420
411950 412290 1.734057 80.0 16 340
412290 412910 -1.464771 80.0 7 620
412910 418340 2.775237 80.0 6 5430
418340 419590 6.472631 80.0 12 1250
419590 420660 2.221931 80.0 2 1070
420660 421490 4.595856 80.0 22 830
421490 422640 2.423887 80.0 2 1150
422640 428690 7.10422 80.0 15 6050
428690 429190 0.882158 80.0 18 500
429190 429980 -4.080294 80.0 17 790
429980 434110 -7.506248 80.0 11 4130
434110 435200 -0.78087 80.0 13 1090
435200 435700 -6.255816 80.0 3 500
435700 436040 -3.479789 80.0 29 340
436040 438260 -0.53471 80.0 9 2220
438260 438740 1.916759 80.0 26 480
438740 439740 5.786698 80.0 22 1000
439740 440370 -0.436158 80.0 18 630
440370 440910 -5.914403 80.0 3 540
440910 442000 -2.833316 80.0 13 1090
442000 442810 -5.628984 80.0 3 810
442810 443380 -3.606527 80.0 29 570
443380 443810 -0.821866 80.0 28 430
443810 444350 0.530185 80.0 24 540
444350 445510 -0.858552 80.0 25 1160
