380780 381020 0.65748 80.0 24 240
381020 381560 -0.515474 80.0 7 540
381560 386290 1.059927 80.0 10 4730
386290 386870 -0.60887 80.0 7 580
386870 396970 1.738099 80.0 27 10100
396970 398070 -1.345899 80.0 25 1100
398070 403140 1.094355 80.0 6 5070
403140 405750 7.670046 80.0 4 2610
405750 407050 -0.795921 80.0 18 1300
407050 407730 -5.515683 80.0 3 680
407730 408350 -2.579034 80.0 8 620
408350 410540 1.670216 80.0 21 2190
410540 411950 5.30899 80.0 22 1410
411950 412290 1.794672 80.0 16 340
412290 412920 -1.421143 80.0 7 630
412920 418360 2.781912 80.0 6 5440
418360 419570 6.535339 80.0 12 1210
419570 420760 2.411414 80.0 2 1190
420760 421490 4.66247 80.0 22 730
421490 422660 2.460219 80.0 2 1170
422660 428680 7.116432 80.0 15 6020
428680 429200 0.943032 80.0 18 520
429200 429970 -4.07168 80.0 17 770
429970 434120 -7.491874 80.0 11 4150
434120 435210 -0.801389 80.0 13 1090
435210 435710 -6.217218 80.0 3 500
435710 436040 -3.48869 80.0 29 330
436040 438260 -0.542467 80.0 9 2220
438260 438760 1.969435 80.0 26 500
438760 439730 5.822337 80.0 22 970
439730 440380 -0.367567 80.0 18 650
440380 440900 -5.936009 80.0 3 520
440900 442010 -2.884981 80.0 13 1110
442010 442820 -5.622576 80.0 3 810
442820 443390 -3.579336 80.0 29 570
443390 443820 -0.807702 80.0 28 430
443820 444360 0.513314 80.0 24 540
444360 445510 -0.86492 80.0 25 1150
