380598 380918 1.416222 80.0 24 320
380918 381458 -1.009812 80.0 7 540
381458 386168 1.802307 80.0 10 4710
386168 386788 -0.837639 80.0 7 620
386788 395138 1.547372 80.0 0 8350
395138 395688 -0.432497 80.0 7 550
395688 396878 2.147692 80.0 19 1190
396878 397888 -1.591095 80.0 25 1010
397888 399038 0.358768 80.0 24 1150
399038 399608 -0.194458 80.0 7 570
399608 403088 1.528864 80.0 14 3480
403088 405628 7.900455 80.0 4 2540
405628 405958 2.24098 80.0 16 330
405958 406548 -0.392992 80.0 1 590
406548 406888 -3.476293 80.0 17 340
406888 407718 -5.542879 80.0 3 830
407718 408208 -2.577044 80.0 8 490
408208 410538 1.739833 80.0 21 2330
410538 411908 5.572587 80.0 22 1370
411908 412768 -0.846346 80.0 20 860
412768 418298 2.734858 80.0 6 5530
418298 419488 6.644424 80.0 12 1190
419488 420788 2.436716 80.0 2 1300
420788 421388 5.011357 80.0 22 600
421388 422628 2.404913 80.0 2 1240
422628 428628 7.126846 80.0 15 6000
428628 429058 1.160864 80.0 18 430
429058 429948 -4.060023 80.0 17 890
429948 434078 -7.542163 80.0 11 4130
434078 434318 -2.560514 80.0 8 240
434318 434838 2.386203 80.0 19 520
434838 435068 -2.543289 80.0 17 230
435068 435638 -6.695972 80.0 3 570
435638 435898 -3.500719 80.0 29 260
435898 438258 -0.508383 80.0 9 2360
438258 438658 2.039028 80.0 26 400
438658 439688 6.067396 80.0 22 1030
439688 440228 -0.317437 80.0 18 540
440228 440868 -6.032847 80.0 3 640
440868 441858 -2.370293 80.0 13 990
441858 442778 -5.633173 80.0 3 920
442778 443288 -3.512825 80.0 29 510
443288 443678 -0.866741 80.0 28 390
443678 444258 0.492228 80.0 24 580
444258 445508 -1.026233 80.0 25 1250
