380590 380910 1.467571 80.0 24 320
380910 381460 -1.009767 80.0 7 550
381460 386160 2.090324 80.0 10 4700
386160 386780 -0.849505 80.0 7 620
386780 395130 1.548116 80.0 0 8350
395130 395700 -0.42592 80.0 7 570
395700 396870 2.195307 80.0 19 1170
396870 397880 -1.596045 80.0 25 1010
397880 399030 0.358933 80.0 24 1150
399030 399600 -0.196607 80.0 7 570
399600 403080 1.522494 80.0 14 3480
403080 405640 7.877956 80.0 4 2560
405640 405950 2.1473 80.0 16 310
405950 406540 -0.367871 80.0 1 590
406540 406890 -3.488378 80.0 17 350
406890 407720 -5.548414 80.0 3 830
407720 408200 -2.577954 80.0 8 480
408200 410520 1.723014 80.0 21 2320
410520 411920 5.551103 80.0 22 1400
411920 412760 -0.953949 80.0 20 840
412760 418280 2.728603 80.0 6 5520
418280 419490 6.613228 80.0 12 1210
419490 420770 2.406495 80.0 2 1280
420770 421390 4.997231 80.0 22 620
421390 422620 2.381955 80.0 2 1230
422620 428630 7.124619 80.0 15 6010
428630 429060 1.082976 80.0 18 430
429060 429950 -4.0779 80.0 17 890
429950 434080 -7.542285 80.0 11 4130
434080 434320 -2.459296 80.0 8 240
434320 434830 2.472 80.0 19 510
434830 435070 -2.569708 80.0 17 240
435070 435630 -6.749461 80.0 3 560
435630 435900 -3.485973 80.0 29 270
435900 438260 -0.499967 80.0 9 2360
438260 438660 2.087371 80.0 26 400
438660 439690 6.075616 80.0 22 1030
439690 440220 -0.329378 80.0 18 530
440220 440860 -6.03685 80.0 3 640
440860 441850 -2.356719 80.0 13 990
441850 442780 -5.628822 80.0 3 930
442780 443280 -3.50983 80.0 29 500
443280 443680 -0.866834 80.0 28 400
443680 444240 0.521044 80.0 24 560
444240 445510 -1.012146 80.0 25 1270
