380537 380897 1.594127 80.0 19 360
380897 381437 -1.681787 80.0 7 540
381437 386127 1.444219 80.0 10 4690
386127 386757 -0.911042 80.0 7 630
386757 395097 1.554853 80.0 0 8340
395097 395677 -0.461392 80.0 7 580
395677 396837 2.286436 80.0 19 1160
396837 397827 -1.662327 80.0 25 990
397827 398977 0.360576 80.0 24 1150
398977 399597 -0.199279 80.0 7 620
399597 403067 1.541449 80.0 14 3470
403067 405607 7.945701 80.0 4 2540
405607 405897 2.19681 80.0 16 290
405897 406527 -0.328745 80.0 1 630
406527 406837 -3.484476 80.0 17 310
406837 407707 -5.557068 80.0 3 870
407707 408157 -2.63446 80.0 8 450
408157 410527 1.7497 80.0 21 2370
410527 411897 5.650829 80.0 22 1370
411897 412737 -1.046518 80.0 20 840
412737 418257 3.633259 80.0 6 5520
418257 419477 6.671128 80.0 12 1220
419477 420777 2.163597 80.0 2 1300
420777 421377 5.097468 80.0 22 600
421377 422617 2.353121 80.0 2 1240
422617 428627 7.134934 80.0 15 6010
428627 429017 1.09218 80.0 18 390
429017 429947 -4.059925 80.0 17 930
429947 434077 -7.550841 80.0 11 4130
434077 434287 -2.428072 80.0 8 210
434287 434817 2.716547 80.0 19 530
434817 435017 -2.526243 80.0 17 200
435017 435617 -6.806686 80.0 3 600
435617 435867 -3.398878 80.0 29 250
435867 438257 -0.485963 80.0 9 2390
438257 438627 2.08707 80.0 26 370
438627 439687 6.123519 80.0 22 1060
439687 440167 -0.31097 80.0 18 480
440167 440857 -6.021418 80.0 3 690
440857 441817 -2.198148 80.0 13 960
441817 442767 -5.628795 80.0 3 950
442767 443627 -2.365649 80.0 8 860
443627 444247 0.539414 80.0 24 620
444247 445507 -1.028837 80.0 25 1260
