380572 380912 1.496336 80.0 24 340
380912 381452 -1.08734 80.0 7 540
381452 386152 1.950697 80.0 10 4700
386152 386772 -0.878441 80.0 7 620
386772 395122 1.549842 80.0 0 8350
395122 395682 -0.449592 80.0 7 560
395682 396862 2.202697 80.0 19 1180
396862 397862 -1.625653 80.0 25 1000
397862 399012 0.359839 80.0 24 1150
399012 399622 -0.190896 80.0 7 610
399622 403052 1.520235 80.0 14 3430
403052 405652 7.834627 80.0 4 2600
405652 405932 1.996027 80.0 16 280
405932 406532 -0.33995 80.0 1 600
406532 406872 -3.468029 80.0 17 340
406872 407722 -5.55035 80.0 3 850
407722 408192 -2.53322 80.0 8 470
408192 410492 1.706008 80.0 21 2300
410492 411932 5.535214 80.0 22 1440
411932 412742 -1.126151 80.0 20 810
412742 418262 3.623181 80.0 6 5520
418262 419512 6.565085 80.0 12 1250
419512 420732 2.310972 80.0 2 1220
420732 421412 4.946969 80.0 22 680
421412 422582 2.272143 80.0 2 1170
422582 428642 7.105138 80.0 15 6060
428642 429032 1.100117 80.0 18 390
429032 429942 -4.035378 80.0 17 910
429942 434082 -7.540145 80.0 11 4140
434082 434312 -2.397759 80.0 8 230
434312 434822 2.607647 80.0 19 510
434822 435052 -2.504524 80.0 17 230
435052 435632 -6.761367 80.0 3 580
435632 435882 -3.461061 80.0 29 250
435882 438262 -0.499402 80.0 9 2380
438262 438622 1.945643 80.0 26 360
438622 439702 6.021619 80.0 22 1080
439702 440202 -0.434161 80.0 18 500
440202 440862 -6.032422 80.0 3 660
440862 441842 -2.300619 80.0 13 980
441842 442772 -5.635145 80.0 3 930
442772 443282 -3.477597 80.0 29 510
443282 443652 -0.876062 80.0 28 370
443652 444242 0.518591 80.0 24 590
444242 445512 -1.015979 80.0 25 1270
