380752 381002 0.757695 80.0 24 250
381002 381542 -0.590937 80.0 7 540
381542 386272 1.067698 80.0 10 4730
386272 386862 -0.644111 80.0 7 590
386862 396962 1.746769 80.0 27 10100
396962 398042 -1.3904 80.0 25 1080
398042 403102 1.301238 80.0 6 5060
403102 405762 7.620041 80.0 4 2660
405762 407022 -0.859673 80.0 18 1260
407022 407722 -5.525578 80.0 3 700
407722 408332 -2.58818 80.0 8 610
408332 410492 1.634135 80.0 21 2160
410492 411962 5.283719 80.0 22 1470
411962 412892 -0.456008 80.0 20 930
412892 418322 2.766217 80.0 6 5430
418322 419592 6.465656 80.0 12 1270
419592 420602 2.109583 80.0 2 1010
420602 421512 4.548563 80.0 22 910
421512 422612 2.336753 80.0 2 1100
422612 428692 7.094423 80.0 15 6080
428692 429172 0.885014 80.0 18 480
429172 429972 -4.06433 80.0 17 800
429972 434112 -7.505058 80.0 11 4140
434112 435182 -0.660612 80.0 13 1070
435182 435692 -6.305075 80.0 3 510
435692 436022 -3.504008 80.0 29 330
436022 438262 -0.53447 80.0 9 2240
438262 438712 1.845702 80.0 26 450
438712 439742 5.77071 80.0 22 1030
439742 440352 -0.430574 80.0 18 610
440352 440902 -5.930519 80.0 3 550
440902 441982 -2.789261 80.0 13 1080
441982 442812 -5.625012 80.0 3 830
442812 443372 -3.58331 80.0 29 560
443372 443792 -0.831404 80.0 28 420
443792 444362 0.531739 80.0 24 570
444362 445512 -0.866916 80.0 25 1150
