380683 380953 1.089566 80.0 24 270
380953 381503 -0.760321 80.0 7 550
381503 386223 1.802441 80.0 10 4720
386223 386833 -0.726588 80.0 7 610
386833 395183 1.539627 80.0 0 8350
395183 395703 -0.374496 80.0 7 520
395703 396913 2.008452 80.0 19 1210
396913 397973 -1.462108 80.0 25 1060
397973 403073 1.062504 80.0 6 5100
403073 405723 7.682466 80.0 4 2650
405723 406043 1.930044 80.0 16 320
406043 406573 -0.474485 80.0 1 530
406573 406973 -3.489213 80.0 17 400
406973 407723 -5.541266 80.0 3 750
407723 408273 -2.601104 80.0 8 550
408273 410483 1.6488 80.0 21 2210
410483 411963 5.357091 80.0 22 1480
411963 412843 -0.749242 80.0 20 880
412843 418293 2.750426 80.0 6 5450
418293 419563 6.596817 80.0 12 1270
419563 420613 2.134279 80.0 2 1050
420613 421493 4.614584 80.0 22 880
421493 422573 2.239908 80.0 2 1080
422573 428693 7.09258 80.0 15 6120
428693 429123 0.793267 80.0 18 430
429123 429963 -4.072066 80.0 17 840
429963 434103 -7.520063 80.0 11 4140
434103 435143 -0.383567 80.0 13 1040
435143 435673 -6.514644 80.0 3 530
435673 435973 -3.439116 80.0 29 300
435973 438253 -0.519085 80.0 9 2280
438253 438673 1.809674 80.0 26 420
438673 439743 5.838236 80.0 22 1070
439743 440303 -0.535531 80.0 18 560
440303 440893 -5.947676 80.0 3 590
440893 441933 -2.605796 80.0 13 1040
441933 442793 -5.644077 80.0 3 860
442793 443343 -3.551624 80.0 29 550
443343 443753 -0.804548 80.0 28 410
443753 444273 0.438722 80.0 24 520
444273 445503 -1.025979 80.0 25 1230
