380768 381008 0.705923 80.0 24 240
381008 381548 -0.546399 80.0 7 540
381548 386278 1.063048 80.0 10 4730
386278 386878 -0.605422 80.0 7 600
386878 396968 1.743914 80.0 27 10090
396968 398058 -1.365506 80.0 25 1090
398058 403148 1.100953 80.0 6 5090
403148 405728 7.718787 80.0 4 2580
405728 407048 -0.758331 80.0 18 1320
407048 407728 -5.525871 80.0 3 680
407728 408348 -2.546914 80.0 8 620
408348 410578 1.721848 80.0 21 2230
410578 411928 5.379223 80.0 22 1350
411928 412908 -0.244811 80.0 20 980
412908 418378 2.783049 80.0 6 5470
418378 419558 6.623441 80.0 12 1180
419558 420808 2.486583 80.0 2 1250
420808 421448 4.744961 80.0 22 640
421448 422668 2.520673 80.0 2 1220
422668 428668 7.129141 80.0 15 6000
428668 429178 1.075095 80.0 18 510
429178 429978 -4.05195 80.0 17 800
429978 434118 -7.501869 80.0 11 4140
434118 436038 -2.661352 80.0 9 1920
436038 438258 -0.536507 80.0 9 2220
438258 438768 2.033703 80.0 26 510
438768 439718 5.886774 80.0 22 950
439718 440368 -0.283006 80.0 18 650
440368 440898 -5.943925 80.0 3 530
440898 441998 -2.850227 80.0 13 1100
441998 442808 -5.629301 80.0 3 810
442808 443378 -3.611063 80.0 29 570
443378 443808 -0.825897 80.0 28 430
443808 444358 0.522216 80.0 24 550
444358 445508 -0.865133 80.0 25 1150
