380756 381006 0.73494 80.0 24 250
381006 381536 -0.588891 80.0 7 530
381536 386276 1.06416 80.0 10 4740
386276 386866 -0.636433 80.0 7 590
386866 396966 1.745929 80.0 27 10100
396966 398046 -1.386589 80.0 25 1080
398046 403136 1.321127 80.0 6 5090
403136 405716 7.727594 80.0 4 2580
405716 407026 -0.68931 80.0 18 1310
407026 407726 -5.519375 80.0 3 700
407726 408336 -2.565117 80.0 8 610
408336 410566 1.712552 80.0 21 2230
410566 411936 5.37475 80.0 22 1370
411936 412896 -0.325153 80.0 20 960
412896 418366 2.77692 80.0 6 5470
418366 419556 6.626965 80.0 12 1190
419556 420786 2.45094 80.0 2 1230
420786 421456 4.733989 80.0 22 670
421456 422656 2.4815 80.0 2 1200
422656 428666 7.128112 80.0 15 6010
428666 429176 1.037822 80.0 18 510
429176 429966 -4.058425 80.0 17 790
429966 434106 -7.504504 80.0 11 4140
434106 435186 -0.705626 80.0 13 1080
435186 435696 -6.29513 80.0 3 510
435696 436026 -3.484817 80.0 29 330
436026 438256 -0.535992 80.0 9 2230
438256 438756 2.006545 80.0 26 500
438756 439716 5.891701 80.0 22 960
439716 440356 -0.257348 80.0 18 640
440356 440896 -5.943635 80.0 3 540
440896 441986 -2.815766 80.0 13 1090
441986 442806 -5.63192 80.0 3 820
442806 443376 -3.595316 80.0 29 570
443376 443796 -0.819696 80.0 28 420
443796 444356 0.537518 80.0 24 560
444356 445506 -0.866405 80.0 25 1150
