380579 380919 1.451904 80.0 24 340
380919 381449 -1.090678 80.0 7 530
381449 386149 1.893588 80.0 10 4700
386149 386779 -0.85723 80.0 7 630
386779 395129 1.549309 80.0 0 8350
395129 395699 -0.43645 80.0 7 570
395699 396869 2.212432 80.0 19 1170
396869 397869 -1.621299 80.0 25 1000
397869 399019 0.35967 80.0 24 1150
399019 399609 -0.195583 80.0 7 590
399609 403059 1.516781 80.0 14 3450
403059 405649 7.844521 80.0 4 2590
405649 405939 2.031425 80.0 16 290
405939 406539 -0.362211 80.0 1 600
406539 406879 -3.496983 80.0 17 340
406879 407719 -5.551273 80.0 3 840
407719 408189 -2.593631 80.0 8 470
408189 410499 1.705118 80.0 21 2310
410499 411929 5.535315 80.0 22 1430
411929 412749 -1.068792 80.0 20 820
412749 418259 3.606005 80.0 6 5510
418259 419519 6.532825 80.0 12 1260
419519 420739 2.316676 80.0 2 1220
420739 421419 4.938334 80.0 22 680
421419 422579 2.264463 80.0 2 1160
422579 428649 7.097995 80.0 15 6070
428649 429049 0.954938 80.0 18 400
429049 429949 -4.071105 80.0 17 900
429949 434079 -7.546007 80.0 11 4130
434079 434309 -2.510156 80.0 8 230
434309 434829 2.517384 80.0 19 520
434829 435059 -2.570709 80.0 17 230
435059 435629 -6.771559 80.0 3 570
435629 435889 -3.482189 80.0 29 260
435889 438259 -0.499201 80.0 9 2370
438259 438639 1.999698 80.0 26 380
438639 439699 6.045966 80.0 22 1060
439699 440209 -0.412355 80.0 18 510
440209 440869 -6.02653 80.0 3 660
440869 441839 -2.287636 80.0 13 970
441839 442769 -5.632117 80.0 3 930
442769 443279 -3.513162 80.0 29 510
443279 443659 -0.88618 80.0 28 380
443659 444239 0.517591 80.0 24 580
444239 445509 -1.013631 80.0 25 1270
