380735 380985 0.843285 80.0 24 250
380985 381535 -0.623964 80.0 7 550
381535 386255 1.074465 80.0 10 4720
386255 386855 -0.65864 80.0 7 600
386855 396945 1.748063 80.0 27 10090
396945 398025 -1.401442 80.0 25 1080
398025 403095 1.418911 80.0 6 5070
403095 405745 7.644871 80.0 4 2650
405745 407005 -0.814577 80.0 18 1260
407005 407725 -5.520318 80.0 3 720
407725 408315 -2.583424 80.0 8 590
408315 410505 1.652318 80.0 21 2190
410505 411955 5.322299 80.0 22 1450
411955 412895 -0.485177 80.0 20 940
412895 418325 2.771791 80.0 6 5430
418325 419575 6.540891 80.0 12 1250
419575 420645 2.197337 80.0 2 1070
420645 421495 4.606331 80.0 22 850
421495 422615 2.350236 80.0 2 1120
422615 428685 7.102057 80.0 15 6070
428685 429155 0.932656 80.0 18 470
429155 429965 -4.05141 80.0 17 810
429965 434105 -7.508853 80.0 11 4140
434105 435175 -0.625939 80.0 13 1070
435175 435685 -6.366391 80.0 3 510
435685 436005 -3.517096 80.0 29 320
436005 438255 -0.535591 80.0 9 2250
438255 438715 1.87838 80.0 26 460
438715 439745 5.806519 80.0 22 1030
439745 440345 -0.522138 80.0 18 600
440345 440895 -5.95436 80.0 3 550
440895 441965 -2.749354 80.0 13 1070
441965 442805 -5.627406 80.0 3 840
442805 443365 -3.575815 80.0 29 560
443365 443775 -0.832743 80.0 28 410
443775 444355 0.551623 80.0 24 580
444355 445505 -0.867813 80.0 25 1150
