380510 380890 1.637584 80.0 19 380
380890 381410 -1.858504 80.0 7 520
381410 386110 1.449451 80.0 10 4700
386110 386740 -0.946186 80.0 7 630
386740 395090 1.55541 80.0 0 8350
395090 395670 -0.482237 80.0 7 580
395670 396820 2.097083 80.0 19 1150
396820 397800 -1.70513 80.0 25 980
397800 398950 0.361132 80.0 24 1150
398950 399590 -0.199943 80.0 7 640
399590 403120 1.604386 80.0 14 3530
403120 405550 8.114476 80.0 4 2430
405550 405870 2.51618 80.0 16 320
405870 406520 -0.316431 80.0 1 650
406520 406810 -3.489378 80.0 17 290
406810 407710 -5.554671 80.0 3 900
407710 408140 -2.565442 80.0 8 430
408140 410660 1.928282 80.0 21 2520
410660 411870 5.804142 80.0 22 1210
411870 412730 -0.987415 80.0 20 860
412730 418300 2.746299 80.0 6 5570
418300 419420 6.883493 80.0 12 1120
419420 422710 2.876205 80.0 23 3290
422710 428570 7.205875 80.0 15 5860
428570 428990 1.564954 80.0 18 420
428990 429830 -4.063615 80.0 17 840
429830 434070 -7.524346 80.0 11 4240
434070 434280 -2.31449 80.0 8 210
434280 434790 2.960657 80.0 19 510
434790 435000 -2.392394 80.0 17 210
435000 435600 -6.875818 80.0 3 600
435600 435850 -3.40884 80.0 29 250
435850 438260 -0.474566 80.0 9 2410
438260 438660 2.448929 80.0 26 400
438660 439630 6.30378 80.0 22 970
439630 440140 0.199087 80.0 18 510
440140 440840 -6.020676 80.0 3 700
440840 441790 -2.128485 80.0 13 950
441790 442750 -5.622846 80.0 3 960
442750 443600 -2.406651 80.0 8 850
443600 444240 0.551822 80.0 24 640
444240 445510 -1.023526 80.0 25 1270
