380682 380962 1.010978 80.0 24 280
380962 381502 -0.769262 80.0 7 540
381502 386222 1.332311 80.0 10 4720
386222 386822 -0.734047 80.0 7 600
386822 395182 1.53762 80.0 0 8360
395182 395702 -0.373636 80.0 7 520
395702 396922 1.989788 80.0 19 1220
396922 397972 -1.473792 80.0 25 1050
397972 403182 1.135234 80.0 6 5210
403182 405622 7.967148 80.0 4 2440
405622 406042 2.477067 80.0 16 420
406042 406572 -0.49325 80.0 1 530
406572 406972 -3.512782 80.0 17 400
406972 407722 -5.539195 80.0 3 750
407722 408272 -2.565488 80.0 8 550
408272 410762 1.972647 80.0 21 2490
410762 411892 5.630441 80.0 22 1130
411892 412842 -0.385357 80.0 20 950
412842 418392 2.78284 80.0 6 5550
418392 419482 6.957115 80.0 12 1090
419482 422762 3.022404 80.0 23 3280
422762 428582 7.232184 80.0 15 5820
428582 429122 1.475312 80.0 18 540
429122 429952 -4.068204 80.0 17 830
429952 434092 -7.518626 80.0 11 4140
434092 434362 -2.549882 80.0 8 270
434362 434862 1.898273 80.0 19 500
434862 435132 -2.47606 80.0 17 270
435132 435662 -6.499121 80.0 3 530
435662 435972 -3.473499 80.0 29 310
435972 438262 -0.516124 80.0 9 2290
438262 438782 2.414164 80.0 26 520
438782 439662 6.153297 80.0 22 880
439662 440292 0.1122 80.0 18 630
440292 440882 -5.9426 80.0 3 590
440882 441932 -2.636617 80.0 13 1050
441932 442792 -5.638399 80.0 3 860
442792 443332 -3.557733 80.0 29 540
443332 443752 -0.815066 80.0 28 420
443752 444262 0.443816 80.0 24 510
444262 445512 -1.00982 80.0 25 1250
