380693 380953 1.016876 80.0 24 260
380953 381513 -0.709001 80.0 7 560
381513 386223 1.32086 80.0 10 4710
386223 386833 -0.703098 80.0 7 610
386833 395193 1.536461 80.0 0 8360
395193 395693 -0.373109 80.0 7 500
395693 396923 1.958537 80.0 19 1230
396923 397983 -1.451147 80.0 25 1060
397983 399093 0.362833 80.0 24 1110
399093 399603 -0.170616 80.0 7 510
399603 403173 1.550858 80.0 14 3570
403173 405623 7.945558 80.0 4 2450
405623 406053 2.492996 80.0 16 430
406053 406573 -0.498914 80.0 1 520
406573 406973 -3.476307 80.0 17 400
406973 407723 -5.529984 80.0 3 750
407723 408273 -2.594371 80.0 8 550
408273 410733 1.92695 80.0 21 2460
410733 411883 5.608675 80.0 22 1150
411883 412853 -0.29744 80.0 20 970
412853 418393 2.785479 80.0 6 5540
418393 419483 6.937064 80.0 12 1090
419483 422743 3.013853 80.0 23 3260
422743 428593 7.217756 80.0 15 5850
428593 429123 1.446983 80.0 18 530
429123 429953 -4.049822 80.0 17 830
429953 434093 -7.515923 80.0 11 4140
434093 435133 -0.417304 80.0 13 1040
435133 435673 -6.43026 80.0 3 540
435673 435973 -3.470935 80.0 29 300
435973 438253 -0.524847 80.0 9 2280
438253 438783 2.345339 80.0 26 530
438783 439673 6.118043 80.0 22 890
439673 440313 -0.073369 80.0 18 640
440313 440873 -5.975148 80.0 3 560
440873 441943 -2.69496 80.0 13 1070
441943 442793 -5.641905 80.0 3 850
442793 443343 -3.550121 80.0 29 550
443343 443763 -0.793422 80.0 28 420
443763 444273 0.429351 80.0 24 510
444273 445503 -1.02377 80.0 25 1230
