380757 380997 0.757224 80.0 24 240
380997 381547 -0.566519 80.0 7 550
381547 386267 1.068453 80.0 10 4720
386267 386867 -0.62387 80.0 7 600
386867 396957 1.745959 80.0 27 10090
396957 398047 -1.373352 80.0 25 1090
398047 403147 1.329692 80.0 6 5100
403147 405707 7.754858 80.0 4 2560
405707 407027 -0.659993 80.0 18 1320
407027 407717 -5.526366 80.0 3 690
407717 408337 -2.594654 80.0 8 620
408337 410587 1.73712 80.0 21 2250
410587 411927 5.39885 80.0 22 1340
411927 412897 -0.28117 80.0 20 970
412897 418377 2.780519 80.0 6 5480
418377 419547 6.665365 80.0 12 1170
419547 420837 2.535444 80.0 2 1290
420837 421437 4.791371 80.0 22 600
421437 422677 2.538276 80.0 2 1240
422677 428657 7.142333 80.0 15 5980
428657 429177 1.084793 80.0 18 520
429177 429967 -4.064078 80.0 17 790
429967 434107 -7.504677 80.0 11 4140
434107 435197 -0.746234 80.0 13 1090
435197 435697 -6.318049 80.0 3 500
435697 436027 -3.47343 80.0 29 330
436027 438257 -0.535113 80.0 9 2230
438257 438777 2.103932 80.0 26 520
438777 439717 5.925646 80.0 22 940
439717 440357 -0.275489 80.0 18 640
440357 440897 -5.944986 80.0 3 540
440897 441987 -2.816055 80.0 13 1090
441987 442807 -5.631511 80.0 3 820
442807 443377 -3.589552 80.0 29 570
443377 443807 -0.796324 80.0 28 430
443807 444357 0.54551 80.0 24 550
444357 445507 -0.866074 80.0 25 1150
