380600 380930 1.368573 80.0 24 330
380930 381470 -1.007403 80.0 7 540
381470 386170 1.83091 80.0 10 4700
386170 386780 -0.852067 80.0 7 610
386780 395140 1.545478 80.0 0 8360
395140 395700 -0.425424 80.0 7 560
395700 396880 2.16531 80.0 19 1180
396880 397890 -1.591282 80.0 25 1010
397890 399030 0.361533 80.0 24 1140
399030 399600 -0.192844 80.0 7 570
399600 403070 1.509486 80.0 14 3470
403070 405650 7.842477 80.0 4 2580
405650 405960 2.109203 80.0 16 310
405960 406550 -0.395573 80.0 1 590
406550 406900 -3.519559 80.0 17 350
406900 407720 -5.549919 80.0 3 820
407720 408200 -2.626613 80.0 8 480
408200 410510 1.703753 80.0 21 2310
410510 411930 5.517087 80.0 22 1420
411930 412770 -0.961039 80.0 20 840
412770 418270 2.728336 80.0 6 5500
418270 419510 6.540686 80.0 12 1240
419510 420740 2.3409 80.0 2 1230
420740 421410 4.923611 80.0 22 670
421410 422600 2.328238 80.0 2 1190
422600 428640 7.108702 80.0 15 6040
428640 429070 1.005699 80.0 18 430
429070 429960 -4.095742 80.0 17 890
429960 434080 -7.546769 80.0 11 4120
434080 434320 -2.556189 80.0 8 240
434320 434840 2.367384 80.0 19 520
434840 435080 -2.647251 80.0 17 240
435080 435640 -6.717725 80.0 3 560
435640 435900 -3.497778 80.0 29 260
435900 438260 -0.507389 80.0 9 2360
438260 438650 1.989543 80.0 26 390
438650 439700 6.023111 80.0 22 1050
439700 440230 -0.407052 80.0 18 530
440230 440870 -6.026857 80.0 3 640
440870 441860 -2.370933 80.0 13 990
441860 442780 -5.63286 80.0 3 920
442780 443300 -3.484184 80.0 29 520
443300 443690 -0.81621 80.0 28 390
443690 444250 0.510232 80.0 24 560
444250 445510 -1.017809 80.0 25 1260
