380535 380895 1.598309 80.0 19 360
380895 381435 -1.779948 80.0 7 540
381435 386125 1.134104 80.0 10 4690
386125 386755 -0.912481 80.0 7 630
386755 395095 1.554949 80.0 0 8340
395095 395685 -0.453192 80.0 7 590
395685 396845 2.287779 80.0 19 1160
396845 397825 -1.679363 80.0 25 980
397825 398975 0.360608 80.0 24 1150
398975 399595 -0.199697 80.0 7 620
399595 403085 1.557648 80.0 14 3490
403085 405605 7.975027 80.0 4 2520
405605 405895 2.192893 80.0 16 290
405895 406535 -0.354062 80.0 1 640
406535 406835 -3.527524 80.0 17 300
406835 407705 -5.557538 80.0 3 870
407705 408155 -2.64184 80.0 8 450
408155 410545 1.771592 80.0 21 2390
410545 411905 5.66214 80.0 22 1360
411905 412735 -1.112609 80.0 20 830
412735 418265 2.725659 80.0 6 5530
418265 419465 6.712872 80.0 12 1200
419465 420825 2.258744 80.0 2 1360
420825 421355 5.199033 80.0 22 530
421355 422635 2.415647 80.0 2 1280
422635 428615 7.149119 80.0 15 5980
428615 429015 1.183728 80.0 18 400
429015 429935 -4.04967 80.0 17 920
429935 434065 -7.550878 80.0 11 4130
434065 434285 -2.558083 80.0 8 220
434285 434805 2.778321 80.0 19 520
434805 435025 -2.528263 80.0 17 220
435025 435615 -6.838253 80.0 3 590
435615 435855 -3.462479 80.0 29 240
435855 438255 -0.49185 80.0 9 2400
438255 438635 2.134031 80.0 26 380
438635 439675 6.162938 80.0 22 1040
439675 440165 -0.211547 80.0 18 490
440165 440855 -6.021703 80.0 3 690
440855 441815 -2.195021 80.0 13 960
441815 442765 -5.627949 80.0 3 950
442765 443625 -2.367347 80.0 8 860
443625 444245 0.541128 80.0 24 620
444245 445505 -1.028849 80.0 25 1260
