380672 380952 1.114519 80.0 24 280
380952 381502 -0.803298 80.0 7 550
381502 386212 1.837774 80.0 10 4710
386212 386822 -0.7489 80.0 7 610
386822 395182 1.539071 80.0 0 8360
395182 395692 -0.397595 80.0 7 510
395692 396912 2.008399 80.0 19 1220
396912 397962 -1.486563 80.0 25 1050
397962 399082 0.362581 80.0 24 1120
399082 399612 -0.177537 80.0 7 530
399612 403082 1.487521 80.0 14 3470
403082 405692 7.749422 80.0 4 2610
405692 406032 2.055236 80.0 16 340
406032 406572 -0.47034 80.0 1 540
406572 406962 -3.507269 80.0 17 390
406962 407722 -5.543762 80.0 3 760
407722 408262 -2.603742 80.0 8 540
408262 410502 1.671894 80.0 21 2240
410502 411952 5.399897 80.0 22 1450
411952 412832 -0.747 80.0 20 880
412832 418302 3.089781 80.0 6 5470
418302 419562 6.641438 80.0 12 1260
419562 420672 2.218629 80.0 2 1110
420672 421462 4.71801 80.0 22 790
421462 422592 2.301267 80.0 2 1130
422592 428662 7.121598 80.0 15 6070
428662 429112 0.997388 80.0 18 450
429112 429962 -4.069547 80.0 17 850
429962 434092 -7.528338 80.0 11 4130
434092 434362 -2.556803 80.0 8 270
434362 434862 2.008705 80.0 19 500
434862 435122 -2.442712 80.0 17 260
435122 435662 -6.534505 80.0 3 540
435662 435952 -3.539021 80.0 29 290
435952 438262 -0.52358 80.0 9 2310
438262 438682 1.929881 80.0 26 420
438682 439732 5.89933 80.0 22 1050
439732 440282 -0.368735 80.0 18 550
440282 440882 -5.946775 80.0 3 600
440882 441922 -2.594296 80.0 13 1040
441922 442792 -5.642071 80.0 3 870
442792 443332 -3.549976 80.0 29 540
443332 443742 -0.819348 80.0 28 410
443742 444272 0.446082 80.0 24 530
444272 445512 -1.020699 80.0 25 1240
