380760 381000 0.74388 80.0 24 240
381000 381540 -0.569659 80.0 7 540
381540 386270 1.065681 80.0 10 4730
386270 386870 -0.621397 80.0 7 600
386870 396960 1.745575 80.0 27 10090
396960 398050 -1.37213 80.0 25 1090
398050 403140 1.240998 80.0 6 5090
403140 405720 7.726149 80.0 4 2580
405720 407030 -0.704082 80.0 18 1310
407030 407720 -5.524328 80.0 3 690
407720 408330 -2.627254 80.0 8 610
408330 410550 1.687689 80.0 21 2220
410550 411950 5.340801 80.0 22 1400
411950 412900 -0.372899 80.0 20 950
412900 418370 2.779813 80.0 6 5470
418370 419570 6.594763 80.0 12 1200
419570 420760 2.397437 80.0 2 1190
420760 421460 4.709312 80.0 22 700
421460 422660 2.482714 80.0 2 1200
422660 428670 7.127739 80.0 15 6010
428670 429180 1.004408 80.0 18 510
429180 429970 -4.066856 80.0 17 790
429970 434110 -7.502904 80.0 11 4140
434110 435190 -0.716978 80.0 13 1080
435190 435690 -6.30208 80.0 3 500
435690 436030 -3.513433 80.0 29 340
436030 438260 -0.533949 80.0 9 2230
438260 438760 2.029717 80.0 26 500
438760 439730 5.863454 80.0 22 970
439730 440360 -0.364943 80.0 18 630
440360 440900 -5.932421 80.0 3 540
440900 441990 -2.820782 80.0 13 1090
441990 442810 -5.628367 80.0 3 820
442810 443380 -3.581561 80.0 29 570
443380 443800 -0.814089 80.0 28 420
443800 444360 0.529688 80.0 24 560
444360 445510 -0.866392 80.0 25 1150
