380578 380918 1.449742 80.0 24 340
380918 381458 -1.065866 80.0 7 540
381458 386158 2.15308 80.0 10 4700
386158 386778 -0.869351 80.0 7 620
386778 395118 1.551161 80.0 0 8340
395118 395688 -0.435189 80.0 7 570
395688 396858 2.212274 80.0 19 1170
396858 397868 -1.604712 80.0 25 1010
397868 399018 0.359675 80.0 24 1150
399018 399618 -0.191197 80.0 7 600
399618 403098 1.552444 80.0 14 3480
403098 405618 7.944534 80.0 4 2520
405618 405938 2.2392 80.0 16 320
405938 406548 -0.389988 80.0 1 610
406548 406878 -3.541242 80.0 17 330
406878 407708 -5.557567 80.0 3 830
407708 408198 -2.587268 80.0 8 490
408198 410548 1.76292 80.0 21 2350
410548 411898 5.617418 80.0 22 1350
411898 412748 -0.883817 80.0 20 850
412748 418298 2.730509 80.0 6 5550
418298 419478 6.692802 80.0 12 1180
419478 420838 2.511328 80.0 2 1360
420838 421368 5.133745 80.0 22 530
421368 422638 2.434993 80.0 2 1270
422638 428608 7.144971 80.0 15 5970
428608 429048 1.256682 80.0 18 440
429048 429948 -4.071189 80.0 17 900
429948 434078 -7.544944 80.0 11 4130
434078 434308 -2.500453 80.0 8 230
434308 434818 2.553225 80.0 19 510
434818 435058 -2.475303 80.0 17 240
435058 435628 -6.759364 80.0 3 570
435628 435888 -3.483241 80.0 29 260
435888 438258 -0.500881 80.0 9 2370
438258 438658 2.113645 80.0 26 400
438658 439678 6.121185 80.0 22 1020
439678 440208 -0.235787 80.0 18 530
440208 440858 -6.040207 80.0 3 650
440858 441838 -2.315315 80.0 13 980
441838 442768 -5.630455 80.0 3 930
442768 443278 -3.513059 80.0 29 510
443278 443668 -0.861703 80.0 28 390
443668 444248 0.517093 80.0 24 580
444248 445508 -1.022057 80.0 25 1260
