380562 380912 1.496972 80.0 24 350
380912 381442 -1.130672 80.0 7 530
381442 386142 1.984094 80.0 10 4700
386142 386762 -0.890698 80.0 7 620
386762 395122 1.548819 80.0 0 8360
395122 395682 -0.458521 80.0 7 560
395682 396852 2.233291 80.0 19 1170
396852 397852 -1.629894 80.0 25 1000
397852 399002 0.359983 80.0 24 1150
399002 399612 -0.193527 80.0 7 610
399612 403112 1.571647 80.0 14 3500
403112 405602 7.997657 80.0 4 2490
405602 405922 2.296068 80.0 16 320
405922 406532 -0.345282 80.0 1 610
406532 406862 -3.490658 80.0 17 330
406862 407712 -5.556084 80.0 3 850
407712 408182 -2.574948 80.0 8 470
408182 410592 1.820903 80.0 21 2410
410592 411892 5.67756 80.0 22 1300
411892 412732 -0.92806 80.0 20 840
412732 418292 2.726586 80.0 6 5560
418292 419452 6.749254 80.0 12 1160
419452 422662 2.845033 80.0 23 3210
422662 428602 7.163062 80.0 15 5940
428602 429032 1.313844 80.0 18 430
429032 429942 -4.055697 80.0 17 910
429942 434082 -7.540341 80.0 11 4140
434082 434302 -2.389988 80.0 8 220
434302 434822 2.603132 80.0 19 520
434822 435042 -2.565898 80.0 17 220
435042 435622 -6.778552 80.0 3 580
435622 435872 -3.498722 80.0 29 250
435872 438262 -0.497822 80.0 9 2390
438262 438672 2.287232 80.0 26 410
438672 439662 6.195261 80.0 22 990
439662 440192 -0.107926 80.0 18 530
440192 440852 -6.038567 80.0 3 660
440852 441842 -2.317713 80.0 13 990
441842 442762 -5.642194 80.0 3 920
442762 443282 -3.47047 80.0 29 520
443282 443652 -0.838662 80.0 28 370
443652 444242 0.529293 80.0 24 590
444242 445512 -1.017006 80.0 25 1270
