380772 381012 0.738599 80.0 24 240
381012 381552 -0.534591 80.0 7 540
381552 386282 1.062144 80.0 10 4730
386282 386872 -0.611134 80.0 7 590
386872 396972 1.479524 80.0 27 10100
396972 398062 -1.363287 80.0 25 1090
398062 403162 1.257565 80.0 6 5100
403162 405712 7.756975 80.0 4 2550
405712 407042 -0.667336 80.0 18 1330
407042 407722 -5.5245 80.0 3 680
407722 408352 -2.562032 80.0 8 630
408352 410632 1.786031 80.0 21 2280
410632 411912 5.426533 80.0 22 1280
411912 412912 -0.156255 80.0 20 1000
412912 418392 2.789088 80.0 6 5480
418392 419532 6.694017 80.0 12 1140
419532 420882 2.62872 80.0 2 1350
420882 421422 4.814236 80.0 22 540
421422 422702 2.606528 80.0 2 1280
422702 428642 7.157593 80.0 15 5940
428642 429182 1.220702 80.0 18 540
429182 429982 -4.062871 80.0 17 800
429982 434112 -7.505994 80.0 11 4130
434112 436042 -2.671738 80.0 9 1930
436042 438262 -0.53478 80.0 9 2220
438262 438802 2.186856 80.0 26 540
438802 439702 5.959722 80.0 22 900
439702 440372 -0.184753 80.0 18 670
440372 440902 -5.930653 80.0 3 530
440902 442002 -2.856068 80.0 13 1100
442002 442812 -5.626972 80.0 3 810
442812 443382 -3.595412 80.0 29 570
443382 443802 -0.834938 80.0 28 420
443802 444352 0.515868 80.0 24 550
444352 445512 -0.857841 80.0 25 1160
