380477 380867 1.763309 80.0 19 390
380867 381397 -1.943389 80.0 7 530
381397 386087 1.461682 80.0 10 4690
386087 386727 -0.973589 80.0 7 640
386727 395087 1.556663 80.0 0 8360
395087 395667 -0.506325 80.0 7 580
395667 396797 2.164517 80.0 19 1130
396797 397767 -1.740085 80.0 25 970
397767 398917 0.362019 80.0 24 1150
398917 399567 -0.208527 80.0 7 650
399567 403107 1.522195 80.0 14 3540
403107 405527 8.152525 80.0 4 2420
405527 405837 2.605155 80.0 16 310
405837 406507 -0.282233 80.0 1 670
406507 406777 -3.453247 80.0 17 270
406777 407707 -5.556216 80.0 3 930
407707 408107 -2.615308 80.0 8 400
408107 410627 1.894658 80.0 21 2520
410627 411857 5.838613 80.0 22 1230
411857 412737 -1.019341 80.0 20 880
412737 418267 2.745907 80.0 6 5530
418267 419427 6.86314 80.0 12 1160
419427 422677 2.837864 80.0 23 3250
422677 428567 7.198281 80.0 15 5890
428567 428977 1.496668 80.0 18 410
428977 429807 -4.064476 80.0 17 830
429807 434057 -7.524756 80.0 11 4250
434057 434257 -2.453424 80.0 8 200
434257 434787 3.073923 80.0 19 530
434787 434967 -2.434905 80.0 17 180
434967 435597 -6.890206 80.0 3 630
435597 435827 -3.324499 80.0 29 230
435827 438257 -0.466468 80.0 9 2430
438257 438637 2.448752 80.0 26 380
438637 439637 6.320775 80.0 22 1000
439637 440117 0.045613 80.0 18 480
440117 440827 -6.036138 80.0 3 710
440827 441767 -2.045072 80.0 13 940
441767 442757 -5.605517 80.0 3 990
442757 443567 -2.381637 80.0 8 810
443567 444247 0.5667 80.0 24 680
444247 445507 -1.039228 80.0 25 1260
