380743 380973 0.861333 80.0 24 230
380973 381533 -0.58723 80.0 7 560
381533 386263 1.069527 80.0 10 4730
386263 386853 -0.654911 80.0 7 590
386853 396953 1.744377 80.0 27 10100
396953 398033 -1.394549 80.0 25 1080
398033 403153 1.337088 80.0 6 5120
403153 405703 7.778426 80.0 4 2550
405703 407013 -0.649003 80.0 18 1310
407013 407723 -5.524867 80.0 3 710
407723 408323 -2.584429 80.0 8 600
408323 410623 1.781449 80.0 21 2300
410623 411913 5.451419 80.0 22 1290
411913 412893 -0.2582 80.0 20 980
412893 418373 2.781447 80.0 6 5480
418373 419543 6.688576 80.0 12 1170
419543 420843 2.541502 80.0 2 1300
420843 421423 4.826498 80.0 22 580
421423 422683 2.554294 80.0 2 1260
422683 428643 7.156756 80.0 15 5960
428643 429163 1.184274 80.0 18 520
429163 429973 -4.062644 80.0 17 810
429973 434113 -7.506511 80.0 11 4140
434113 435173 -0.603704 80.0 13 1060
435173 435683 -6.334057 80.0 3 510
435683 436013 -3.531792 80.0 29 330
436013 438263 -0.533811 80.0 9 2250
438263 438773 2.149116 80.0 26 510
438773 439703 5.965737 80.0 22 930
439703 440343 -0.153511 80.0 18 640
440343 440903 -5.923428 80.0 3 560
440903 441973 -2.757839 80.0 13 1070
441973 442813 -5.622187 80.0 3 840
442813 443373 -3.552477 80.0 29 560
443373 443783 -0.816002 80.0 28 410
443783 444353 0.544381 80.0 24 570
444353 445503 -0.867124 80.0 25 1150
