380699 380959 1.003375 80.0 24 260
380959 381509 -0.719243 80.0 7 550
381509 386229 1.317333 80.0 10 4720
386229 386839 -0.700555 80.0 7 610
386839 395199 1.536291 80.0 0 8360
395199 395699 -0.374542 80.0 7 500
395699 396919 1.972401 80.0 19 1220
396919 397489 -1.8165 80.0 25 570
397489 397989 -1.005155 80.0 28 500
397989 403109 1.083992 80.0 6 5120
403109 405689 7.768658 80.0 4 2580
405689 406059 2.150802 80.0 16 370
406059 406579 -0.511817 80.0 1 520
406579 406989 -3.512394 80.0 17 410
406989 407719 -5.540651 80.0 3 730
407719 408289 -2.584969 80.0 8 570
408289 410549 1.716626 80.0 21 2260
410549 411929 5.427263 80.0 22 1380
411929 412859 -0.50418 80.0 20 930
412859 418329 2.764637 80.0 6 5470
418329 419539 6.688096 80.0 12 1210
419539 420769 2.417559 80.0 2 1230
420769 421439 4.802731 80.0 22 670
421439 422639 2.432412 80.0 2 1200
422639 428659 7.138546 80.0 15 6020
428659 429139 0.984304 80.0 18 480
429139 429969 -4.089416 80.0 17 830
429969 434099 -7.522852 80.0 11 4130
434099 434379 -2.493333 80.0 8 280
434379 434879 1.81223 80.0 19 500
434879 435149 -2.571046 80.0 17 270
435149 435669 -6.478083 80.0 3 520
435669 435989 -3.470137 80.0 29 320
435989 438259 -0.518158 80.0 9 2270
438259 438719 2.023988 80.0 26 460
438719 439719 5.929566 80.0 22 1000
439719 440309 -0.309842 80.0 18 590
440309 440889 -5.948334 80.0 3 580
440889 441949 -2.680457 80.0 13 1060
441949 442799 -5.638752 80.0 3 850
442799 443349 -3.546993 80.0 29 550
443349 443769 -0.791364 80.0 28 420
443769 444269 0.433709 80.0 24 500
444269 445509 -1.013794 80.0 25 1240
