380548 380898 1.582695 80.0 19 350
380898 381438 -1.607494 80.0 7 540
381438 386128 1.977494 80.0 10 4690
386128 386768 -0.880926 80.0 7 640
386768 395108 1.553779 80.0 0 8340
395108 395688 -0.452539 80.0 7 580
395688 396848 2.270799 80.0 19 1160
396848 397838 -1.655128 80.0 25 990
397838 398988 0.360351 80.0 24 1150
398988 399598 -0.198547 80.0 7 610
399598 403068 1.535352 80.0 14 3470
403068 405618 7.923583 80.0 4 2550
405618 405908 2.162413 80.0 16 290
405908 406528 -0.329865 80.0 1 620
406528 406848 -3.47278 80.0 17 320
406848 407708 -5.556561 80.0 3 860
407708 408168 -2.624202 80.0 8 460
408168 410538 1.757118 80.0 21 2370
410538 411898 5.647292 80.0 22 1360
411898 412738 -1.009127 80.0 20 840
412738 418268 2.723634 80.0 6 5530
418268 419478 6.675418 80.0 12 1210
419478 420778 2.170979 80.0 2 1300
420778 421378 5.081674 80.0 22 600
421378 422608 2.347923 80.0 2 1230
422608 428628 7.127291 80.0 15 6020
428628 429028 1.077275 80.0 18 400
429028 429938 -4.057396 80.0 17 910
429938 434078 -7.543463 80.0 11 4140
434078 434288 -2.493073 80.0 8 210
434288 434818 2.645749 80.0 19 530
434818 435028 -2.509627 80.0 17 210
435028 435618 -6.802592 80.0 3 590
435618 435868 -3.464361 80.0 29 250
435868 438258 -0.492992 80.0 9 2390
438258 438638 2.110708 80.0 26 380
438638 439678 6.138278 80.0 22 1040
439678 440178 -0.218844 80.0 18 500
440178 440858 -6.025514 80.0 3 680
440858 441828 -2.242715 80.0 13 970
441828 442768 -5.631344 80.0 3 940
442768 443268 -3.458432 80.0 29 500
443268 443638 -0.884152 80.0 28 370
443638 444248 0.530191 80.0 24 610
444248 445508 -1.02837 80.0 25 1260
