380699 380969 0.983146 80.0 24 270
380969 381519 -0.721982 80.0 7 550
381519 386239 1.323089 80.0 10 4720
386239 386829 -0.726951 80.0 7 590
386829 395199 1.534559 80.0 0 8370
395199 395699 -0.375486 80.0 7 500
395699 396929 1.957908 80.0 19 1230
396929 397989 -1.452121 80.0 25 1060
397989 399109 0.359984 80.0 24 1120
399109 399609 -0.17588 80.0 7 500
399609 403099 1.485916 80.0 14 3490
403099 405709 7.728012 80.0 4 2610
405709 406059 2.050506 80.0 16 350
406059 406579 -0.503008 80.0 1 520
406579 406989 -3.503705 80.0 17 410
406989 407719 -5.542512 80.0 3 730
407719 408289 -2.597677 80.0 8 570
408289 410539 1.704943 80.0 21 2250
410539 411949 5.401629 80.0 22 1410
411949 412859 -0.606063 80.0 20 910
412859 418319 2.76185 80.0 6 5460
418319 419559 6.62836 80.0 12 1240
419559 420749 2.357533 80.0 2 1190
420749 421449 4.775849 80.0 22 700
421449 422619 2.387249 80.0 2 1170
422619 428659 7.129952 80.0 15 6040
428659 429129 1.069041 80.0 18 470
429129 429959 -4.051399 80.0 17 830
429959 434099 -7.51714 80.0 11 4140
434099 434369 -2.606929 80.0 8 270
434369 434869 1.828102 80.0 19 500
434869 435139 -2.380163 80.0 17 270
435139 435679 -6.431472 80.0 3 540
435679 435979 -3.476233 80.0 29 300
435979 438259 -0.524865 80.0 9 2280
438259 438709 1.96752 80.0 26 450
438709 439719 5.91461 80.0 22 1010
439719 440309 -0.300079 80.0 18 590
440309 440889 -5.953327 80.0 3 580
440889 441949 -2.674448 80.0 13 1060
441949 442799 -5.640751 80.0 3 850
442799 443349 -3.551927 80.0 29 550
443349 443779 -0.777392 80.0 28 430
443779 444279 0.435962 80.0 24 500
444279 445509 -1.024311 80.0 25 1230
