380599 380929 1.363515 80.0 24 330
380929 381469 -1.004525 80.0 7 540
381469 386169 2.05186 80.0 10 4700
386169 386789 -0.836463 80.0 7 620
386789 395139 1.547272 80.0 0 8350
395139 395689 -0.429825 80.0 7 550
395689 396879 2.145669 80.0 19 1190
396879 397889 -1.590107 80.0 25 1010
397889 399039 0.358748 80.0 24 1150
399039 399619 -0.190322 80.0 7 580
399619 403109 1.550363 80.0 14 3490
403109 405619 7.940711 80.0 4 2510
405619 405959 2.305828 80.0 16 340
405959 406539 -0.369972 80.0 1 580
406539 406899 -3.476306 80.0 17 360
406899 407709 -5.557368 80.0 3 810
407709 408209 -2.61892 80.0 8 500
408209 410569 1.777983 80.0 21 2360
410569 411909 5.589587 80.0 22 1340
411909 412769 -0.841219 80.0 20 860
412769 418309 3.115325 80.0 6 5540
418309 419469 6.693139 80.0 12 1160
419469 420849 2.554812 80.0 2 1380
420849 421359 5.115682 80.0 22 510
421359 422659 2.500656 80.0 2 1300
422659 428619 7.145492 80.0 15 5960
428619 429059 1.224793 80.0 18 440
429059 429949 -4.063546 80.0 17 890
429949 434089 -7.536296 80.0 11 4140
434089 434319 -2.43112 80.0 8 230
434319 434829 2.424924 80.0 19 510
434829 435069 -2.424438 80.0 17 240
435069 435639 -6.702561 80.0 3 570
435639 435909 -3.437964 80.0 29 270
435909 438259 -0.500834 80.0 9 2350
438259 438689 2.211204 80.0 26 430
438689 439679 6.128432 80.0 22 990
439679 440229 -0.245809 80.0 18 550
440229 440859 -6.051587 80.0 3 630
440859 441859 -2.39822 80.0 13 1000
441859 442779 -5.632044 80.0 3 920
442779 443299 -3.480022 80.0 29 520
443299 443679 -0.835469 80.0 28 380
443679 444249 0.499714 80.0 24 570
444249 445509 -1.018008 80.0 25 1260
