380503 380893 1.641634 80.0 19 390
380893 381413 -1.993672 80.0 7 520
381413 386103 1.141914 80.0 10 4690
386103 386743 -0.940473 80.0 7 640
386743 395093 1.556053 80.0 0 8350
395093 395673 -0.485439 80.0 7 580
395673 396803 2.140188 80.0 19 1130
396803 397793 -1.691639 80.0 25 990
397793 398943 0.361354 80.0 24 1150
398943 399573 -0.206928 80.0 7 630
399573 403083 1.486827 80.0 14 3510
403083 405563 8.056135 80.0 4 2480
405563 405863 2.398279 80.0 16 300
405863 406523 -0.318481 80.0 1 660
406523 406803 -3.508464 80.0 17 280
406803 407713 -5.555143 80.0 3 910
407713 408133 -2.561532 80.0 8 420
408133 410553 1.796215 80.0 21 2420
410553 411893 5.725317 80.0 22 1340
411893 412733 -1.16894 80.0 20 840
412733 418263 3.43882 80.0 6 5530
418263 419443 6.795916 80.0 12 1180
419443 422653 2.82177 80.0 23 3210
422653 428583 7.179442 80.0 15 5930
428583 428993 1.400382 80.0 18 410
428993 429823 -4.073424 80.0 17 830
429823 434063 -7.527056 80.0 11 4240
434063 434263 -2.541821 80.0 8 200
434263 434793 2.923071 80.0 19 530
434793 434993 -2.469788 80.0 17 200
434993 435603 -6.87954 80.0 3 610
435603 435833 -3.432249 80.0 29 230
435833 438263 -0.480172 80.0 9 2430
438263 438623 2.257488 80.0 26 360
438623 439663 6.218982 80.0 22 1040
439663 440143 -0.213019 80.0 18 480
440143 440843 -6.030944 80.0 3 700
440843 441773 -2.048696 80.0 13 930
441773 442753 -5.611059 80.0 3 980
442753 443583 -2.425046 80.0 8 830
443583 444243 0.547787 80.0 24 660
444243 445503 -1.036319 80.0 25 1260
