380631 380941 1.263624 80.0 24 310
380941 381481 -0.925948 80.0 7 540
381481 386191 1.95733 80.0 10 4710
386191 386801 -0.806626 80.0 7 610
386801 395161 1.542616 80.0 0 8360
395161 395701 -0.411343 80.0 7 540
395701 396881 2.125075 80.0 19 1180
396881 397921 -1.525758 80.0 25 1040
397921 399061 0.359605 80.0 24 1140
399061 399611 -0.187454 80.0 7 550
399611 403091 1.513881 80.0 14 3480
403091 405671 7.821033 80.0 4 2580
405671 405991 2.064623 80.0 16 320
405991 406561 -0.430948 80.0 1 570
406561 406921 -3.496827 80.0 17 360
406921 407721 -5.543682 80.0 3 800
407721 408231 -2.593526 80.0 8 510
408231 410531 1.719377 80.0 21 2300
410531 411931 5.497548 80.0 22 1400
411931 412801 -0.814528 80.0 20 870
412801 418291 3.043907 80.0 6 5490
418291 419521 6.514405 80.0 12 1230
419521 420771 2.384872 80.0 2 1250
420771 421421 4.91015 80.0 22 650
421421 422611 2.354328 80.0 2 1190
422611 428651 7.148291 80.0 15 6040
428651 429081 1.041469 80.0 18 430
429081 429951 -4.060545 80.0 17 870
429951 434091 -7.52989 80.0 11 4140
434091 434341 -2.457038 80.0 8 250
434341 434841 2.263085 80.0 19 500
434841 435091 -2.402193 80.0 17 250
435091 435651 -6.613438 80.0 3 560
435651 435931 -3.460347 80.0 29 280
435931 438261 -0.508777 80.0 9 2330
438261 438671 2.001896 80.0 26 410
438671 439701 6.001187 80.0 22 1030
439701 440241 -0.238853 80.0 18 540
440241 440871 -6.003212 80.0 3 630
440871 441891 -2.491125 80.0 13 1020
441891 442781 -5.643992 80.0 3 890
442781 443311 -3.531394 80.0 29 530
443311 443701 -0.847574 80.0 28 390
443701 444261 0.471337 80.0 24 560
444261 445511 -1.02072 80.0 25 1250
