380395 380406 1.901043 30.0 5 11
380406 380845 1.901043 80.0 19 439
380845 381365 -1.599667 80.0 7 520
381365 386035 2.658108 80.0 10 4670
386035 386685 -1.058847 80.0 7 650
386685 395075 1.559881 80.0 0 8390
395075 395645 -0.582067 80.0 7 570
395645 396765 2.258977 80.0 19 1120
396765 396945 -1.086524 80.0 1 180
396945 397405 -2.718843 80.0 25 460
397405 397685 -0.990301 80.0 28 280
397685 398835 0.364957 80.0 24 1150
398835 399525 -0.222084 80.0 7 690
399525 403015 1.443086 80.0 14 3490
403015 405545 8.062509 80.0 4 2530
405545 405755 2.165343 80.0 16 210
405755 406475 -0.202445 80.0 1 720
406475 406715 -3.462267 80.0 17 240
406715 407705 -5.569041 80.0 3 990
407705 408045 -2.589297 80.0 8 340
408045 410475 1.749611 80.0 21 2430
410475 411885 5.625751 80.0 22 1410
411885 412735 -1.523266 80.0 20 850
412735 418165 2.735479 80.0 6 5430
418165 419455 6.728401 80.0 12 1290
419455 420755 2.04261 80.0 2 1300
420755 421335 5.335878 80.0 22 580
421335 422555 2.203923 80.0 2 1220
422555 428595 7.148465 80.0 15 6040
428595 428915 1.288235 80.0 18 320
428915 429785 -4.024211 80.0 17 870
429785 434035 -7.603621 80.0 11 4250
434035 434915 1.161112 80.0 13 880
434915 435565 -7.064474 80.0 3 650
435565 435785 -3.24764 80.0 29 220
435785 437095 -0.736585 80.0 28 1310
437095 437595 0.144522 80.0 24 500
437595 438255 -0.257162 80.0 7 660
438255 438525 2.057457 80.0 26 270
438525 439665 5.895985 80.0 22 1140
439665 440035 -0.218651 80.0 18 370
440035 440815 -5.966369 80.0 3 780
440815 441685 -1.662844 80.0 13 870
441685 442735 -5.55832 80.0 3 1050
442735 443145 -3.466354 80.0 29 410
443145 443625 -1.210872 80.0 28 480
443625 444235 0.441426 80.0 24 610
444235 445505 -1.046292 80.0 25 1270
