380576 380916 1.469051 80.0 24 340
380916 381456 -1.065222 80.0 7 540
381456 386156 1.923079 80.0 10 4700
386156 386776 -0.870906 80.0 7 620
386776 395126 1.549413 80.0 0 8350
395126 395686 -0.444486 80.0 7 560
395686 396866 2.195013 80.0 19 1180
396866 397866 -1.621238 80.0 25 1000
397866 399016 0.359797 80.0 24 1150
399016 399606 -0.195871 80.0 7 590
399606 403056 1.513877 80.0 14 3450
403056 405646 7.843928 80.0 4 2590
405646 405936 2.074516 80.0 16 290
405936 406536 -0.352349 80.0 1 600
406536 406876 -3.472227 80.0 17 340
406876 407726 -5.543252 80.0 3 850
407726 408196 -2.518989 80.0 8 470
408196 410496 1.708225 80.0 21 2300
410496 411916 5.552568 80.0 22 1420
411916 412746 -1.003085 80.0 20 830
412746 418256 2.7184 80.0 6 5510
418256 419506 6.558592 80.0 12 1250
419506 420716 2.29909 80.0 2 1210
420716 421416 4.909359 80.0 22 700
421416 422586 2.280562 80.0 2 1170
422586 428646 7.104119 80.0 15 6060
428646 429046 1.001127 80.0 18 400
429046 429946 -4.061784 80.0 17 900
429946 434086 -7.539347 80.0 11 4140
434086 434306 -2.452156 80.0 8 220
434306 434826 2.523416 80.0 19 520
434826 435056 -2.532702 80.0 17 230
435056 435636 -6.741519 80.0 3 580
435636 435886 -3.445812 80.0 29 250
435886 438256 -0.501942 80.0 9 2370
438256 438626 1.92539 80.0 26 370
438626 439706 6.014315 80.0 22 1080
439706 440206 -0.467043 80.0 18 500
440206 440856 -6.04446 80.0 3 650
440856 441856 -2.364297 80.0 13 1000
441856 442776 -5.639862 80.0 3 920
442776 443286 -3.47318 80.0 29 510
443286 443656 -0.87086 80.0 28 370
443656 444246 0.514498 80.0 24 590
444246 445506 -1.022613 80.0 25 1260
