380757 380997 0.753945 80.0 24 240
380997 381537 -0.573054 80.0 7 540
381537 386277 1.063528 80.0 10 4740
386277 386867 -0.632291 80.0 7 590
386867 396967 1.745585 80.0 27 10100
396967 398047 -1.385159 80.0 25 1080
398047 403157 1.337674 80.0 6 5110
403157 405707 7.766695 80.0 4 2550
405707 407027 -0.656184 80.0 18 1320
407027 407727 -5.518703 80.0 3 700
407727 408337 -2.555948 80.0 8 610
408337 410607 1.758928 80.0 21 2270
410607 411917 5.421512 80.0 22 1310
411917 412897 -0.230665 80.0 20 980
412897 418387 2.783154 80.0 6 5490
418387 419537 6.702707 80.0 12 1150
419537 420857 2.578776 80.0 2 1320
420857 421427 4.812127 80.0 22 570
421427 422697 2.582408 80.0 2 1270
422697 428637 7.160306 80.0 15 5940
428637 429177 1.207738 80.0 18 540
429177 429967 -4.060907 80.0 17 790
429967 434107 -7.503662 80.0 11 4140
434107 435187 -0.712187 80.0 13 1080
435187 435697 -6.282804 80.0 3 510
435697 436027 -3.479375 80.0 29 330
436027 438257 -0.536061 80.0 9 2230
438257 438787 2.144377 80.0 26 530
438787 439707 5.95715 80.0 22 920
439707 440357 -0.195565 80.0 18 650
440357 440897 -5.93958 80.0 3 540
440897 441987 -2.819168 80.0 13 1090
441987 442807 -5.62898 80.0 3 820
442807 443377 -3.591038 80.0 29 570
443377 443797 -0.818325 80.0 28 420
443797 444357 0.533887 80.0 24 560
444357 445507 -0.865477 80.0 25 1150
