380563 380913 1.492689 80.0 24 350
380913 381453 -1.101866 80.0 7 540
381453 386143 2.225851 80.0 10 4690
386143 386763 -0.886985 80.0 7 620
386763 395113 1.550438 80.0 0 8350
395113 395693 -0.437784 80.0 7 580
395693 396853 2.24913 80.0 19 1160
396853 397853 -1.628348 80.0 25 1000
397853 399003 0.360002 80.0 24 1150
399003 399613 -0.193075 80.0 7 610
399613 403093 1.554329 80.0 14 3480
403093 405613 7.955125 80.0 4 2520
405613 405923 2.235283 80.0 16 310
405923 406543 -0.374307 80.0 1 620
406543 406863 -3.527182 80.0 17 320
406863 407713 -5.556509 80.0 3 850
407713 408183 -2.578137 80.0 8 470
408183 410573 1.796452 80.0 21 2390
410573 411903 5.652013 80.0 22 1330
411903 412733 -0.98968 80.0 20 830
412733 418283 2.723404 80.0 6 5550
418283 419473 6.689792 80.0 12 1190
419473 420853 2.313399 80.0 2 1380
420853 421363 5.182064 80.0 22 510
421363 422643 2.436372 80.0 2 1280
422643 428613 7.150572 80.0 15 5970
428613 429043 1.162125 80.0 18 430
429043 429953 -4.086562 80.0 17 910
429953 434073 -7.552989 80.0 11 4120
434073 434303 -2.50082 80.0 8 230
434303 434813 2.643499 80.0 19 510
434813 435053 -2.542675 80.0 17 240
435053 435623 -6.807372 80.0 3 570
435623 435873 -3.504233 80.0 29 250
435873 438263 -0.498282 80.0 9 2390
438263 438653 2.170666 80.0 26 390
438653 439683 6.127866 80.0 22 1030
439683 440193 -0.279775 80.0 18 510
440193 440863 -6.023505 80.0 3 670
440863 441833 -2.262532 80.0 13 970
441833 442763 -5.636255 80.0 3 930
442763 443283 -3.472714 80.0 29 520
443283 443653 -0.840863 80.0 28 370
443653 444243 0.527662 80.0 24 590
444243 445503 -1.024458 80.0 25 1260
