380674 380954 1.079345 80.0 24 280
380954 381504 -0.781872 80.0 7 550
381504 386214 1.815707 80.0 10 4710
386214 386824 -0.735155 80.0 7 610
386824 395184 1.538392 80.0 0 8360
395184 395694 -0.38877 80.0 7 510
395694 396914 1.999756 80.0 19 1220
396914 397964 -1.479859 80.0 25 1050
397964 399094 0.358752 80.0 24 1130
399094 399604 -0.181524 80.0 7 510
399604 403134 1.52499 80.0 14 3530
403134 405654 7.870271 80.0 4 2520
405654 406034 2.285828 80.0 16 380
406034 406574 -0.486482 80.0 1 540
406574 406964 -3.517143 80.0 17 390
406964 407724 -5.540024 80.0 3 760
407724 408264 -2.576998 80.0 8 540
408264 410574 1.750054 80.0 21 2310
410574 411914 5.494712 80.0 22 1340
411914 412834 -0.53526 80.0 20 920
412834 418344 2.762673 80.0 6 5510
418344 419514 6.819755 80.0 12 1170
419514 420854 2.55417 80.0 2 1340
420854 421394 4.963591 80.0 22 540
421394 422674 2.530677 80.0 2 1280
422674 428624 7.177895 80.0 15 5950
428624 429114 1.230167 80.0 18 490
429114 429954 -4.06382 80.0 17 840
429954 434094 -7.520868 80.0 11 4140
434094 434364 -2.490851 80.0 8 270
434364 434864 1.967558 80.0 19 500
434864 435124 -2.485734 80.0 17 260
435124 435664 -6.508694 80.0 3 540
435664 435964 -3.467845 80.0 29 300
435964 438254 -0.518502 80.0 9 2290
438254 438734 2.159333 80.0 26 480
438734 439694 6.048535 80.0 22 960
439694 440284 -0.099409 80.0 18 590
440284 440884 -5.937939 80.0 3 600
440884 441924 -2.603986 80.0 13 1040
441924 442794 -5.637276 80.0 3 870
442794 443334 -3.535833 80.0 29 540
443334 443744 -0.807974 80.0 28 410
443744 444254 0.458022 80.0 24 510
444254 445504 -1.012178 80.0 25 1250
