380763 381003 0.713066 80.0 24 240
381003 381543 -0.549501 80.0 7 540
381543 386283 1.061215 80.0 10 4740
386283 386873 -0.619176 80.0 7 590
386873 396953 1.744565 80.0 27 10080
396953 398053 -1.353938 80.0 25 1100
398053 403173 1.350132 80.0 6 5120
403173 405693 7.801672 80.0 4 2520
405693 407043 -0.639434 80.0 18 1350
407043 407733 -5.521843 80.0 3 690
407733 408333 -2.558628 80.0 8 600
408333 410623 1.772642 80.0 21 2290
410623 411903 5.430584 80.0 22 1280
411903 412923 -0.141116 80.0 20 1020
412923 418393 2.799006 80.0 6 5470
418393 419533 6.703995 80.0 12 1140
419533 420883 2.626437 80.0 2 1350
420883 421413 4.83041 80.0 22 530
421413 422713 2.628967 80.0 2 1300
422713 428633 7.169356 80.0 15 5920
428633 429173 1.268321 80.0 18 540
429173 429973 -4.048434 80.0 17 800
429973 434103 -7.507395 80.0 11 4130
434103 436023 -2.678751 80.0 9 1920
436023 438243 -0.545187 80.0 9 2220
438243 438803 2.158606 80.0 26 560
438803 439703 5.969569 80.0 22 900
439703 440363 -0.19934 80.0 18 660
440363 440893 -5.933553 80.0 3 530
440893 441993 -2.845951 80.0 13 1100
441993 442813 -5.624295 80.0 3 820
442813 443373 -3.591512 80.0 29 560
443373 443793 -0.847832 80.0 28 420
443793 444353 0.519932 80.0 24 560
444353 445503 -0.865944 80.0 25 1150
