380545 380895 1.591477 80.0 19 350
380895 381435 -1.674725 80.0 7 540
381435 386125 1.131809 80.0 10 4690
386125 386765 -0.886575 80.0 7 640
386765 395105 1.554093 80.0 0 8340
395105 395685 -0.454755 80.0 7 580
395685 396845 2.27523 80.0 19 1160
396845 397835 -1.656781 80.0 25 990
397835 398985 0.360374 80.0 24 1150
398985 399595 -0.200115 80.0 7 610
399595 403065 1.534505 80.0 14 3470
403065 405615 7.925502 80.0 4 2550
405615 405905 2.162814 80.0 16 290
405905 406525 -0.325359 80.0 1 620
406525 406845 -3.464186 80.0 17 320
406845 407705 -5.558139 80.0 3 860
407705 408165 -2.639827 80.0 8 460
408165 410535 1.757785 80.0 21 2370
410535 411915 5.632376 80.0 22 1380
411915 412735 -1.13921 80.0 20 820
412735 418265 2.723033 80.0 6 5530
418265 419475 6.680554 80.0 12 1210
419475 420775 2.17051 80.0 2 1300
420775 421375 5.085046 80.0 22 600
421375 422605 2.344415 80.0 2 1230
422605 428625 7.129665 80.0 15 6020
428625 429025 1.097741 80.0 18 400
429025 429935 -4.055036 80.0 17 910
429935 434075 -7.543571 80.0 11 4140
434075 434285 -2.54573 80.0 8 210
434285 434815 2.670655 80.0 19 530
434815 435025 -2.493396 80.0 17 210
435025 435625 -6.782258 80.0 3 600
435625 435865 -3.413539 80.0 29 240
435865 438255 -0.492834 80.0 9 2390
438255 438635 2.092285 80.0 26 380
438635 439685 6.127128 80.0 22 1050
439685 440175 -0.298474 80.0 18 490
440175 440855 -6.030248 80.0 3 680
440855 441825 -2.236488 80.0 13 970
441825 442765 -5.633496 80.0 3 940
442765 443265 -3.465941 80.0 29 500
443265 443635 -0.893752 80.0 28 370
443635 444245 0.53783 80.0 24 610
444245 445505 -1.027363 80.0 25 1260
