380681 380961 1.063471 80.0 24 280
380961 381511 -0.777057 80.0 7 550
381511 386221 1.817481 80.0 10 4710
386221 386821 -0.74578 80.0 7 600
386821 395181 1.538193 80.0 0 8360
395181 395701 -0.380208 80.0 7 520
395701 396921 1.996969 80.0 19 1220
396921 397971 -1.479883 80.0 25 1050
397971 399091 0.361795 80.0 24 1120
399091 399621 -0.172991 80.0 7 530
399621 403081 1.485696 80.0 14 3460
403081 405711 7.714097 80.0 4 2630
405711 406041 1.9791 80.0 16 330
406041 406571 -0.468586 80.0 1 530
406571 406971 -3.491737 80.0 17 400
406971 407721 -5.543097 80.0 3 750
407721 408271 -2.606067 80.0 8 550
408271 410511 1.678584 80.0 21 2240
410511 411961 5.387909 80.0 22 1450
411961 412841 -0.750895 80.0 20 880
412841 418301 3.031704 80.0 6 5460
418301 419561 6.624633 80.0 12 1260
419561 420671 2.223973 80.0 2 1110
420671 421471 4.698538 80.0 22 800
421471 422581 2.280914 80.0 2 1110
422581 428671 7.108685 80.0 15 6090
428671 429121 0.936036 80.0 18 450
429121 429961 -4.071424 80.0 17 840
429961 434091 -7.526298 80.0 11 4130
434091 434361 -2.641181 80.0 8 270
434361 434861 1.945096 80.0 19 500
434861 435131 -2.41162 80.0 17 270
435131 435671 -6.501299 80.0 3 540
435671 435961 -3.502905 80.0 29 290
435961 438261 -0.524076 80.0 9 2300
438261 438681 1.890521 80.0 26 420
438681 439731 5.880827 80.0 22 1050
439731 440291 -0.366635 80.0 18 560
440291 440881 -5.953529 80.0 3 590
440881 441931 -2.629436 80.0 13 1050
441931 442791 -5.644531 80.0 3 860
442791 443341 -3.551636 80.0 29 550
443341 443751 -0.801712 80.0 28 410
443751 444271 0.443934 80.0 24 520
444271 445511 -1.019994 80.0 25 1240
