380753 381003 0.729994 80.0 24 250
381003 381533 -0.58194 80.0 7 530
381533 386263 1.06553 80.0 10 4730
386263 386863 -0.620678 80.0 7 600
386863 396963 1.74335 80.0 27 10100
396963 398043 -1.384102 80.0 25 1080
398043 403153 1.106411 80.0 6 5110
403153 405703 7.768945 80.0 4 2550
405703 407023 -0.648795 80.0 18 1320
407023 407723 -5.521849 80.0 3 700
407723 408333 -2.564965 80.0 8 610
408333 410633 1.793033 80.0 21 2300
410633 411913 5.442377 80.0 22 1280
411913 412903 -0.222494 80.0 20 990
412903 418383 2.788188 80.0 6 5480
418383 419533 6.702132 80.0 12 1150
419533 420873 2.606865 80.0 2 1340
420873 421423 4.82865 80.0 22 550
421423 422693 2.580293 80.0 2 1270
422693 428643 7.157903 80.0 15 5950
428643 429173 1.160588 80.0 18 530
429173 429973 -4.068728 80.0 17 800
429973 434113 -7.503369 80.0 11 4140
434113 435193 -0.712427 80.0 13 1080
435193 435693 -6.307044 80.0 3 500
435693 436023 -3.487019 80.0 29 330
436023 438243 -0.538649 80.0 9 2220
438243 438783 2.097778 80.0 26 540
438783 439703 5.955654 80.0 22 920
439703 440353 -0.181402 80.0 18 650
440353 440903 -5.914146 80.0 3 550
440903 441983 -2.794909 80.0 13 1080
441983 442813 -5.621864 80.0 3 830
442813 443373 -3.569358 80.0 29 560
443373 443793 -0.820721 80.0 28 420
443793 444363 0.525002 80.0 24 570
444363 445503 -0.873733 80.0 25 1140
