380470 380870 1.756407 80.0 19 400
380870 381390 -2.108897 80.0 25 520
381390 386080 1.150063 80.0 10 4690
386080 386730 -0.969169 80.0 7 650
386730 395090 1.557515 80.0 0 8360
395090 395670 -0.51419 80.0 7 580
395670 396790 2.192225 80.0 19 1120
396790 397740 -1.781479 80.0 25 950
397740 398910 0.356088 80.0 24 1170
398910 399570 -0.207419 80.0 7 660
399570 403100 1.519892 80.0 14 3530
403100 405530 8.14517 80.0 4 2430
405530 405830 2.5647 80.0 16 300
405830 406510 -0.288454 80.0 1 680
406510 406780 -3.52938 80.0 17 270
406780 407700 -5.567319 80.0 3 920
407700 408110 -2.60271 80.0 8 410
408110 410640 1.920123 80.0 21 2530
410640 411860 5.854075 80.0 22 1220
411860 412730 -1.074339 80.0 20 870
412730 418260 2.742358 80.0 6 5530
418260 419410 6.886456 80.0 12 1150
419410 422680 2.848592 80.0 23 3270
422680 428570 7.199372 80.0 15 5890
428570 428960 1.574416 80.0 18 390
428960 429810 -4.039407 80.0 17 850
429810 434060 -7.586998 80.0 11 4250
434060 434260 -2.319576 80.0 8 200
434260 434780 3.175791 80.0 19 520
434780 434980 -2.63152 80.0 17 200
434980 435590 -6.970712 80.0 3 610
435590 435820 -3.363954 80.0 29 230
435820 438260 -0.463437 80.0 9 2440
438260 438640 2.524339 80.0 26 380
438640 439630 6.339594 80.0 22 990
439630 440110 0.122612 80.0 18 480
440110 440830 -6.021913 80.0 3 720
440830 441750 -1.967944 80.0 13 920
441750 442750 -5.597649 80.0 3 1000
442750 443560 -2.402761 80.0 8 810
443560 444240 0.572386 80.0 24 680
444240 445510 -1.032551 80.0 25 1270
