380657 380947 1.172979 80.0 24 290
380947 381497 -0.837617 80.0 7 550
381497 386207 1.888021 80.0 10 4710
386207 386817 -0.765778 80.0 7 610
386817 395167 1.542018 80.0 0 8350
395167 395697 -0.392674 80.0 7 530
395697 396907 2.039556 80.0 19 1210
396907 397947 -1.508048 80.0 25 1040
397947 399077 0.360861 80.0 24 1130
399077 399607 -0.184527 80.0 7 530
399607 403087 1.496564 80.0 14 3480
403087 405687 7.773046 80.0 4 2600
405687 406017 2.049302 80.0 16 330
406017 406567 -0.454152 80.0 1 550
406567 406947 -3.497216 80.0 17 380
406947 407727 -5.537714 80.0 3 780
407727 408257 -2.546259 80.0 8 530
408257 410507 1.685863 80.0 21 2250
410507 411947 5.430863 80.0 22 1440
411947 412817 -0.792282 80.0 20 870
412817 418297 2.74363 80.0 6 5480
418297 419537 6.714723 80.0 12 1240
419537 420717 2.313225 80.0 2 1180
420717 421437 4.801149 80.0 22 720
421437 422597 2.334926 80.0 2 1160
422597 428657 7.129921 80.0 15 6060
428657 429107 0.981869 80.0 18 450
429107 429957 -4.079924 80.0 17 850
429957 434097 -7.525834 80.0 11 4140
434097 434347 -2.547555 80.0 8 250
434347 434847 2.108914 80.0 19 500
434847 435117 -2.419445 80.0 17 270
435117 435657 -6.588174 80.0 3 540
435657 435947 -3.504844 80.0 29 290
435947 438257 -0.517911 80.0 9 2310
438257 438687 1.974592 80.0 26 430
438687 439717 5.969215 80.0 22 1030
439717 440287 -0.39783 80.0 18 570
440287 440887 -5.964772 80.0 3 600
440887 441907 -2.527912 80.0 13 1020
441907 442797 -5.634294 80.0 3 890
442797 443327 -3.512795 80.0 29 530
443327 443737 -0.800733 80.0 28 410
443737 444257 0.475515 80.0 24 520
444257 445507 -1.015864 80.0 25 1250
