380774 381014 0.746768 80.0 24 240
381014 381554 -0.537089 80.0 7 540
381554 386284 1.061981 80.0 10 4730
386284 386874 -0.611444 80.0 7 590
386874 396974 1.479577 80.0 27 10100
396974 398064 -1.363727 80.0 25 1090
398064 403124 1.232277 80.0 6 5060
403124 405754 7.649337 80.0 4 2630
405754 407044 -0.817556 80.0 18 1290
407044 407724 -5.524377 80.0 3 680
407724 408344 -2.603696 80.0 8 620
408344 410534 1.664613 80.0 21 2190
410534 411954 5.312455 80.0 22 1420
411954 412274 1.811956 80.0 16 320
412274 412914 -1.41711 80.0 7 640
412914 418354 2.778603 80.0 6 5440
418354 419574 6.533149 80.0 12 1220
419574 420684 2.280519 80.0 2 1110
420684 421494 4.615884 80.0 22 810
421494 422644 2.426153 80.0 2 1150
422644 428684 7.108999 80.0 15 6040
428684 429184 0.979184 80.0 18 500
429184 429984 -4.062144 80.0 17 800
429984 434124 -7.499823 80.0 11 4140
434124 436044 -2.6602 80.0 9 1920
436044 438254 -0.537752 80.0 9 2210
438254 438744 1.894786 80.0 26 490
438744 439744 5.786015 80.0 22 1000
439744 440374 -0.467045 80.0 18 630
440374 440894 -5.949862 80.0 3 520
440894 442004 -2.878157 80.0 13 1110
442004 442824 -5.61889 80.0 3 820
442824 443384 -3.572745 80.0 29 560
443384 443804 -0.836027 80.0 28 420
443804 444354 0.515339 80.0 24 550
444354 445504 -0.865296 80.0 25 1150
