380526 380886 1.630813 80.0 19 360
380886 381426 -1.697489 80.0 7 540
381426 386116 1.443788 80.0 10 4690
386116 386756 -0.905252 80.0 7 640
386756 395096 1.555574 80.0 0 8340
395096 395666 -0.474974 80.0 7 570
395666 396836 2.277689 80.0 19 1170
396836 397816 -1.682137 80.0 25 980
397816 398966 0.360726 80.0 24 1150
398966 399586 -0.202068 80.0 7 620
399586 403156 1.630001 80.0 14 3570
403156 405536 8.161178 80.0 4 2380
405536 405886 2.665073 80.0 16 350
405886 406516 -0.311525 80.0 1 630
406516 406826 -3.454273 80.0 17 310
406826 407706 -5.555554 80.0 3 880
407706 408146 -2.625205 80.0 8 440
408146 411296 2.610247 80.0 14 3150
411296 411856 6.287408 80.0 22 560
411856 412736 -0.826071 80.0 20 880
412736 418326 2.754493 80.0 6 5590
418326 419396 6.942756 80.0 12 1070
419396 422746 2.92288 80.0 23 3350
422746 428546 7.22137 80.0 15 5800
428546 429006 1.711658 80.0 18 460
429006 429936 -4.045916 80.0 17 930
429936 434066 -7.551714 80.0 11 4130
434066 434276 -2.529189 80.0 8 210
434276 434806 2.770861 80.0 19 530
434806 435016 -2.591223 80.0 17 210
435016 435606 -6.862889 80.0 3 590
435606 435846 -3.493974 80.0 29 240
435846 438246 -0.492033 80.0 9 2400
438246 438696 2.522294 80.0 26 450
438696 439616 6.343551 80.0 22 920
439616 440156 0.312019 80.0 18 540
440156 440846 -6.028236 80.0 3 690
440846 441796 -2.155297 80.0 13 950
441796 442756 -5.622244 80.0 3 960
442756 443616 -2.382795 80.0 8 860
443616 444246 0.542319 80.0 24 630
444246 445506 -1.030666 80.0 25 1260
