380779 381019 0.659738 80.0 24 240
381019 381549 -0.530046 80.0 7 530
381549 386289 1.058326 80.0 10 4740
386289 386879 -0.60268 80.0 7 590
386879 396969 1.740518 80.0 27 10090
396969 398069 -1.347548 80.0 25 1100
398069 403109 1.225511 80.0 6 5040
403109 405769 7.601254 80.0 4 2660
405769 407059 -0.900665 80.0 18 1290
407059 407729 -5.525213 80.0 3 670
407729 408339 -2.623554 80.0 8 610
408339 410509 1.63059 80.0 21 2170
410509 411969 5.265491 80.0 22 1460
411969 412919 -0.386224 80.0 20 950
412919 418349 2.779362 80.0 6 5430
418349 419599 6.458638 80.0 12 1250
419599 420629 2.16035 80.0 2 1030
420629 421519 4.54454 80.0 22 890
421519 422629 2.379119 80.0 2 1110
422629 428709 7.086312 80.0 15 6080
428709 429189 0.824814 80.0 18 480
429189 429979 -4.056339 80.0 17 790
429979 434119 -7.499957 80.0 11 4140
434119 436039 -2.671711 80.0 9 1920
436039 438259 -0.542004 80.0 9 2220
438259 438729 1.838724 80.0 26 470
438729 439759 5.717655 80.0 22 1030
439759 440379 -0.575831 80.0 18 620
440379 440899 -5.947444 80.0 3 520
440899 442009 -2.882479 80.0 13 1110
442009 442819 -5.623631 80.0 3 810
442819 443389 -3.581963 80.0 29 570
443389 443809 -0.826519 80.0 28 420
443809 444359 0.507559 80.0 24 550
444359 445509 -0.865164 80.0 25 1150
