380517 380887 1.650082 80.0 19 370
380887 381417 -1.786676 80.0 7 530
381417 386117 1.450227 80.0 10 4700
386117 386747 -0.936204 80.0 7 630
386747 395097 1.554734 80.0 0 8350
395097 395677 -0.474696 80.0 7 580
395677 396817 2.10791 80.0 19 1140
396817 397807 -1.684156 80.0 25 990
397807 398957 0.361034 80.0 24 1150
398957 399587 -0.202381 80.0 7 630
399587 403077 1.558365 80.0 14 3490
403077 405577 8.015854 80.0 4 2500
405577 405877 2.348715 80.0 16 300
405877 406527 -0.331872 80.0 1 650
406527 406817 -3.508851 80.0 17 290
406817 407707 -5.556742 80.0 3 890
407707 408137 -2.646015 80.0 8 430
408137 410557 1.78964 80.0 21 2420
410557 411887 5.713836 80.0 22 1330
411887 412737 -1.064931 80.0 20 850
412737 418267 2.732534 80.0 6 5530
418267 419447 6.775517 80.0 12 1180
419447 422637 2.817036 80.0 23 3190
422637 428597 7.161957 80.0 15 5960
428597 428997 1.350731 80.0 18 400
428997 429827 -4.060225 80.0 17 830
429827 434067 -7.524983 80.0 11 4240
434067 434277 -2.468263 80.0 8 210
434277 434797 2.890809 80.0 19 520
434797 435017 -2.59249 80.0 17 220
435017 435607 -6.893904 80.0 3 590
435607 435847 -3.434497 80.0 29 240
435847 438257 -0.483616 80.0 9 2410
438257 438637 2.245195 80.0 26 380
438637 439657 6.225477 80.0 22 1020
439657 440147 -0.0431 80.0 18 490
440147 440837 -6.036282 80.0 3 690
440837 441797 -2.168449 80.0 13 960
441797 442757 -5.624296 80.0 3 960
442757 443597 -2.417382 80.0 8 840
443597 444247 0.539684 80.0 24 650
444247 445507 -1.032862 80.0 25 1260
