380668 380948 1.144435 80.0 24 280
380948 381498 -0.810001 80.0 7 550
381498 386208 1.841886 80.0 10 4710
386208 386818 -0.750674 80.0 7 610
386818 395178 1.53921 80.0 0 8360
395178 395698 -0.389995 80.0 7 520
395698 396908 2.027139 80.0 19 1210
396908 397958 -1.487419 80.0 25 1050
397958 399088 0.35991 80.0 24 1130
399088 399608 -0.183438 80.0 7 520
399608 403078 1.48459 80.0 14 3470
403078 405708 7.722425 80.0 4 2630
405708 406028 1.959625 80.0 16 320
406028 406568 -0.457372 80.0 1 540
406568 406958 -3.486889 80.0 17 390
406958 407718 -5.545368 80.0 3 760
407718 408258 -2.631398 80.0 8 540
408258 410488 1.65626 80.0 21 2230
410488 411958 5.386022 80.0 22 1470
411958 412828 -0.797067 80.0 20 870
412828 418288 2.744596 80.0 6 5460
418288 419558 6.629458 80.0 12 1270
419558 420638 2.169101 80.0 2 1080
420638 421478 4.668315 80.0 22 840
421478 422578 2.256733 80.0 2 1100
422578 428678 7.106229 80.0 15 6100
428678 429108 0.904919 80.0 18 430
429108 429968 -4.071808 80.0 17 860
429968 434098 -7.529982 80.0 11 4130
434098 434358 -2.516515 80.0 8 260
434358 434858 2.039939 80.0 19 500
434858 435118 -2.409744 80.0 17 260
435118 435668 -6.518375 80.0 3 550
435668 435958 -3.460133 80.0 29 290
435958 438258 -0.519187 80.0 9 2300
438258 438668 1.849805 80.0 26 410
438668 439728 5.891195 80.0 22 1060
439728 440288 -0.40756 80.0 18 560
440288 440878 -5.971364 80.0 3 590
440878 441918 -2.590284 80.0 13 1040
441918 442798 -5.634834 80.0 3 880
442798 443328 -3.538481 80.0 29 530
443328 443748 -0.810603 80.0 28 420
443748 444268 0.45912 80.0 24 520
444268 445508 -1.021607 80.0 25 1240
