380825 381045 0.522678 80.0 24 220
381045 381625 -0.384096 80.0 7 580
381625 386315 1.05692 80.0 10 4690
386315 386895 -0.535686 80.0 7 580
386895 396995 1.512385 80.0 27 10100
396995 398115 -1.291772 80.0 25 1120
398115 403115 1.234415 80.0 6 5000
403115 405805 7.525584 80.0 4 2690
405805 407095 -0.967131 80.0 18 1290
407095 407735 -5.508134 80.0 3 640
407735 408385 -2.564595 80.0 8 650
408385 410465 1.572444 80.0 21 2080
410465 411975 5.171299 80.0 22 1510
411975 412345 1.601222 80.0 16 370
412345 412965 -1.34716 80.0 7 620
412965 418355 2.793657 80.0 6 5390
418355 419625 6.331578 80.0 12 1270
419625 420625 2.144209 80.0 2 1000
420625 421585 4.459403 80.0 22 960
421585 422635 2.351458 80.0 2 1050
422635 428725 7.185916 80.0 15 6090
428725 429215 0.821471 80.0 18 490
429215 429985 -4.025689 80.0 17 770
429985 434125 -7.488193 80.0 11 4140
434125 436075 -2.700537 80.0 9 1950
436075 438255 -0.553111 80.0 9 2180
438255 438735 1.749645 80.0 26 480
438735 439775 5.604601 80.0 22 1040
439775 440195 0.839792 80.0 18 420
440195 442045 -6.883698 80.0 3 1850
442045 442825 -5.615121 80.0 3 780
442825 443415 -3.598876 80.0 29 590
443415 443855 -0.797919 80.0 28 440
443855 444355 0.47628 80.0 24 500
444355 445505 -0.861096 80.0 25 1150
