380770 381010 0.695508 80.0 24 240
381010 381550 -0.540792 80.0 7 540
381550 386280 1.062694 80.0 10 4730
386280 386870 -0.613828 80.0 7 590
386870 396970 1.741621 80.0 27 10100
396970 398060 -1.364633 80.0 25 1090
398060 403160 1.336482 80.0 6 5100
403160 405720 7.745065 80.0 4 2560
405720 407040 -0.696501 80.0 18 1320
407040 407720 -5.52437 80.0 3 680
407720 408340 -2.618732 80.0 8 620
408340 410600 1.741961 80.0 21 2260
410600 411930 5.388391 80.0 22 1330
411930 412910 -0.243884 80.0 20 980
412910 418380 2.785296 80.0 6 5470
418380 419560 6.616539 80.0 12 1180
419560 420820 2.504351 80.0 2 1260
420820 421440 4.759147 80.0 22 620
421440 422670 2.533808 80.0 2 1230
422670 428660 7.134778 80.0 15 5990
428660 429190 1.060611 80.0 18 530
429190 429970 -4.072489 80.0 17 780
429970 434110 -7.500242 80.0 11 4140
434110 436040 -2.67391 80.0 9 1930
436040 438260 -0.534391 80.0 9 2220
438260 438780 2.09073 80.0 26 520
438780 439720 5.895326 80.0 22 940
439720 440370 -0.307326 80.0 18 650
440370 440900 -5.932042 80.0 3 530
440900 442000 -2.85193 80.0 13 1100
442000 442810 -5.630196 80.0 3 810
442810 443390 -3.575155 80.0 29 580
443390 443810 -0.793537 80.0 28 420
443810 444350 0.529425 80.0 24 540
444350 445510 -0.858003 80.0 25 1160
