380491 380871 1.736797 80.0 19 380
380871 381401 -1.880217 80.0 7 530
381401 386091 1.456981 80.0 10 4690
386091 386731 -0.955582 80.0 7 640
386731 395091 1.555346 80.0 0 8360
395091 395671 -0.496707 80.0 7 580
395671 396801 2.151459 80.0 19 1130
396801 397781 -1.715128 80.0 25 980
397781 398931 0.361688 80.0 24 1150
398931 399581 -0.203085 80.0 7 650
399581 403111 1.524458 80.0 14 3530
403111 405531 8.141476 80.0 4 2420
405531 405851 2.613847 80.0 16 320
405851 406511 -0.291742 80.0 1 660
406511 406791 -3.462175 80.0 17 280
406791 407711 -5.553972 80.0 3 920
407711 408121 -2.577468 80.0 8 410
408121 410711 1.993767 80.0 21 2590
410711 411861 5.868011 80.0 22 1150
411861 412731 -0.997108 80.0 20 870
412731 418281 2.744393 80.0 6 5550
418281 419411 6.891365 80.0 12 1130
419411 422701 2.869621 80.0 23 3290
422701 428561 7.206385 80.0 15 5860
428561 428981 1.597843 80.0 18 420
428981 429811 -4.052768 80.0 17 830
429811 434061 -7.521194 80.0 11 4250
434061 434271 -2.376973 80.0 8 210
434271 434791 3.030694 80.0 19 520
434791 434981 -2.441311 80.0 17 190
434981 435591 -6.904948 80.0 3 610
435591 435841 -3.391741 80.0 29 250
435841 438241 -0.471067 80.0 9 2400
438241 438661 2.43325 80.0 26 420
438661 439631 6.33281 80.0 22 970
439631 440131 0.105787 80.0 18 500
440131 440831 -6.037202 80.0 3 700
440831 441761 -2.039915 80.0 13 930
441761 442751 -5.604908 80.0 3 990
442751 443581 -2.397216 80.0 8 830
443581 444241 0.562306 80.0 24 660
444241 445511 -1.029833 80.0 25 1270
