380694 380954 1.025589 80.0 24 260
380954 381514 -0.713347 80.0 7 560
381514 386224 1.321541 80.0 10 4710
386224 386834 -0.70559 80.0 7 610
386834 395194 1.536566 80.0 0 8360
395194 395694 -0.375851 80.0 7 500
395694 396914 1.975706 80.0 19 1220
396914 397484 -1.814533 80.0 25 570
397484 397984 -1.010345 80.0 28 500
397984 403154 1.247531 80.0 6 5170
403154 405664 7.868196 80.0 4 2510
405664 406054 2.278676 80.0 16 390
406054 406574 -0.494462 80.0 1 520
406574 406984 -3.500283 80.0 17 410
406984 407724 -5.539413 80.0 3 740
407724 408284 -2.563314 80.0 8 560
408284 410604 1.781172 80.0 21 2320
410604 411914 5.492123 80.0 22 1310
411914 412854 -0.449938 80.0 20 940
412854 418354 2.770262 80.0 6 5500
418354 419514 6.800992 80.0 12 1160
419514 420884 2.61018 80.0 2 1370
420884 421394 4.958437 80.0 22 510
421394 422684 2.560899 80.0 2 1290
422684 428624 7.178157 80.0 15 5940
428624 429134 1.212015 80.0 18 510
429134 429964 -4.084067 80.0 17 830
429964 434094 -7.522669 80.0 11 4130
434094 435144 -0.459065 80.0 13 1050
435144 435674 -6.461581 80.0 3 530
435674 435984 -3.438594 80.0 29 310
435984 438254 -0.519994 80.0 9 2270
438254 438754 2.186403 80.0 26 500
438754 439694 6.043593 80.0 22 940
439694 440304 -0.1235 80.0 18 610
440304 440884 -5.950296 80.0 3 580
440884 441944 -2.675655 80.0 13 1060
441944 442794 -5.641883 80.0 3 850
442794 443344 -3.561001 80.0 29 550
443344 443764 -0.799885 80.0 28 420
443764 444274 0.431773 80.0 24 510
444274 445504 -1.023243 80.0 25 1230
