380758 380998 0.757094 80.0 24 240
380998 381538 -0.575728 80.0 7 540
381538 386268 1.065986 80.0 10 4730
386268 386868 -0.622998 80.0 7 600
386868 396958 1.745837 80.0 27 10090
396958 398048 -1.373081 80.0 25 1090
398048 403128 1.233566 80.0 6 5080
403128 405728 7.699822 80.0 4 2600
405728 407028 -0.734259 80.0 18 1300
407028 407718 -5.525825 80.0 3 690
407718 408328 -2.637977 80.0 8 610
408328 410568 1.705702 80.0 21 2240
410568 411948 5.364725 80.0 22 1380
411948 412898 -0.374894 80.0 20 950
412898 418358 2.775227 80.0 6 5460
418358 419568 6.583045 80.0 12 1210
419568 420758 2.393559 80.0 2 1190
420758 421468 4.703175 80.0 22 710
421468 422658 2.467665 80.0 2 1190
422658 428668 7.127865 80.0 15 6010
428668 429178 1.023188 80.0 18 510
429178 429968 -4.062428 80.0 17 790
429968 434108 -7.504515 80.0 11 4140
434108 435188 -0.708629 80.0 13 1080
435188 435688 -6.31418 80.0 3 500
435688 436028 -3.521609 80.0 29 340
436028 438258 -0.535782 80.0 9 2230
438258 438758 2.016922 80.0 26 500
438758 439738 5.854526 80.0 22 980
439738 440358 -0.416252 80.0 18 620
440358 440898 -5.942766 80.0 3 540
440898 441988 -2.817281 80.0 13 1090
441988 442808 -5.628935 80.0 3 820
442808 443378 -3.588353 80.0 29 570
443378 443798 -0.817118 80.0 28 420
443798 444358 0.531211 80.0 24 560
444358 445508 -0.866129 80.0 25 1150
