380685 380955 1.074494 80.0 24 270
380955 381505 -0.763114 80.0 7 550
381505 386225 1.800481 80.0 10 4720
386225 386825 -0.738686 80.0 7 600
386825 395185 1.537743 80.0 0 8360
395185 395695 -0.382001 80.0 7 510
395695 396915 1.990825 80.0 19 1220
396915 397975 -1.4625 80.0 25 1060
397975 399105 0.358063 80.0 24 1130
399105 399605 -0.18168 80.0 7 500
399605 403075 1.473768 80.0 14 3470
403075 405715 7.694742 80.0 4 2640
405715 406045 1.975292 80.0 16 330
406045 406575 -0.485496 80.0 1 530
406575 406975 -3.498601 80.0 17 400
406975 407725 -5.537718 80.0 3 750
407725 408275 -2.587985 80.0 8 550
408275 410495 1.659405 80.0 21 2220
410495 411955 5.374552 80.0 22 1460
411955 412845 -0.699417 80.0 20 890
412845 418305 2.752752 80.0 6 5460
418305 419565 6.616972 80.0 12 1260
419565 420615 2.134027 80.0 2 1050
420615 421485 4.626705 80.0 22 870
421485 422585 2.272374 80.0 2 1100
422585 428685 7.101163 80.0 15 6100
428685 429125 0.844881 80.0 18 440
429125 429965 -4.075152 80.0 17 840
429965 434095 -7.525946 80.0 11 4130
434095 434365 -2.603365 80.0 8 270
434365 434865 1.919414 80.0 19 500
434865 435135 -2.43774 80.0 17 270
435135 435675 -6.482435 80.0 3 540
435675 435975 -3.443938 80.0 29 300
435975 438255 -0.52053 80.0 9 2280
438255 438685 1.863701 80.0 26 430
438685 439735 5.874996 80.0 22 1050
439735 440295 -0.39016 80.0 18 560
440295 440885 -5.950011 80.0 3 590
440885 441935 -2.6378 80.0 13 1050
441935 442795 -5.641798 80.0 3 860
442795 443345 -3.544147 80.0 29 550
443345 443755 -0.796996 80.0 28 410
443755 444275 0.440068 80.0 24 520
444275 445505 -1.025597 80.0 25 1230
