380750 381000 0.759807 80.0 24 250
381000 381540 -0.590712 80.0 7 540
381540 386270 1.067829 80.0 10 4730
386270 386870 -0.634483 80.0 7 600
386870 396960 1.747167 80.0 27 10090
396960 398040 -1.390702 80.0 25 1080
398040 403150 1.338548 80.0 6 5110
403150 405720 7.74523 80.0 4 2570
405720 407020 -0.707874 80.0 18 1300
407020 407720 -5.523642 80.0 3 700
407720 408330 -2.593777 80.0 8 610
408330 410590 1.741794 80.0 21 2260
410590 411930 5.401485 80.0 22 1340
411930 412900 -0.310777 80.0 20 970
412900 418370 2.782459 80.0 6 5470
418370 419550 6.652769 80.0 12 1180
419550 420840 2.535347 80.0 2 1290
420840 421440 4.797045 80.0 22 600
421440 422670 2.517835 80.0 2 1230
422670 428650 7.145324 80.0 15 5980
428650 429170 1.139886 80.0 18 520
429170 429970 -4.060989 80.0 17 800
429970 434110 -7.50475 80.0 11 4140
434110 435190 -0.699978 80.0 13 1080
435190 435690 -6.332989 80.0 3 500
435690 436020 -3.50965 80.0 29 330
436020 438260 -0.534268 80.0 9 2240
438260 438760 2.055992 80.0 26 500
438760 439720 5.898947 80.0 22 960
439720 440350 -0.280159 80.0 18 630
440350 440900 -5.926432 80.0 3 550
440900 441980 -2.786955 80.0 13 1080
441980 442810 -5.62521 80.0 3 830
442810 443370 -3.587081 80.0 29 560
443370 443790 -0.833333 80.0 28 420
443790 444360 0.532992 80.0 24 570
444360 445510 -0.866326 80.0 25 1150
