380513 380883 1.677529 80.0 19 370
380883 381423 -1.783507 80.0 7 540
381423 386113 1.452587 80.0 10 4690
386113 386743 -0.942065 80.0 7 630
386743 395103 1.553224 80.0 0 8360
395103 395673 -0.486365 80.0 7 570
395673 396823 2.093776 80.0 19 1150
396823 397803 -1.70341 80.0 25 980
397803 398953 0.361117 80.0 24 1150
398953 399593 -0.200289 80.0 7 640
399593 403083 1.567666 80.0 14 3490
403083 405573 8.034138 80.0 4 2490
405573 405873 2.365349 80.0 16 300
405873 406523 -0.317959 80.0 1 650
406523 406813 -3.491142 80.0 17 290
406813 407703 -5.560969 80.0 3 890
407703 408143 -2.61553 80.0 8 440
408143 410563 1.805238 80.0 21 2420
410563 411893 5.718052 80.0 22 1330
411893 412733 -1.124819 80.0 20 840
412733 418253 2.727898 80.0 6 5520
418253 419453 6.742186 80.0 12 1200
419453 420843 2.288256 80.0 2 1390
420843 421343 5.281812 80.0 22 500
421343 422643 2.429559 80.0 2 1300
422643 428593 7.168622 80.0 15 5950
428593 428993 1.394257 80.0 18 400
428993 429823 -4.053561 80.0 17 830
429823 434063 -7.525327 80.0 11 4240
434063 434283 -2.415816 80.0 8 220
434283 434793 2.969051 80.0 19 510
434793 435003 -2.420888 80.0 17 210
435003 435603 -6.87852 80.0 3 600
435603 435843 -3.455531 80.0 29 240
435843 438253 -0.483526 80.0 9 2410
438253 438643 2.275492 80.0 26 390
438643 439663 6.22942 80.0 22 1020
439663 440143 -0.101241 80.0 18 480
440143 440843 -6.024466 80.0 3 700
440843 441783 -2.099402 80.0 13 940
441783 442753 -5.617123 80.0 3 970
442753 443603 -2.399427 80.0 8 850
443603 444243 0.552464 80.0 24 640
444243 445503 -1.034775 80.0 25 1260
