380714 380974 0.904058 80.0 24 260
380974 381514 -0.681936 80.0 7 540
381514 386244 1.292794 80.0 10 4730
386244 386844 -0.685618 80.0 7 600
386844 396934 1.490021 80.0 27 10090
396934 397994 -1.439344 80.0 25 1060
397994 403184 1.128696 80.0 6 5190
403184 405654 7.904211 80.0 4 2470
405654 406074 2.387822 80.0 16 420
406074 406584 -0.531101 80.0 1 510
406584 406994 -3.485924 80.0 17 410
406994 407724 -5.531122 80.0 3 730
407724 408304 -2.546164 80.0 8 580
408304 410714 1.904241 80.0 21 2410
410714 411904 5.557005 80.0 22 1190
411904 412864 -0.32509 80.0 20 960
412864 418394 2.783168 80.0 6 5530
418394 419484 6.900264 80.0 12 1090
419484 422754 3.024419 80.0 23 3270
422754 428614 7.208236 80.0 15 5860
428614 429144 1.3178 80.0 18 530
429144 429964 -4.069207 80.0 17 820
429964 434104 -7.512331 80.0 11 4140
434104 434384 -2.493575 80.0 8 280
434384 434884 1.70349 80.0 19 500
434884 435164 -2.610208 80.0 17 280
435164 435684 -6.413572 80.0 3 520
435684 435984 -3.497005 80.0 29 300
435984 438244 -0.535972 80.0 9 2260
438244 438794 2.269273 80.0 26 550
438794 439674 6.09577 80.0 22 880
439674 440324 -0.001613 80.0 18 650
440324 440894 -5.942337 80.0 3 570
440894 441954 -2.69754 80.0 13 1060
441954 442794 -5.63643 80.0 3 840
442794 443364 -3.550896 80.0 29 570
443364 445504 -0.63937 80.0 9 2140
