380733 380993 0.884185 80.0 24 260
380993 381533 -0.640041 80.0 7 540
381533 386253 1.074795 80.0 10 4720
386253 386853 -0.660923 80.0 7 600
386853 396953 1.485792 80.0 27 10100
396953 398023 -1.414704 80.0 25 1070
398023 403103 1.306329 80.0 6 5080
403103 405733 7.676495 80.0 4 2630
405733 406093 2.003272 80.0 16 360
406093 406593 -0.558689 80.0 1 500
406593 407023 -3.534118 80.0 17 430
407023 407723 -5.540596 80.0 3 700
407723 408303 -2.63693 80.0 8 580
408303 410523 1.664489 80.0 21 2220
410523 411943 5.354505 80.0 22 1420
411943 412893 -0.438056 80.0 20 950
412893 418333 2.773774 80.0 6 5440
418333 419563 6.585941 80.0 12 1230
419563 420703 2.303303 80.0 2 1140
420703 421483 4.670756 80.0 22 780
421483 422613 2.358457 80.0 2 1130
422613 428683 7.105725 80.0 15 6070
428683 429153 0.939896 80.0 18 470
429153 429973 -4.059129 80.0 17 820
429973 434113 -7.509207 80.0 11 4140
434113 435183 -0.618856 80.0 13 1070
435183 435693 -6.38271 80.0 3 510
435693 436003 -3.478915 80.0 29 310
436003 438263 -0.532526 80.0 9 2260
438263 438713 1.910439 80.0 26 450
438713 439733 5.830542 80.0 22 1020
439733 440343 -0.440231 80.0 18 610
440343 440903 -5.938376 80.0 3 560
440903 441963 -2.721935 80.0 13 1060
441963 442813 -5.622034 80.0 3 850
442813 443363 -3.557357 80.0 29 550
443363 443783 -0.816495 80.0 28 420
443783 444343 0.574203 80.0 24 560
444343 445503 -0.860799 80.0 25 1160
