380575 380915 1.473411 80.0 24 340
380915 381455 -1.073617 80.0 7 540
381455 386155 1.896395 80.0 10 4700
386155 386775 -0.872546 80.0 7 620
386775 395125 1.549459 80.0 0 8350
395125 395695 -0.437091 80.0 7 570
395695 396855 2.234663 80.0 19 1160
396855 397865 -1.606641 80.0 25 1010
397865 399015 0.359815 80.0 24 1150
399015 399615 -0.192789 80.0 7 600
399615 403055 1.518357 80.0 14 3440
403055 405655 7.830946 80.0 4 2600
405655 405935 1.990855 80.0 16 280
405935 406545 -0.377888 80.0 1 610
406545 406875 -3.518551 80.0 17 330
406875 407725 -5.545819 80.0 3 850
407725 408195 -2.519605 80.0 8 470
408195 410495 1.707774 80.0 21 2300
410495 411925 5.541705 80.0 22 1430
411925 412745 -1.063426 80.0 20 820
412745 418255 3.128856 80.0 6 5510
418255 419525 6.519651 80.0 12 1270
419525 420725 2.284957 80.0 2 1200
420725 421425 4.912936 80.0 22 700
421425 422575 2.24867 80.0 2 1150
422575 428655 7.091912 80.0 15 6080
428655 429045 0.927236 80.0 18 390
429045 429955 -4.072958 80.0 17 910
429955 434085 -7.545851 80.0 11 4130
434085 434305 -2.460634 80.0 8 220
434305 434835 2.482254 80.0 19 530
434835 435055 -2.638413 80.0 17 220
435055 435635 -6.747904 80.0 3 580
435635 435885 -3.448598 80.0 29 250
435885 438255 -0.501716 80.0 9 2370
438255 438635 1.966675 80.0 26 380
438635 439705 6.035269 80.0 22 1070
439705 440205 -0.452178 80.0 18 500
440205 440855 -6.045608 80.0 3 650
440855 441835 -2.309867 80.0 13 980
441835 442775 -5.627072 80.0 3 940
442775 443285 -3.472291 80.0 29 510
443285 443665 -0.848654 80.0 28 380
443665 444245 0.526403 80.0 24 580
444245 445505 -1.022429 80.0 25 1260
