380762 381002 0.726838 80.0 24 240
381002 381542 -0.556799 80.0 7 540
381542 386272 1.064223 80.0 10 4730
386272 386862 -0.623198 80.0 7 590
386862 396962 1.742764 80.0 27 10100
396962 398052 -1.368806 80.0 25 1090
398052 403122 1.309353 80.0 6 5070
403122 405732 7.68145 80.0 4 2610
405732 407042 -0.778105 80.0 18 1310
407042 407722 -5.530392 80.0 3 680
407722 408342 -2.570812 80.0 8 620
408342 410552 1.695878 80.0 21 2210
410552 411942 5.34681 80.0 22 1390
411942 412912 -0.323685 80.0 20 970
412912 418362 2.783904 80.0 6 5450
418362 419562 6.587718 80.0 12 1200
419562 420742 2.384815 80.0 2 1180
420742 421462 4.690703 80.0 22 720
421462 422652 2.472086 80.0 2 1190
422652 428672 7.122165 80.0 15 6020
428672 429182 0.985802 80.0 18 510
429182 429972 -4.06631 80.0 17 790
429972 434112 -7.501727 80.0 11 4140
434112 435202 -0.765764 80.0 13 1090
435202 435702 -6.283051 80.0 3 500
435702 436032 -3.463125 80.0 29 330
436032 438262 -0.534619 80.0 9 2230
438262 438752 2.005122 80.0 26 490
438752 439732 5.838098 80.0 22 980
439732 440362 -0.38315 80.0 18 630
440362 440902 -5.920829 80.0 3 540
440902 441992 -2.82518 80.0 13 1090
441992 442812 -5.625428 80.0 3 820
442812 443382 -3.575159 80.0 29 570
443382 443802 -0.80888 80.0 28 420
443802 444362 0.520925 80.0 24 560
444362 445512 -0.864927 80.0 25 1150
