380589 380919 1.437715 80.0 24 330
380919 381459 -1.039793 80.0 7 540
381459 386159 1.861665 80.0 10 4700
386159 386779 -0.854813 80.0 7 620
386779 395129 1.548365 80.0 0 8350
395129 395689 -0.435304 80.0 7 560
395689 396869 2.180504 80.0 19 1180
396869 397879 -1.599239 80.0 25 1010
397879 399029 0.35928 80.0 24 1150
399029 399609 -0.195476 80.0 7 580
399609 403049 1.503853 80.0 14 3440
403049 405659 7.806747 80.0 4 2610
405659 405949 2.014181 80.0 16 290
405949 406539 -0.361581 80.0 1 590
406539 406879 -3.43504 80.0 17 340
406879 407719 -5.543952 80.0 3 840
407719 408199 -2.593027 80.0 8 480
408199 410479 1.681834 80.0 21 2280
410479 411939 5.490542 80.0 22 1460
411939 412759 -1.073886 80.0 20 820
412759 418249 2.720254 80.0 6 5490
418249 419529 6.477059 80.0 12 1280
419529 420669 2.205399 80.0 2 1140
420669 421449 4.800399 80.0 22 780
421449 422549 2.185413 80.0 2 1100
422549 428669 7.069438 80.0 15 6120
428669 429059 0.81332 80.0 18 390
429059 429949 -4.074546 80.0 17 890
429949 434079 -7.544604 80.0 11 4130
434079 434309 -2.611569 80.0 8 230
434309 434829 2.462716 80.0 19 520
434829 435059 -2.441172 80.0 17 230
435059 435629 -6.737823 80.0 3 570
435629 435899 -3.498681 80.0 29 270
435899 438259 -0.500577 80.0 9 2360
438259 438629 1.90312 80.0 26 370
438629 439719 5.969819 80.0 22 1090
439719 440219 -0.569144 80.0 18 500
440219 440869 -6.032295 80.0 3 650
440869 441849 -2.327349 80.0 13 980
441849 442779 -5.630388 80.0 3 930
442779 443289 -3.488376 80.0 29 510
443289 443669 -0.867329 80.0 28 380
443669 444259 0.497851 80.0 24 590
444259 445509 -1.028299 80.0 25 1250
