380603 380923 1.404964 80.0 24 320
380923 381463 -1.002447 80.0 7 540
381463 386173 2.047672 80.0 10 4710
386173 386793 -0.83469 80.0 7 620
386793 395143 1.546976 80.0 0 8350
395143 395693 -0.428232 80.0 7 550
395693 396873 2.161209 80.0 19 1180
396873 397893 -1.574301 80.0 25 1020
397893 399033 0.361539 80.0 24 1140
399033 399613 -0.189615 80.0 7 580
399613 403053 1.500376 80.0 14 3440
403053 405673 7.782861 80.0 4 2620
405673 405963 1.970459 80.0 16 290
405963 406543 -0.371781 80.0 1 580
406543 406893 -3.438446 80.0 17 350
406893 407723 -5.543313 80.0 3 830
407723 408213 -2.564292 80.0 8 490
408213 410463 1.663205 80.0 21 2250
410463 411943 5.452412 80.0 22 1480
411943 412773 -1.024452 80.0 20 830
412773 418253 3.628148 80.0 6 5480
418253 419533 6.457106 80.0 12 1280
419533 420673 2.211473 80.0 2 1140
420673 421453 4.789692 80.0 22 780
421453 422553 2.19511 80.0 2 1100
422553 428663 7.073193 80.0 15 6110
428663 429073 0.845731 80.0 18 410
429073 429953 -4.088499 80.0 17 880
429953 434083 -7.541541 80.0 11 4130
434083 434313 -2.636722 80.0 8 230
434313 434833 2.364344 80.0 19 520
434833 435063 -2.35201 80.0 17 230
435063 435643 -6.655666 80.0 3 580
435643 435913 -3.43333 80.0 29 270
435913 438253 -0.503285 80.0 9 2340
438253 438633 1.848354 80.0 26 380
438633 439713 5.963534 80.0 22 1080
439713 440233 -0.510514 80.0 18 520
440233 440873 -6.028935 80.0 3 640
440873 441863 -2.371716 80.0 13 990
441863 442783 -5.633499 80.0 3 920
442783 443293 -3.505804 80.0 29 510
443293 443693 -0.84243 80.0 28 400
443693 444263 0.498585 80.0 24 570
444263 445503 -1.034703 80.0 25 1240
