380522 380892 1.632533 80.0 19 370
380892 381422 -1.783745 80.0 7 530
381422 386112 1.446566 80.0 10 4690
386112 386742 -0.930853 80.0 7 630
386742 395102 1.552488 80.0 0 8360
395102 395672 -0.482914 80.0 7 570
395672 396822 2.087702 80.0 19 1150
396822 397812 -1.682593 80.0 25 990
397812 398962 0.360879 80.0 24 1150
398962 399592 -0.200636 80.0 7 630
399592 403082 1.560649 80.0 14 3490
403082 405582 8.015088 80.0 4 2500
405582 405882 2.31599 80.0 16 300
405882 406522 -0.313713 80.0 1 640
406522 406822 -3.480792 80.0 17 300
406822 407712 -5.556842 80.0 3 890
407712 408152 -2.557484 80.0 8 440
408152 410552 1.791026 80.0 21 2400
410552 411892 5.696421 80.0 22 1340
411892 412732 -1.082067 80.0 20 840
412732 418262 2.727253 80.0 6 5530
418262 419452 6.748469 80.0 12 1190
419452 420832 2.27982 80.0 2 1380
420832 421342 5.255137 80.0 22 510
421342 422642 2.434594 80.0 2 1300
422642 428602 7.161532 80.0 15 5960
428602 429002 1.302994 80.0 18 400
429002 429942 -4.047167 80.0 17 940
429942 434072 -7.552269 80.0 11 4130
434072 434282 -2.384091 80.0 8 210
434282 434792 2.909192 80.0 19 510
434792 435012 -2.403531 80.0 17 220
435012 435612 -6.847989 80.0 3 600
435612 435852 -3.401927 80.0 29 240
435852 438262 -0.482133 80.0 9 2410
438262 438632 2.217406 80.0 26 370
438632 439662 6.20035 80.0 22 1030
439662 440152 -0.094506 80.0 18 490
440152 440842 -6.030842 80.0 3 690
440842 441792 -2.142919 80.0 13 950
441792 442762 -5.616006 80.0 3 970
442762 443602 -2.401229 80.0 8 840
443602 444242 0.540768 80.0 24 640
444242 445512 -1.024658 80.0 25 1270
