380470	380870	1.753337	1	400
380870	381390	-2.108415	-1	520
381390	386080	1.149926	1	4690
386080	386730	-0.968361	-1	650
386730	395090	1.557477	1	8360
395090	395670	-0.513692	-1	580
395670	396790	2.191659	1	1120
396790	396990	-1.013636	-1	200
396990	397420	-2.674876	-2	430
397420	397740	-1.059567	-1	320
397740	398910	0.356069	1	1170
398910	399570	-0.207203	-1	660
399570	403110	1.530424	1	3540
403110	405520	8.170332	2	2410
405520	405830	2.642087	1	310
405830	406510	-0.290078	-1	680
406510	406780	-3.532198	-2	270
406780	407700	-5.567034	-3	920
407700	407960	-3.532937	-2	260
407960	408110	-0.977738	-1	150
408110	411270	2.616383	1	3160
411270	411850	6.347919	2	580
411850	412050	2.667950	1	200
412050	412120	-0.945595	-1	70
412120	412480	-3.263801	-2	360
412480	412730	-0.708282	-1	250
412730	418280	2.751280	1	5550
418280	419400	6.933189	2	1120
419400	422710	2.876370	1	3310
422710	428550	7.217325	2	5840
428550	428850	2.696474	1	300
428850	428960	-0.880587	-1	110
428960	429810	-4.040211	-2	850
429810	434060	-7.586831	-3	4250
434060	434170	-3.445205	-2	110
434170	434260	-0.919692	-1	90
434260	434780	3.171761	1	520
434780	434850	-0.905095	-1	70
434850	434970	-3.452999	-2	120
434970	435590	-6.936978	-3	620
435590	435820	-3.360059	-2	230
435820	438260	-0.463200	-1	2440
438260	438650	2.596053	1	390
438650	439610	6.376071	2	960
439610	439880	2.699730	1	270
439880	439980	-1.060695	-1	100
439980	440110	-3.569527	-2	130
440110	440830	-6.021202	-3	720
440830	441030	-3.496900	-2	200
441030	441170	-1.042694	-1	140
441170	441340	0.527880	1	170
441340	441490	-0.970923	-1	150
441490	441750	-3.498912	-2	260
441750	442750	-5.597447	-3	1000
442750	443210	-3.436707	-2	460
443210	443560	-1.038628	-1	350
443560	444240	0.571882	1	680
444240	445510	-1.032458	-1	1270
