380795	381035	0.621504	1	240
381035	381585	-0.453396	-1	550
381585	386295	1.059412	1	4710
386295	386885	-0.570483	-1	590
386885	396985	1.475698	1	10100
396985	398085	-2.224167	-1	1100
398085	403165	1.111469	1	5080
403165	405735	7.708700	2	2570
405735	406155	2.148393	1	420
406155	406615	-0.683067	-1	460
406615	407065	-3.494982	-2	450
407065	407725	-5.516959	-3	660
407725	408115	-3.571102	-2	390
408115	408365	-1.003050	-1	250
408365	410585	1.720813	1	2220
410585	411925	5.350524	2	1340
411925	412305	1.941056	1	380
412305	412935	-1.390536	-1	630
412935	418395	2.795832	1	5460
418395	419565	6.586236	2	1170
419565	420805	2.496460	1	1240
420805	421455	4.697052	2	650
421455	422685	2.561747	1	1230
422685	428655	7.203995	2	5970
428655	429015	2.221229	1	360
429015	429205	-0.971114	-1	190
429205	429985	-4.076880	-2	780
429985	434115	-7.500150	-3	4130
434115	434305	-3.518202	-2	190
434305	434425	-1.041860	-1	120
434425	434905	1.205771	1	480
434905	435045	-1.054816	-1	140
435045	435215	-3.499473	-2	170
435215	435705	-6.178039	-3	490
435705	436055	-3.506074	-2	350
436055	438245	-0.546882	-1	2190
438245	438795	2.039434	1	550
438795	439725	5.859860	2	930
439725	440035	2.109216	1	310
440035	440185	-1.045077	-1	150
440185	440395	-3.562189	-2	210
440395	440895	-5.939273	-3	500
440895	441255	-3.550291	-2	360
441255	441625	-1.723004	-1	370
441625	442025	-3.528270	-2	400
442025	442815	-5.625610	-3	790
442815	443395	-3.601214	-2	580
443395	443825	-0.818916	-1	430
443825	444355	0.495911	1	530
444355	445505	-0.861846	-1	1150
