380687	380957	1.058331	1	270
380957	381507	-0.758961	-1	550
381507	386227	1.803653	1	4720
386227	386827	-0.735290	-1	600
386827	395187	1.537590	1	8360
395187	395697	-0.380339	-1	510
395697	396917	1.988231	1	1220
396917	397157	-1.047466	-1	240
397157	397487	-2.441510	-2	330
397487	397977	-1.003011	-1	490
397977	399097	0.361297	1	1120
399097	399607	-0.177842	-1	510
399607	403087	1.482195	1	3480
403087	405707	7.722861	2	2620
405707	406047	2.021447	1	340
406047	406577	-0.491402	-1	530
406577	406977	-3.511172	-2	400
406977	407727	-5.537325	-3	750
407727	408067	-3.539051	-2	340
408067	408277	-1.003751	-1	210
408277	410507	1.671269	1	2230
410507	411957	5.383289	2	1450
411957	412187	1.789696	1	230
412187	412397	-0.976712	-1	210
412397	412637	-2.569162	-2	240
412637	412847	-1.027891	-1	210
412847	418307	2.753994	1	5460
418307	419557	6.635036	2	1250
419557	420717	2.301882	1	1160
420717	421467	4.741002	2	750
421467	422597	2.317193	1	1130
422597	428667	7.116177	2	6070
428667	428967	2.004629	1	300
428967	429127	-1.007789	-1	160
429127	429967	-4.080773	-2	840
429967	434097	-7.525855	-3	4130
434097	434267	-3.498885	-2	170
434267	434367	-0.991276	-1	100
434367	434867	1.909712	1	500
434867	434977	-0.984498	-1	110
434977	435137	-3.477473	-2	160
435137	435677	-6.478292	-3	540
435677	435967	-3.479393	-2	290
435967	438257	-0.526098	-1	2290
438257	438687	1.883140	1	430
438687	439737	5.871532	2	1050
439737	439987	1.951102	1	250
439987	440127	-0.992283	-1	140
440127	440297	-3.424860	-2	170
440297	440887	-5.951717	-3	590
440887	441187	-3.463156	-2	300
441187	441587	-1.232403	-1	400
441587	441937	-3.540337	-2	350
441937	442797	-5.642004	-3	860
442797	443347	-3.535261	-2	550
443347	443757	-0.792301	-1	410
443757	444277	0.437704	1	520
444277	445507	-1.025322	-1	1230
