380488	380878	1.704426	1	390
380878	381398	-1.946303	-1	520
381398	386088	1.457296	1	4690
386088	386728	-0.957564	-1	640
386728	395088	1.555566	1	8360
395088	395668	-0.496527	-1	580
395668	396798	2.152109	1	1130
396798	397008	-1.029493	-1	210
397008	397438	-2.645204	-2	430
397438	397778	-0.962087	-1	340
397778	398928	0.361717	1	1150
398928	399578	-0.204753	-1	650
399578	403128	1.543275	1	3550
403128	405518	8.180500	2	2390
405518	405848	2.702080	1	330
405848	406508	-0.286532	-1	660
406508	406788	-3.454231	-2	280
406788	407708	-5.555264	-3	920
407708	407968	-3.498658	-2	260
407968	408118	-1.017612	-1	150
408118	411268	2.600871	1	3150
411268	411858	6.303962	2	590
411858	412058	2.611435	1	200
412058	412128	-0.864142	-1	70
412128	412508	-3.095667	-2	380
412508	412738	-0.656055	-1	230
412738	418288	2.751609	1	5550
418288	419408	6.913681	2	1120
419408	422708	2.875352	1	3300
422708	428548	7.214565	2	5840
428548	428868	2.638117	1	320
428868	428978	-1.013879	-1	110
428978	429818	-4.059618	-2	840
429818	434058	-7.529333	-3	4240
434058	434178	-3.506715	-2	120
434178	434268	-0.915322	-1	90
434268	434798	3.002796	1	530
434798	434868	-1.161026	-1	70
434868	434978	-3.458808	-2	110
434978	435598	-6.887054	-3	620
435598	435838	-3.330340	-2	240
435838	438248	-0.469499	-1	2410
438248	438658	2.479278	1	410
438658	439618	6.352662	2	960
439618	439888	2.639009	1	270
439888	439988	-1.007847	-1	100
439988	440128	-3.534841	-2	140
440128	440828	-6.043099	-3	700
440828	441038	-3.577102	-2	210
441038	441198	-1.009930	-1	160
441198	441348	0.496828	1	150
441348	441498	-1.019172	-1	150
441498	441758	-3.455937	-2	260
441758	442748	-5.604130	-3	990
442748	443218	-3.473792	-2	470
443218	443578	-1.011152	-1	360
443578	444228	0.571968	1	650
444228	445508	-1.020386	-1	1280
