380763	381003	0.713066	1	240
381003	381543	-0.549501	-1	540
381543	386283	1.061215	1	4740
386283	386873	-0.619176	-1	590
386873	396953	1.744565	1	10080
396953	398053	-1.353938	-1	1100
398053	403173	1.350132	1	5120
403173	405693	7.801672	2	2520
405693	406123	2.280384	1	430
406123	406593	-0.588621	-1	470
406593	407043	-3.482554	-2	450
407043	407733	-5.521843	-3	690
407733	408103	-3.521932	-2	370
408103	408333	-1.008965	-1	230
408333	410623	1.772642	1	2290
410623	411903	5.430584	2	1280
411903	412263	2.128308	1	360
412263	412493	-0.953585	-1	230
412493	412693	-2.378739	-2	200
412693	412923	-0.935031	-1	230
412923	418393	2.799006	1	5470
418393	419533	6.703995	2	1140
419533	420883	2.626437	1	1350
420883	421413	4.830410	2	530
421413	422713	2.628967	1	1300
422713	428633	7.169356	2	5920
428633	428993	2.355322	1	360
428993	429173	-0.905682	-1	180
429173	429973	-4.048434	-2	800
429973	434103	-7.507395	-3	4130
434103	434283	-3.641309	-2	180
434283	434413	-1.048447	-1	130
434413	434893	1.421766	1	480
434893	435023	-1.037597	-1	130
435023	435203	-3.592099	-2	180
435203	435693	-6.296222	-3	490
435693	436023	-3.537280	-2	330
436023	438243	-0.545187	-1	2220
438243	438803	2.158606	1	560
438803	439703	5.969569	2	900
439703	440013	2.278411	1	310
440013	440163	-0.968483	-1	150
440163	440363	-3.462998	-2	200
440363	440893	-5.933553	-3	530
440893	441233	-3.528650	-2	340
441233	441623	-1.582524	-1	390
441623	441993	-3.550327	-2	370
441993	442813	-5.624295	-3	820
442813	443373	-3.591512	-2	560
443373	443793	-0.847832	-1	420
443793	444353	0.519932	1	560
444353	445503	-0.865944	-1	1150
