380568	380918	1.453849	1	350
380918	381448	-1.106694	-1	530
381448	386138	2.167864	1	4690
386138	386768	-0.865058	-1	630
386768	395118	1.550040	1	8350
395118	395688	-0.442176	-1	570
395688	396858	2.222706	1	1170
396858	397068	-1.068710	-1	210
397068	397448	-2.600215	-2	380
397448	397858	-1.004770	-1	410
397858	399008	0.359876	1	1150
399008	399618	-0.191607	-1	610
399618	403108	1.568334	1	3490
403108	405598	7.991040	2	2490
405598	405928	2.348329	1	330
405928	406528	-0.339258	-1	600
406528	406868	-3.463931	-2	340
406868	407708	-5.556894	-3	840
407708	408008	-3.555300	-2	300
408008	408188	-0.978316	-1	180
408188	410578	1.801725	1	2390
410578	411898	5.653752	2	1320
411898	412098	2.296974	1	200
412098	412258	-1.185449	-1	160
412258	412558	-2.901802	-2	300
412558	412738	-1.029213	-1	180
412738	418298	2.729286	1	5560
418298	419448	6.757843	2	1150
419448	422668	2.853665	1	3220
422668	428598	7.164815	2	5930
428598	428908	2.314083	1	310
428908	429038	-1.003733	-1	130
429038	429938	-4.054129	-2	900
429938	434078	-7.540156	-3	4140
434078	434208	-3.530522	-2	130
434208	434308	-0.966672	-1	100
434308	434818	2.621216	1	510
434818	434908	-0.947911	-1	90
434908	435048	-3.505836	-2	140
435048	435628	-6.764091	-3	580
435628	435878	-3.468143	-2	250
435878	438258	-0.499473	-1	2380
438258	438668	2.219490	1	410
438668	439658	6.185394	2	990
439658	439928	2.325205	1	270
439928	440038	-0.998454	-1	110
440038	440198	-3.466744	-2	160
440198	440858	-6.035487	-3	660
440858	441098	-3.470352	-2	240
441098	441538	-0.805840	-1	440
441538	441848	-3.601531	-2	310
441848	442768	-5.639643	-3	920
442768	443278	-3.482680	-2	510
443278	443658	-0.854751	-1	380
443658	444248	0.520735	1	590
444248	445508	-1.022771	-1	1260
