380395	380845	1.901043	1	450
380845	381015	-1.089909	-1	170
381015	381225	-2.438003	-2	210
381225	381365	-0.961156	-1	140
381365	386035	2.658108	1	4670
386035	386685	-1.058847	-1	650
386685	395075	1.559881	1	8390
395075	395645	-0.582067	-1	570
395645	396765	2.258977	1	1120
396765	396945	-1.086524	-1	180
396945	397405	-2.718843	-2	460
397405	397685	-0.990301	-1	280
397685	398835	0.364957	1	1150
398835	399525	-0.222084	-1	690
399525	403015	1.443086	1	3490
403015	405545	8.062509	2	2530
405545	405755	2.165343	1	210
405755	406475	-0.202445	-1	720
406475	406715	-3.462267	-2	240
406715	407705	-5.569041	-3	990
407705	407915	-3.514185	-2	210
407915	408045	-1.095246	-1	130
408045	410475	1.749611	1	2430
410475	411885	5.625751	2	1410
411885	412015	1.999304	1	130
412015	412085	-1.158328	-1	70
412085	412445	-3.745950	-2	360
412445	412735	-0.431243	-1	290
412735	418165	2.735479	1	5430
418165	419455	6.728401	2	1290
419455	420755	2.042610	1	1300
420755	421335	5.335878	2	580
421335	422555	2.203923	1	1220
422555	428595	7.148465	2	6040
428595	428825	2.203334	1	230
428825	428915	-1.050349	-1	90
428915	429785	-4.024211	-2	870
429785	434035	-7.603621	-3	4250
434035	434155	-3.482161	-2	120
434155	434215	-0.968666	-1	60
434215	434375	1.973640	1	160
434375	434625	5.333623	2	250
434625	434745	2.175104	1	120
434745	434815	-0.867750	-1	70
434815	434915	-3.517004	-2	100
434915	435565	-7.064474	-3	650
435565	435785	-3.247640	-2	220
435785	437095	-0.736585	-1	1310
437095	437595	0.144522	1	500
437595	438255	-0.257162	-1	660
438255	438525	2.057457	1	270
438525	439665	5.895985	2	1140
439665	439845	2.071558	1	180
439845	439925	-0.969998	-1	80
439925	440035	-3.419831	-2	110
440035	440815	-5.966369	-3	780
440815	440985	-3.491726	-2	170
440985	441105	-0.950702	-1	120
441105	441335	0.689376	1	230
441335	441465	-0.970736	-1	130
441465	441685	-3.506171	-2	220
441685	442735	-5.558320	-3	1050
442735	443145	-3.466354	-2	410
443145	443625	-1.210872	-1	480
443625	444235	0.441426	1	610
444235	445505	-1.046292	-1	1270
