380741	380991	0.792993	1	250
380991	381531	-0.612661	-1	540
381531	386261	1.069960	1	4730
386261	386861	-0.645536	-1	600
386861	396951	1.748524	1	10090
396951	398031	-1.395274	-1	1080
398031	403161	1.345818	1	5130
403161	405681	7.818983	2	2520
405681	406101	2.289381	1	420
406101	406591	-0.569287	-1	490
406591	407031	-3.528798	-2	440
407031	407721	-5.539145	-3	690
407721	408101	-3.524134	-2	380
408101	408311	-0.992436	-1	210
408311	410641	1.799230	1	2330
410641	411921	5.456265	2	1280
411921	412251	1.964654	1	330
412251	412471	-1.041834	-1	220
412471	412671	-2.463973	-2	200
412671	412901	-0.976883	-1	230
412901	418381	2.790395	1	5480
418381	419531	6.728154	2	1150
419531	420891	2.625962	1	1360
420891	421401	4.881409	2	510
421401	422701	2.611390	1	1300
422701	428641	7.165628	2	5940
428641	428991	2.223421	1	350
428991	429161	-0.974812	-1	170
429161	429971	-4.066254	-2	810
429971	434111	-7.506366	-3	4140
434111	434281	-3.473799	-2	170
434281	434401	-0.997521	-1	120
434401	434881	1.581494	1	480
434881	435001	-0.921937	-1	120
435001	435181	-3.482045	-2	180
435181	435691	-6.335454	-3	510
435691	436011	-3.480849	-2	320
436011	438261	-0.532145	-1	2250
438261	438781	2.199560	1	520
438781	439701	5.982656	2	920
439701	440011	2.216050	1	310
440011	440151	-1.008135	-1	140
440151	440341	-3.429787	-2	190
440341	440891	-5.935019	-3	550
440891	441221	-3.497370	-2	330
441221	441611	-1.478229	-1	390
441611	441971	-3.524612	-2	360
441971	442811	-5.622293	-3	840
442811	443361	-3.576729	-2	550
443361	443781	-0.840434	-1	420
443781	444351	0.547707	1	570
444351	445511	-0.859742	-1	1160
