380784	381024	0.637286	1	240
381024	381554	-0.515647	-1	530
381554	386294	1.056718	1	4740
386294	386874	-0.603327	-1	580
386874	396974	1.737496	1	10100
396974	398074	-1.343408	-1	1100
398074	403124	1.084138	1	5050
403124	405764	7.627389	2	2640
405764	406144	1.978727	1	380
406144	406614	-0.646789	-1	470
406614	407054	-3.491910	-2	440
407054	407734	-5.516666	-3	680
407734	408114	-3.547978	-2	380
408114	408344	-1.043201	-1	230
408344	410534	1.654726	1	2190
410534	411954	5.298420	2	1420
411954	412294	1.768565	1	340
412294	412514	-0.983131	-1	220
412514	412704	-2.368270	-2	190
412704	412924	-1.026735	-1	220
412924	418364	3.811356	1	5440
418364	419594	6.490492	2	1230
419594	420684	2.258189	1	1090
420684	421504	4.596924	2	820
421504	422644	2.423528	1	1140
422644	428694	7.169143	2	6050
428694	429014	1.984248	1	320
429014	429194	-0.982250	-1	180
429194	429974	-4.052432	-2	780
429974	434124	-7.491825	-3	4150
434124	434304	-3.460480	-2	180
434304	434424	-1.004042	-1	120
434424	434904	1.318285	1	480
434904	435024	-0.939421	-1	120
435024	435224	-3.522505	-2	200
435224	435704	-6.259089	-3	480
435704	436044	-3.515827	-2	340
436044	438254	-0.544854	-1	2210
438254	438744	1.867804	1	490
438744	439744	5.764786	2	1000
439744	440034	1.977002	1	290
440034	440174	-1.024472	-1	140
440174	440384	-3.473258	-2	210
440384	440894	-5.951748	-3	510
440894	441244	-3.579177	-2	350
441244	441624	-1.656543	-1	380
441624	442014	-3.524274	-2	390
442014	442824	-5.620594	-3	810
442824	443394	-3.568787	-2	570
443394	443814	-0.819466	-1	420
443814	444354	0.510106	1	540
444354	445504	-0.865697	-1	1150
