380678	380958	1.054891	1	280
380958	381498	-0.789489	-1	540
381498	386228	1.785343	1	4730
386228	386828	-0.742086	-1	600
386828	395178	1.539939	1	8350
395178	395688	-0.385558	-1	510
395688	396918	1.979430	1	1230
396918	397148	-1.078879	-1	230
397148	397488	-2.436641	-2	340
397488	397968	-0.990429	-1	480
397968	399098	0.358593	1	1130
399098	399608	-0.180965	-1	510
399608	403158	1.545795	1	3550
403158	405648	7.907404	2	2490
405648	406038	2.324061	1	390
406038	406578	-0.501260	-1	540
406578	406968	-3.532028	-2	390
406968	407718	-5.542535	-3	750
407718	408058	-3.575679	-2	340
408058	408268	-1.025561	-1	210
408268	410658	1.847185	1	2390
410658	411898	5.567964	2	1240
411898	412198	2.126095	1	300
412198	412398	-1.142764	-1	200
412398	412638	-2.579430	-2	240
412638	412838	-0.994341	-1	200
412838	418358	2.767330	1	5520
418358	419498	6.876651	2	1140
419498	422718	2.986623	1	3220
422718	428608	7.203243	2	5890
428608	428958	2.389845	1	350
428958	429118	-0.972844	-1	160
429118	429958	-4.071871	-2	840
429958	434088	-7.526958	-3	4130
434088	434258	-3.570231	-2	170
434258	434358	-1.053076	-1	100
434358	434868	1.914634	1	510
434868	434968	-1.022103	-1	100
434968	435138	-3.551055	-2	170
435138	435668	-6.525450	-3	530
435668	435968	-3.452463	-2	300
435968	438258	-0.518340	-1	2290
438258	438758	2.278699	1	500
438758	439678	6.108804	2	920
439678	439988	2.322583	1	310
439988	440118	-1.020139	-1	130
440118	440298	-3.478807	-2	180
440298	440878	-5.971617	-3	580
440878	441178	-3.494161	-2	300
441178	441578	-1.202505	-1	400
441578	441928	-3.524383	-2	350
441928	442788	-5.642810	-3	860
442788	443328	-3.579548	-2	540
443328	443758	-0.809967	-1	430
443758	444268	0.450779	1	510
444268	445508	-1.017874	-1	1240
