380548	380898	1.582695	1	350
380898	381438	-1.607494	-1	540
381438	386128	1.977494	1	4690
386128	386768	-0.880926	-1	640
386768	395108	1.553779	1	8340
395108	395688	-0.452539	-1	580
395688	396848	2.270799	1	1160
396848	397058	-1.088207	-1	210
397058	397448	-2.621854	-2	390
397448	397838	-0.993669	-1	390
397838	398988	0.360351	1	1150
398988	399598	-0.198547	-1	610
399598	403068	1.535352	1	3470
403068	405618	7.923583	2	2550
405618	405908	2.162413	1	290
405908	406528	-0.329865	-1	620
406528	406848	-3.472780	-2	320
406848	407708	-5.556561	-3	860
407708	407998	-3.564936	-2	290
407998	408168	-1.019421	-1	170
408168	410538	1.757118	1	2370
410538	411898	5.647292	2	1360
411898	412098	2.181256	1	200
412098	412218	-1.214167	-1	120
412218	412538	-2.947983	-2	320
412538	412738	-0.974318	-1	200
412738	418268	2.723634	1	5530
418268	419478	6.675418	2	1210
419478	420778	2.170979	1	1300
420778	421378	5.081674	2	600
421378	422608	2.347923	1	1230
422608	428628	7.127291	2	6020
428628	428908	2.012172	1	280
428908	429028	-1.104151	-1	120
429028	429938	-4.057396	-2	910
429938	434078	-7.543463	-3	4140
434078	434208	-3.406893	-2	130
434208	434288	-1.008116	-1	80
434288	434818	2.645749	1	530
434818	434898	-1.016777	-1	80
434898	435028	-3.428304	-2	130
435028	435618	-6.802592	-3	590
435618	435868	-3.464361	-2	250
435868	438258	-0.492992	-1	2390
438258	438638	2.110708	1	380
438638	439678	6.138278	2	1040
439678	439908	2.253043	1	230
439908	440028	-0.925492	-1	120
440028	440178	-3.443753	-2	150
440178	440858	-6.025514	-3	680
440858	441078	-3.502367	-2	220
441078	441528	-0.744979	-1	450
441528	441828	-3.565576	-2	300
441828	442768	-5.631344	-3	940
442768	443268	-3.458432	-2	500
443268	443638	-0.884152	-1	370
443638	444248	0.530191	1	610
444248	445508	-1.028370	-1	1260
