380750	381000	0.762826	1	250
381000	381540	-0.592204	-1	540
381540	386270	1.067975	1	4730
386270	386870	-0.635338	-1	600
386870	396960	1.747239	1	10090
396960	398040	-1.391121	-1	1080
398040	403140	1.330445	1	5100
403140	405720	7.732157	2	2580
405720	406110	2.124837	1	390
406110	406600	-0.591743	-1	490
406600	407020	-3.468443	-2	420
407020	407720	-5.523947	-3	700
407720	408100	-3.576070	-2	380
408100	408330	-0.978182	-1	230
408330	410560	1.707579	1	2230
410560	411930	5.376696	2	1370
411930	412270	1.871123	1	340
412270	412480	-1.073099	-1	210
412480	412680	-2.440282	-2	200
412680	412900	-1.016224	-1	220
412900	418360	2.779573	1	5460
418360	419550	6.632936	2	1190
419550	420800	2.478261	1	1250
420800	421450	4.758696	2	650
421450	422650	2.474772	1	1200
422650	428670	7.125955	2	6020
428670	429000	2.059394	1	330
429000	429170	-0.995536	-1	170
429170	429970	-4.060312	-2	800
429970	434110	-7.504900	-3	4140
434110	434290	-3.512307	-2	180
434290	434400	-1.042336	-1	110
434400	434890	1.507042	1	490
434890	435020	-1.060746	-1	130
435020	435190	-3.579404	-2	170
435190	435690	-6.335145	-3	500
435690	436020	-3.511923	-2	330
436020	438260	-0.534426	-1	2240
438260	438750	2.008785	1	490
438750	439720	5.882324	2	970
439720	440010	2.168596	1	290
440010	440150	-0.904785	-1	140
440150	440350	-3.380553	-2	200
440350	440900	-5.927567	-3	550
440900	441220	-3.519571	-2	320
441220	441600	-1.501334	-1	380
441600	441980	-3.454298	-2	380
441980	442810	-5.625592	-3	830
442810	443370	-3.588771	-2	560
443370	443790	-0.834609	-1	420
443790	444360	0.533606	1	570
444360	445510	-0.866483	-1	1150
