380562	380912	1.496972	1	350
380912	381442	-1.130672	-1	530
381442	386142	1.984094	1	4700
386142	386762	-0.890698	-1	620
386762	395122	1.548819	1	8360
395122	395682	-0.458521	-1	560
395682	396852	2.233291	1	1170
396852	397062	-1.048998	-1	210
397062	397462	-2.584828	-2	400
397462	397852	-0.963264	-1	390
397852	399002	0.359983	1	1150
399002	399612	-0.193527	-1	610
399612	403112	1.571647	1	3500
403112	405602	7.997657	2	2490
405602	405922	2.296068	1	320
405922	406532	-0.345282	-1	610
406532	406862	-3.490658	-2	330
406862	407712	-5.556084	-3	850
407712	408002	-3.555049	-2	290
408002	408182	-0.995894	-1	180
408182	410592	1.820903	1	2410
410592	411892	5.677560	2	1300
411892	412092	2.397057	1	200
412092	412232	-1.072358	-1	140
412232	412552	-2.885854	-2	320
412552	412732	-1.029883	-1	180
412732	418292	2.726586	1	5560
418292	419452	6.749254	2	1160
419452	422662	2.845033	1	3210
422662	428602	7.163062	2	5940
428602	428902	2.305632	1	300
428902	429032	-0.974896	-1	130
429032	429942	-4.055697	-2	910
429942	434082	-7.540341	-3	4140
434082	434202	-3.506806	-2	120
434202	434302	-1.049807	-1	100
434302	434822	2.603132	1	520
434822	434902	-1.003705	-1	80
434902	435042	-3.458580	-2	140
435042	435622	-6.778552	-3	580
435622	435872	-3.498722	-2	250
435872	438262	-0.497822	-1	2390
438262	438672	2.287232	1	410
438672	439662	6.195261	2	990
439662	439922	2.317321	1	260
439922	440032	-0.967742	-1	110
440032	440192	-3.457827	-2	160
440192	440852	-6.038567	-3	660
440852	441092	-3.513485	-2	240
441092	441532	-0.775409	-1	440
441532	441842	-3.581031	-2	310
441842	442762	-5.642194	-3	920
442762	443282	-3.470470	-2	520
443282	443652	-0.838662	-1	370
443652	444242	0.529293	1	590
444242	445512	-1.017006	-1	1270
