380714	380974	0.904058	1	260
380974	381514	-0.681936	-1	540
381514	386244	1.292794	1	4730
386244	386844	-0.685618	-1	600
386844	396934	1.490021	1	10090
396934	397174	-1.051564	-1	240
397174	397504	-2.368759	-2	330
397504	397994	-1.003345	-1	490
397994	403184	1.128696	1	5190
403184	405654	7.904211	2	2470
405654	406074	2.387822	1	420
406074	406584	-0.531101	-1	510
406584	406994	-3.485924	-2	410
406994	407724	-5.531122	-3	730
407724	408084	-3.523138	-2	360
408084	408304	-0.947479	-1	220
408304	410714	1.904241	1	2410
410714	411904	5.557005	2	1190
411904	412224	2.106104	1	320
412224	412434	-1.019490	-1	210
412434	412654	-2.504232	-2	220
412654	412864	-1.052457	-1	210
412864	418394	2.783168	1	5530
418394	419484	6.900264	2	1090
419484	422754	3.024419	1	3270
422754	428614	7.208236	2	5860
428614	428974	2.394639	1	360
428974	429144	-0.962567	-1	170
429144	429964	-4.069207	-2	820
429964	434104	-7.512331	-3	4140
434104	434274	-3.469243	-2	170
434274	434384	-0.985723	-1	110
434384	434884	1.703490	1	500
434884	434994	-1.118573	-1	110
434994	435164	-3.575383	-2	170
435164	435684	-6.413572	-3	520
435684	435984	-3.497005	-2	300
435984	438244	-0.535972	-1	2260
438244	438794	2.269273	1	550
438794	439674	6.095770	2	880
439674	439994	2.444356	1	320
439994	440134	-0.948339	-1	140
440134	440324	-3.423554	-2	190
440324	440894	-5.942337	-3	570
440894	441204	-3.446090	-2	310
441204	441594	-1.352054	-1	390
441594	441954	-3.510567	-2	360
441954	442794	-5.636430	-3	840
442794	443364	-3.550896	-2	570
443364	445504	-0.639370	-1	2140
