380701	380961	0.989399	1	260
380961	381511	-0.713807	-1	550
381511	386231	1.314138	1	4720
386231	386841	-0.697855	-1	610
386841	395201	1.536154	1	8360
395201	395701	-0.373202	-1	500
395701	396921	1.970245	1	1220
396921	397161	-1.010885	-1	240
397161	397491	-2.405446	-2	330
397491	397991	-1.000201	-1	500
397991	403151	1.109722	1	5160
403151	405661	7.863352	2	2510
405661	406061	2.312425	1	400
406061	406581	-0.516487	-1	520
406581	406991	-3.520690	-2	410
406991	407721	-5.540537	-3	730
407721	408081	-3.522658	-2	360
408081	408291	-0.944712	-1	210
408291	410651	1.833724	1	2360
410651	411921	5.513826	2	1270
411921	412201	2.065265	1	280
412201	412411	-0.953506	-1	210
412411	412651	-2.508122	-2	240
412651	412861	-0.987074	-1	210
412861	418371	2.777232	1	5510
418371	419511	6.828525	2	1140
419511	422701	2.978895	1	3190
422701	428631	7.180682	2	5930
428631	428971	2.255685	1	340
428971	429141	-1.024132	-1	170
429141	429971	-4.095408	-2	830
429971	434091	-7.527301	-3	4120
434091	434271	-3.559590	-2	180
434271	434381	-0.926811	-1	110
434381	434881	1.793813	1	500
434881	434981	-1.061185	-1	100
434981	435151	-3.491721	-2	170
435151	435671	-6.468141	-3	520
435671	435981	-3.509176	-2	310
435981	438261	-0.524291	-1	2280
438261	438751	2.177543	1	490
438751	439691	6.030385	2	940
439691	439991	2.296330	1	300
439991	440131	-0.976582	-1	140
440131	440311	-3.437709	-2	180
440311	440891	-5.941303	-3	580
440891	441201	-3.427206	-2	310
441201	441591	-1.286676	-1	390
441591	441951	-3.550410	-2	360
441951	442791	-5.647069	-3	840
442791	443351	-3.564779	-2	560
443351	443771	-0.787114	-1	420
443771	444271	0.431707	1	500
444271	445511	-1.014147	-1	1240
