380583	380913	1.464708	1	330
380913	381453	-1.048527	-1	540
381453	386153	2.039357	1	4700
386153	386783	-0.845232	-1	630
386783	395123	1.550460	1	8340
395123	395683	-0.436042	-1	560
395683	396863	2.184558	1	1180
396863	397073	-1.025785	-1	210
397073	397463	-2.559679	-2	390
397463	397873	-0.981063	-1	410
397873	399023	0.359316	1	1150
399023	399603	-0.195990	-1	580
399603	403093	1.538212	1	3490
403093	405613	7.940027	2	2520
405613	405943	2.298256	1	330
405943	406543	-0.375637	-1	600
406543	406883	-3.509477	-2	340
406883	407703	-5.561430	-3	820
407703	408023	-3.561421	-2	320
408023	408193	-0.977476	-1	170
408193	410563	1.773069	1	2370
410563	411903	5.615971	2	1340
411903	412113	2.219269	1	210
412113	412273	-1.180483	-1	160
412273	412563	-2.864014	-2	290
412563	412753	-1.055150	-1	190
412753	418303	2.734268	1	5550
418303	419483	6.680704	2	1180
419483	420823	2.488578	1	1340
420823	421373	5.095176	2	550
421373	422653	2.453640	1	1280
422653	428613	7.150378	2	5960
428613	428913	2.253352	1	300
428913	429053	-1.002733	-1	140
429053	429953	-4.078819	-2	900
429953	434083	-7.543660	-3	4130
434083	434223	-3.424550	-2	140
434223	434303	-1.038628	-1	80
434303	434823	2.469274	1	520
434823	434923	-0.989240	-1	100
434923	435063	-3.600031	-2	140
435063	435633	-6.740489	-3	570
435633	435893	-3.463346	-2	260
435893	438253	-0.501726	-1	2360
438253	438663	2.097614	1	410
438663	439673	6.122804	2	1010
439673	439933	2.254047	1	260
439933	440053	-1.031238	-1	120
440053	440213	-3.528233	-2	160
440213	440853	-6.047548	-3	640
440853	441113	-3.509134	-2	260
441113	441543	-0.844720	-1	430
441543	441843	-3.502401	-2	300
441843	442773	-5.630396	-3	930
442773	443283	-3.499884	-2	510
443283	443673	-0.852228	-1	390
443673	444243	0.521550	1	570
444243	445503	-1.021704	-1	1260
