380744	380994	0.788680	1	250
380994	381534	-0.608921	-1	540
381534	386264	1.069496	1	4730
386264	386864	-0.642870	-1	600
386864	396954	1.748112	1	10090
396954	398034	-1.394121	-1	1080
398034	403154	1.462286	1	5120
403154	405694	7.792025	2	2540
405694	406104	2.239855	1	410
406104	406604	-0.598039	-1	500
406604	407014	-3.492585	-2	410
407014	407724	-5.524613	-3	710
407724	408094	-3.563603	-2	370
408094	408324	-0.994475	-1	230
408324	410574	1.724866	1	2250
410574	411934	5.396395	2	1360
411934	412254	1.882161	1	320
412254	412454	-0.938150	-1	200
412454	412684	-2.401362	-2	230
412684	412894	-0.980001	-1	210
412894	418374	2.781666	1	5480
418374	419534	6.708331	2	1160
419534	420854	2.567112	1	1320
420854	421424	4.834417	2	570
421424	422674	2.543247	1	1250
422674	428654	7.145679	2	5980
428654	429004	2.095056	1	350
429004	429174	-1.089858	-1	170
429174	429964	-4.080542	-2	790
429964	434104	-7.506527	-3	4140
434104	434294	-3.480964	-2	190
434294	434404	-0.916083	-1	110
434404	434884	1.583878	1	480
434884	435014	-1.012807	-1	130
435014	435184	-3.569808	-2	170
435184	435694	-6.333879	-3	510
435694	436014	-3.479719	-2	320
436014	438254	-0.535540	-1	2240
438254	438764	2.069927	1	510
438764	439714	5.931752	2	950
439714	440014	2.144498	1	300
440014	440154	-1.015049	-1	140
440154	440344	-3.427391	-2	190
440344	440894	-5.939611	-3	550
440894	441214	-3.545002	-2	320
441214	441604	-1.490464	-1	390
441604	441974	-3.484453	-2	370
441974	442804	-5.629581	-3	830
442804	443364	-3.602815	-2	560
443364	443794	-0.823108	-1	430
443794	444354	0.554584	1	560
444354	445504	-0.867695	-1	1150
