380563	380913	1.492689	1	350
380913	381453	-1.101866	-1	540
381453	386143	2.225851	1	4690
386143	386763	-0.886985	-1	620
386763	395113	1.550438	1	8350
395113	395693	-0.437784	-1	580
395693	396853	2.249130	1	1160
396853	397063	-1.048658	-1	210
397063	397453	-2.595145	-2	390
397453	397853	-0.990059	-1	400
397853	399003	0.360002	1	1150
399003	399613	-0.193075	-1	610
399613	403093	1.554329	1	3480
403093	405613	7.955125	2	2520
405613	405923	2.235283	1	310
405923	406543	-0.374307	-1	620
406543	406863	-3.527182	-2	320
406863	407713	-5.556509	-3	850
407713	408003	-3.553859	-2	290
408003	408183	-1.006139	-1	180
408183	410573	1.796452	1	2390
410573	411903	5.652013	2	1330
411903	412093	2.290053	1	190
412093	412243	-1.116704	-1	150
412243	412543	-2.934475	-2	300
412543	412733	-1.098403	-1	190
412733	418283	2.723404	1	5550
418283	419473	6.689792	2	1190
419473	420853	2.313399	1	1380
420853	421363	5.182064	2	510
421363	422643	2.436372	1	1280
422643	428613	7.150572	2	5970
428613	428903	2.226925	1	290
428903	429043	-1.043531	-1	140
429043	429953	-4.086562	-2	910
429953	434073	-7.552989	-3	4120
434073	434213	-3.497865	-2	140
434213	434303	-0.949861	-1	90
434303	434813	2.643499	1	510
434813	434903	-0.839861	-1	90
434903	435053	-3.564363	-2	150
435053	435623	-6.807372	-3	570
435623	435873	-3.504233	-2	250
435873	438263	-0.498282	-1	2390
438263	438653	2.170666	1	390
438653	439683	6.127866	2	1030
439683	439923	2.137501	1	240
439923	440043	-1.052587	-1	120
440043	440193	-3.529166	-2	150
440193	440863	-6.023505	-3	670
440863	441093	-3.452900	-2	230
441093	441533	-0.781197	-1	440
441533	441833	-3.522543	-2	300
441833	442763	-5.636255	-3	930
442763	443283	-3.472714	-2	520
443283	443653	-0.840863	-1	370
443653	444243	0.527662	1	590
444243	445503	-1.024458	-1	1260
