380791	381021	0.604253	1	230
381021	381551	-0.476555	-1	530
381551	386291	1.052992	1	4740
386291	386881	-0.571445	-1	590
386881	396981	1.737187	1	10100
396981	398081	-1.333997	-1	1100
398081	403201	1.288094	1	5120
403201	405691	7.816048	2	2490
405691	406151	2.353899	1	460
406151	406611	-0.669205	-1	460
406611	407071	-3.525700	-2	460
407071	407721	-5.527365	-3	650
407721	408121	-3.545928	-2	400
408121	408361	-0.961126	-1	240
408361	410741	1.902282	1	2380
410741	411901	5.491037	2	1160
411901	412301	2.063309	1	400
412301	412941	-1.360658	-1	640
412941	418431	2.812934	1	5490
418431	419521	6.742697	2	1090
419521	422741	3.024924	1	3220
422741	428621	7.248246	2	5880
428621	429011	2.414493	1	390
429011	429201	-0.979182	-1	190
429201	429981	-4.068095	-2	780
429981	434121	-7.493982	-3	4140
434121	434301	-3.463473	-2	180
434301	434421	-1.064360	-1	120
434421	434901	1.214103	1	480
434901	435041	-1.039761	-1	140
435041	435221	-3.588816	-2	180
435221	435701	-6.198202	-3	480
435701	436051	-3.514991	-2	350
436051	438241	-0.546776	-1	2190
438241	438841	2.235173	1	600
438841	439691	5.991640	2	850
439691	440031	2.328328	1	340
440031	440171	-0.969806	-1	140
440171	440381	-3.387026	-2	210
440381	440901	-5.903704	-3	520
440901	441251	-3.513840	-2	350
441251	441631	-1.722301	-1	380
441631	442011	-3.522520	-2	380
442011	442821	-5.610189	-3	810
442821	443391	-3.582285	-2	570
443391	443831	-0.804458	-1	440
443831	444351	0.506224	1	520
444351	445511	-0.854615	-1	1160
