380757	380997	0.753945	1	240
380997	381537	-0.573054	-1	540
381537	386277	1.063528	1	4740
386277	386867	-0.632291	-1	590
386867	396967	1.745585	1	10100
396967	398047	-1.385159	-1	1080
398047	403157	1.337674	1	5110
403157	405707	7.766695	2	2550
405707	406117	2.206219	1	410
406117	406607	-0.620058	-1	490
406607	407027	-3.492580	-2	420
407027	407727	-5.518703	-3	700
407727	408107	-3.525699	-2	380
408107	408337	-0.953749	-1	230
408337	410607	1.758928	1	2270
410607	411917	5.421512	2	1310
411917	412277	1.941056	1	360
412277	412487	-1.051881	-1	210
412487	412687	-2.420739	-2	200
412687	412897	-1.046613	-1	210
412897	418387	2.783154	1	5490
418387	419537	6.702707	2	1150
419537	420857	2.578776	1	1320
420857	421427	4.812127	2	570
421427	422697	2.582408	1	1270
422697	428637	7.160306	2	5940
428637	428997	2.299364	1	360
428997	429177	-0.975516	-1	180
429177	429967	-4.060907	-2	790
429967	434107	-7.503662	-3	4140
434107	434297	-3.494612	-2	190
434297	434407	-0.970342	-1	110
434407	434897	1.457162	1	490
434897	435017	-1.035051	-1	120
435017	435187	-3.460302	-2	170
435187	435697	-6.282804	-3	510
435697	436027	-3.479375	-2	330
436027	438257	-0.536061	-1	2230
438257	438787	2.144377	1	530
438787	439707	5.957150	2	920
439707	440017	2.227578	1	310
440017	440157	-0.965988	-1	140
440157	440357	-3.412140	-2	200
440357	440897	-5.939580	-3	540
440897	441227	-3.528622	-2	330
441227	441617	-1.550547	-1	390
441617	441987	-3.523607	-2	370
441987	442807	-5.628980	-3	820
442807	443377	-3.591038	-2	570
443377	443797	-0.818325	-1	420
443797	444357	0.533887	1	560
444357	445507	-0.865477	-1	1150
