380639	380939	1.256224	1	300
380939	381479	-0.905830	-1	540
381479	386189	1.931317	1	4710
386189	386809	-0.782808	-1	620
386809	395169	1.541929	1	8360
395169	395699	-0.412421	-1	530
395699	396889	2.097998	1	1190
396889	397119	-1.020761	-1	230
397119	397479	-2.504970	-2	360
397479	397929	-0.989858	-1	450
397929	399069	0.359281	1	1140
399069	399619	-0.185196	-1	550
399619	403069	1.496802	1	3450
403069	405689	7.756784	2	2620
405689	405999	1.988638	1	310
405999	406559	-0.425367	-1	560
406559	406929	-3.475914	-2	370
406929	407719	-5.543568	-3	790
407719	408049	-3.534132	-2	330
408049	408239	-0.988512	-1	190
408239	410479	1.662754	1	2240
410479	411949	5.418805	2	1470
411949	412159	1.741032	1	210
412159	412339	-1.077886	-1	180
412339	412599	-2.714160	-2	260
412599	412809	-1.039925	-1	210
412809	418289	2.742573	1	5480
418289	419539	6.462882	2	1250
419539	420669	2.215919	1	1130
420669	421449	4.755207	2	780
421449	422579	2.274187	1	1130
422579	428669	7.120023	2	6090
428669	428949	1.883291	1	280
428949	429089	-1.013191	-1	140
429089	429959	-4.069806	-2	870
429959	434099	-7.529285	-3	4140
434099	434239	-3.464215	-2	140
434239	434349	-1.004017	-1	110
434349	434849	2.226413	1	500
434849	434949	-0.970233	-1	100
434949	435099	-3.453612	-2	150
435099	435649	-6.618613	-3	550
435649	435939	-3.486555	-2	290
435939	438259	-0.509903	-1	2320
438259	438649	1.844938	1	390
438649	439719	5.912891	2	1070
439719	439959	1.979192	1	240
439959	440089	-1.002424	-1	130
440089	440249	-3.398508	-2	160
440249	440869	-6.014597	-3	620
440869	441149	-3.525590	-2	280
441149	441559	-1.036605	-1	410
441559	441899	-3.504961	-2	340
441899	442789	-5.639879	-3	890
442789	443319	-3.513845	-2	530
443319	443719	-0.812832	-1	400
443719	444259	0.477686	1	540
444259	445509	-1.018349	-1	1250
