380624	380934	1.307424	1	310
380934	381474	-0.942189	-1	540
381474	386194	1.983843	1	4720
386194	386804	-0.813889	-1	610
386804	395154	1.544964	1	8350
395154	395704	-0.407407	-1	550
395704	396884	2.132381	1	1180
396884	397114	-1.066964	-1	230
397114	397484	-2.512865	-2	370
397484	397914	-0.964733	-1	430
397914	399054	0.360247	1	1140
399054	399604	-0.190997	-1	550
399604	403094	1.516930	1	3490
403094	405654	7.853970	2	2560
405654	405984	2.155849	1	330
405984	406554	-0.409836	-1	570
406554	406914	-3.474346	-2	360
406914	407724	-5.540938	-3	810
407724	408044	-3.483149	-2	320
408044	408224	-0.979970	-1	180
408224	410524	1.713019	1	2300
410524	411934	5.499129	2	1410
411934	412134	1.997523	1	200
412134	412324	-1.068861	-1	190
412324	412594	-2.739786	-2	270
412594	412794	-1.018238	-1	200
412794	418294	3.060796	1	5500
418294	419514	6.544424	2	1220
419514	420804	2.436381	1	1290
420804	421414	4.963820	2	610
421414	422624	2.382625	1	1210
422624	428644	7.159486	2	6020
428644	428934	2.083365	1	290
428934	429084	-1.021719	-1	150
429084	429964	-4.090894	-2	880
429964	434084	-7.543427	-3	4120
434084	434244	-3.460683	-2	160
434244	434334	-0.916782	-1	90
434334	434844	2.267045	1	510
434844	434944	-1.025368	-1	100
434944	435084	-3.452608	-2	140
435084	435654	-6.611444	-3	570
435654	435924	-3.438907	-2	270
435924	438254	-0.510227	-1	2330
438254	438674	2.011420	1	420
438674	439704	6.016056	2	1030
439704	439954	2.044750	1	250
439954	440084	-1.079304	-1	130
440084	440244	-3.532142	-2	160
440244	440874	-6.015249	-3	630
440874	441144	-3.431044	-2	270
441144	441564	-1.002586	-1	420
441564	441884	-3.550933	-2	320
441884	442784	-5.639464	-3	900
442784	443314	-3.497935	-2	530
443314	443704	-0.810750	-1	390
443704	444264	0.479752	1	560
444264	445504	-1.029946	-1	1240
