380529	380889	1.623931	1	360
380889	381429	-1.693390	-1	540
381429	386119	1.443327	1	4690
386119	386759	-0.904602	-1	640
386759	395099	1.555461	1	8340
395099	395669	-0.474233	-1	570
395669	396839	2.275464	1	1170
396839	397029	-1.030150	-1	190
397029	397449	-2.603528	-2	420
397449	397819	-0.971845	-1	370
397819	398969	0.360726	1	1150
398969	399589	-0.201333	-1	620
399589	403109	1.580918	1	3520
403109	405559	8.072953	2	2450
405559	405889	2.513674	1	330
405889	406519	-0.313588	-1	630
406519	406829	-3.460589	-2	310
406829	407709	-5.554883	-3	880
407709	407989	-3.527240	-2	280
407989	408149	-1.026482	-1	160
408149	410609	1.850986	1	2460
410609	411879	5.737645	2	1270
411879	412089	2.317220	1	210
412089	412199	-1.256442	-1	110
412199	412529	-3.013288	-2	330
412529	412729	-0.894490	-1	200
412729	418299	2.738225	1	5570
418299	419439	6.824217	2	1140
419439	422679	2.851647	1	3240
422679	428579	7.185131	2	5900
428579	428879	2.497735	1	300
428879	429009	-0.921601	-1	130
429009	429939	-4.049561	-2	930
429939	434069	-7.551946	-3	4130
434069	434199	-3.440232	-2	130
434199	434279	-0.978504	-1	80
434279	434809	2.754147	1	530
434809	434889	-1.068198	-1	80
434889	435019	-3.526347	-2	130
435019	435609	-6.856638	-3	590
435609	435859	-3.426907	-2	250
435859	438259	-0.482852	-1	2400
438259	438669	2.399873	1	410
438669	439649	6.259804	2	980
439649	439899	2.463042	1	250
439899	440019	-0.977277	-1	120
440019	440159	-3.482904	-2	140
440159	440839	-6.042185	-3	680
440839	441069	-3.545546	-2	230
441069	441519	-0.670293	-1	450
441519	441809	-3.556907	-2	290
441809	442759	-5.626942	-3	950
442759	443249	-3.478345	-2	490
443249	443619	-0.929334	-1	370
443619	444249	0.535706	1	630
444249	445509	-1.029194	-1	1260
