380526	380886	1.630813	1	360
380886	381426	-1.697489	-1	540
381426	386116	1.443788	1	4690
386116	386756	-0.905252	-1	640
386756	395096	1.555574	1	8340
395096	395666	-0.474974	-1	570
395666	396836	2.277689	1	1170
396836	397026	-1.028812	-1	190
397026	397436	-2.619442	-2	410
397436	397816	-0.997498	-1	380
397816	398966	0.360726	1	1150
398966	399586	-0.202068	-1	620
399586	403156	1.630001	1	3570
403156	405536	8.161178	2	2380
405536	405886	2.665073	1	350
405886	406516	-0.311525	-1	630
406516	406826	-3.454273	-2	310
406826	407706	-5.555554	-3	880
407706	407986	-3.535493	-2	280
407986	408146	-1.032199	-1	160
408146	411296	2.610247	1	3150
411296	411856	6.287408	2	560
411856	412086	2.559925	1	230
412086	412186	-1.207747	-1	100
412186	412526	-2.990092	-2	340
412526	412736	-0.849136	-1	210
412736	418326	2.754493	1	5590
418326	419396	6.942756	2	1070
419396	422746	2.922880	1	3350
422746	428546	7.221370	2	5800
428546	428876	2.744432	1	330
428876	429006	-0.909999	-1	130
429006	429936	-4.045916	-2	930
429936	434066	-7.551714	-3	4130
434066	434196	-3.475210	-2	130
434196	434276	-0.991904	-1	80
434276	434806	2.770861	1	530
434806	434886	-1.048814	-1	80
434886	435016	-3.540397	-2	130
435016	435606	-6.862889	-3	590
435606	435846	-3.493974	-2	240
435846	438246	-0.492033	-1	2400
438246	438696	2.522294	1	450
438696	439616	6.343551	2	920
439616	439896	2.759140	1	280
439896	440016	-0.968911	-1	120
440016	440156	-3.484283	-2	140
440156	440846	-6.028236	-3	690
440846	441066	-3.491103	-2	220
441066	441516	-0.661400	-1	450
441516	441796	-3.506641	-2	280
441796	442756	-5.622244	-3	960
442756	443246	-3.476921	-2	490
443246	443616	-0.933818	-1	370
443616	444246	0.542319	1	630
444246	445506	-1.030666	-1	1260
