380676	380956	1.096989	1	280
380956	381506	-0.792132	-1	550
381506	386216	1.606250	1	4710
386216	386826	-0.742632	-1	610
386826	395186	1.538656	1	8360
395186	395696	-0.391393	-1	510
395696	396916	2.003002	1	1220
396916	397156	-1.102844	-1	240
397156	397486	-2.468148	-2	330
397486	397966	-0.997908	-1	480
397966	399096	0.358960	1	1130
399096	399616	-0.178795	-1	520
399616	403076	1.482986	1	3460
403076	405716	7.702940	2	2640
405716	406036	1.929234	1	320
406036	406576	-0.482834	-1	540
406576	406966	-3.514216	-2	390
406966	407726	-5.538465	-3	760
407726	408066	-3.528215	-2	340
408066	408266	-0.992249	-1	200
408266	410496	1.662792	1	2230
410496	411956	5.387980	2	1460
411956	412176	1.818916	1	220
412176	412376	-0.956134	-1	200
412376	412626	-2.595105	-2	250
412626	412836	-1.048883	-1	210
412836	418296	2.748228	1	5460
418296	419566	6.615916	2	1270
419566	420626	2.142355	1	1060
420626	421476	4.653414	2	850
421476	422576	2.262926	1	1100
422576	428686	7.098636	2	6110
428686	428956	1.909509	1	270
428956	429116	-0.959894	-1	160
429116	429966	-4.073748	-2	850
429966	434096	-7.527873	-3	4130
434096	434266	-3.459400	-2	170
434266	434356	-1.005977	-1	90
434356	434856	1.975848	1	500
434856	434976	-0.967102	-1	120
434976	435126	-3.492907	-2	150
435126	435666	-6.515735	-3	540
435666	435966	-3.479049	-2	300
435966	438256	-0.519925	-1	2290
438256	438676	1.850350	1	420
438676	439736	5.877478	2	1060
439736	439986	1.935790	1	250
439986	440126	-1.067226	-1	140
440126	440286	-3.451031	-2	160
440286	440886	-5.945638	-3	600
440886	441176	-3.473974	-2	290
441176	441576	-1.186007	-1	400
441576	441926	-3.501737	-2	350
441926	442796	-5.638953	-3	870
442796	443336	-3.542709	-2	540
443336	443746	-0.813628	-1	410
443746	444276	0.441562	1	530
444276	445506	-1.027407	-1	1230
