380763	380993	0.759466	1	230
380993	381543	-0.549052	-1	550
381543	386273	1.064318	1	4730
386273	386873	-0.613796	-1	600
386873	396963	1.744807	1	10090
396963	398053	-1.369056	-1	1090
398053	403103	1.074374	1	5050
403103	405763	7.612572	2	2660
405763	406123	1.926578	1	360
406123	406593	-0.576954	-1	470
406593	407043	-3.474751	-2	450
407043	407733	-5.524453	-3	690
407733	408103	-3.539354	-2	370
408103	408343	-0.977531	-1	240
408343	410503	1.643765	1	2160
410503	411973	5.272360	2	1470
411973	412273	1.622019	1	300
412273	412493	-1.011830	-1	220
412493	412683	-2.434046	-2	190
412683	412903	-1.068859	-1	220
412903	418333	2.772132	1	5430
418333	419583	6.486660	2	1250
419583	420613	2.150508	1	1030
420613	421513	4.549594	2	900
421513	422623	2.361019	1	1110
422623	428693	7.097295	2	6070
428693	429013	1.885036	1	320
429013	429173	-1.000737	-1	160
429173	429973	-4.045276	-2	800
429973	434123	-7.496407	-3	4150
434123	434293	-3.433954	-2	170
434293	434413	-1.004079	-1	120
434413	434893	1.453069	1	480
434893	435023	-1.002453	-1	130
435023	435203	-3.581742	-2	180
435203	435703	-6.288503	-3	500
435703	436033	-3.457532	-2	330
436033	438253	-0.536980	-1	2220
438253	438723	1.834836	1	470
438723	439753	5.749787	2	1030
439753	440023	1.888265	1	270
440023	440153	-0.941508	-1	130
440153	440363	-3.379848	-2	210
440363	440893	-5.949332	-3	530
440893	441243	-3.499269	-2	350
441243	441613	-1.545328	-1	370
441613	441993	-3.501142	-2	380
441993	442803	-5.634252	-3	810
442803	443373	-3.626905	-2	570
443373	443803	-0.835083	-1	430
443803	444353	0.533463	1	550
444353	445503	-0.866235	-1	1150
