380541	380901	1.577976	1	360
380901	381441	-1.665179	-1	540
381441	386131	1.443120	1	4690
386131	386751	-0.919915	-1	620
386751	395101	1.552617	1	8350
395101	395681	-0.458916	-1	580
395681	396851	2.261427	1	1170
396851	397041	-1.067553	-1	190
397041	397451	-2.604506	-2	410
397451	397831	-0.979135	-1	380
397831	398981	0.360497	1	1150
398981	399601	-0.197508	-1	620
399601	403071	1.543316	1	3470
403071	405601	7.958205	2	2530
405601	405901	2.251248	1	300
405901	406531	-0.337491	-1	630
406531	406841	-3.496871	-2	310
406841	407711	-5.556283	-3	870
407711	408001	-3.509741	-2	290
408001	408161	-0.985545	-1	160
408161	410521	1.742980	1	2360
410521	411901	5.636196	2	1380
411901	412081	2.286529	1	180
412081	412201	-1.020766	-1	120
412201	412531	-2.965244	-2	330
412531	412731	-0.975554	-1	200
412731	418261	3.653529	1	5530
418261	419481	6.665313	2	1220
419481	420781	2.166261	1	1300
420781	421371	5.108040	2	590
421371	422611	2.354437	1	1240
422611	428621	7.135005	2	6010
428621	428891	2.158164	1	270
428891	429021	-0.978580	-1	130
429021	429941	-4.058989	-2	920
429941	434071	-7.549860	-3	4130
434071	434201	-3.497373	-2	130
434201	434291	-0.996877	-1	90
434291	434811	2.736585	1	520
434811	434891	-0.926487	-1	80
434891	435031	-3.505326	-2	140
435031	435611	-6.853322	-3	580
435611	435861	-3.495411	-2	250
435861	438261	-0.490338	-1	2400
438261	438631	2.116235	1	370
438631	439681	6.132030	2	1050
439681	439911	2.149207	1	230
439911	440031	-1.049710	-1	120
440031	440171	-3.531008	-2	140
440171	440861	-6.012977	-3	690
440861	441081	-3.413926	-2	220
441081	441521	-0.678589	-1	440
441521	441821	-3.543669	-2	300
441821	442771	-5.626558	-3	950
442771	443261	-3.447061	-2	490
443261	443631	-0.903994	-1	370
443631	444241	0.540776	1	610
444241	445511	-1.020610	-1	1270
