380672	380952	1.114519	1	280
380952	381502	-0.803298	-1	550
381502	386212	1.837774	1	4710
386212	386822	-0.748900	-1	610
386822	395182	1.539071	1	8360
395182	395692	-0.397595	-1	510
395692	396912	2.008399	1	1220
396912	397152	-1.090552	-1	240
397152	397482	-2.479413	-2	330
397482	397962	-1.001983	-1	480
397962	399082	0.362581	1	1120
399082	399612	-0.177537	-1	530
399612	403082	1.487521	1	3470
403082	405692	7.749422	2	2610
405692	406032	2.055236	1	340
406032	406572	-0.470340	-1	540
406572	406962	-3.507269	-2	390
406962	407722	-5.543762	-3	760
407722	408052	-3.589695	-2	330
408052	408262	-1.054388	-1	210
408262	410502	1.671894	1	2240
410502	411952	5.399897	2	1450
411952	412182	1.761577	1	230
412182	412372	-0.993648	-1	190
412372	412622	-2.608215	-2	250
412622	412832	-1.055599	-1	210
412832	418302	3.089781	1	5470
418302	419562	6.641438	2	1260
419562	420672	2.218629	1	1110
420672	421462	4.718010	2	790
421462	422592	2.301267	1	1130
422592	428662	7.121598	2	6070
428662	428962	1.998504	1	300
428962	429112	-1.004845	-1	150
429112	429962	-4.069547	-2	850
429962	434092	-7.528338	-3	4130
434092	434262	-3.507886	-2	170
434262	434362	-0.939963	-1	100
434362	434862	2.008705	1	500
434862	434972	-1.030550	-1	110
434972	435122	-3.478297	-2	150
435122	435662	-6.534505	-3	540
435662	435952	-3.539021	-2	290
435952	438262	-0.523580	-1	2310
438262	438682	1.929881	1	420
438682	439732	5.899330	2	1050
439732	439982	1.960691	1	250
439982	440122	-1.032654	-1	140
440122	440282	-3.427533	-2	160
440282	440882	-5.946775	-3	600
440882	441172	-3.493166	-2	290
441172	441582	-1.176164	-1	410
441582	441922	-3.537715	-2	340
441922	442792	-5.642071	-3	870
442792	443332	-3.549976	-2	540
443332	443742	-0.819348	-1	410
443742	444272	0.446082	1	530
444272	445512	-1.020699	-1	1240
