380841	381051	0.479885	1	210
381051	381651	-0.328660	-1	600
381651	386331	1.054349	1	4680
386331	386901	-0.512882	-1	570
386901	397001	1.508819	1	10100
397001	398131	-1.267784	-1	1130
398131	403141	1.252994	1	5010
403141	405781	7.582909	2	2640
405781	406201	2.032911	1	420
406201	406631	-0.763314	-1	430
406631	407121	-3.544203	-2	490
407121	407731	-5.519186	-3	610
407731	408141	-3.556983	-2	410
408141	408391	-1.024286	-1	250
408391	410531	1.632616	1	2140
410531	411961	5.224543	2	1430
411961	412351	1.732380	1	390
412351	412981	-1.286903	-1	630
412981	418381	2.804883	1	5400
418381	419601	6.396269	2	1220
419601	420671	2.272934	1	1070
420671	421521	4.524942	2	850
421521	422681	2.509280	1	1160
422681	428701	7.217721	2	6020
428701	429041	2.006562	1	340
429041	429241	-1.013720	-1	200
429241	429981	-4.054720	-2	740
429981	434121	-7.482887	-3	4140
434121	434331	-3.502477	-2	210
434331	434461	-0.917208	-1	130
434461	434931	0.912585	1	470
434931	435051	-0.968509	-1	120
435051	435261	-3.440125	-2	210
435261	435721	-6.054492	-3	460
435721	436091	-3.512071	-2	370
436091	438241	-0.556722	-1	2150
438241	438791	1.895722	1	550
438791	439741	5.726884	2	950
439741	440051	2.081052	1	310
440051	440201	-0.968606	-1	150
440201	442061	-6.879209	-2	1860
442061	442821	-5.615626	-3	760
442821	443421	-3.619744	-2	600
443421	443861	-0.813223	-1	440
443861	444361	0.446511	1	500
444361	445511	-0.860492	-1	1150
