380743	380993	0.788398	1	250
380993	381533	-0.604848	-1	540
381533	386253	1.071245	1	4720
386253	386863	-0.629762	-1	610
386863	396953	1.747999	1	10090
396953	398033	-1.393245	-1	1080
398033	403183	1.487009	1	5150
403183	405673	7.856531	2	2490
405673	406103	2.351990	1	430
406103	406603	-0.600718	-1	500
406603	407023	-3.525782	-2	420
407023	407723	-5.529734	-3	700
407723	408093	-3.566482	-2	370
408093	408323	-0.991607	-1	230
408323	410703	1.875339	1	2380
410703	411903	5.515888	2	1200
411903	412253	2.108533	1	350
412253	412473	-1.031937	-1	220
412473	412683	-2.428771	-2	210
412683	412893	-0.987294	-1	210
412893	418393	2.788426	1	5500
418393	419523	6.764206	2	1130
419523	422733	3.002688	1	3210
422733	428623	7.188541	2	5890
428623	428983	2.412958	1	360
428983	429173	-0.979749	-1	190
429173	429963	-4.076229	-2	790
429963	434113	-7.500411	-3	4150
434113	434293	-3.399611	-2	180
434293	434403	-0.903577	-1	110
434403	434883	1.577228	1	480
434883	435013	-1.007527	-1	130
435013	435183	-3.550269	-2	170
435183	435693	-6.335359	-3	510
435693	436013	-3.483721	-2	320
436013	438253	-0.535720	-1	2240
438253	438803	2.247421	1	550
438803	439693	6.026377	2	890
439693	440013	2.293046	1	320
440013	440153	-1.020819	-1	140
440153	440343	-3.420633	-2	190
440343	440903	-5.919219	-3	560
440903	441223	-3.453335	-2	320
441223	441603	-1.470467	-1	380
441603	441973	-3.476410	-2	370
441973	442813	-5.622327	-3	840
442813	443363	-3.579171	-2	550
443363	443793	-0.822307	-1	430
443793	444353	0.554567	1	560
444353	445503	-0.867205	-1	1150
