380716	380986	0.872568	1	270
380986	381526	-0.683797	-1	540
381526	386246	1.309313	1	4720
386246	386846	-0.685959	-1	600
386846	396936	1.489951	1	10090
396936	397176	-1.055087	-1	240
397176	397506	-2.368984	-2	330
397506	398006	-0.981399	-1	500
398006	403106	1.080508	1	5100
403106	405726	7.700010	2	2620
405726	406076	1.995676	1	350
406076	406596	-0.566586	-1	520
406596	406996	-3.521375	-2	400
406996	407716	-5.533643	-3	720
407716	408086	-3.563889	-2	370
408086	408296	-0.989424	-1	210
408296	410526	1.678415	1	2230
410526	411956	5.362428	2	1430
411956	412236	1.659125	1	280
412236	412436	-1.080837	-1	200
412436	412656	-2.498239	-2	220
412656	412876	-1.005390	-1	220
412876	418326	2.767383	1	5450
418326	419566	6.595490	2	1240
419566	420706	2.294694	1	1140
420706	421466	4.698249	2	760
421466	422616	2.376389	1	1150
422616	428676	7.112908	2	6060
428676	428986	1.949099	1	310
428986	429146	-1.035405	-1	160
429146	429966	-4.066638	-2	820
429966	434106	-7.513238	-3	4140
434106	434276	-3.476592	-2	170
434276	434386	-0.972631	-1	110
434386	434876	1.739476	1	490
434876	434996	-1.031701	-1	120
434996	435156	-3.463397	-2	160
435156	435676	-6.416756	-3	520
435676	435996	-3.500759	-2	320
435996	438256	-0.527997	-1	2260
438256	438716	1.944754	1	460
438716	439726	5.880552	2	1010
439726	439996	2.080419	1	270
439996	440146	-1.029932	-1	150
440146	440336	-3.587626	-2	190
440336	440896	-5.962516	-3	560
440896	441206	-3.452294	-2	310
441206	441586	-1.346166	-1	380
441586	441956	-3.471016	-2	370
441956	442806	-5.632600	-3	850
442806	443356	-3.552723	-2	550
443356	445506	-0.644697	-1	2150
