380564	380914	1.497928	1	350
380914	381444	-1.127400	-1	530
381444	386144	1.965838	1	4700
386144	386764	-0.889124	-1	620
386764	395124	1.548653	1	8360
395124	395684	-0.454691	-1	560
395684	396854	2.230356	1	1170
396854	397064	-1.049301	-1	210
397064	397464	-2.581630	-2	400
397464	397854	-0.964545	-1	390
397854	399004	0.359999	1	1150
399004	399614	-0.192886	-1	610
399614	403064	1.529922	1	3450
403064	405634	7.885363	2	2570
405634	405924	2.085026	1	290
405924	406534	-0.345172	-1	610
406534	406864	-3.488441	-2	330
406864	407704	-5.562067	-3	840
407704	408014	-3.554374	-2	310
408014	408184	-0.933861	-1	170
408184	410534	1.751347	1	2350
410534	411914	5.607273	2	1380
411914	412094	2.192763	1	180
412094	412254	-1.200862	-1	160
412254	412554	-2.941363	-2	300
412554	412734	-1.032860	-1	180
412734	418264	2.717052	1	5530
418264	419484	6.633510	2	1220
419484	420764	2.150995	1	1280
420764	421384	5.037490	2	620
421384	422604	2.345357	1	1220
422604	428624	7.124844	2	6020
428624	428904	2.160732	1	280
428904	429034	-0.986201	-1	130
429034	429954	-4.067575	-2	920
429954	434084	-7.546558	-3	4130
434084	434204	-3.489742	-2	120
434204	434304	-1.043103	-1	100
434304	434814	2.642215	1	510
434814	434914	-0.999376	-1	100
434914	435044	-3.557152	-2	130
435044	435624	-6.776042	-3	580
435624	435874	-3.498058	-2	250
435874	438254	-0.500812	-1	2380
438254	438634	2.002049	1	380
438634	439694	6.075007	2	1060
439694	439924	2.058805	1	230
439924	440034	-0.978136	-1	110
440034	440194	-3.451907	-2	160
440194	440854	-6.038150	-3	660
440854	441094	-3.514212	-2	240
441094	441534	-0.788737	-1	440
441534	441844	-3.576624	-2	310
441844	442764	-5.642230	-3	920
442764	443284	-3.471278	-2	520
443284	443654	-0.840257	-1	370
443654	444244	0.529292	1	590
444244	445504	-1.025503	-1	1260
