380753	381003	0.748827	1	250
381003	381543	-0.580699	-1	540
381543	386273	1.066474	1	4730
386273	386863	-0.636636	-1	590
386863	396963	1.746080	1	10100
396963	398043	-1.386837	-1	1080
398043	403143	1.331548	1	5100
403143	405713	7.744222	2	2570
405713	406113	2.170937	1	400
406113	406603	-0.598905	-1	490
406603	407023	-3.476433	-2	420
407023	407723	-5.523757	-3	700
407723	408103	-3.558155	-2	380
408103	408333	-0.969725	-1	230
408333	410563	1.709328	1	2230
410563	411933	5.373594	2	1370
411933	412273	1.846601	1	340
412273	412483	-1.056626	-1	210
412483	412683	-2.427956	-2	200
412683	412903	-1.013000	-1	220
412903	418373	2.783492	1	5470
418373	419553	6.646509	2	1180
419553	420813	2.493441	1	1260
420813	421443	4.771862	2	630
421443	422663	2.506399	1	1220
422663	428653	7.139445	2	5990
428653	428993	2.222938	1	340
428993	429173	-0.953065	-1	180
429173	429973	-4.064508	-2	800
429973	434113	-7.504324	-3	4140
434113	434293	-3.472261	-2	180
434293	434403	-1.002725	-1	110
434403	434893	1.479671	1	490
434893	435023	-1.082248	-1	130
435023	435193	-3.595494	-2	170
435193	435693	-6.320457	-3	500
435693	436023	-3.501190	-2	330
436023	438253	-0.537043	-1	2230
438253	438763	2.030351	1	510
438763	439723	5.893105	2	960
439723	440013	2.137033	1	290
440013	440153	-0.926915	-1	140
440153	440353	-3.389895	-2	200
440353	440903	-5.921263	-3	550
440903	441223	-3.506310	-2	320
441223	441603	-1.517524	-1	380
441603	441983	-3.464930	-2	380
441983	442813	-5.624272	-3	830
442813	443373	-3.579930	-2	560
443373	443793	-0.828725	-1	420
443793	444363	0.528829	1	570
444363	445503	-0.874728	-1	1140
