380541	380901	1.574984	1	360
380901	381441	-1.663874	-1	540
381441	386131	1.442917	1	4690
386131	386751	-0.919173	-1	620
386751	395101	1.552588	1	8350
395101	395681	-0.458526	-1	580
395681	396851	2.260908	1	1170
396851	397041	-1.069480	-1	190
397041	397451	-2.603536	-2	410
397451	397831	-0.978059	-1	380
397831	398981	0.360483	1	1150
398981	399601	-0.197316	-1	620
399601	403081	1.551903	1	3480
403081	405601	7.972033	2	2520
405601	405901	2.248912	1	300
405901	406531	-0.338986	-1	630
406531	406841	-3.499054	-2	310
406841	407711	-5.555996	-3	870
407711	408001	-3.505546	-2	290
408001	408161	-0.982966	-1	160
408161	410551	1.776617	1	2390
410551	411901	5.663469	2	1350
411901	412081	2.277515	1	180
412081	412201	-1.023029	-1	120
412201	412531	-2.962169	-2	330
412531	412731	-0.974542	-1	200
412731	418271	2.724248	1	5540
418271	419471	6.703450	2	1200
419471	420821	2.247121	1	1350
420821	421351	5.192025	2	530
421351	422641	2.433846	1	1290
422641	428611	7.153470	2	5970
428611	428891	2.228766	1	280
428891	429021	-0.981883	-1	130
429021	429941	-4.059626	-2	920
429941	434071	-7.549712	-3	4130
434071	434201	-3.487923	-2	130
434201	434291	-0.989885	-1	90
434291	434811	2.733143	1	520
434811	434891	-0.933722	-1	80
434891	435031	-3.509885	-2	140
435031	435611	-6.851511	-3	580
435611	435861	-3.492304	-2	250
435861	438261	-0.490146	-1	2400
438261	438641	2.178007	1	380
438641	439681	6.148894	2	1040
439681	439911	2.141775	1	230
439911	440031	-1.054328	-1	120
440031	440171	-3.533498	-2	140
440171	440861	-6.012115	-3	690
440861	441081	-3.409307	-2	220
441081	441521	-0.680761	-1	440
441521	441821	-3.545581	-2	300
441821	442771	-5.626309	-3	950
442771	443261	-3.445301	-2	490
443261	443631	-0.902117	-1	370
443631	444241	0.540326	1	610
444241	445511	-1.020551	-1	1270
