380662	380952	1.150974	1	290
380952	381492	-0.846752	-1	540
381492	386212	1.850507	1	4720
386212	386822	-0.764902	-1	610
386822	395172	1.541845	1	8350
395172	395702	-0.391928	-1	530
395702	396912	2.037647	1	1210
396912	397142	-1.105087	-1	230
397142	397492	-2.473618	-2	350
397492	397952	-0.974594	-1	460
397952	399082	0.360186	1	1130
399082	399602	-0.184808	-1	520
399602	403082	1.487006	1	3480
403082	405702	7.743024	2	2620
405702	406022	1.968125	1	320
406022	406572	-0.464554	-1	550
406572	406952	-3.511752	-2	380
406952	407722	-5.543845	-3	770
407722	408052	-3.572450	-2	330
408052	408252	-1.042489	-1	200
408252	410492	1.662729	1	2240
410492	411962	5.392925	2	1470
411962	412162	1.773818	1	200
412162	412362	-0.975408	-1	200
412362	412622	-2.623000	-2	260
412622	412822	-1.032865	-1	200
412822	418292	2.744169	1	5470
418292	419562	6.641228	2	1270
419562	420652	2.181232	1	1090
420652	421462	4.706838	2	810
421462	422582	2.277463	1	1120
422582	428672	7.114238	2	6090
428672	428962	1.891541	1	290
428962	429102	-1.017587	-1	140
429102	429962	-4.062725	-2	860
429962	434092	-7.529983	-3	4130
434092	434252	-3.547847	-2	160
434252	434362	-0.948041	-1	110
434362	434862	2.062359	1	500
434862	434962	-1.013031	-1	100
434962	435122	-3.501818	-2	160
435122	435662	-6.562859	-3	540
435662	435952	-3.487485	-2	290
435952	438262	-0.517282	-1	2310
438262	438672	1.902466	1	410
438672	439732	5.903900	2	1060
439732	439982	1.931755	1	250
439982	440112	-1.032573	-1	130
440112	440292	-3.546907	-2	180
440292	440882	-5.971817	-3	590
440882	441162	-3.495384	-2	280
441162	441572	-1.140089	-1	410
441572	441912	-3.497526	-2	340
441912	442792	-5.637557	-3	880
442792	443322	-3.555631	-2	530
443322	443732	-0.841684	-1	410
443732	444262	0.457933	1	530
444262	445512	-1.014804	-1	1250
