380481	380871	1.741653	1	390
380871	381401	-2.031221	-1	530
381401	386081	1.149524	1	4680
386081	386721	-0.968401	-1	640
386721	395081	1.556309	1	8360
395081	395671	-0.495710	-1	590
395671	396791	2.180500	1	1120
396791	397001	-1.008006	-1	210
397001	397431	-2.659424	-2	430
397431	397771	-0.972889	-1	340
397771	398921	0.361871	1	1150
398921	399571	-0.206563	-1	650
399571	403111	1.526254	1	3540
403111	405531	8.149693	2	2420
405531	405841	2.574271	1	310
405841	406501	-0.267774	-1	660
406501	406781	-3.425258	-2	280
406781	407711	-5.554442	-3	930
407711	407961	-3.494529	-2	250
407961	408111	-1.056491	-1	150
408111	410701	1.986896	1	2590
410701	411861	5.877221	2	1160
411861	412051	2.595727	1	190
412051	412121	-0.805533	-1	70
412121	412501	-3.129390	-2	380
412501	412731	-0.664184	-1	230
412731	418281	2.749366	1	5550
418281	419411	6.904432	2	1130
419411	422691	2.859471	1	3280
422691	428551	7.212067	2	5860
428551	428861	2.635467	1	310
428861	428971	-0.954064	-1	110
428971	429811	-4.049168	-2	840
429811	434051	-7.528721	-3	4240
434051	434181	-3.526980	-2	130
434181	434261	-0.894541	-1	80
434261	434791	3.038493	1	530
434791	434861	-1.049840	-1	70
434861	434971	-3.388002	-2	110
434971	435591	-6.902251	-3	620
435591	435831	-3.378439	-2	240
435831	438241	-0.468814	-1	2410
438241	438651	2.429790	1	410
438651	439631	6.336060	2	980
439631	439881	2.531164	1	250
439881	439981	-0.969033	-1	100
439981	440121	-3.507129	-2	140
440121	440831	-6.028952	-3	710
440831	441041	-3.496955	-2	210
441041	441191	-0.970061	-1	150
441191	441351	0.508934	1	160
441351	441491	-1.010956	-1	140
441491	441771	-3.528681	-2	280
441771	442751	-5.611703	-3	980
442751	443211	-3.468145	-2	460
443211	443571	-1.034785	-1	360
443571	444241	0.566091	1	670
444241	445511	-1.028573	-1	1270
