380589	380919	1.415454	1	330
380919	381459	-1.030547	-1	540
381459	386159	1.842543	1	4700
386159	386789	-0.837317	-1	630
386789	395129	1.549996	1	8340
395129	395689	-0.432302	-1	560
395689	396859	2.195581	1	1170
396859	397079	-1.009241	-1	220
397079	397459	-2.564176	-2	380
397459	397879	-0.989417	-1	420
397879	399029	0.359123	1	1150
399029	399609	-0.193840	-1	580
399609	403129	1.570709	1	3520
403129	405609	7.988387	2	2480
405609	405949	2.329265	1	340
405949	406549	-0.399240	-1	600
406549	406889	-3.541693	-2	340
406889	407709	-5.556180	-3	820
407709	408019	-3.554336	-2	310
408019	408199	-0.993073	-1	180
408199	410609	1.828164	1	2410
410609	411889	5.649130	2	1280
411889	412119	2.325570	1	230
412119	412269	-1.106532	-1	150
412269	412559	-2.828472	-2	290
412559	412759	-1.088124	-1	200
412759	418319	2.742194	1	5560
418319	419449	6.758527	2	1130
419449	422689	2.965816	1	3240
422689	428599	7.169751	2	5910
428599	428909	2.392365	1	310
428909	429049	-0.915494	-1	140
429049	429939	-4.047301	-2	890
429939	434079	-7.537074	-3	4140
434079	434219	-3.515166	-2	140
434219	434309	-1.039441	-1	90
434309	434819	2.479152	1	510
434819	434919	-0.889829	-1	100
434919	435069	-3.537101	-2	150
435069	435629	-6.753434	-3	560
435629	435899	-3.475233	-2	270
435899	438259	-0.499214	-1	2360
438259	438699	2.316106	1	440
438699	439659	6.188953	2	960
439659	439929	2.420140	1	270
439929	440059	-1.015273	-1	130
440059	440219	-3.560960	-2	160
440219	440859	-6.043669	-3	640
440859	441119	-3.447073	-2	260
441119	441539	-0.849681	-1	420
441539	441849	-3.483818	-2	310
441849	442779	-5.628407	-3	930
442779	443279	-3.504024	-2	500
443279	443669	-0.881297	-1	390
443669	444249	0.503189	1	580
444249	445509	-1.020154	-1	1260
