380772	381012	0.738599	1	240
381012	381552	-0.534591	-1	540
381552	386282	1.062144	1	4730
386282	386872	-0.611134	-1	590
386872	396972	1.479524	1	10100
396972	398062	-1.363287	-1	1090
398062	403162	1.257565	1	5100
403162	405712	7.756975	2	2550
405712	406132	2.207377	1	420
406132	406602	-0.613886	-1	470
406602	407042	-3.468475	-2	440
407042	407722	-5.524500	-3	680
407722	408112	-3.557883	-2	390
408112	408352	-0.943775	-1	240
408352	410632	1.786031	1	2280
410632	411912	5.426533	2	1280
411912	412282	2.028044	1	370
412282	412502	-1.008382	-1	220
412502	412692	-2.396147	-2	190
412692	412912	-1.043268	-1	220
412912	418392	2.789088	1	5480
418392	419532	6.694017	2	1140
419532	420882	2.628720	1	1350
420882	421422	4.814236	2	540
421422	422702	2.606528	1	1280
422702	428642	7.157593	2	5940
428642	429002	2.297641	1	360
429002	429182	-0.933177	-1	180
429182	429982	-4.062871	-2	800
429982	434112	-7.505994	-3	4130
434112	434302	-3.481894	-2	190
434302	434412	-1.016447	-1	110
434412	434902	1.358682	1	490
434902	435022	-1.011215	-1	120
435022	435212	-3.563141	-2	190
435212	435702	-6.271039	-3	490
435702	436042	-3.463791	-2	340
436042	438262	-0.534780	-1	2220
438262	438802	2.186856	1	540
438802	439702	5.959722	2	900
439702	440022	2.279828	1	320
440022	440162	-0.942929	-1	140
440162	440372	-3.434855	-2	210
440372	440902	-5.930653	-3	530
440902	441242	-3.495286	-2	340
441242	441612	-1.595553	-1	370
441612	442002	-3.494673	-2	390
442002	442812	-5.626972	-3	810
442812	443382	-3.595412	-2	570
443382	443802	-0.834938	-1	420
443802	444352	0.515868	1	550
444352	445512	-0.857841	-1	1160
