380489	380879	1.706609	1	390
380879	381399	-1.944210	-1	520
381399	386099	1.456919	1	4700
386099	386729	-0.974300	-1	630
386729	395089	1.555562	1	8360
395089	395669	-0.497904	-1	580
395669	396809	2.134989	1	1140
396809	397009	-1.082906	-1	200
397009	397439	-2.647883	-2	430
397439	397779	-0.962141	-1	340
397779	398929	0.361729	1	1150
398929	399579	-0.204493	-1	650
399579	403099	1.512288	1	3520
403099	405549	8.105199	2	2450
405549	405849	2.468126	1	300
405849	406509	-0.285645	-1	660
406509	406789	-3.448801	-2	280
406789	407709	-5.555922	-3	920
407709	407969	-3.501942	-2	260
407969	408119	-1.022045	-1	150
408119	410579	1.831260	1	2460
410579	411879	5.770979	2	1300
411879	412059	2.355296	1	180
412059	412149	-1.074874	-1	90
412149	412509	-3.154356	-2	360
412509	412729	-0.687611	-1	220
412729	418269	2.739221	1	5540
418269	419429	6.843847	2	1160
419429	422669	2.836730	1	3240
422669	428569	7.192771	2	5900
428569	428869	2.481754	1	300
428869	428979	-1.009897	-1	110
428979	429819	-4.059530	-2	840
429819	434059	-7.529044	-3	4240
434059	434179	-3.529764	-2	120
434179	434269	-0.898092	-1	90
434269	434789	3.060222	1	520
434789	434869	-1.040662	-1	80
434869	434979	-3.447604	-2	110
434979	435589	-6.917058	-3	610
435589	435839	-3.399075	-2	250
435839	438259	-0.466447	-1	2420
438259	438639	2.406421	1	380
438639	439649	6.281225	2	1010
439649	439889	2.336470	1	240
439889	439989	-0.998336	-1	100
439989	440129	-3.532823	-2	140
440129	440829	-6.042979	-3	700
440829	441039	-3.579290	-2	210
441039	441199	-1.014757	-1	160
441199	441349	0.491292	1	150
441349	441489	-0.946008	-1	140
441489	441759	-3.398462	-2	270
441759	442749	-5.604630	-3	990
442749	443219	-3.474619	-2	470
443219	443579	-1.011710	-1	360
443579	444249	0.555113	1	670
444249	445509	-1.037714	-1	1260
