380686	380956	1.030176	1	270
380956	381496	-0.757864	-1	540
381496	386226	1.327526	1	4730
386226	386826	-0.727462	-1	600
386826	395186	1.537230	1	8360
395186	395696	-0.375735	-1	510
395696	396916	1.984115	1	1220
396916	397146	-1.018338	-1	230
397146	397486	-2.414906	-2	340
397486	397976	-0.998210	-1	490
397976	403216	1.159628	1	5240
403216	405606	8.024700	2	2390
405606	406046	2.585893	1	440
406046	406576	-0.506871	-1	530
406576	406976	-3.517467	-2	400
406976	407726	-5.533583	-3	750
407726	408066	-3.514605	-2	340
408066	408276	-0.995391	-1	210
408276	410976	2.213749	1	2700
410976	411876	5.779896	2	900
411876	412206	2.289266	1	330
412206	412396	-1.048633	-1	190
412396	412636	-2.558452	-2	240
412636	412846	-1.021091	-1	210
412846	418406	2.787789	1	5560
418406	419466	7.008647	2	1060
419466	422796	3.052677	1	3330
422796	428566	7.248682	2	5770
428566	428966	2.627437	1	400
428966	429126	-1.020995	-1	160
429126	429956	-4.071967	-2	830
429956	434096	-7.518470	-3	4140
434096	434256	-3.530470	-2	160
434256	434366	-1.052434	-1	110
434366	434866	1.877056	1	500
434866	434976	-1.017246	-1	110
434976	435136	-3.497026	-2	160
435136	435666	-6.487674	-3	530
435666	435976	-3.465314	-2	310
435976	438256	-0.518990	-1	2280
438256	438816	2.526529	1	560
438816	439646	6.215586	2	830
439646	439986	2.593795	1	340
439986	440116	-0.936147	-1	130
440116	440296	-3.355095	-2	180
440296	440886	-5.942050	-3	590
440886	441186	-3.439296	-2	300
441186	441576	-1.235889	-1	390
441576	441936	-3.508996	-2	360
441936	442796	-5.637901	-3	860
442796	443336	-3.552953	-2	540
443336	443756	-0.810928	-1	420
443756	444256	0.449957	1	500
444256	445506	-1.007652	-1	1250
