380753	380993	0.853514	1	240
380993	381543	-0.572912	-1	550
381543	386263	1.069113	1	4720
386263	386863	-0.629130	-1	600
386863	396953	1.662782	1	10090
396953	398043	-1.375524	-1	1090
398043	403133	1.091969	1	5090
403133	405723	7.717202	2	2590
405723	406113	2.117823	1	390
406113	406593	-0.568769	-1	480
406593	407023	-3.442196	-2	430
407023	407723	-5.524343	-3	700
407723	408093	-3.601114	-2	370
408093	408323	-1.057791	-1	230
408323	410553	1.690718	1	2230
410553	411933	5.367184	2	1380
411933	412263	1.898163	1	330
412263	412483	-1.020891	-1	220
412483	412683	-2.429623	-2	200
412683	412893	-1.057440	-1	210
412893	418363	2.775686	1	5470
418363	419553	6.628803	2	1190
419553	420803	2.477748	1	1250
420803	421463	4.748085	2	660
421463	422653	2.463255	1	1190
422653	428673	7.125617	2	6020
428673	429003	2.038993	1	330
429003	429173	-1.010310	-1	170
429173	429973	-4.064363	-2	800
429973	434113	-7.504695	-3	4140
434113	434283	-3.561800	-2	170
434283	434413	-1.025050	-1	130
434413	434893	1.523534	1	480
434893	435013	-0.997074	-1	120
435013	435183	-3.427671	-2	170
435183	435693	-6.299987	-3	510
435693	436023	-3.500223	-2	330
436023	438263	-0.534698	-1	2240
438263	438763	2.070733	1	500
438763	439723	5.895592	2	960
439723	440023	2.065182	1	300
440023	440163	-1.072172	-1	140
440163	440353	-3.462530	-2	190
440353	440903	-5.929447	-3	550
440903	441233	-3.462397	-2	330
441233	441613	-1.513804	-1	380
441613	441983	-3.504873	-2	370
441983	442813	-5.624749	-3	830
442813	443373	-3.578518	-2	560
443373	443793	-0.827322	-1	420
443793	444363	0.529323	1	570
444363	445503	-0.875591	-1	1140
