380451	380871	1.757007	1	420
380871	381081	-1.168238	-1	210
381081	381241	-2.304392	-2	160
381241	381381	-0.976875	-1	140
381381	386071	2.488081	1	4690
386071	386711	-1.005890	-1	640
386711	395081	1.557459	1	8370
395081	395651	-0.536370	-1	570
395651	396771	2.206977	1	1120
396771	396981	-0.977486	-1	210
396981	397421	-2.683521	-2	440
397421	397741	-0.978592	-1	320
397741	398891	0.362784	1	1150
398891	399561	-0.209564	-1	670
399561	403121	1.549485	1	3560
403121	405501	8.220204	2	2380
405501	405811	2.750051	1	310
405811	406501	-0.270129	-1	690
406501	406771	-3.560462	-2	270
406771	407711	-5.565832	-3	940
407711	407941	-3.500261	-2	230
407941	408101	-1.007885	-1	160
408101	411341	2.626220	1	3240
411341	411841	6.514093	2	500
411841	412041	2.743462	1	200
412041	412111	-0.987379	-1	70
412111	412471	-3.381122	-2	360
412471	412731	-0.627550	-1	260
412731	418281	2.759962	1	5550
418281	419391	6.968088	2	1110
419391	422721	2.885734	1	3330
422721	428551	7.223944	2	5830
428551	428851	2.580532	1	300
428851	428951	-1.001923	-1	100
428951	429801	-4.042766	-2	850
429801	434051	-7.590843	-3	4250
434051	434161	-3.546851	-2	110
434161	434251	-0.919479	-1	90
434251	434771	3.287304	1	520
434771	434841	-0.934337	-1	70
434841	434961	-3.532514	-2	120
434961	435581	-6.988891	-3	620
435581	435811	-3.343709	-2	230
435811	438241	-0.458514	-1	2430
438241	438651	2.590928	1	410
438651	439611	6.402725	2	960
439611	439871	2.668905	1	260
439871	439951	-0.879070	-1	80
439951	440091	-3.367410	-2	140
440091	440831	-5.999314	-3	740
440831	441021	-3.427564	-2	190
441021	441161	-0.945810	-1	140
441161	441341	0.588924	1	180
441341	441471	-0.910188	-1	130
441471	441741	-3.470109	-2	270
441741	442741	-5.596967	-3	1000
442741	443181	-3.497081	-2	440
443181	443551	-1.088265	-1	370
443551	444231	0.600003	1	680
444231	445511	-1.028368	-1	1280
