380668	380948	1.129565	1	280
380948	381498	-0.804495	-1	550
381498	386208	1.824424	1	4710
386208	386818	-0.747582	-1	610
386818	395178	1.539067	1	8360
395178	395698	-0.388166	-1	520
395698	396908	2.025286	1	1210
396908	397148	-1.080725	-1	240
397148	397488	-2.462890	-2	340
397488	397958	-0.985872	-1	470
397958	399088	0.359729	1	1130
399088	399598	-0.186140	-1	510
399598	403098	1.496280	1	3500
403098	405678	7.792843	2	2580
405678	406028	2.130830	1	350
406028	406568	-0.464019	-1	540
406568	406958	-3.493804	-2	390
406958	407718	-5.544101	-3	760
407718	408058	-3.559409	-2	340
408058	408258	-1.021616	-1	200
408258	410518	1.688198	1	2260
410518	411938	5.434793	2	1420
411938	412178	1.872627	1	240
412178	412368	-0.995324	-1	190
412368	412618	-2.610009	-2	250
412618	412828	-1.066768	-1	210
412828	418318	2.752547	1	5490
418318	419538	6.733590	2	1220
419538	420768	2.393022	1	1230
420768	421438	4.840925	2	670
421438	422618	2.375700	1	1180
422618	428648	7.141807	2	6030
428648	428958	2.092333	1	310
428958	429108	-0.976689	-1	150
429108	429968	-4.074346	-2	860
429968	434098	-7.529416	-3	4130
434098	434258	-3.439538	-2	160
434258	434358	-0.969977	-1	100
434358	434858	2.026935	1	500
434858	434968	-1.002175	-1	110
434968	435118	-3.473098	-2	150
435118	435658	-6.539255	-3	540
435658	435958	-3.501723	-2	300
435958	438258	-0.518611	-1	2300
438258	438698	2.009897	1	440
438698	439718	5.962242	2	1020
439718	439978	2.073094	1	260
439978	440118	-1.006334	-1	140
440118	440288	-3.503392	-2	170
440288	440878	-5.968009	-3	590
440878	441168	-3.504083	-2	290
441168	441568	-1.153435	-1	400
441568	441918	-3.480681	-2	350
441918	442798	-5.633444	-3	880
442798	443328	-3.531848	-2	530
443328	443748	-0.805294	-1	420
443748	444258	0.465965	1	510
444258	445508	-1.013056	-1	1250
