380523	380893	1.616992	1	370
380893	381413	-1.785481	-1	520
381413	386113	1.444424	1	4700
386113	386743	-0.926276	-1	630
386743	395103	1.552194	1	8360
395103	395673	-0.477809	-1	570
395673	396823	2.083699	1	1150
396823	397043	-1.113050	-1	220
397043	397433	-2.657003	-2	390
397433	397813	-1.005753	-1	380
397813	398963	0.360821	1	1150
398963	399593	-0.200147	-1	630
399593	403113	1.590012	1	3520
403113	405563	8.079323	2	2450
405563	405883	2.459215	1	320
405883	406523	-0.321882	-1	640
406523	406823	-3.486711	-2	300
406823	407713	-5.556084	-3	890
407713	407983	-3.517250	-2	270
407983	408153	-0.989626	-1	170
408153	410613	1.865375	1	2460
410613	411873	5.756159	2	1260
411873	412073	2.522609	1	200
412073	412193	-1.165939	-1	120
412193	412523	-3.049328	-2	330
412523	412733	-0.851066	-1	210
412733	418293	2.739517	1	5560
418293	419443	6.818060	2	1150
419443	422683	2.847962	1	3240
422683	428583	7.187554	2	5900
428583	428883	2.403484	1	300
428883	429003	-0.974904	-1	120
429003	429933	-4.040256	-2	930
429933	434063	-7.552032	-3	4130
434063	434193	-3.534640	-2	130
434193	434283	-0.933744	-1	90
434283	434793	2.899427	1	510
434793	434883	-0.870503	-1	90
434883	435013	-3.517067	-2	130
435013	435603	-6.872878	-3	590
435603	435853	-3.450756	-2	250
435853	438263	-0.481631	-1	2410
438263	438663	2.420665	1	400
438663	439653	6.259193	2	990
439653	439903	2.344429	1	250
439903	440003	-0.916925	-1	100
440003	440153	-3.375965	-2	150
440153	440843	-6.027469	-3	690
440843	441063	-3.521437	-2	220
441063	441513	-0.632755	-1	450
441513	441793	-3.490807	-2	280
441793	442753	-5.622128	-3	960
442753	443243	-3.491002	-2	490
443243	443603	-0.971408	-1	360
443603	444243	0.537365	1	640
444243	445503	-1.032023	-1	1260
