380470	380870	1.751166	1	400
380870	381390	-2.108076	-1	520
381390	386080	1.149828	1	4690
386080	386730	-0.967788	-1	650
386730	395090	1.557450	1	8360
395090	395670	-0.513340	-1	580
395670	396790	2.191258	1	1120
396790	396990	-1.015425	-1	200
396990	397420	-2.674170	-2	430
397420	397740	-1.058471	-1	320
397740	398910	0.356055	1	1170
398910	399570	-0.207050	-1	660
399570	403120	1.541170	1	3550
403120	405510	8.194592	2	2390
405510	405830	2.721619	1	320
405830	406510	-0.291227	-1	680
406510	406780	-3.534190	-2	270
406780	407700	-5.566830	-3	920
407700	407960	-3.529108	-2	260
407960	408110	-0.975479	-1	150
408110	411290	2.633407	1	3180
411290	411850	6.385836	2	560
411850	412050	2.659214	1	200
412050	412120	-0.950848	-1	70
412120	412480	-3.260998	-2	360
412480	412730	-0.707600	-1	250
412730	418280	2.751572	1	5550
418280	419400	6.932693	2	1120
419400	422720	2.883717	1	3320
422720	428550	7.220634	2	5830
428550	428850	2.690705	1	300
428850	428960	-0.883705	-1	110
428960	429810	-4.040778	-2	850
429810	434060	-7.586723	-3	4250
434060	434170	-3.436491	-2	110
434170	434260	-0.913290	-1	90
434260	434780	3.168911	1	520
434780	434850	-0.911834	-1	70
434850	434960	-3.316943	-2	110
434960	435590	-6.904914	-3	630
435590	435820	-3.357303	-2	230
435820	438260	-0.463032	-1	2440
438260	438660	2.667391	1	400
438660	439610	6.387128	2	950
439610	439880	2.692405	1	270
439880	439980	-1.064971	-1	100
439980	440110	-3.571388	-2	130
440110	440830	-6.020702	-3	720
440830	441030	-3.492405	-2	200
441030	441170	-1.041320	-1	140
441170	441340	0.526317	1	170
441340	441490	-0.975610	-1	150
441490	441750	-3.500649	-2	260
441750	442750	-5.597303	-3	1000
442750	443210	-3.435127	-2	460
443210	443560	-1.037006	-1	350
443560	444240	0.571527	1	680
444240	445510	-1.032393	-1	1270
