380710	380960	0.966316	1	250
380960	381520	-0.671708	-1	560
381520	386230	1.316951	1	4710
386230	386850	-0.671288	-1	620
386850	395200	1.537045	1	8350
395200	395700	-0.362710	-1	500
395700	396930	1.943146	1	1230
396930	398000	-1.429212	-1	1070
398000	403170	1.122302	1	5170
403170	405670	7.868241	2	2500
405670	406070	2.280721	1	400
406070	406580	-0.522010	-1	510
406580	407000	-3.513482	-2	420
407000	407720	-5.539044	-3	720
407720	408080	-3.544765	-2	360
408080	408300	-0.960597	-1	220
408300	410670	1.854007	1	2370
410670	411900	5.530639	2	1230
411900	412220	2.151932	1	320
412220	412420	-0.980964	-1	200
412420	412650	-2.492792	-2	230
412650	412870	-1.013643	-1	220
412870	418380	2.782541	1	5510
418380	419510	6.827480	2	1130
419510	422720	2.992551	1	3210
422720	428620	7.191373	2	5900
428620	428970	2.361862	1	350
428970	429140	-0.945996	-1	170
429140	429960	-4.063457	-2	820
429960	434100	-7.512648	-3	4140
434100	434270	-3.520108	-2	170
434270	434380	-1.020633	-1	110
434380	434870	1.757862	1	490
434870	434980	-0.883366	-1	110
434980	435160	-3.460493	-2	180
435160	435680	-6.428671	-3	520
435680	435990	-3.464536	-2	310
435990	438260	-0.524634	-1	2270
438260	438780	2.281845	1	520
438780	439690	6.056885	2	910
439690	439990	2.342986	1	300
439990	440140	-0.980133	-1	150
440140	440320	-3.479627	-2	180
440320	440890	-5.943145	-3	570
440890	441200	-3.469536	-2	310
441200	441600	-1.349709	-1	400
441600	441960	-3.580146	-2	360
441960	442800	-5.640855	-3	840
442800	443350	-3.563568	-2	550
443350	445510	-0.642574	-1	2160
