380603	380923	1.379116	1	320
380923	381463	-0.991072	-1	540
381463	386173	2.041512	1	4710
386173	386793	-0.828161	-1	620
386793	395143	1.546675	1	8350
395143	395693	-0.424331	-1	550
395693	396873	2.157105	1	1180
396873	397093	-1.056639	-1	220
397093	397463	-2.548042	-2	370
397463	397893	-0.993242	-1	430
397893	399033	0.361358	1	1140
399033	399603	-0.191341	-1	570
399603	403143	1.571790	1	3540
403143	405603	8.004764	2	2460
405603	405963	2.408730	1	360
405963	406543	-0.383884	-1	580
406543	406893	-3.454246	-2	350
406893	407703	-5.554151	-3	810
407703	408023	-3.605298	-2	320
408023	408213	-1.000867	-1	190
408213	410673	1.902009	1	2460
410673	411883	5.679789	2	1210
411883	412123	2.447835	1	240
412123	412293	-1.097499	-1	170
412293	412583	-2.760905	-2	290
412583	412773	-1.011215	-1	190
412773	418333	2.749985	1	5560
418333	419453	6.757674	2	1120
419453	422723	2.984965	1	3270
422723	428583	7.188822	2	5860
428583	428913	2.541286	1	330
428913	429053	-0.845783	-1	140
429053	429953	-4.046985	-2	900
429953	434083	-7.540382	-3	4130
434083	434223	-3.518492	-2	140
434223	434313	-1.109854	-1	90
434313	434833	2.338928	1	520
434833	434933	-1.027424	-1	100
434933	435063	-3.442669	-2	130
435063	435633	-6.670424	-3	570
435633	435913	-3.468508	-2	280
435913	438253	-0.502108	-1	2340
438253	438713	2.307035	1	460
438713	439663	6.181430	2	950
439663	439943	2.336929	1	280
439943	440063	-1.032909	-1	120
440063	440233	-3.528689	-2	170
440233	440873	-6.021509	-3	640
440873	441123	-3.423704	-2	250
441123	441543	-0.907870	-1	420
441543	441863	-3.483143	-2	320
441863	442783	-5.631314	-3	920
442783	443293	-3.492564	-2	510
443293	443683	-0.850959	-1	390
443683	444243	0.503695	1	560
444243	445503	-1.017681	-1	1260
