380807	381027	0.567787	1	220
381027	381587	-0.431505	-1	560
381587	386297	1.054988	1	4710
386297	386887	-0.542288	-1	590
386887	396977	1.516548	1	10090
396977	398097	-2.117568	-1	1120
398097	403177	1.119036	1	5080
403177	405727	7.728579	2	2550
405727	406167	2.191641	1	440
406167	406617	-0.700965	-1	450
406617	407087	-3.542125	-2	470
407087	407717	-5.530522	-3	630
407717	408117	-3.609472	-2	400
408117	408377	-0.986573	-1	260
408377	410607	1.745810	1	2230
410607	411927	5.356242	2	1320
411927	412307	1.924524	1	380
412307	412957	-1.305748	-1	650
412957	418407	2.809354	1	5450
418407	419557	6.599925	2	1150
419557	420857	2.586840	1	1300
420857	421437	4.735237	2	580
421437	422707	2.623816	1	1270
422707	428647	7.272903	2	5940
428647	429027	2.229479	1	380
429027	429207	-1.003136	-1	180
429207	429977	-4.048704	-2	770
429977	434117	-7.490934	-3	4140
434117	434307	-3.506509	-2	190
434307	434437	-1.019448	-1	130
434437	434917	1.109202	1	480
434917	435037	-1.010866	-1	120
435037	435237	-3.514335	-2	200
435237	435707	-6.164212	-3	470
435707	436057	-3.539017	-2	350
436057	438247	-0.553229	-1	2190
438247	438807	2.085412	1	560
438807	439717	5.866794	2	910
439717	440037	2.161314	1	320
440037	440177	-0.966831	-1	140
440177	440397	-3.408059	-2	220
440397	440907	-5.898636	-3	510
440907	442027	-2.940775	-2	1120
442027	442817	-5.618081	-3	790
442817	443397	-3.611510	-2	580
443397	443837	-0.817344	-1	440
443837	444347	0.496950	1	510
444347	445507	-0.853594	-1	1160
