380467	380867	1.760284	1	400
380867	381397	-2.099298	-1	530
381397	386077	1.152554	1	4680
386077	386727	-0.969039	-1	650
386727	395087	1.557629	1	8360
395087	395657	-0.522577	-1	570
395657	396787	2.172326	1	1130
396787	396987	-1.006101	-1	200
396987	397417	-2.674899	-2	430
397417	397757	-1.000390	-1	340
397757	398907	0.362245	1	1150
398907	399557	-0.211915	-1	650
399557	403127	1.546306	1	3570
403127	405507	8.208235	2	2380
405507	405827	2.726665	1	320
405827	406507	-0.287188	-1	680
406507	406787	-3.585101	-2	280
406787	407707	-5.567462	-3	920
407707	407957	-3.480924	-2	250
407957	408097	-1.053540	-1	140
408097	411297	2.632099	1	3200
411297	411847	6.417049	2	550
411847	412037	2.835574	1	190
412037	412127	-0.930729	-1	90
412127	412487	-3.283815	-2	360
412487	412737	-0.627342	-1	250
412737	418277	2.755036	1	5540
418277	419397	6.938578	2	1120
419397	422717	2.882682	1	3320
422717	428547	7.222620	2	5830
428547	428847	2.711372	1	300
428847	428957	-0.858069	-1	110
428957	429817	-4.047324	-2	860
429817	434057	-7.594800	-3	4240
434057	434167	-3.491799	-2	110
434167	434247	-1.070972	-1	80
434247	434777	3.141969	1	530
434777	434857	-1.006045	-1	80
434857	434967	-3.538081	-2	110
434967	435587	-6.957018	-3	620
435587	435817	-3.376263	-2	230
435817	438247	-0.466201	-1	2430
438247	438647	2.522558	1	400
438647	439617	6.371690	2	970
439617	439867	2.730725	1	250
439867	439967	-0.848226	-1	100
439967	440107	-3.450677	-2	140
440107	440827	-6.025752	-3	720
440827	441027	-3.529696	-2	200
441027	441177	-0.982729	-1	150
441177	441337	0.578807	1	160
441337	441487	-0.943125	-1	150
441487	441757	-3.541238	-2	270
441757	442757	-5.599047	-3	1000
442757	443197	-3.440496	-2	440
443197	443567	-1.044667	-1	370
443567	444227	0.597207	1	660
444227	445507	-1.023729	-1	1280
