380662	380952	1.150685	1	290
380952	381492	-0.846639	-1	540
381492	386212	1.850473	1	4720
386212	386822	-0.764839	-1	610
386822	395172	1.541841	1	8350
395172	395702	-0.391892	-1	530
395702	396902	2.054590	1	1200
396902	397142	-1.059175	-1	240
397142	397492	-2.473521	-2	350
397492	397952	-0.974527	-1	460
397952	399082	0.360182	1	1130
399082	399602	-0.184790	-1	520
399602	403082	1.487039	1	3480
403082	405702	7.742996	2	2620
405702	406022	1.967994	1	320
406022	406572	-0.464685	-1	550
406572	406952	-3.511891	-2	380
406952	407722	-5.543820	-3	770
407722	408052	-3.572165	-2	330
408052	408252	-1.042321	-1	200
408252	410492	1.662762	1	2240
410492	411962	5.392877	2	1470
411962	412162	1.773318	1	200
412162	412362	-0.975344	-1	200
412362	412622	-2.622827	-2	260
412622	412822	-1.032766	-1	200
412822	418292	2.744191	1	5470
418292	419562	6.641163	2	1270
419562	420702	2.257181	1	1140
420702	421462	4.759097	2	760
421462	422582	2.277496	1	1120
422582	428672	7.114234	2	6090
428672	428962	1.891157	1	290
428962	429102	-1.017800	-1	140
429102	429962	-4.062772	-2	860
429962	434092	-7.529975	-3	4130
434092	434252	-3.547234	-2	160
434252	434362	-0.947599	-1	110
434362	434862	2.062074	1	500
434862	434962	-1.013488	-1	100
434962	435122	-3.502106	-2	160
435122	435662	-6.562699	-3	540
435662	435952	-3.487286	-2	290
435952	438262	-0.517268	-1	2310
438262	438672	1.902757	1	410
438672	439732	5.903836	2	1060
439732	439982	1.931293	1	250
439982	440112	-1.032857	-1	130
440112	440292	-3.547105	-2	180
440292	440882	-5.971741	-3	590
440882	441162	-3.495103	-2	280
441162	441572	-1.140259	-1	410
441572	441912	-3.497664	-2	340
441912	442792	-5.637529	-3	880
442792	443322	-3.555497	-2	530
443322	443732	-0.841573	-1	410
443732	444262	0.457895	1	530
444262	445512	-1.014797	-1	1250
