380706	380956	0.981378	1	250
380956	381516	-0.679317	-1	560
381516	386236	1.298241	1	4720
386236	386836	-0.695667	-1	600
386836	396936	1.489719	1	10100
396936	397176	-1.121184	-1	240
397176	397496	-2.393672	-2	320
397496	397996	-0.989740	-1	500
397996	403156	1.356835	1	5160
403156	405656	7.870220	2	2500
405656	406066	2.343338	1	410
406066	406576	-0.515334	-1	510
406576	406986	-3.469057	-2	410
406986	407716	-5.533242	-3	730
407716	408066	-3.602432	-2	350
408066	408286	-1.063112	-1	220
408286	410636	1.808982	1	2350
410636	411916	5.498918	2	1280
411916	412226	1.941302	1	310
412226	412426	-1.091933	-1	200
412426	412646	-2.522590	-2	220
412646	412866	-1.016685	-1	220
412866	418366	2.777381	1	5500
418366	419516	6.797158	2	1150
419516	422696	2.976629	1	3180
422696	428626	7.178014	2	5930
428626	428976	2.254073	1	350
428976	429136	-0.990393	-1	160
429136	429956	-4.058157	-2	820
429956	434106	-7.508576	-3	4150
434106	434266	-3.454752	-2	160
434266	434376	-1.046311	-1	110
434376	434876	1.750442	1	500
434876	434986	-1.023006	-1	110
434986	435146	-3.461545	-2	160
435146	435676	-6.412688	-3	530
435676	435986	-3.475947	-2	310
435986	438256	-0.526382	-1	2270
438256	438756	2.177873	1	500
438756	439686	6.034839	2	930
439686	439996	2.291574	1	310
439996	440136	-1.024640	-1	140
440136	440326	-3.558877	-2	190
440326	440876	-5.986701	-3	550
440876	441196	-3.530195	-2	320
441196	441596	-1.343465	-1	400
441596	441946	-3.534834	-2	350
441946	442796	-5.635859	-3	850
442796	443346	-3.572509	-2	550
443346	445506	-0.641743	-1	2160
