380763	381003	0.732093	1	240
381003	381543	-0.559990	-1	540
381543	386273	1.064562	1	4730
386273	386863	-0.625306	-1	590
386863	396963	1.742849	1	10100
396963	398053	-1.369562	-1	1090
398053	403093	1.214154	1	5040
403093	405773	7.584004	2	2680
405773	406123	1.875909	1	350
406123	406603	-0.604689	-1	480
406603	407033	-3.471836	-2	430
407033	407723	-5.524012	-3	690
407723	408103	-3.582756	-2	380
408103	408343	-0.978081	-1	240
408343	410493	1.633461	1	2150
410493	411973	5.261016	2	1480
411973	412283	1.579744	1	310
412283	412493	-1.064732	-1	210
412493	412683	-2.432036	-2	190
412683	412903	-1.069877	-1	220
412903	418323	2.769722	1	5420
418323	419593	6.445300	2	1270
419593	420603	2.116659	1	1010
420603	421523	4.532863	2	920
421523	422613	2.334344	1	1090
422613	428703	7.085560	2	6090
428703	429003	1.899544	1	300
429003	429183	-1.001987	-1	180
429183	429963	-4.059443	-2	780
429963	434113	-7.496627	-3	4150
434113	434293	-3.518549	-2	180
434293	434413	-1.007231	-1	120
434413	434903	1.426472	1	490
434903	435013	-1.018726	-1	110
435013	435203	-3.501428	-2	190
435203	435693	-6.311220	-3	490
435693	436023	-3.547288	-2	330
436023	438253	-0.543824	-1	2230
438253	438723	1.831226	1	470
438723	439763	5.728882	2	1040
439763	440023	1.831405	1	260
440023	440163	-1.006292	-1	140
440163	440363	-3.449431	-2	200
440363	440903	-5.931302	-3	540
440903	441233	-3.498075	-2	330
441233	441613	-1.557035	-1	380
441613	441993	-3.502204	-2	380
441993	442813	-5.625873	-3	820
442813	443383	-3.574373	-2	570
443383	443803	-0.808231	-1	420
443803	444353	0.532965	1	550
444353	445503	-0.866910	-1	1150
