380749	380999	0.770474	1	250
380999	381539	-0.599392	-1	540
381539	386269	1.068583	1	4730
386269	386869	-0.637914	-1	600
386869	396959	1.747516	1	10090
396959	398039	-1.392495	-1	1080
398039	403139	1.330067	1	5100
403139	405719	7.733646	2	2580
405719	406109	2.120510	1	390
406109	406599	-0.588361	-1	490
406599	407019	-3.468965	-2	420
407019	407719	-5.525245	-3	700
407719	408099	-3.580147	-2	380
408099	408329	-0.977195	-1	230
408329	410579	1.730040	1	2250
410579	411929	5.393172	2	1350
411929	412269	1.885210	1	340
412269	412479	-1.083485	-1	210
412479	412679	-2.451738	-2	200
412679	412899	-1.011498	-1	220
412899	418369	2.781564	1	5470
418369	419549	6.656364	2	1180
419549	420799	2.476996	1	1250
420799	421449	4.760239	2	650
421449	422659	2.489385	1	1210
422659	428659	7.134574	2	6000
428659	428989	2.196100	1	330
428989	429169	-0.940685	-1	180
429169	429969	-4.060731	-2	800
429969	434109	-7.506499	-3	4140
434109	434289	-3.508020	-2	180
434289	434399	-1.040652	-1	110
434399	434889	1.525715	1	490
434889	435019	-1.062370	-1	130
435019	435189	-3.594411	-2	170
435189	435689	-6.342841	-3	500
435689	436019	-3.509068	-2	330
436019	438259	-0.534161	-1	2240
438259	438759	2.048665	1	500
438759	439719	5.901361	2	960
439719	440009	2.180850	1	290
440009	440149	-0.905396	-1	140
440149	440349	-3.377528	-2	200
440349	440899	-5.938700	-3	550
440899	441219	-3.518232	-2	320
441219	441599	-1.497691	-1	380
441599	441979	-3.458594	-2	380
441979	442809	-5.625895	-3	830
442809	443369	-3.588662	-2	560
443369	443789	-0.834078	-1	420
443789	444359	0.535723	1	570
444359	445509	-0.866757	-1	1150
