380515	380885	1.658288	1	370
380885	381425	-1.837937	-1	540
381425	386115	1.138990	1	4690
386115	386745	-0.939223	-1	630
386745	395105	1.553054	1	8360
395105	395675	-0.485501	-1	570
395675	396825	2.091856	1	1150
396825	397035	-1.120427	-1	210
397035	397435	-2.656996	-2	400
397435	397805	-1.000618	-1	370
397805	398955	0.361090	1	1150
398955	399585	-0.202659	-1	630
399585	403085	1.565859	1	3500
403085	405575	8.030643	2	2490
405575	405875	2.357402	1	300
405875	406515	-0.301320	-1	640
406515	406815	-3.449174	-2	300
406815	407705	-5.556672	-3	890
407705	407975	-3.588090	-2	270
407975	408145	-1.034041	-1	170
408145	410565	1.806225	1	2420
410565	411885	5.724972	2	1320
411885	412075	2.316751	1	190
412075	412185	-1.229174	-1	110
412185	412515	-3.098431	-2	330
412515	412735	-0.836150	-1	220
412735	418265	2.731539	1	5530
418265	419455	6.758265	2	1190
419455	422645	2.816711	1	3190
422645	428595	7.165863	2	5950
428595	428885	2.269885	1	290
428885	428995	-0.987658	-1	110
428995	429825	-4.056899	-2	830
429825	434065	-7.524918	-3	4240
434065	434195	-3.458307	-2	130
434195	434275	-0.928981	-1	80
434275	434795	2.894166	1	520
434795	434875	-0.873938	-1	80
434875	435005	-3.402245	-2	130
435005	435605	-6.869842	-3	600
435605	435845	-3.443812	-2	240
435845	438255	-0.484117	-1	2410
438255	438645	2.285473	1	390
438645	439665	6.227826	2	1020
439665	439905	2.192626	1	240
439905	440005	-1.034906	-1	100
440005	440145	-3.413431	-2	140
440145	440845	-6.021001	-3	700
440845	441055	-3.525516	-2	210
441055	441505	-0.608920	-1	450
441505	441795	-3.497061	-2	290
441795	442755	-5.623401	-3	960
442755	443245	-3.461116	-2	490
443245	443605	-0.945471	-1	360
443605	444245	0.550633	1	640
444245	445505	-1.032390	-1	1260
