380574	380914	1.479894	1	340
380914	381454	-1.074911	-1	540
381454	386154	2.158723	1	4700
386154	386774	-0.873675	-1	620
386774	395124	1.549531	1	8350
395124	395694	-0.437205	-1	570
395694	396854	2.235188	1	1160
396854	397064	-0.994581	-1	210
397064	397454	-2.576150	-2	390
397454	397864	-0.997074	-1	410
397864	399014	0.359787	1	1150
399014	399614	-0.192625	-1	600
399614	403084	1.540129	1	3470
403084	405624	7.920374	2	2540
405624	405934	2.191848	1	310
405934	406544	-0.374060	-1	610
406544	406874	-3.523534	-2	330
406874	407724	-5.548941	-3	850
407724	408014	-3.479235	-2	290
408014	408194	-0.962397	-1	180
408194	410544	1.761179	1	2350
410544	411914	5.602902	2	1370
411914	412104	2.130635	1	190
412104	412244	-1.077995	-1	140
412244	412564	-2.824623	-2	320
412564	412744	-1.021945	-1	180
412744	418274	2.722697	1	5530
418274	419494	6.619966	2	1220
419494	420794	2.424368	1	1300
420794	421384	5.061741	2	590
421384	422624	2.384289	1	1240
422624	428624	7.132859	2	6000
428624	428904	2.197749	1	280
428904	429044	-0.960824	-1	140
429044	429954	-4.073375	-2	910
429954	434084	-7.545313	-3	4130
434084	434214	-3.449691	-2	130
434214	434304	-1.012639	-1	90
434304	434814	2.577200	1	510
434814	434914	-0.890304	-1	100
434914	435054	-3.530613	-2	140
435054	435624	-6.775655	-3	570
435624	435884	-3.504115	-2	260
435884	438254	-0.501015	-1	2370
438254	438654	2.084948	1	400
438654	439694	6.089799	2	1040
439694	439924	2.103981	1	230
439924	440054	-1.057226	-1	130
440054	440204	-3.580985	-2	150
440204	440854	-6.042896	-3	650
440854	441104	-3.503924	-2	250
441104	441534	-0.802915	-1	430
441534	441844	-3.520219	-2	310
441844	442764	-5.639810	-3	920
442764	443284	-3.498979	-2	520
443284	443664	-0.845545	-1	380
443664	444244	0.525957	1	580
444244	445504	-1.023880	-1	1260
