380751	380991	0.756652	1	240
380991	381531	-0.576681	-1	540
381531	386261	1.066299	1	4730
386261	386861	-0.624956	-1	600
386861	396951	1.744470	1	10090
396951	398041	-1.373424	-1	1090
398041	403211	1.386736	1	5170
403211	405651	7.911182	2	2440
405651	406111	2.468459	1	460
406111	406591	-0.585411	-1	480
406591	407021	-3.455776	-2	430
407021	407721	-5.520938	-3	700
407721	408091	-3.574101	-2	370
408091	408321	-1.042845	-1	230
408321	410811	1.994698	1	2490
410811	411891	5.587505	2	1080
411891	412261	2.152096	1	370
412261	412481	-1.016623	-1	220
412481	412681	-2.414805	-2	200
412681	412901	-1.000788	-1	220
412901	418431	2.805550	1	5530
418431	419501	6.858690	2	1070
419501	422781	3.043297	1	3280
422781	428601	7.214391	2	5820
428601	429001	2.426974	1	400
429001	429171	-1.025735	-1	170
429171	429971	-4.069890	-2	800
429971	434111	-7.503034	-3	4140
434111	434281	-3.496325	-2	170
434281	434401	-1.069563	-1	120
434401	434881	1.484071	1	480
434881	435011	-0.937399	-1	130
435011	435181	-3.465175	-2	170
435181	435691	-6.277964	-3	510
435691	436021	-3.484148	-2	330
436021	438241	-0.537993	-1	2220
438241	438831	2.317140	1	590
438831	439671	6.081933	2	840
439671	440011	2.454880	1	340
440011	440151	-0.965210	-1	140
440151	440351	-3.401115	-2	200
440351	440891	-5.932785	-3	540
440891	441231	-3.484559	-2	340
441231	441611	-1.532944	-1	380
441611	441981	-3.517473	-2	370
441981	442811	-5.620201	-3	830
442811	443371	-3.567173	-2	560
443371	443791	-0.818374	-1	420
443791	444351	0.536157	1	560
444351	445511	-0.857562	-1	1160
