380507	380877	1.704463	1	370
380877	381417	-1.869458	-1	540
381417	386107	1.140815	1	4690
386107	386737	-0.948674	-1	630
386737	395097	1.553830	1	8360
395097	395677	-0.483330	-1	580
395677	396817	2.117467	1	1140
396817	397017	-1.054237	-1	200
397017	397437	-2.635453	-2	420
397437	397797	-0.984541	-1	360
397797	398947	0.361251	1	1150
398947	399587	-0.202247	-1	640
399587	403107	1.591760	1	3520
403107	405557	8.091522	2	2450
405557	405867	2.462637	1	310
405867	406517	-0.304555	-1	650
406517	406807	-3.470563	-2	290
406807	407707	-5.556736	-3	900
407707	407977	-3.535850	-2	270
407977	408137	-1.011732	-1	160
408137	410587	1.835810	1	2450
410587	411877	5.760019	2	1290
411877	412067	2.419994	1	190
412067	412177	-1.175044	-1	110
412177	412517	-3.117538	-2	340
412517	412737	-0.749818	-1	220
412737	418277	2.739160	1	5540
418277	419427	6.843593	2	1150
419427	422677	2.848005	1	3250
422677	428587	7.184850	2	5910
428587	428877	2.353636	1	290
428877	428997	-1.010792	-1	120
428997	429817	-4.070958	-2	820
429817	434067	-7.520662	-3	4250
434067	434187	-3.483245	-2	120
434187	434277	-0.878885	-1	90
434277	434797	2.953175	1	520
434797	434877	-1.037536	-1	80
434877	434997	-3.455648	-2	120
434997	435597	-6.901213	-3	600
435597	435847	-3.422298	-2	250
435847	438257	-0.476085	-1	2410
438257	438647	2.354239	1	390
438647	439647	6.273156	2	1000
439647	439897	2.381263	1	250
439897	440007	-1.042467	-1	110
440007	440147	-3.611669	-2	140
440147	440847	-6.030558	-3	700
440847	441057	-3.438826	-2	210
441057	441217	-0.982141	-1	160
441217	441357	0.432381	1	140
441357	441517	-1.119665	-1	160
441517	441777	-3.528460	-2	260
441777	442757	-5.611068	-3	980
442757	443237	-3.449757	-2	480
443237	443597	-0.966482	-1	360
443597	444247	0.552654	1	650
444247	445507	-1.035233	-1	1260
