380507	380887	1.656847	1	380
380887	381417	-1.846141	-1	530
381417	386107	1.454595	1	4690
386107	386737	-0.949924	-1	630
386737	395097	1.553824	1	8360
395097	395667	-0.491028	-1	570
395667	396817	2.099271	1	1150
396817	397027	-1.096598	-1	210
397027	397427	-2.669530	-2	400
397427	397797	-1.012782	-1	370
397797	398947	0.361258	1	1150
398947	399587	-0.202229	-1	640
399587	403077	1.565032	1	3490
403077	405577	8.023337	2	2500
405577	405867	2.311658	1	290
405867	406517	-0.306182	-1	650
406517	406807	-3.468809	-2	290
406807	407707	-5.556992	-3	900
407707	407977	-3.535797	-2	270
407977	408137	-1.005897	-1	160
408137	410577	1.823783	1	2440
410577	411887	5.743839	2	1310
411887	412067	2.312475	1	180
412067	412167	-1.094941	-1	100
412167	412517	-3.091379	-2	350
412517	412737	-0.747680	-1	220
412737	418267	2.735673	1	5530
418267	419437	6.807975	2	1170
419437	422657	2.830184	1	3220
422657	428587	7.177365	2	5930
428587	428877	2.358355	1	290
428877	428987	-0.938628	-1	110
428987	429827	-4.055871	-2	840
429827	434067	-7.527095	-3	4240
434067	434187	-3.462720	-2	120
434187	434277	-0.900771	-1	90
434277	434787	3.007988	1	510
434787	434877	-0.896790	-1	90
434877	434997	-3.486491	-2	120
434997	435607	-6.864120	-3	610
435607	435847	-3.357823	-2	240
435847	438257	-0.476120	-1	2410
438257	438637	2.290066	1	380
438637	439647	6.259317	2	1010
439647	439897	2.384168	1	250
439897	439997	-0.950434	-1	100
439997	440147	-3.508988	-2	150
440147	440847	-6.032100	-3	700
440847	441047	-3.507613	-2	200
441047	441507	-0.597374	-1	460
441507	441787	-3.527829	-2	280
441787	442757	-5.618130	-3	970
442757	443237	-3.452714	-2	480
443237	443597	-0.967517	-1	360
443597	444247	0.551720	1	650
444247	445507	-1.033836	-1	1260
