380779	381009	0.682741	1	230
381009	381549	-0.515641	-1	540
381549	386289	1.058403	1	4740
386289	386879	-0.603512	-1	590
386879	396969	1.738448	1	10090
396969	398069	-1.348374	-1	1100
398069	403089	1.066203	1	5020
403089	405789	7.541586	2	2700
405789	406139	1.857117	1	350
406139	406599	-0.607352	-1	460
406599	407059	-3.474662	-2	460
407059	407729	-5.524100	-3	670
407729	408109	-3.568116	-2	380
408109	408349	-1.026539	-1	240
408349	410459	1.586541	1	2110
410459	411979	5.199378	2	1520
411979	412289	1.630186	1	310
412289	412929	-1.403756	-1	640
412929	418319	2.778625	1	5390
418319	419619	6.348885	2	1300
419619	420579	2.045783	1	960
420579	421559	4.471247	2	980
421559	422609	2.304501	1	1050
422609	428719	7.068135	2	6110
428719	429009	1.829182	1	290
429009	429199	-0.995617	-1	190
429199	429979	-4.078257	-2	780
429979	434119	-7.500329	-3	4140
434119	434309	-3.438756	-2	190
434309	434429	-0.887319	-1	120
434429	434899	1.395932	1	470
434899	435019	-0.886323	-1	120
435019	435209	-3.414295	-2	190
435209	435709	-6.238437	-3	500
435709	436049	-3.448164	-2	340
436049	438259	-0.535376	-1	2210
438259	438709	1.753012	1	450
438709	439769	5.654822	2	1060
439769	440039	1.755355	1	270
440039	440169	-1.037350	-1	130
440169	440379	-3.446268	-2	210
440379	440909	-5.927678	-3	530
440909	441249	-3.476951	-2	340
441249	441619	-1.620408	-1	370
441619	441999	-3.475433	-2	380
441999	442819	-5.613244	-3	820
442819	443379	-3.608938	-2	560
443379	443809	-0.855303	-1	430
443809	444349	0.511649	1	540
444349	445509	-0.857857	-1	1160
