380765	380995	0.753552	1	230
380995	381545	-0.543390	-1	550
381545	386275	1.063784	1	4730
386275	386865	-0.621168	-1	590
386865	396955	1.742695	1	10090
396955	398055	-1.355265	-1	1100
398055	403105	1.221844	1	5050
403105	405755	7.623951	2	2650
405755	406125	1.974111	1	370
406125	406605	-0.617244	-1	480
406605	407035	-3.480164	-2	430
407035	407725	-5.519103	-3	690
407725	408105	-3.565933	-2	380
408105	408345	-0.970398	-1	240
408345	410505	1.644125	1	2160
410505	411955	5.291237	2	1450
411955	412285	1.681464	1	330
412285	412495	-1.048235	-1	210
412495	412685	-2.418622	-2	190
412685	412905	-1.068469	-1	220
412905	418335	2.772308	1	5430
418335	419595	6.463737	2	1260
419595	420645	2.184463	1	1050
420645	421505	4.576353	2	860
421505	422625	2.379639	1	1120
422625	428695	7.094383	2	6070
428695	429005	1.933285	1	310
429005	429185	-1.012027	-1	180
429185	429965	-4.062848	-2	780
429965	434105	-7.501913	-3	4140
434105	434295	-3.569207	-2	190
434295	434415	-0.995552	-1	120
434415	434905	1.411718	1	490
434905	435015	-1.023868	-1	110
435015	435195	-3.428659	-2	180
435195	435695	-6.281871	-3	500
435695	436025	-3.537268	-2	330
436025	438255	-0.543234	-1	2230
438255	438725	1.846770	1	470
438725	439745	5.764935	2	1020
439745	440025	1.940242	1	280
440025	440165	-1.025842	-1	140
440165	440365	-3.457154	-2	200
440365	440895	-5.943876	-3	530
440895	441235	-3.534907	-2	340
441235	441615	-1.572326	-1	380
441615	441995	-3.508879	-2	380
441995	442805	-5.631817	-3	810
442805	443385	-3.591990	-2	580
443385	443805	-0.801272	-1	420
443805	444355	0.531679	1	550
444355	445505	-0.866214	-1	1150
