380743	380973	0.861333	1	230
380973	381533	-0.587230	-1	560
381533	386263	1.069527	1	4730
386263	386853	-0.654911	-1	590
386853	396953	1.744377	1	10100
396953	398033	-1.394549	-1	1080
398033	403153	1.337088	1	5120
403153	405703	7.778426	2	2550
405703	406103	2.194251	1	400
406103	406593	-0.566541	-1	490
406593	407013	-3.453068	-2	420
407013	407723	-5.524867	-3	710
407723	408093	-3.569736	-2	370
408093	408323	-0.999369	-1	230
408323	410623	1.781449	1	2300
410623	411913	5.451419	2	1290
411913	412243	2.102226	1	330
412243	412473	-0.989701	-1	230
412473	412673	-2.460439	-2	200
412673	412893	-1.032054	-1	220
412893	418373	2.781447	1	5480
418373	419543	6.688576	2	1170
419543	420843	2.541502	1	1300
420843	421423	4.826498	2	580
421423	422683	2.554294	1	1260
422683	428643	7.156756	2	5960
428643	428993	2.230346	1	350
428993	429163	-0.969404	-1	170
429163	429973	-4.062644	-2	810
429973	434113	-7.506511	-3	4140
434113	434283	-3.494916	-2	170
434283	434403	-1.006787	-1	120
434403	434893	1.552461	1	490
434893	435003	-1.014749	-1	110
435003	435173	-3.376822	-2	170
435173	435683	-6.334057	-3	510
435683	436013	-3.531792	-2	330
436013	438263	-0.533811	-1	2250
438263	438773	2.149116	1	510
438773	439703	5.965737	2	930
439703	440013	2.231855	1	310
440013	440163	-1.081487	-1	150
440163	440343	-3.488327	-2	180
440343	440903	-5.923428	-3	560
440903	441223	-3.456865	-2	320
441223	441603	-1.465178	-1	380
441603	441973	-3.480873	-2	370
441973	442813	-5.622187	-3	840
442813	443373	-3.552477	-2	560
443373	443783	-0.816002	-1	410
443783	444353	0.544381	1	570
444353	445503	-0.867124	-1	1150
