380526	380896	1.604532	1	370
380896	381426	-1.767813	-1	530
381426	386116	1.448109	1	4690
386116	386746	-0.925212	-1	630
386746	395106	1.552096	1	8360
395106	395676	-0.476669	-1	570
395676	396836	2.299703	1	1160
396836	397046	-1.107449	-1	210
397046	397436	-2.657030	-2	390
397436	397816	-1.006213	-1	380
397816	398966	0.360829	1	1150
398966	399596	-0.199262	-1	630
399596	403086	1.564492	1	3490
403086	405576	8.024332	2	2490
405576	405886	2.371461	1	310
405886	406526	-0.329116	-1	640
406526	406826	-3.496033	-2	300
406826	407706	-5.557811	-3	880
407706	407986	-3.557686	-2	280
407986	408156	-0.982523	-1	170
408156	410556	1.793749	1	2400
410556	411886	5.703204	2	1330
411886	412076	2.372544	1	190
412076	412196	-1.175659	-1	120
412196	412526	-3.036690	-2	330
412526	412736	-0.852998	-1	210
412736	418266	2.729369	1	5530
418266	419456	6.744472	2	1190
419456	422646	2.820557	1	3190
422646	428596	7.164379	2	5950
428596	428886	2.307306	1	290
428886	429006	-0.990169	-1	120
429006	429936	-4.043182	-2	930
429936	434066	-7.552115	-3	4130
434066	434196	-3.511184	-2	130
434196	434286	-0.916247	-1	90
434286	434796	2.885783	1	510
434796	434886	-0.892647	-1	90
434886	435016	-3.507231	-2	130
435016	435606	-6.868137	-3	590
435606	435856	-3.447166	-2	250
435856	438256	-0.484468	-1	2400
438256	438646	2.252122	1	390
438646	439666	6.210190	2	1020
439666	439906	2.229738	1	240
439906	440006	-0.936778	-1	100
440006	440156	-3.373396	-2	150
440156	440846	-6.031388	-3	690
440846	441066	-3.508482	-2	220
441066	441516	-0.650208	-1	450
441516	441796	-3.492545	-2	280
441796	442766	-5.616875	-3	970
442766	443246	-3.454975	-2	480
443246	443606	-0.969275	-1	360
443606	444246	0.536395	1	640
444246	445506	-1.030797	-1	1260
