380668	380948	1.108641	1	280
380948	381498	-0.796588	-1	550
381498	386208	1.833072	1	4710
386208	386818	-0.742522	-1	610
386818	395178	1.538905	1	8360
395178	395698	-0.386441	-1	520
395698	396908	2.022078	1	1210
396908	397138	-1.040900	-1	230
397138	397478	-2.455711	-2	340
397478	397958	-1.005597	-1	480
397958	399088	0.359543	1	1130
399088	399598	-0.184717	-1	510
399598	403148	1.538722	1	3550
403148	405638	7.913539	2	2490
405638	406028	2.360822	1	390
406028	406568	-0.473522	-1	540
406568	406958	-3.501400	-2	390
406958	407728	-5.534036	-3	770
407728	408058	-3.499326	-2	330
408058	408258	-1.011970	-1	200
408258	410628	1.814487	1	2370
410628	411908	5.547487	2	1280
411908	412178	2.128328	1	270
412178	412368	-0.991188	-1	190
412368	412628	-2.569232	-2	260
412628	412828	-1.021281	-1	200
412828	418358	2.766239	1	5530
418358	419498	6.891665	2	1140
419498	422698	2.974310	1	3200
422698	428618	7.193495	2	5920
428618	428958	2.269488	1	340
428958	429108	-0.993640	-1	150
429108	429958	-4.063916	-2	850
429958	434098	-7.522337	-3	4140
434098	434258	-3.407057	-2	160
434258	434358	-0.960150	-1	100
434358	434858	2.003787	1	500
434858	434968	-1.016651	-1	110
434968	435128	-3.562278	-2	160
435128	435668	-6.528756	-3	540
435668	435958	-3.445982	-2	290
435958	438258	-0.517913	-1	2300
438258	438748	2.270429	1	490
438748	439678	6.108659	2	930
439678	439978	2.353040	1	300
439978	440118	-1.028003	-1	140
440118	440288	-3.496408	-2	170
440288	440878	-5.962211	-3	590
440878	441178	-3.442067	-2	300
441178	441568	-1.144814	-1	390
441568	441918	-3.485866	-2	350
441918	442798	-5.632003	-3	880
442798	443328	-3.524902	-2	530
443328	443748	-0.800390	-1	420
443748	444258	0.461445	1	510
444258	445508	-1.011894	-1	1250
