380699	380959	1.003375	1	260
380959	381509	-0.719243	-1	550
381509	386229	1.317333	1	4720
386229	386839	-0.700555	-1	610
386839	395199	1.536291	1	8360
395199	395699	-0.374542	-1	500
395699	396919	1.972401	1	1220
396919	397159	-1.005787	-1	240
397159	397489	-2.406110	-2	330
397489	397989	-1.005155	-1	500
397989	403109	1.083992	1	5120
403109	405689	7.768658	2	2580
405689	406059	2.150802	1	370
406059	406579	-0.511817	-1	520
406579	406989	-3.512394	-2	410
406989	407719	-5.540651	-3	730
407719	408079	-3.534223	-2	360
408079	408289	-0.957675	-1	210
408289	410549	1.716626	1	2260
410549	411929	5.427263	2	1380
411929	412219	1.872332	1	290
412219	412399	-0.991169	-1	180
412399	412649	-2.498723	-2	250
412649	412859	-0.994157	-1	210
412859	418329	2.764637	1	5470
418329	419539	6.688096	2	1210
419539	420769	2.417559	1	1230
420769	421439	4.802731	2	670
421439	422639	2.432412	1	1200
422639	428659	7.138546	2	6020
428659	428969	2.079015	1	310
428969	429139	-1.011933	-1	170
429139	429969	-4.089416	-2	830
429969	434099	-7.522852	-3	4130
434099	434269	-3.493052	-2	170
434269	434379	-0.948311	-1	110
434379	434879	1.812230	1	500
434879	434979	-1.033735	-1	100
434979	435149	-3.475346	-2	170
435149	435669	-6.478083	-3	520
435669	435989	-3.470137	-2	320
435989	438259	-0.518158	-1	2270
438259	438719	2.023988	1	460
438719	439719	5.929566	2	1000
439719	439989	2.098981	1	270
439989	440129	-0.957678	-1	140
440129	440309	-3.419204	-2	180
440309	440889	-5.948334	-3	580
440889	441199	-3.436788	-2	310
441199	441589	-1.283092	-1	390
441589	441949	-3.542985	-2	360
441949	442799	-5.638752	-3	850
442799	443349	-3.546993	-2	550
443349	443769	-0.791364	-1	420
443769	444269	0.433709	1	500
444269	445509	-1.013794	-1	1240
