380475	380875	1.726681	1	400
380875	381395	-2.014417	-1	520
381395	386085	1.459040	1	4690
386085	386725	-0.976129	-1	640
386725	395085	1.556875	1	8360
395085	395675	-0.498282	-1	590
395675	396795	2.185160	1	1120
396795	396995	-1.029563	-1	200
396995	397425	-2.666133	-2	430
397425	397765	-0.990255	-1	340
397765	398915	0.362112	1	1150
398915	399565	-0.208994	-1	650
399565	403095	1.511325	1	3530
403095	405535	8.128001	2	2440
405535	405835	2.528507	1	300
405835	406505	-0.279561	-1	670
406505	406795	-3.555247	-2	290
406795	407705	-5.567735	-3	910
407705	407965	-3.490192	-2	260
407965	408105	-1.017479	-1	140
408105	410725	2.014030	1	2620
410725	411865	5.900351	2	1140
411865	412055	2.460371	1	190
412055	412135	-1.127386	-1	80
412135	412495	-3.239673	-2	360
412495	412735	-0.647705	-1	240
412735	418275	2.748958	1	5540
418275	419415	6.897811	2	1140
419415	422685	2.850718	1	3270
422685	428565	7.201139	2	5880
428565	428855	2.549601	1	290
428855	428965	-0.913592	-1	110
428965	429815	-4.047276	-2	850
429815	434055	-7.592152	-3	4240
434055	434165	-3.641217	-2	110
434165	434255	-1.080790	-1	90
434255	434775	3.144310	1	520
434775	434865	-0.974465	-1	90
434865	434975	-3.594908	-2	110
434975	435585	-6.960276	-3	610
435585	435825	-3.407398	-2	240
435825	438245	-0.468129	-1	2420
438245	438645	2.436572	1	400
438645	439635	6.335096	2	990
439635	439875	2.539506	1	240
439875	439975	-0.903029	-1	100
439975	440115	-3.472085	-2	140
440115	440835	-6.019822	-3	720
440835	441025	-3.543294	-2	190
441025	441185	-1.045962	-1	160
441185	441335	0.567298	1	150
441335	441495	-0.956140	-1	160
441495	441765	-3.563008	-2	270
441765	442755	-5.605082	-3	990
442755	443205	-3.451443	-2	450
443205	443575	-1.024889	-1	370
443575	444235	0.586547	1	660
444235	445505	-1.031183	-1	1270
