380779	381009	0.692859	1	230
381009	381549	-0.522588	-1	540
381549	386279	1.060677	1	4730
386279	386879	-0.592406	-1	600
386879	396969	1.740520	1	10090
396969	398069	-1.347842	-1	1100
398069	403129	1.087728	1	5060
403129	405759	7.643641	2	2630
405759	406139	1.994146	1	380
406139	406599	-0.602471	-1	460
406599	407049	-3.446290	-2	450
407049	407729	-5.517152	-3	680
407729	408119	-3.535190	-2	390
408119	408349	-0.973063	-1	230
408349	410539	1.668914	1	2190
410539	411959	5.303290	2	1420
411959	412299	1.677308	1	340
412299	412509	-1.031883	-1	210
412509	412699	-2.380890	-2	190
412699	412919	-1.036328	-1	220
412919	418349	3.803007	1	5430
418349	419579	6.499256	2	1230
419579	420699	2.303397	1	1120
420699	421499	4.613898	2	800
421499	422649	2.431820	1	1150
422649	428689	7.106843	2	6040
428689	429019	1.961483	1	330
429019	429189	-1.009625	-1	170
429189	429979	-4.056418	-2	790
429979	434119	-7.499948	-3	4140
434119	434309	-3.425224	-2	190
434309	434419	-0.977615	-1	110
434419	434909	1.332528	1	490
434909	435029	-1.047082	-1	120
435029	435209	-3.498773	-2	180
435209	435709	-6.235112	-3	500
435709	436039	-3.489884	-2	330
436039	438259	-0.542141	-1	2220
438259	438749	1.920962	1	490
438749	439749	5.771318	2	1000
439749	440029	1.956446	1	280
440029	440169	-0.982282	-1	140
440169	440379	-3.451735	-2	210
440379	440899	-5.947185	-3	520
440899	441249	-3.516774	-2	350
441249	441619	-1.621089	-1	370
441619	442009	-3.509415	-2	390
442009	442819	-5.622964	-3	810
442819	443389	-3.582709	-2	570
443389	443819	-0.809514	-1	430
443819	444359	0.516194	1	540
444359	445509	-0.865091	-1	1150
