380749	380999	0.749366	1	250
380999	381539	-0.583692	-1	540
381539	386259	1.069456	1	4720
386259	386859	-0.630601	-1	600
386859	396949	1.745083	1	10090
396949	398039	-1.375783	-1	1090
398039	403149	1.339835	1	5110
403149	405699	7.770442	2	2550
405699	406109	2.224836	1	410
406109	406599	-0.600758	-1	490
406599	407029	-3.511117	-2	430
407029	407719	-5.530466	-3	690
407719	408089	-3.599509	-2	370
408089	408319	-1.061012	-1	230
408319	410589	1.737604	1	2270
410589	411919	5.409336	2	1330
411919	412259	1.966224	1	340
412259	412479	-1.018756	-1	220
412479	412679	-2.428201	-2	200
412679	412899	-1.007924	-1	220
412899	418379	2.787909	1	5480
418379	419539	6.689470	2	1160
419539	420839	2.551172	1	1300
420839	421429	4.805024	2	590
421429	422679	2.546855	1	1250
422679	428649	7.152987	2	5970
428649	428999	2.160037	1	350
428999	429169	-1.008748	-1	170
429169	429969	-4.061184	-2	800
429969	434109	-7.506369	-3	4140
434109	434289	-3.492647	-2	180
434289	434409	-0.903796	-1	120
434409	434889	1.558784	1	480
434889	435009	-1.021031	-1	120
435009	435189	-3.540425	-2	180
435189	435689	-6.342055	-3	500
435689	436019	-3.491530	-2	330
436019	438259	-0.532404	-1	2240
438259	438779	2.163375	1	520
438779	439709	5.946146	2	930
439709	440009	2.201409	1	300
440009	440149	-0.936063	-1	140
440149	440349	-3.391460	-2	200
440349	440889	-5.950219	-3	540
440889	441219	-3.547528	-2	330
441219	441619	-1.523871	-1	400
441619	441989	-3.573313	-2	370
441989	442809	-5.632832	-3	820
442809	443369	-3.582226	-2	560
443369	443799	-0.810010	-1	430
443799	444349	0.550168	1	550
444349	445509	-0.856824	-1	1160
