380535	380895	1.598309	1	360
380895	381435	-1.779948	-1	540
381435	386125	1.134104	1	4690
386125	386755	-0.912481	-1	630
386755	395095	1.554949	1	8340
395095	395685	-0.453192	-1	590
395685	396845	2.287779	1	1160
396845	397035	-1.049259	-1	190
397035	397445	-2.612144	-2	410
397445	397825	-0.987993	-1	380
397825	398975	0.360608	1	1150
398975	399595	-0.199697	-1	620
399595	403085	1.557648	1	3490
403085	405605	7.975027	2	2520
405605	405895	2.192893	1	290
405895	406535	-0.354062	-1	640
406535	406835	-3.527524	-2	300
406835	407705	-5.557538	-3	870
407705	407995	-3.545852	-2	290
407995	408155	-1.003320	-1	160
408155	410545	1.771592	1	2390
410545	411905	5.662140	2	1360
411905	412085	2.130340	1	180
412085	412195	-1.097310	-1	110
412195	412525	-2.999338	-2	330
412525	412735	-0.935432	-1	210
412735	418265	2.725659	1	5530
418265	419465	6.712872	2	1200
419465	420825	2.258744	1	1360
420825	421355	5.199033	2	530
421355	422635	2.415647	1	1280
422635	428615	7.149119	2	5980
428615	428895	2.138016	1	280
428895	429015	-1.042944	-1	120
429015	429935	-4.049670	-2	920
429935	434065	-7.550878	-3	4130
434065	434195	-3.622099	-2	130
434195	434285	-1.021170	-1	90
434285	434805	2.778321	1	520
434805	434885	-0.892459	-1	80
434885	435025	-3.463008	-2	140
435025	435615	-6.838253	-3	590
435615	435855	-3.462479	-2	240
435855	438255	-0.491850	-1	2400
438255	438635	2.134031	1	380
438635	439675	6.162938	2	1040
439675	439915	2.118487	1	240
439915	440025	-1.081460	-1	110
440025	440165	-3.522387	-2	140
440165	440855	-6.021703	-3	690
440855	441075	-3.448764	-2	220
441075	441515	-0.660849	-1	440
441515	441815	-3.525729	-2	300
441815	442765	-5.627949	-3	950
442765	443255	-3.461942	-2	490
443255	443625	-0.917748	-1	370
443625	444245	0.541128	1	620
444245	445505	-1.028849	-1	1260
