380517	380887	1.654255	1	370
380887	381427	-1.836468	-1	540
381427	386117	1.138607	1	4690
386117	386747	-0.937496	-1	630
386747	395097	1.554797	1	8350
395097	395667	-0.484402	-1	570
395667	396817	2.090674	1	1150
396817	397037	-1.080211	-1	220
397037	397437	-2.653769	-2	400
397437	397807	-0.996447	-1	370
397807	398957	0.361048	1	1150
398957	399587	-0.202359	-1	630
399587	403087	1.566263	1	3500
403087	405577	8.030467	2	2490
405577	405877	2.350546	1	300
405877	406517	-0.303361	-1	640
406517	406817	-3.453619	-2	300
406817	407707	-5.556706	-3	890
407707	407977	-3.577190	-2	270
407977	408147	-1.030642	-1	170
408147	410567	1.807717	1	2420
410567	411887	5.724805	2	1320
411887	412077	2.281184	1	190
412077	412187	-1.228828	-1	110
412187	412517	-3.094684	-2	330
412517	412737	-0.828917	-1	220
412737	418267	2.732479	1	5530
418267	419457	6.757902	2	1190
419457	422637	2.811083	1	3180
422637	428597	7.162260	2	5960
428597	428887	2.254070	1	290
428887	428997	-0.991630	-1	110
428997	429827	-4.059660	-2	830
429827	434067	-7.525251	-3	4240
434067	434197	-3.415190	-2	130
434197	434277	-0.929389	-1	80
434277	434797	2.886630	1	520
434797	434877	-0.873274	-1	80
434877	435007	-3.427965	-2	130
435007	435607	-6.866246	-3	600
435607	435847	-3.433875	-2	240
435847	438257	-0.483654	-1	2410
438257	438637	2.239769	1	380
438637	439667	6.211133	2	1030
439667	439907	2.160749	1	240
439907	440007	-1.037892	-1	100
440007	440147	-3.433505	-2	140
440147	440847	-6.022357	-3	700
440847	441057	-3.518808	-2	210
441057	441507	-0.612183	-1	450
441507	441797	-3.502467	-2	290
441797	442757	-5.623511	-3	960
442757	443237	-3.487039	-2	480
443237	443597	-0.995661	-1	360
443597	444247	0.537537	1	650
444247	445507	-1.032600	-1	1260
