380603	380923	1.404964	1	320
380923	381463	-1.002447	-1	540
381463	386173	2.047672	1	4710
386173	386793	-0.834690	-1	620
386793	395143	1.546976	1	8350
395143	395693	-0.428232	-1	550
395693	396873	2.161209	1	1180
396873	397093	-1.042261	-1	220
397093	397473	-2.542681	-2	380
397473	397893	-0.976834	-1	420
397893	399033	0.361539	1	1140
399033	399613	-0.189615	-1	580
399613	403053	1.500376	1	3440
403053	405673	7.782861	2	2620
405673	405963	1.970459	1	290
405963	406543	-0.371781	-1	580
406543	406893	-3.438446	-2	350
406893	407723	-5.543313	-3	830
407723	408023	-3.542799	-2	300
408023	408213	-1.019282	-1	190
408213	410463	1.663205	1	2250
410463	411943	5.452412	2	1480
411943	412123	1.872826	1	180
412123	412293	-1.100036	-1	170
412293	412583	-2.781233	-2	290
412583	412773	-1.020211	-1	190
412773	418253	3.628148	1	5480
418253	419533	6.457106	2	1280
419533	420673	2.211473	1	1140
420673	421453	4.789692	2	780
421453	422553	2.195110	1	1100
422553	428663	7.073193	2	6110
428663	428933	1.858294	1	270
428933	429073	-1.107070	-1	140
429073	429953	-4.088499	-2	880
429953	434083	-7.541541	-3	4130
434083	434233	-3.482961	-2	150
434233	434313	-1.050023	-1	80
434313	434833	2.364344	1	520
434833	434933	-0.976819	-1	100
434933	435063	-3.409850	-2	130
435063	435643	-6.655666	-3	580
435643	435913	-3.433330	-2	270
435913	438253	-0.503285	-1	2340
438253	438633	1.848354	1	380
438633	439713	5.963534	2	1080
439713	439943	1.961132	1	230
439943	440063	-1.000015	-1	120
440063	440233	-3.508976	-2	170
440233	440873	-6.028935	-3	640
440873	441123	-3.455529	-2	250
441123	441543	-0.890985	-1	420
441543	441863	-3.468445	-2	320
441863	442783	-5.633499	-3	920
442783	443293	-3.505804	-2	510
443293	443693	-0.842430	-1	400
443693	444263	0.498585	1	570
444263	445503	-1.034703	-1	1240
