380482	380882	1.698532	1	400
380882	381402	-2.002390	-1	520
381402	386092	1.460063	1	4690
386092	386732	-0.967639	-1	640
386732	395082	1.558069	1	8350
395082	395662	-0.503547	-1	580
395662	396792	2.160112	1	1130
396792	397002	-1.002754	-1	210
397002	397422	-2.674867	-2	420
397422	397772	-1.003841	-1	350
397772	398922	0.361898	1	1150
398922	399562	-0.209863	-1	640
399562	403102	1.511475	1	3540
403102	405542	8.123441	2	2440
405542	405842	2.505169	1	300
405842	406512	-0.293316	-1	670
406512	406802	-3.576441	-2	290
406802	407712	-5.566041	-3	910
407712	407972	-3.438751	-2	260
407972	408112	-0.995705	-1	140
408112	410672	1.947695	1	2560
410672	411862	5.855914	2	1190
411862	412062	2.468792	1	200
412062	412152	-1.263150	-1	90
412152	412492	-3.255790	-2	340
412492	412732	-0.727718	-1	240
412732	418282	2.747765	1	5550
418282	419412	6.903511	2	1130
419412	422692	2.859534	1	3280
422692	428572	7.201446	2	5880
428572	428862	2.471033	1	290
428862	428972	-0.949106	-1	110
428972	429812	-4.047373	-2	840
429812	434052	-7.528992	-3	4240
434052	434172	-3.641567	-2	120
434172	434252	-1.138432	-1	80
434252	434782	3.035607	1	530
434782	434872	-1.057434	-1	90
434872	434982	-3.629299	-2	110
434982	435592	-6.937130	-3	610
435592	435822	-3.432072	-2	230
435822	438242	-0.476224	-1	2420
438242	438652	2.420231	1	410
438652	439632	6.334230	2	980
439632	439882	2.540790	1	250
439882	439982	-0.939854	-1	100
439982	440122	-3.480864	-2	140
440122	440832	-6.029325	-3	710
440832	441032	-3.564668	-2	200
441032	441192	-1.041756	-1	160
441192	441352	0.518571	1	160
441352	441492	-1.025268	-1	140
441492	441772	-3.536163	-2	280
441772	442752	-5.610985	-3	980
442752	443212	-3.465812	-2	460
443212	443582	-1.006589	-1	370
443582	444232	0.583196	1	650
444232	445512	-1.022537	-1	1280
