380748	380988	0.783310	1	240
380988	381538	-0.580147	-1	550
381538	386258	1.069865	1	4720
386258	386858	-0.633251	-1	600
386858	396948	1.747146	1	10090
396948	398038	-1.377030	-1	1090
398038	403228	1.304907	1	5190
403228	405638	7.952653	2	2410
405638	406108	2.530340	1	470
406108	406598	-0.597507	-1	490
406598	407028	-3.515670	-2	430
407028	407718	-5.532633	-3	690
407718	408088	-3.601199	-2	370
408088	408328	-1.008195	-1	240
408328	410848	2.044863	1	2520
410848	411868	5.636307	2	1020
411868	412258	2.320536	1	390
412258	412478	-1.033991	-1	220
412478	412668	-2.463473	-2	190
412668	412888	-1.095169	-1	220
412888	418438	2.801128	1	5550
418438	419478	6.930443	2	1040
419478	422808	3.068665	1	3330
422808	428598	7.226784	2	5790
428598	428998	2.467994	1	400
428998	429168	-1.015332	-1	170
429168	429968	-4.064043	-2	800
429968	434108	-7.505787	-3	4140
434108	434288	-3.473197	-2	180
434288	434408	-0.928680	-1	120
434408	434888	1.541749	1	480
434888	435008	-0.992211	-1	120
435008	435188	-3.529250	-2	180
435188	435688	-6.337641	-3	500
435688	436018	-3.496803	-2	330
436018	438248	-0.536199	-1	2230
438248	438838	2.379004	1	590
438838	439658	6.126252	2	820
439658	440018	2.496073	1	360
440018	440158	-1.076359	-1	140
440158	440348	-3.468569	-2	190
440348	440898	-5.932601	-3	550
440898	441228	-3.459789	-2	330
441228	441608	-1.506030	-1	380
441608	441978	-3.509124	-2	370
441978	442808	-5.624247	-3	830
442808	443368	-3.577586	-2	560
443368	443788	-0.824435	-1	420
443788	444358	0.533834	1	570
444358	445508	-0.866777	-1	1150
