380470	380870	1.752025	1	400
380870	381390	-2.108210	-1	520
381390	386080	1.149867	1	4690
386080	386730	-0.968015	-1	650
386730	395090	1.557460	1	8360
395090	395670	-0.513479	-1	580
395670	396790	2.191417	1	1120
396790	396990	-1.014718	-1	200
396990	397420	-2.674449	-2	430
397420	397740	-1.058905	-1	320
397740	398910	0.356060	1	1170
398910	399570	-0.207111	-1	660
399570	403120	1.541002	1	3550
403120	405510	8.194720	2	2390
405510	405830	2.722656	1	320
405830	406510	-0.290773	-1	680
406510	406780	-3.533402	-2	270
406780	407700	-5.566911	-3	920
407700	407960	-3.530622	-2	260
407960	408110	-0.976372	-1	150
408110	411280	2.624873	1	3170
411280	411850	6.366954	2	570
411850	412050	2.662669	1	200
412050	412120	-0.948771	-1	70
412120	412480	-3.262106	-2	360
412480	412730	-0.707870	-1	250
412730	418280	2.751456	1	5550
418280	419400	6.932889	2	1120
419400	422710	2.876445	1	3310
422710	428550	7.217311	2	5840
428550	428850	2.692987	1	300
428850	428960	-0.882473	-1	110
428960	429810	-4.040556	-2	850
429810	434060	-7.586767	-3	4250
434060	434170	-3.439937	-2	110
434170	434260	-0.915821	-1	90
434260	434780	3.170038	1	520
434780	434850	-0.909171	-1	70
434850	434970	-3.455589	-2	120
434970	435590	-6.936158	-3	620
435590	435820	-3.358393	-2	230
435820	438260	-0.463098	-1	2440
438260	438650	2.598200	1	390
438650	439610	6.375978	2	960
439610	439880	2.695301	1	270
439880	439980	-1.063280	-1	100
439980	440110	-3.570653	-2	130
440110	440830	-6.020898	-3	720
440830	441030	-3.494182	-2	200
441030	441170	-1.041863	-1	140
441170	441340	0.526935	1	170
441340	441490	-0.973757	-1	150
441490	441750	-3.499962	-2	260
441750	442750	-5.597361	-3	1000
442750	443210	-3.435752	-2	460
443210	443560	-1.037647	-1	350
443560	444240	0.571667	1	680
444240	445510	-1.032418	-1	1270
