380466	380866	1.770768	1	400
380866	381396	-2.106531	-1	530
381396	386076	1.153260	1	4680
386076	386726	-0.973814	-1	650
386726	395086	1.557897	1	8360
395086	395656	-0.525408	-1	570
395656	396786	2.176131	1	1130
396786	396986	-1.004548	-1	200
396986	397416	-2.679117	-2	430
397416	397756	-1.004176	-1	340
397756	398906	0.362309	1	1150
398906	399556	-0.211740	-1	650
399556	403106	1.523666	1	3550
403106	405516	8.173962	2	2410
405516	405826	2.645980	1	310
405826	406506	-0.281309	-1	680
406506	406786	-3.582758	-2	280
406786	407706	-5.567778	-3	920
407706	407956	-3.497717	-2	250
407956	408096	-1.056342	-1	140
408096	410756	2.054330	1	2660
410756	411856	5.943768	2	1100
411856	412036	2.733012	1	180
412036	412126	-0.924372	-1	90
412126	412486	-3.296910	-2	360
412486	412736	-0.628071	-1	250
412736	418276	2.753802	1	5540
418276	419406	6.926599	2	1130
419406	422696	2.860690	1	3290
422696	428546	7.214628	2	5850
428546	428846	2.734427	1	300
428846	428956	-0.853450	-1	110
428956	429816	-4.045028	-2	860
429816	434056	-7.594664	-3	4240
434056	434166	-3.507818	-2	110
434166	434246	-1.078847	-1	80
434246	434776	3.139168	1	530
434776	434856	-0.997372	-1	80
434856	434976	-3.651552	-2	120
434976	435586	-6.985335	-3	610
435586	435816	-3.384346	-2	230
435816	438246	-0.466993	-1	2430
438246	438646	2.507530	1	400
438646	439616	6.373472	2	970
439616	439866	2.762659	1	250
439866	439966	-0.839002	-1	100
439966	440106	-3.448295	-2	140
440106	440826	-6.024700	-3	720
440826	441026	-3.535213	-2	200
441026	441176	-0.995432	-1	150
441176	441346	0.548719	1	170
441346	441486	-1.003671	-1	140
441486	441756	-3.534552	-2	270
441756	442756	-5.598676	-3	1000
442756	443196	-3.444056	-2	440
443196	443566	-1.046751	-1	370
443566	444226	0.598387	1	660
444226	445506	-1.024413	-1	1280
