380714	380964	0.967190	1	250
380964	381514	-0.686804	-1	550
381514	386254	1.293380	1	4740
386254	386844	-0.704993	-1	590
386844	396944	1.489192	1	10100
396944	397174	-1.095315	-1	230
397174	397494	-2.392004	-2	320
397494	398004	-1.004144	-1	510
398004	399114	0.361454	1	1110
399114	399614	-0.168327	-1	500
399614	403084	1.980868	1	3470
403084	405724	7.676259	2	2640
405724	406074	1.998913	1	350
406074	406584	-0.520897	-1	510
406584	407004	-3.513349	-2	420
407004	407724	-5.541517	-3	720
407724	408084	-3.544727	-2	360
408084	408304	-0.954314	-1	220
408304	410514	1.672777	1	2210
410514	411964	5.348511	2	1450
411964	412224	1.671480	1	260
412224	412444	-1.079137	-1	220
412444	412654	-2.547455	-2	210
412654	412874	-1.010143	-1	220
412874	418324	2.765043	1	5450
418324	419574	6.581838	2	1250
419574	420674	2.228077	1	1100
420674	421484	4.661752	2	810
421484	422604	2.329647	1	1120
422604	428684	7.103494	2	6080
428684	428984	1.910073	1	300
428984	429144	-1.016373	-1	160
429144	429964	-4.064861	-2	820
429964	434114	-7.507610	-3	4150
434114	434274	-3.438504	-2	160
434274	434384	-1.022099	-1	110
434384	434884	1.732616	1	500
434884	434984	-0.980290	-1	100
434984	435154	-3.366440	-2	170
435154	435684	-6.405226	-3	530
435684	435994	-3.470060	-2	310
435994	438254	-0.527873	-1	2260
438254	438704	1.872528	1	450
438704	439734	5.851606	2	1030
439734	439994	2.045075	1	260
439994	440144	-0.986235	-1	150
440144	440324	-3.497354	-2	180
440324	440894	-5.951859	-3	570
440894	441204	-3.474661	-2	310
441204	441594	-1.345432	-1	390
441594	441954	-3.505544	-2	360
441954	442794	-5.641711	-3	840
442794	443364	-3.562619	-2	570
443364	445504	-0.639324	-1	2140
