380528	380898	1.592865	1	370
380898	381428	-1.752410	-1	530
381428	386128	1.443232	1	4700
386128	386758	-0.921604	-1	630
386758	395098	1.555590	1	8340
395098	395688	-0.458327	-1	590
395688	396838	2.316965	1	1150
396838	397028	-1.026695	-1	190
397028	397448	-2.606478	-2	420
397448	397818	-0.973728	-1	370
397818	398968	0.360771	1	1150
398968	399588	-0.201951	-1	620
399588	403088	1.561293	1	3500
403088	405578	8.022013	2	2490
405578	405888	2.370965	1	310
405888	406518	-0.308855	-1	630
406518	406828	-3.452185	-2	310
406828	407708	-5.556952	-3	880
407708	407988	-3.540056	-2	280
407988	408148	-1.033468	-1	160
408148	410578	1.809839	1	2430
410578	411888	5.717808	2	1310
411888	412088	2.227642	1	200
412088	412198	-1.292076	-1	110
412198	412528	-3.023639	-2	330
412528	412738	-0.853475	-1	210
412738	418268	2.730326	1	5530
418268	419448	6.759727	2	1180
419448	422658	2.832659	1	3210
422658	428598	7.168736	2	5940
428598	428878	2.362350	1	280
428878	429008	-0.914955	-1	130
429008	429938	-4.046246	-2	930
429938	434068	-7.552625	-3	4130
434068	434198	-3.478554	-2	130
434198	434278	-0.991387	-1	80
434278	434808	2.767054	1	530
434808	434888	-1.013989	-1	80
434888	435018	-3.518199	-2	130
435018	435608	-6.865964	-3	590
435608	435858	-3.439014	-2	250
435858	438258	-0.484685	-1	2400
438258	438648	2.269538	1	390
438648	439658	6.222585	2	1010
439658	439898	2.396629	1	240
439898	440018	-0.968892	-1	120
440018	440158	-3.472522	-2	140
440158	440848	-6.031740	-3	690
440848	441068	-3.498062	-2	220
441068	441518	-0.661937	-1	450
441518	441808	-3.547562	-2	290
441808	442768	-5.620641	-3	960
442768	443248	-3.451436	-2	480
443248	443618	-0.934040	-1	370
443618	444248	0.537289	1	630
444248	445508	-1.029936	-1	1260
