380572	380912	1.492767	1	340
380912	381452	-1.085702	-1	540
381452	386152	1.949531	1	4700
386152	386772	-0.877570	-1	620
386772	395122	1.549804	1	8350
395122	395682	-0.449145	-1	560
395682	396862	2.202140	1	1180
396862	397072	-1.084425	-1	210
397072	397462	-2.583033	-2	390
397462	397862	-0.975140	-1	400
397862	399012	0.359825	1	1150
399012	399622	-0.190668	-1	610
399622	403072	1.535429	1	3450
403072	405632	7.892966	2	2560
405632	405932	2.133197	1	300
405932	406532	-0.341658	-1	600
406532	406872	-3.470417	-2	340
406872	407712	-5.556534	-3	840
407712	408012	-3.548615	-2	300
408012	408192	-0.967689	-1	180
408192	410522	1.736858	1	2330
410522	411922	5.576858	2	1400
411922	412102	2.056505	1	180
412102	412242	-1.055409	-1	140
412242	412562	-2.845946	-2	320
412562	412742	-1.023057	-1	180
412742	418272	2.721677	1	5530
418272	419492	6.624472	2	1220
419492	420752	2.368781	1	1260
420752	421402	4.984369	2	650
421402	422602	2.318157	1	1200
422602	428642	7.115038	2	6040
428642	428912	1.999947	1	270
428912	429032	-0.942491	-1	120
429032	429942	-4.036125	-2	910
429942	434082	-7.539960	-3	4140
434082	434212	-3.486426	-2	130
434212	434312	-0.961713	-1	100
434312	434822	2.603634	1	510
434822	434922	-1.089959	-1	100
434922	435052	-3.603336	-2	130
435052	435632	-6.759237	-3	580
435632	435882	-3.457748	-2	250
435882	438262	-0.499192	-1	2380
438262	438642	2.062031	1	380
438642	439692	6.076619	2	1050
439692	439932	2.043673	1	240
439932	440042	-1.027365	-1	110
440042	440202	-3.480009	-2	160
440202	440862	-6.031432	-3	660
440862	441102	-3.461594	-2	240
441102	441532	-0.782596	-1	430
441532	441842	-3.509169	-2	310
441842	442762	-5.641771	-3	920
442762	443282	-3.504965	-2	520
443282	443652	-0.873986	-1	370
443652	444242	0.518115	1	590
444242	445512	-1.015921	-1	1270
