380514	380884	1.673267	1	370
380884	381424	-1.847579	-1	540
381424	386114	1.139270	1	4690
386114	386744	-0.940661	-1	630
386744	395104	1.553136	1	8360
395104	395674	-0.485103	-1	570
395674	396824	2.092445	1	1150
396824	397034	-1.119568	-1	210
397034	397434	-2.658561	-2	400
397434	397804	-1.000794	-1	370
397804	398954	0.361115	1	1150
398954	399594	-0.199633	-1	640
399594	403084	1.568231	1	3490
403084	405574	8.033861	2	2490
405574	405874	2.357862	1	300
405874	406524	-0.320323	-1	650
406524	406814	-3.496317	-2	290
406814	407704	-5.560938	-3	890
407704	407974	-3.594578	-2	270
407974	408144	-1.036018	-1	170
408144	410564	1.805564	1	2420
410564	411884	5.725274	2	1320
411884	412074	2.336764	1	190
412074	412184	-1.228622	-1	110
412184	412514	-3.103927	-2	330
412514	412734	-0.836313	-1	220
412734	418264	2.731269	1	5530
418264	419454	6.758267	2	1190
419454	422634	2.810926	1	3180
422634	428594	7.162673	2	5960
428594	428884	2.279462	1	290
428884	428994	-0.986350	-1	110
428994	429824	-4.055073	-2	830
429824	434064	-7.524818	-3	4240
434064	434194	-3.482188	-2	130
434194	434284	-0.840732	-1	90
434284	434794	2.955113	1	510
434794	434874	-0.829918	-1	80
434874	435004	-3.401329	-2	130
435004	435604	-6.873503	-3	600
435604	435844	-3.451530	-2	240
435844	438254	-0.483738	-1	2410
438254	438644	2.280470	1	390
438644	439664	6.228585	2	1020
439664	439904	2.205160	1	240
439904	440004	-1.034037	-1	100
440004	440144	-3.411725	-2	140
440144	440844	-6.022576	-3	700
440844	441054	-3.533859	-2	210
441054	441504	-0.602733	-1	450
441504	441794	-3.496400	-2	290
441794	442754	-5.622708	-3	960
442754	443244	-3.463270	-2	490
443244	443604	-0.947281	-1	360
443604	444244	0.551444	1	640
444244	445504	-1.034166	-1	1260
