380757	380997	0.761039	1	240
380997	381537	-0.576492	-1	540
381537	386277	1.063875	1	4740
386277	386867	-0.634369	-1	590
386867	396967	1.745760	1	10100
396967	398047	-1.386183	-1	1080
398047	403127	1.313731	1	5080
403127	405737	7.686031	2	2610
405737	406117	2.052345	1	380
406117	406607	-0.615468	-1	490
406607	407027	-3.488832	-2	420
407027	407727	-5.519557	-3	700
407727	408107	-3.533470	-2	380
408107	408337	-0.958114	-1	230
408337	410567	1.712204	1	2230
410567	411947	5.363904	2	1380
411947	412277	1.744637	1	330
412277	412487	-1.053752	-1	210
412487	412687	-2.425045	-2	200
412687	412897	-1.049831	-1	210
412897	418357	2.774512	1	5460
418357	419567	6.582989	2	1210
419567	420787	2.437256	1	1220
420787	421457	4.735552	2	670
421457	422657	2.482009	1	1200
422657	428667	7.127366	2	6010
428667	429007	2.063537	1	340
429007	429177	-1.026741	-1	170
429177	429967	-4.059343	-2	790
429967	434107	-7.503969	-3	4140
434107	434297	-3.510898	-2	190
434297	434407	-0.982216	-1	110
434407	434897	1.465454	1	490
434897	435017	-1.022838	-1	120
435017	435187	-3.452403	-2	170
435187	435697	-6.287634	-3	510
435697	436027	-3.484678	-2	330
436027	438257	-0.536392	-1	2230
438257	438757	2.007757	1	500
438757	439737	5.854800	2	980
439737	440017	2.027821	1	280
440017	440157	-0.957451	-1	140
440157	440357	-3.406355	-2	200
440357	440897	-5.942094	-3	540
440897	441227	-3.536027	-2	330
441227	441617	-1.544898	-1	390
441617	441987	-3.519677	-2	370
441987	442807	-5.629849	-3	820
442807	443377	-3.595024	-2	570
443377	443797	-0.821303	-1	420
443797	444357	0.535255	1	560
444357	445507	-0.865845	-1	1150
