380728	380988	0.908918	1	260
380988	381528	-0.654499	-1	540
381528	386248	1.076207	1	4720
386248	386858	-0.656805	-1	610
386858	396948	1.488073	1	10090
396948	398018	-1.418202	-1	1070
398018	403158	1.466858	1	5140
403158	405688	7.816843	2	2530
405688	406088	2.227679	1	400
406088	406588	-0.547542	-1	500
406588	407018	-3.525004	-2	430
407018	407718	-5.541502	-3	700
407718	408088	-3.572541	-2	370
408088	408298	-1.039193	-1	210
408298	410588	1.736636	1	2290
410588	411918	5.439671	2	1330
411918	412228	2.066827	1	310
412228	412458	-1.019114	-1	230
412458	412658	-2.506551	-2	200
412658	412888	-1.016068	-1	230
412888	418368	2.781353	1	5480
418368	419538	6.719698	2	1170
419538	420858	2.558541	1	1320
420858	421408	4.873845	2	550
421408	422678	2.558334	1	1270
422678	428638	7.158807	2	5960
428638	428978	2.290759	1	340
428978	429148	-0.911875	-1	170
429148	429968	-4.052075	-2	820
429968	434108	-7.511120	-3	4140
434108	434278	-3.502000	-2	170
434278	434388	-1.045262	-1	110
434388	434878	1.673983	1	490
434878	434988	-0.884785	-1	110
434988	435178	-3.479898	-2	190
435178	435688	-6.402135	-3	510
435688	436008	-3.447267	-2	320
436008	438258	-0.527284	-1	2250
438258	438768	2.156517	1	510
438768	439708	5.981952	2	940
439708	439998	2.235948	1	290
439998	440148	-0.970890	-1	150
440148	440338	-3.504897	-2	190
440338	440888	-5.966286	-3	550
440888	441208	-3.531549	-2	320
441208	441608	-1.426130	-1	400
441608	441958	-3.516703	-2	350
441958	442808	-5.623404	-3	850
442808	443358	-3.568933	-2	550
443358	443778	-0.823368	-1	420
443778	444348	0.570375	1	570
444348	445508	-0.859648	-1	1160
