380727	380987	0.856062	1	260
380987	381527	-0.664306	-1	540
381527	386247	1.288808	1	4720
386247	386857	-0.662491	-1	610
386857	396947	1.488556	1	10090
396947	398017	-1.420867	-1	1070
398017	403097	1.212646	1	5080
403097	405727	7.681350	2	2630
405727	406087	2.009042	1	360
406087	406587	-0.540689	-1	500
406587	407017	-3.518408	-2	430
407017	407727	-5.537277	-3	710
407727	408087	-3.546451	-2	360
408087	408297	-1.045235	-1	210
408297	410507	1.648150	1	2210
410507	411957	5.337412	2	1450
411957	412227	1.776864	1	270
412227	412457	-1.031288	-1	230
412457	412657	-2.524180	-2	200
412657	412887	-1.015999	-1	230
412887	418327	2.769702	1	5440
418327	419577	6.560186	2	1250
419577	420657	2.204984	1	1080
420657	421497	4.625069	2	840
421497	422607	2.325792	1	1110
422607	428687	7.100388	2	6080
428687	428987	1.921335	1	300
428987	429147	-0.959910	-1	160
429147	429967	-4.051772	-2	820
429967	434107	-7.511311	-3	4140
434107	434277	-3.520671	-2	170
434277	434397	-0.980269	-1	120
434397	434877	1.716020	1	480
434877	435007	-1.023727	-1	130
435007	435177	-3.645267	-2	170
435177	435687	-6.409044	-3	510
435687	436007	-3.455205	-2	320
436007	438257	-0.527431	-1	2250
438257	438707	1.870803	1	450
438707	439747	5.810863	2	1040
439747	439997	1.968739	1	250
439997	440147	-0.958020	-1	150
440147	440337	-3.504985	-2	190
440337	440897	-5.950811	-3	560
440897	441207	-3.497626	-2	310
441207	441607	-1.414137	-1	400
441607	441957	-3.511964	-2	350
441957	442807	-5.626623	-3	850
442807	443357	-3.575941	-2	550
443357	443777	-0.827355	-1	420
443777	444347	0.577140	1	570
444347	445507	-0.860116	-1	1160
