380574	380914	1.484520	1	340
380914	381454	-1.078617	-1	540
381454	386154	1.908698	1	4700
386154	386774	-0.867057	-1	620
386774	395114	1.551077	1	8340
395114	395694	-0.426300	-1	580
395694	396864	2.212709	1	1170
396864	397074	-1.087830	-1	210
397074	397454	-2.583256	-2	380
397454	397864	-0.997339	-1	410
397864	399014	0.359785	1	1150
399014	399624	-0.191133	-1	610
399624	403114	1.569815	1	3490
403114	405604	7.991922	2	2490
405604	405934	2.314296	1	330
405934	406544	-0.372761	-1	610
406544	406874	-3.530457	-2	330
406874	407714	-5.555781	-3	840
407714	408004	-3.585770	-2	290
408004	408184	-1.053048	-1	180
408184	410574	1.788691	1	2390
410574	411894	5.648205	2	1320
411894	412104	2.306983	1	210
412104	412254	-1.148563	-1	150
412254	412554	-2.861596	-2	300
412554	412744	-1.071208	-1	190
412744	418294	2.729766	1	5550
418294	419474	6.694951	2	1180
419474	422654	2.929315	1	3180
422654	428604	7.155450	2	5950
428604	428914	2.279364	1	310
428914	429044	-1.053239	-1	130
429044	429944	-4.064232	-2	900
429944	434074	-7.546045	-3	4130
434074	434224	-3.466050	-2	150
434224	434314	-0.846315	-1	90
434314	434824	2.607039	1	510
434824	434904	-0.858782	-1	80
434904	435054	-3.457875	-2	150
435054	435624	-6.784524	-3	570
435624	435884	-3.503634	-2	260
435884	438264	-0.498098	-1	2380
438264	438674	2.264804	1	410
438674	439664	6.173879	2	990
439664	439934	2.246658	1	270
439934	440054	-1.151637	-1	120
440054	440204	-3.583424	-2	150
440204	440864	-6.031330	-3	660
440864	441104	-3.452325	-2	240
441104	441534	-0.802710	-1	430
441534	441844	-3.526795	-2	310
441844	442764	-5.639045	-3	920
442764	443284	-3.494876	-2	520
443284	443664	-0.842661	-1	380
443664	444244	0.523116	1	580
444244	445504	-1.024135	-1	1260
