380460	380870	1.756328	1	410
380870	381390	-2.083134	-1	520
381390	386070	1.468403	1	4680
386070	386710	-0.995094	-1	640
386710	395090	1.554690	1	8380
395090	395660	-0.529842	-1	570
395660	396780	2.200039	1	1120
396780	396990	-1.021580	-1	210
396990	397420	-2.687230	-2	430
397420	397750	-0.988511	-1	330
397750	398900	0.362514	1	1150
398900	399560	-0.210253	-1	660
399560	403110	1.532517	1	3550
403110	405520	8.177423	2	2410
405520	405820	2.607605	1	300
405820	406510	-0.292644	-1	690
406510	406780	-3.603871	-2	270
406780	407710	-5.565878	-3	930
407710	407950	-3.490369	-2	240
407950	408100	-1.018973	-1	150
408100	411270	2.618003	1	3170
411270	411860	6.343297	2	590
411860	412050	2.444749	1	190
412050	412120	-1.089657	-1	70
412120	412480	-3.329016	-2	360
412480	412730	-0.639293	-1	250
412730	418270	2.750933	1	5540
418270	419400	6.928138	2	1130
419400	422700	2.866502	1	3300
422700	428550	7.216083	2	5850
428550	428850	2.641650	1	300
428850	428950	-0.900626	-1	100
428950	429810	-4.033917	-2	860
429810	434050	-7.594749	-3	4240
434050	434170	-3.499962	-2	120
434170	434250	-0.947026	-1	80
434250	434780	3.172549	1	530
434780	434850	-1.034015	-1	70
434850	434960	-3.473241	-2	110
434960	435590	-6.937274	-3	630
435590	435820	-3.293200	-2	230
435820	438240	-0.459435	-1	2420
438240	438640	2.456867	1	400
438640	439610	6.378219	2	970
439610	439880	2.642145	1	270
439880	439960	-0.958569	-1	80
439960	440100	-3.415026	-2	140
440100	440830	-6.010042	-3	730
440830	441030	-3.435807	-2	200
441030	441170	-0.937651	-1	140
441170	441340	0.586236	1	170
441340	441490	-1.006007	-1	150
441490	441750	-3.563925	-2	260
441750	442750	-5.597703	-3	1000
442750	443190	-3.465375	-2	440
443190	443560	-1.063432	-1	370
443560	444230	0.596136	1	670
444230	445510	-1.026573	-1	1280
