380756	380996	0.761584	1	240
380996	381546	-0.566862	-1	550
381546	386266	1.068606	1	4720
386266	386866	-0.625293	-1	600
386866	396956	1.746158	1	10090
396956	398046	-1.374330	-1	1090
398046	403146	1.329194	1	5100
403146	405716	7.741045	2	2570
405716	406116	2.153546	1	400
406116	406596	-0.587265	-1	480
406596	407036	-3.489576	-2	440
407036	407726	-5.527329	-3	690
407726	408096	-3.576767	-2	370
408096	408336	-0.996145	-1	240
408336	410586	1.734817	1	2250
410586	411926	5.400043	2	1340
411926	412266	1.936500	1	340
412266	412486	-1.015772	-1	220
412486	412676	-2.446897	-2	190
412676	412896	-1.091794	-1	220
412896	418376	2.779738	1	5480
418376	419546	6.666279	2	1170
419546	420826	2.522274	1	1280
420826	421436	4.781997	2	610
421436	422666	2.524284	1	1230
422666	428656	7.137546	2	5990
428656	428996	2.189074	1	340
428996	429186	-1.033257	-1	190
429186	429976	-4.096302	-2	790
429976	434106	-7.510223	-3	4130
434106	434286	-3.605078	-2	180
434286	434416	-0.971457	-1	130
434416	434896	1.505890	1	480
434896	435016	-1.035524	-1	120
435016	435196	-3.546299	-2	180
435196	435696	-6.316567	-3	500
435696	436026	-3.482986	-2	330
436026	438256	-0.536147	-1	2230
438256	438776	2.094523	1	520
438776	439716	5.926536	2	940
439716	440026	2.101717	1	310
440026	440166	-1.110141	-1	140
440166	440356	-3.483663	-2	190
440356	440896	-5.941533	-3	540
440896	441236	-3.491151	-2	340
441236	441616	-1.529364	-1	380
441616	441986	-3.518967	-2	370
441986	442806	-5.630291	-3	820
442806	443376	-3.594343	-2	570
443376	443806	-0.800095	-1	430
443806	444356	0.545626	1	550
444356	445506	-0.865668	-1	1150
