380599	380929	1.363515	1	330
380929	381469	-1.004525	-1	540
381469	386169	2.051860	1	4700
386169	386789	-0.836463	-1	620
386789	395139	1.547272	1	8350
395139	395689	-0.429825	-1	550
395689	396879	2.145669	1	1190
396879	397099	-1.126461	-1	220
397099	397469	-2.557831	-2	370
397469	397889	-0.980450	-1	420
397889	399039	0.358748	1	1150
399039	399619	-0.190322	-1	580
399619	403109	1.550363	1	3490
403109	405619	7.940711	2	2510
405619	405959	2.305828	1	340
405959	406539	-0.369972	-1	580
406539	406899	-3.476306	-2	360
406899	407709	-5.557368	-3	810
407709	408019	-3.592970	-2	310
408019	408209	-1.029682	-1	190
408209	410569	1.777983	1	2360
410569	411909	5.589587	2	1340
411909	412119	2.211468	1	210
412119	412289	-1.074440	-1	170
412289	412579	-2.802575	-2	290
412579	412769	-1.012920	-1	190
412769	418309	3.115325	1	5540
418309	419469	6.693139	2	1160
419469	420849	2.554812	1	1380
420849	421359	5.115682	2	510
421359	422659	2.500656	1	1300
422659	428619	7.145492	2	5960
428619	428929	2.160903	1	310
428929	429059	-1.007468	-1	130
429059	429949	-4.063546	-2	890
429949	434089	-7.536296	-3	4140
434089	434219	-3.491192	-2	130
434219	434319	-1.053027	-1	100
434319	434829	2.424924	1	510
434829	434919	-0.868603	-1	90
434919	435069	-3.357939	-2	150
435069	435639	-6.702561	-3	570
435639	435909	-3.437964	-2	270
435909	438259	-0.500834	-1	2350
438259	438689	2.211204	1	430
438689	439679	6.128432	2	990
439679	439939	2.222281	1	260
439939	440059	-0.952805	-1	120
440059	440229	-3.521480	-2	170
440229	440859	-6.051587	-3	630
440859	441129	-3.458847	-2	270
441129	441549	-0.893793	-1	420
441549	441859	-3.512702	-2	310
441859	442779	-5.632044	-3	920
442779	443299	-3.480022	-2	520
443299	443679	-0.835469	-1	380
443679	444249	0.499714	1	570
444249	445509	-1.018008	-1	1260
