380454	380874	1.744958	1	420
380874	381384	-2.269923	-1	510
381384	386074	1.152988	1	4690
386074	386714	-1.001077	-1	640
386714	395084	1.557044	1	8370
395084	395654	-0.532052	-1	570
395654	396774	2.203374	1	1120
396774	396984	-0.997704	-1	210
396984	397414	-2.692261	-2	430
397414	397744	-1.000584	-1	330
397744	398894	0.362663	1	1150
398894	399564	-0.208238	-1	670
399564	403124	1.551632	1	3560
403124	405504	8.220453	2	2380
405504	405814	2.719538	1	310
405814	406504	-0.274589	-1	690
406504	406774	-3.583545	-2	270
406774	407704	-5.571714	-3	930
407704	407944	-3.534443	-2	240
407944	408094	-1.044907	-1	150
408094	411314	2.657126	1	3220
411314	411844	6.475710	2	530
411844	412044	2.686186	1	200
412044	412114	-1.042187	-1	70
412114	412474	-3.367182	-2	360
412474	412734	-0.620703	-1	260
412734	418284	2.761835	1	5550
418284	419394	6.965878	2	1110
419394	422724	2.886979	1	3330
422724	428554	7.224432	2	5830
428554	428854	2.544642	1	300
428854	428944	-0.946612	-1	90
428944	429804	-4.023933	-2	860
429804	434054	-7.590065	-3	4250
434054	434164	-3.460462	-2	110
434164	434254	-0.918148	-1	90
434254	434774	3.257576	1	520
434774	434844	-0.934121	-1	70
434844	434964	-3.532290	-2	120
434964	435584	-6.980230	-3	620
435584	435814	-3.331508	-2	230
435814	438244	-0.459507	-1	2430
438244	438654	2.617855	1	410
438654	439614	6.399291	2	960
439614	439874	2.625470	1	260
439874	439954	-0.920732	-1	80
439954	440094	-3.391259	-2	140
440094	440824	-6.012713	-3	730
440824	441024	-3.488537	-2	200
441024	441164	-0.949762	-1	140
441164	441334	0.584225	1	170
441334	441484	-0.953011	-1	150
441484	441744	-3.526887	-2	260
441744	442744	-5.597527	-3	1000
442744	443184	-3.489674	-2	440
443184	443554	-1.080799	-1	370
443554	444234	0.595118	1	680
444234	445504	-1.034484	-1	1270
