380489	380879	1.704850	1	390
380879	381399	-1.943769	-1	520
381399	386099	1.456804	1	4700
386099	386729	-0.973836	-1	630
386729	395089	1.555542	1	8360
395089	395669	-0.497651	-1	580
395669	396799	2.153563	1	1130
396799	397009	-1.032601	-1	210
397009	397439	-2.647272	-2	430
397439	397779	-0.961396	-1	340
397779	398929	0.361719	1	1150
398929	399579	-0.204381	-1	650
399579	403109	1.522453	1	3530
403109	405539	8.130683	2	2430
405539	405849	2.546869	1	310
405849	406509	-0.286543	-1	660
406509	406789	-3.450356	-2	280
406789	407709	-5.555733	-3	920
407709	407969	-3.499071	-2	260
407969	408119	-1.020267	-1	150
408119	410669	1.943666	1	2550
410669	411859	5.842112	2	1190
411859	412059	2.609393	1	200
412059	412149	-1.078214	-1	90
412149	412509	-3.152073	-2	360
412509	412729	-0.687114	-1	220
412729	418269	2.739443	1	5540
418269	419429	6.843386	2	1160
419429	422689	2.849830	1	3260
422689	428569	7.200370	2	5880
428569	428869	2.477531	1	300
428869	428979	-1.012156	-1	110
428979	429819	-4.059954	-2	840
429819	434059	-7.528981	-3	4240
434059	434179	-3.523156	-2	120
434179	434269	-0.893287	-1	90
434269	434789	3.058156	1	520
434789	434869	-1.045630	-1	80
434869	434979	-3.450831	-2	110
434979	435589	-6.916115	-3	610
435589	435839	-3.396976	-2	250
435839	438259	-0.466320	-1	2420
438259	438639	2.409209	1	380
438639	439629	6.308308	2	990
439629	439889	2.530518	1	260
439889	439989	-1.001594	-1	100
439989	440129	-3.534350	-2	140
440129	440829	-6.042662	-3	700
440829	441039	-3.575863	-2	210
441039	441199	-1.013788	-1	160
441199	441349	0.489708	1	150
441349	441489	-0.949557	-1	140
441489	441759	-3.399858	-2	270
441759	442749	-5.604520	-3	990
442749	443219	-3.473398	-2	470
443219	443579	-1.010469	-1	360
443579	444249	0.554796	1	670
444249	445509	-1.037646	-1	1260
