380683	380953	1.089566	1	270
380953	381503	-0.760321	-1	550
381503	386223	1.802441	1	4720
386223	386833	-0.726588	-1	610
386833	395183	1.539627	1	8350
395183	395703	-0.374496	-1	520
395703	396913	2.008452	1	1210
396913	397153	-1.037001	-1	240
397153	397493	-2.433249	-2	340
397493	397973	-0.986768	-1	480
397973	403073	1.062504	1	5100
403073	405723	7.682466	2	2650
405723	406043	1.930044	1	320
406043	406573	-0.474485	-1	530
406573	406973	-3.489213	-2	400
406973	407723	-5.541266	-3	750
407723	408063	-3.573647	-2	340
408063	408273	-1.026509	-1	210
408273	410483	1.648800	1	2210
410483	411963	5.357091	2	1480
411963	412193	1.666118	1	230
412193	412393	-1.021787	-1	200
412393	412633	-2.581717	-2	240
412633	412843	-1.040813	-1	210
412843	418293	2.750426	1	5450
418293	419563	6.596817	2	1270
419563	420613	2.134279	1	1050
420613	421493	4.614584	2	880
421493	422573	2.239908	1	1080
422573	428693	7.092580	2	6120
428693	428973	1.777066	1	280
428973	429123	-1.043156	-1	150
429123	429963	-4.072066	-2	840
429963	434103	-7.520063	-3	4140
434103	434263	-3.442133	-2	160
434263	434373	-0.919219	-1	110
434373	434863	1.966559	1	490
434863	434983	-1.054904	-1	120
434983	435143	-3.650501	-2	160
435143	435673	-6.514644	-3	530
435673	435973	-3.439116	-2	300
435973	438253	-0.519085	-1	2280
438253	438673	1.809674	1	420
438673	439743	5.838236	2	1070
439743	439993	1.846225	1	250
439993	440123	-1.040048	-1	130
440123	440303	-3.479152	-2	180
440303	440893	-5.947676	-3	590
440893	441183	-3.425936	-2	290
441183	441583	-1.194991	-1	400
441583	441933	-3.538600	-2	350
441933	442793	-5.644077	-3	860
442793	443343	-3.551624	-2	550
443343	443753	-0.804548	-1	410
443753	444273	0.438722	1	520
444273	445503	-1.025979	-1	1230
