380677	380957	1.079302	1	280
380957	381507	-0.785597	-1	550
381507	386217	1.786270	1	4710
386217	386827	-0.737371	-1	610
386827	395187	1.538405	1	8360
395187	395697	-0.389460	-1	510
395697	396917	1.999972	1	1220
396917	397157	-1.103714	-1	240
397157	397487	-2.462453	-2	330
397487	397967	-0.995034	-1	480
397967	399097	0.358918	1	1130
399097	399617	-0.178672	-1	520
399617	403077	1.484397	1	3460
403077	405717	7.701031	2	2640
405717	406037	1.928451	1	320
406037	406577	-0.489682	-1	540
406577	406967	-3.520592	-2	390
406967	407717	-5.544542	-3	750
407717	408057	-3.600890	-2	340
408057	408267	-1.039229	-1	210
408267	410507	1.675470	1	2240
410507	411957	5.397557	2	1450
411957	412197	1.630745	1	240
412197	412377	-1.040543	-1	180
412377	412627	-2.584192	-2	250
412627	412837	-1.047347	-1	210
412837	418297	2.750189	1	5460
418297	419567	6.611112	2	1270
419567	420657	2.191436	1	1090
420657	421467	4.694539	2	810
421467	422577	2.277931	1	1110
422577	428677	7.106320	2	6100
428677	428957	1.955238	1	280
428957	429117	-0.961612	-1	160
429117	429967	-4.074620	-2	850
429967	434097	-7.528006	-3	4130
434097	434267	-3.455708	-2	170
434267	434357	-1.003282	-1	90
434357	434857	1.974193	1	500
434857	434977	-0.969980	-1	120
434977	435127	-3.494727	-2	150
435127	435667	-6.514800	-3	540
435667	435967	-3.477839	-2	300
435967	438257	-0.519306	-1	2290
438257	438677	1.868091	1	420
438677	439727	5.891591	2	1050
439727	439987	1.980882	1	260
439987	440127	-1.072493	-1	140
440127	440287	-3.457377	-2	160
440287	440887	-5.947165	-3	600
440887	441177	-3.473139	-2	290
441177	441587	-1.209022	-1	410
441587	441927	-3.546618	-2	340
441927	442797	-5.639436	-3	870
442797	443337	-3.541775	-2	540
443337	443747	-0.813753	-1	410
443747	444277	0.440526	1	530
444277	445507	-1.024609	-1	1230
