380484	380874	1.731677	1	390
380874	381394	-1.952489	-1	520
381394	386094	1.458256	1	4700
386094	386724	-0.977603	-1	630
386724	395084	1.555905	1	8360
395084	395674	-0.491570	-1	590
395674	396804	2.156724	1	1130
396804	397004	-1.063814	-1	200
397004	397434	-2.651908	-2	430
397434	397774	-0.971313	-1	340
397774	398924	0.361834	1	1150
398924	399574	-0.206663	-1	650
399574	403114	1.528081	1	3540
403114	405534	8.147811	2	2420
405534	405844	2.568628	1	310
405844	406504	-0.271533	-1	660
406504	406784	-3.434493	-2	280
406784	407704	-5.560058	-3	920
407704	407964	-3.531114	-2	260
407964	408114	-1.047976	-1	150
408114	410634	1.902634	1	2520
410634	411864	5.826687	2	1230
411864	412054	2.543608	1	190
412054	412124	-0.801984	-1	70
412124	412504	-3.113282	-2	380
412504	412734	-0.664605	-1	230
412734	418274	2.745200	1	5540
418274	419424	6.869775	2	1150
419424	422684	2.846539	1	3260
422684	428574	7.197217	2	5890
428574	428864	2.437979	1	290
428864	428974	-0.958988	-1	110
428974	429814	-4.053499	-2	840
429814	434054	-7.529006	-3	4240
434054	434184	-3.477244	-2	130
434184	434264	-0.859058	-1	80
434264	434794	3.035824	1	530
434794	434864	-1.097474	-1	70
434864	434974	-3.418177	-2	110
434974	435594	-6.904305	-3	620
435594	435834	-3.353063	-2	240
435834	438254	-0.467056	-1	2420
438254	438644	2.441805	1	390
438644	439634	6.320761	2	990
439634	439884	2.491103	1	250
439884	439984	-0.968016	-1	100
439984	440124	-3.508474	-2	140
440124	440834	-6.027503	-3	710
440834	441044	-3.472780	-2	210
441044	441194	-0.948423	-1	150
441194	441354	0.481253	1	160
441354	441504	-1.094095	-1	150
441504	441774	-3.607569	-2	270
441774	442754	-5.610940	-3	980
442754	443214	-3.455797	-2	460
443214	443574	-1.028739	-1	360
443574	444244	0.565493	1	670
444244	445504	-1.038884	-1	1260
