380765	380995	0.757461	1	230
380995	381545	-0.545290	-1	550
381545	386275	1.063981	1	4730
386275	386865	-0.622304	-1	590
386865	396955	1.742790	1	10090
396955	398055	-1.355788	-1	1100
398055	403135	1.238941	1	5080
403135	405725	7.708220	2	2590
405725	406125	2.130662	1	400
406125	406605	-0.614641	-1	480
406605	407035	-3.478082	-2	430
407035	407725	-5.519581	-3	690
407725	408105	-3.570263	-2	380
408105	408345	-0.972825	-1	240
408345	410545	1.686012	1	2200
410545	411945	5.338594	2	1400
411945	412285	1.754596	1	340
412285	412495	-1.049267	-1	210
412495	412685	-2.420999	-2	190
412685	412905	-1.070278	-1	220
412905	418365	2.778652	1	5460
418365	419565	6.589229	2	1200
419565	420755	2.397449	1	1190
420755	421465	4.695968	2	710
421465	422655	2.475068	1	1190
422655	428665	7.125181	2	6010
428665	429005	2.124928	1	340
429005	429185	-1.008841	-1	180
429185	429965	-4.061976	-2	780
429965	434115	-7.496069	-3	4150
434115	434295	-3.498709	-2	180
434295	434415	-1.002132	-1	120
434415	434905	1.416524	1	490
434905	435015	-1.017115	-1	110
435015	435195	-3.424268	-2	180
435195	435695	-6.284623	-3	500
435695	436025	-3.540252	-2	330
436025	438255	-0.543416	-1	2230
438255	438755	1.969844	1	500
438755	439735	5.839087	2	980
439735	440025	2.018107	1	290
440025	440165	-1.021107	-1	140
440165	440365	-3.453978	-2	200
440365	440895	-5.945319	-3	530
440895	441235	-3.539009	-2	340
441235	441615	-1.569082	-1	380
441615	441995	-3.506684	-2	380
441995	442815	-5.624609	-3	820
442815	443385	-3.569549	-2	570
443385	443805	-0.802907	-1	420
443805	444355	0.532458	1	550
444355	445505	-0.866417	-1	1150
