380641	380951	1.202579	1	310
380951	381491	-0.895334	-1	540
381491	386201	1.932858	1	4710
386201	386811	-0.791963	-1	610
386811	395171	1.541737	1	8360
395171	395711	-0.402221	-1	540
395711	396891	2.112608	1	1180
396891	397121	-1.030113	-1	230
397121	397481	-2.498186	-2	360
397481	397931	-0.986530	-1	450
397931	399071	0.358879	1	1140
399071	399601	-0.190043	-1	530
399601	403071	1.489206	1	3470
403071	405691	7.755002	2	2620
405691	406001	1.987432	1	310
406001	406571	-0.458929	-1	570
406571	406931	-3.522202	-2	360
406931	407721	-5.542282	-3	790
407721	408041	-3.566787	-2	320
408041	408241	-1.028453	-1	200
408241	410501	1.683366	1	2260
410501	411941	5.444336	2	1440
411941	412161	1.827965	1	220
412161	412351	-1.131438	-1	190
412351	412611	-2.688226	-2	260
412611	412811	-0.994853	-1	200
412811	418281	2.741144	1	5470
418281	419541	6.438259	2	1260
419541	420681	2.231365	1	1140
420681	421461	4.753926	2	780
421461	422581	2.260621	1	1120
422581	428661	7.124578	2	6080
428661	428951	1.932280	1	290
428951	429101	-1.092070	-1	150
429101	429961	-4.095665	-2	860
429961	434091	-7.533781	-3	4130
434091	434241	-3.546991	-2	150
434241	434351	-0.962470	-1	110
434351	434851	2.197022	1	500
434851	434951	-0.988998	-1	100
434951	435111	-3.554203	-2	160
435111	435661	-6.605907	-3	550
435661	435941	-3.426112	-2	280
435941	438261	-0.510004	-1	2320
438261	438661	1.908928	1	400
438661	439721	5.926492	2	1060
439721	439961	1.962567	1	240
439961	440091	-1.014188	-1	130
440091	440261	-3.484310	-2	170
440261	440881	-6.004812	-3	620
440881	441151	-3.457140	-2	270
441151	441571	-1.067363	-1	420
441571	441891	-3.508451	-2	320
441891	442791	-5.633746	-3	900
442791	443321	-3.507288	-2	530
443321	443721	-0.807606	-1	400
443721	444261	0.476232	1	540
444261	445511	-1.019332	-1	1250
