380482	380882	1.700410	1	400
380882	381402	-2.002898	-1	520
381402	386092	1.460190	1	4690
386092	386732	-0.968130	-1	640
386732	395082	1.558090	1	8350
395082	395672	-0.495277	-1	590
395672	396792	2.179724	1	1120
396792	397002	-1.001251	-1	210
397002	397422	-2.675474	-2	420
397422	397772	-1.004702	-1	350
397772	398922	0.361909	1	1150
398922	399562	-0.209981	-1	640
399562	403102	1.511131	1	3540
403102	405542	8.123724	2	2440
405542	405842	2.507176	1	300
405842	406512	-0.292345	-1	670
406512	406802	-3.574821	-2	290
406802	407712	-5.566261	-3	910
407712	407972	-3.441876	-2	260
407972	408112	-0.997647	-1	140
408112	410642	1.910374	1	2530
410642	411862	5.836754	2	1220
411862	412062	2.475898	1	200
412062	412152	-1.259604	-1	90
412152	412492	-3.258399	-2	340
412492	412732	-0.728301	-1	240
412732	418262	2.739471	1	5530
418262	419422	6.854196	2	1160
419422	422672	2.839826	1	3250
422672	428572	7.193949	2	5900
428572	428862	2.475708	1	290
428862	428972	-0.946561	-1	110
428972	429812	-4.046898	-2	840
429812	434052	-7.529064	-3	4240
434052	434172	-3.648971	-2	120
434172	434252	-1.143941	-1	80
434252	434782	3.037788	1	530
434782	434872	-1.051951	-1	90
434872	434982	-3.625875	-2	110
434982	435592	-6.938287	-3	610
435592	435822	-3.434421	-2	230
435822	438242	-0.476326	-1	2420
438242	438632	2.286312	1	390
438632	439632	6.307189	2	1000
439632	439882	2.546761	1	250
439882	439982	-0.936202	-1	100
439982	440122	-3.479189	-2	140
440122	440832	-6.029754	-3	710
440832	441032	-3.568452	-2	200
441032	441192	-1.042859	-1	160
441192	441352	0.520209	1	160
441352	441492	-1.021388	-1	140
441492	441772	-3.534737	-2	280
441772	442752	-5.611113	-3	980
442752	443212	-3.467160	-2	460
443212	443582	-1.007921	-1	370
443582	444232	0.583479	1	650
444232	445512	-1.022568	-1	1280
