380569	380919	1.461818	1	350
380919	381449	-1.112019	-1	530
381449	386149	1.955970	1	4700
386149	386769	-0.881873	-1	620
386769	395119	1.550112	1	8350
395119	395689	-0.444287	-1	570
395689	396859	2.224769	1	1170
396859	397069	-1.067016	-1	210
397069	397459	-2.589273	-2	390
397459	397859	-0.981949	-1	400
397859	399009	0.359902	1	1150
399009	399619	-0.191729	-1	610
399619	403069	1.534070	1	3450
403069	405629	7.894217	2	2560
405629	405929	2.145622	1	300
405929	406529	-0.335638	-1	600
406529	406869	-3.459650	-2	340
406869	407709	-5.556461	-3	840
407709	408009	-3.565800	-2	300
408009	408189	-0.985113	-1	180
408189	410519	1.735134	1	2330
410519	411919	5.577753	2	1400
411919	412099	2.106987	1	180
412099	412259	-1.177318	-1	160
412259	412559	-2.907856	-2	300
412559	412739	-1.030919	-1	180
412739	418269	2.720360	1	5530
418269	419499	6.606129	2	1230
419499	420759	2.367818	1	1260
420759	421399	5.001006	2	640
421399	422609	2.333760	1	1210
422609	428629	7.124049	2	6020
428629	428909	2.102529	1	280
428909	429039	-0.994630	-1	130
429039	429939	-4.053522	-2	900
429939	434079	-7.540781	-3	4140
434079	434209	-3.524885	-2	130
434209	434309	-0.991652	-1	100
434309	434819	2.621493	1	510
434819	434919	-1.029358	-1	100
434919	435049	-3.604078	-2	130
435049	435629	-6.767645	-3	580
435629	435879	-3.473106	-2	250
435879	438259	-0.498718	-1	2380
438259	438639	2.038761	1	380
438639	439689	6.079468	2	1050
439689	439929	2.082634	1	240
439929	440039	-1.003537	-1	110
440039	440199	-3.462072	-2	160
440199	440859	-6.036680	-3	660
440859	441099	-3.481354	-2	240
441099	441539	-0.804460	-1	440
441539	441849	-3.594758	-2	310
441849	442769	-5.640710	-3	920
442769	443279	-3.486217	-2	510
443279	443659	-0.859272	-1	380
443659	444249	0.521983	1	590
444249	445509	-1.023248	-1	1260
