380512	380882	1.678245	1	370
380882	381422	-1.788803	-1	540
381422	386112	1.453446	1	4690
386112	386742	-0.943767	-1	630
386742	395102	1.553381	1	8360
395102	395672	-0.489855	-1	570
395672	396822	2.095833	1	1150
396822	397032	-1.115296	-1	210
397032	397432	-2.663901	-2	400
397432	397802	-1.001443	-1	370
397802	398952	0.361121	1	1150
398952	399592	-0.200682	-1	640
399592	403092	1.576870	1	3500
403092	405562	8.061512	2	2470
405562	405872	2.437889	1	310
405872	406522	-0.317572	-1	650
406522	406812	-3.493993	-2	290
406812	407712	-5.555315	-3	900
407712	407982	-3.489115	-2	270
407982	408142	-0.986619	-1	160
408142	410572	1.817390	1	2430
410572	411872	5.741758	2	1300
411872	412072	2.463419	1	200
412072	412172	-1.122531	-1	100
412172	412512	-3.081447	-2	340
412512	412732	-0.835303	-1	220
412732	418272	2.734420	1	5540
418272	419442	6.798024	2	1170
419442	422662	2.831726	1	3220
422662	428582	7.180586	2	5920
428582	428882	2.367716	1	300
428882	428992	-0.967249	-1	110
428992	429832	-4.065232	-2	840
429832	434062	-7.531238	-3	4230
434062	434192	-3.493292	-2	130
434192	434282	-0.858874	-1	90
434282	434792	2.977309	1	510
434792	434872	-0.838260	-1	80
434872	435002	-3.406677	-2	130
435002	435602	-6.883767	-3	600
435602	435842	-3.450905	-2	240
435842	438262	-0.480760	-1	2420
438262	438652	2.393844	1	390
438652	439652	6.262703	2	1000
439652	439902	2.307009	1	250
439902	440002	-1.010967	-1	100
440002	440142	-3.414503	-2	140
440142	440842	-6.021286	-3	700
440842	441052	-3.545830	-2	210
441052	441502	-0.582847	-1	450
441502	441782	-3.441828	-2	280
441782	442752	-5.617050	-3	970
442752	443242	-3.465607	-2	490
443242	443602	-0.950171	-1	360
443602	444242	0.552647	1	640
444242	445512	-1.025651	-1	1270
