380747	380997	0.769397	1	250
380997	381537	-0.597423	-1	540
381537	386267	1.068646	1	4730
386267	386867	-0.638286	-1	600
386867	396957	1.747741	1	10090
396957	398037	-1.392811	-1	1080
398037	403127	1.322020	1	5090
403127	405727	7.705139	2	2600
405727	406107	2.082295	1	380
406107	406587	-0.557821	-1	480
406587	407027	-3.458260	-2	440
407027	407727	-5.526937	-3	700
407727	408107	-3.506563	-2	380
408107	408327	-0.945476	-1	220
408327	410547	1.693459	1	2220
410547	411937	5.365750	2	1390
411937	412277	1.736264	1	340
412277	412487	-1.134425	-1	210
412487	412677	-2.467412	-2	190
412677	412907	-0.987007	-1	230
412907	418357	2.782858	1	5450
418357	419567	6.598135	2	1210
419567	420747	2.374457	1	1180
420747	421457	4.708551	2	710
421457	422647	2.461699	1	1190
422647	428677	7.119868	2	6030
428677	428997	2.014926	1	320
428997	429177	-1.033461	-1	180
429177	429967	-4.083092	-2	790
429967	434117	-7.499773	-3	4150
434117	434277	-3.519732	-2	160
434277	434407	-1.083899	-1	130
434407	434897	1.518461	1	490
434897	435007	-0.995061	-1	110
435007	435187	-3.470529	-2	180
435187	435697	-6.325596	-3	510
435697	436017	-3.478107	-2	320
436017	438257	-0.535590	-1	2240
438257	438747	1.999099	1	490
438747	439727	5.872383	2	980
439727	440007	2.111753	1	280
440007	440167	-1.020877	-1	160
440167	440347	-3.498041	-2	180
440347	440897	-5.933497	-3	550
440897	441227	-3.495324	-2	330
441227	441607	-1.491847	-1	380
441607	441987	-3.525483	-2	380
441987	442817	-5.628114	-3	830
442817	443377	-3.542691	-2	560
443377	443787	-0.811507	-1	410
443787	444357	0.543132	1	570
444357	445507	-0.867174	-1	1150
