380774	381024	0.719159	1	250
381024	381554	-0.539852	-1	530
381554	386284	1.060581	1	4730
386284	386884	-0.589185	-1	600
386884	396974	1.480010	1	10090
396974	398064	-1.357927	-1	1090
398064	403114	1.078748	1	5050
403114	405754	7.635019	2	2640
405754	406134	2.006819	1	380
406134	406604	-0.607364	-1	470
406604	407054	-3.498135	-2	450
407054	407724	-5.532641	-3	670
407724	408114	-3.568414	-2	390
408114	408344	-0.993067	-1	230
408344	410534	1.661426	1	2190
410534	411954	5.310344	2	1420
411954	412284	1.782681	1	330
412284	412914	-1.440874	-1	630
412914	418344	3.793467	1	5430
418344	419594	6.470665	2	1250
419594	420644	2.187157	1	1050
420644	421504	4.577683	2	860
421504	422644	2.408925	1	1140
422644	428694	7.104915	2	6050
428694	429004	2.008093	1	310
429004	429184	-0.930805	-1	180
429184	429974	-4.047409	-2	790
429974	434114	-7.500817	-3	4140
434114	434294	-3.586587	-2	180
434294	434414	-1.099086	-1	120
434414	434894	1.397514	1	480
434894	435034	-1.001111	-1	140
435034	435214	-3.631710	-2	180
435214	435704	-6.280963	-3	490
435704	436044	-3.469473	-2	340
436044	438264	-0.534456	-1	2220
438264	438744	1.917667	1	480
438744	439754	5.768259	2	1010
439754	440024	1.958620	1	270
440024	440174	-0.995105	-1	150
440174	440374	-3.485883	-2	200
440374	440894	-5.949523	-3	520
440894	441244	-3.546712	-2	350
441244	441624	-1.592705	-1	380
441624	442004	-3.523562	-2	380
442004	442814	-5.627935	-3	810
442814	443384	-3.598023	-2	570
443384	443814	-0.818337	-1	430
443814	444354	0.521480	1	540
444354	445504	-0.865207	-1	1150
