380668	380948	1.142530	1	280
380948	381498	-0.809295	-1	550
381498	386208	1.841664	1	4710
386208	386818	-0.750277	-1	610
386818	395178	1.539190	1	8360
395178	395698	-0.389761	-1	520
395698	396908	2.026903	1	1210
396908	397148	-1.075001	-1	240
397148	397488	-2.467170	-2	340
397488	397958	-0.988804	-1	470
397958	399088	0.359887	1	1130
399088	399608	-0.183322	-1	520
399608	403078	1.484798	1	3470
403078	405698	7.736715	2	2620
405698	406028	2.018471	1	330
406028	406568	-0.458223	-1	540
406568	406958	-3.487775	-2	390
406958	407718	-5.545206	-3	760
407718	408058	-3.571661	-2	340
408058	408258	-1.028834	-1	200
408258	410508	1.676580	1	2250
410508	411958	5.405979	2	1450
411958	412178	1.705968	1	220
412178	412368	-0.998174	-1	190
412368	412618	-2.617481	-2	250
412618	412828	-1.071048	-1	210
412828	418288	2.744735	1	5460
418288	419558	6.629070	2	1270
419558	420668	2.214582	1	1110
420668	421458	4.719168	2	790
421458	422578	2.286093	1	1120
422578	428668	7.111453	2	6090
428668	428958	1.973364	1	290
428958	429108	-0.967398	-1	150
429108	429968	-4.072130	-2	860
429968	434098	-7.529904	-3	4130
434098	434258	-3.465558	-2	160
434258	434358	-0.989119	-1	100
434358	434858	2.038273	1	500
434858	434968	-0.982430	-1	110
434968	435118	-3.460425	-2	150
435118	435668	-6.517434	-3	550
435668	435958	-3.458891	-2	290
435958	438258	-0.519113	-1	2300
438258	438668	1.851664	1	410
438668	439728	5.890834	2	1060
439728	439978	2.015266	1	250
439978	440118	-0.993914	-1	140
440118	440288	-3.494756	-2	170
440288	440878	-5.970935	-3	590
440878	441168	-3.516172	-2	290
441168	441578	-1.166537	-1	410
441578	441918	-3.518143	-2	340
441918	442798	-5.634658	-3	880
442798	443328	-3.537633	-2	530
443328	443748	-0.809923	-1	420
443748	444268	0.458848	1	520
444268	445508	-1.021557	-1	1240
