380639	380939	1.252573	1	300
380939	381479	-0.904381	-1	540
381479	386189	1.930782	1	4710
386189	386809	-0.782007	-1	620
386809	395169	1.541890	1	8360
395169	395699	-0.411920	-1	530
395699	396889	2.097502	1	1190
396889	397119	-1.022576	-1	230
397119	397479	-2.503787	-2	360
397479	397929	-0.988934	-1	450
397929	399069	0.359242	1	1140
399069	399619	-0.184964	-1	550
399619	403079	1.504360	1	3460
403079	405669	7.800033	2	2590
405669	405999	2.108973	1	330
405999	406559	-0.427046	-1	560
406559	406929	-3.477816	-2	370
406929	407719	-5.543237	-3	790
407719	408049	-3.530341	-2	330
408049	408239	-0.986283	-1	190
408239	410509	1.693398	1	2270
410509	411949	5.448833	2	1440
411949	412159	1.734286	1	210
412159	412339	-1.076919	-1	180
412339	412599	-2.711729	-2	260
412599	412809	-1.038652	-1	210
412809	418299	2.745217	1	5490
418299	419519	6.522590	2	1220
419519	420709	2.303198	1	1190
420709	421439	4.811497	2	730
421439	422599	2.318806	1	1160
422599	428659	7.135514	2	6060
428659	428949	1.949542	1	290
428949	429089	-1.016056	-1	140
429089	429959	-4.070460	-2	870
429959	434099	-7.529129	-3	4140
434099	434239	-3.456056	-2	140
434239	434349	-0.997990	-1	110
434349	434849	2.222931	1	500
434849	434949	-0.976441	-1	100
434949	435099	-3.457598	-2	150
435099	435649	-6.616767	-3	550
435649	435939	-3.483879	-2	290
435939	438259	-0.509726	-1	2320
438259	438669	1.949509	1	410
438669	439719	5.950193	2	1050
439719	439959	1.972806	1	240
439959	440089	-1.006455	-1	130
440089	440249	-3.401176	-2	160
440249	440869	-6.013806	-3	620
440869	441149	-3.521723	-2	280
441149	441559	-1.038870	-1	410
441559	441899	-3.506809	-2	340
441899	442789	-5.639545	-3	890
442789	443319	-3.512093	-2	530
443319	443719	-0.811340	-1	400
443719	444259	0.477175	1	540
444259	445509	-1.018264	-1	1250
