380470	380870	1.751210	1	400
380870	381390	-2.013579	-1	520
381390	386080	1.460746	1	4690
386080	386730	-0.967148	-1	650
386730	395090	1.557417	1	8360
395090	395660	-0.521694	-1	570
395660	396790	2.170936	1	1130
396790	396990	-1.003986	-1	200
396990	397420	-2.673520	-2	430
397420	397760	-1.002019	-1	340
397760	398910	0.362241	1	1150
398910	399560	-0.210199	-1	650
399560	403110	1.526403	1	3550
403110	405520	8.169227	2	2410
405520	405830	2.646523	1	310
405830	406500	-0.265485	-1	670
406500	406790	-3.530823	-2	290
406790	407710	-5.566174	-3	920
407710	407960	-3.472464	-2	250
407960	408100	-1.050994	-1	140
408100	410760	2.057823	1	2660
410760	411860	5.933027	2	1100
411860	412040	2.672176	1	180
412040	412130	-0.923249	-1	90
412130	412490	-3.265153	-2	360
412490	412730	-0.654374	-1	240
412730	418270	2.747137	1	5540
418270	419410	6.901992	2	1140
419410	422700	2.862704	1	3290
422700	428550	7.215229	2	5850
428550	428850	2.693403	1	300
428850	428960	-0.863495	-1	110
428960	429810	-4.040436	-2	850
429810	434050	-7.592032	-3	4240
434050	434170	-3.608504	-2	120
434170	434250	-1.040922	-1	80
434250	434780	3.105250	1	530
434780	434860	-1.042384	-1	80
434860	434980	-3.680759	-2	120
434980	435590	-6.963133	-3	610
435590	435820	-3.370002	-2	230
435820	438240	-0.467645	-1	2420
438240	438640	2.398587	1	400
438640	439630	6.339539	2	990
439630	439870	2.602067	1	240
439870	439970	-0.843771	-1	100
439970	440110	-3.449235	-2	140
440110	440830	-6.020099	-3	720
440830	441030	-3.508075	-2	200
441030	441180	-0.986509	-1	150
441180	441350	0.524685	1	170
441350	441490	-1.028055	-1	140
441490	441760	-3.541169	-2	270
441760	442750	-5.604595	-3	990
442750	443200	-3.472306	-2	450
443200	443570	-1.037944	-1	370
443570	444230	0.589597	1	660
444230	445510	-1.023250	-1	1280
