380575	380915	1.473411	1	340
380915	381455	-1.073617	-1	540
381455	386155	1.896395	1	4700
386155	386775	-0.872546	-1	620
386775	395125	1.549459	1	8350
395125	395695	-0.437091	-1	570
395695	396855	2.234663	1	1160
396855	397075	-1.040071	-1	220
397075	397455	-2.589536	-2	380
397455	397865	-0.999678	-1	410
397865	399015	0.359815	1	1150
399015	399615	-0.192789	-1	600
399615	403055	1.518357	1	3440
403055	405655	7.830946	2	2600
405655	405935	1.990855	1	280
405935	406545	-0.377888	-1	610
406545	406875	-3.518551	-2	330
406875	407725	-5.545819	-3	850
407725	408015	-3.484023	-2	290
408015	408195	-0.965820	-1	180
408195	410495	1.707774	1	2300
410495	411925	5.541705	2	1430
411925	412105	2.042727	1	180
412105	412245	-1.065965	-1	140
412245	412565	-2.831403	-2	320
412565	412745	-1.024531	-1	180
412745	418255	3.128856	1	5510
418255	419525	6.519651	2	1270
419525	420725	2.284957	1	1200
420725	421425	4.912936	2	700
421425	422575	2.248670	1	1150
422575	428655	7.091912	2	6080
428655	428915	1.904679	1	260
428915	429045	-1.027649	-1	130
429045	429955	-4.072958	-2	910
429955	434085	-7.545851	-3	4130
434085	434215	-3.451858	-2	130
434215	434305	-1.028866	-1	90
434305	434835	2.482254	1	530
434835	434915	-1.095348	-1	80
434915	435055	-3.520164	-2	140
435055	435635	-6.747904	-3	580
435635	435885	-3.448598	-2	250
435885	438255	-0.501716	-1	2370
438255	438635	1.966675	1	380
438635	439705	6.035269	2	1070
439705	439925	2.029223	1	220
439925	440055	-1.046563	-1	130
440055	440205	-3.576432	-2	150
440205	440855	-6.045608	-3	650
440855	441105	-3.509888	-2	250
441105	441545	-0.832069	-1	440
441545	441835	-3.517542	-2	290
441835	442775	-5.627072	-3	940
442775	443285	-3.472291	-2	510
443285	443665	-0.848654	-1	380
443665	444245	0.526403	1	580
444245	445505	-1.022429	-1	1260
