380634	380944	1.230342	1	310
380944	381484	-0.910166	-1	540
381484	386184	1.953608	1	4700
386184	386804	-0.785707	-1	620
386804	395164	1.542149	1	8360
395164	395694	-0.411829	-1	530
395694	396884	2.100732	1	1190
396884	397114	-1.022549	-1	230
397114	397474	-2.505975	-2	360
397474	397924	-0.989017	-1	450
397924	399064	0.359211	1	1140
399064	399604	-0.188555	-1	540
399604	403134	1.545829	1	3530
403134	405634	7.929898	2	2500
405634	405994	2.288477	1	360
405994	406564	-0.445205	-1	570
406564	406924	-3.518989	-2	360
406924	407724	-5.540613	-3	800
407724	408044	-3.496592	-2	320
408044	408234	-0.979143	-1	190
408234	410604	1.802234	1	2370
410604	411904	5.579937	2	1300
411904	412154	2.153322	1	250
412154	412324	-1.060748	-1	170
412324	412594	-2.692176	-2	270
412594	412804	-1.035196	-1	210
412804	418334	2.755661	1	5530
418334	419484	6.662032	2	1150
419484	422684	2.955420	1	3200
422684	428614	7.198545	2	5930
428614	428934	2.318877	1	320
428934	429084	-0.959464	-1	150
429084	429954	-4.067623	-2	870
429954	434094	-7.528288	-3	4140
434094	434234	-3.481230	-2	140
434234	434334	-1.084252	-1	100
434334	434844	2.178834	1	510
434844	434944	-0.956912	-1	100
434944	435094	-3.444065	-2	150
435094	435644	-6.620316	-3	550
435644	435934	-3.488177	-2	290
435934	438254	-0.510553	-1	2320
438254	438714	2.196690	1	460
438714	439674	6.115128	2	960
439674	439954	2.328828	1	280
439954	440084	-1.025625	-1	130
440084	440244	-3.406316	-2	160
440244	440874	-5.996052	-3	630
440874	441154	-3.413236	-2	280
441154	441564	-1.035243	-1	410
441564	441894	-3.548749	-2	330
441894	442784	-5.640400	-3	890
442784	443314	-3.515284	-2	530
443314	443704	-0.830918	-1	390
443704	444254	0.473962	1	550
444254	445504	-1.020030	-1	1250
