380680	380960	1.062940	1	280
380960	381500	-0.794929	-1	540
381500	386220	1.806789	1	4720
386220	386820	-0.747370	-1	600
386820	395180	1.538305	1	8360
395180	395700	-0.381865	-1	520
395700	396920	1.998672	1	1220
396920	397150	-1.079886	-1	230
397150	397490	-2.446369	-2	340
397490	397970	-0.988569	-1	480
397970	399090	0.361768	1	1120
399090	399620	-0.173527	-1	530
399620	403080	1.486100	1	3460
403080	405700	7.728949	2	2620
405700	406040	2.031327	1	340
406040	406570	-0.468883	-1	530
406570	406970	-3.494737	-2	400
406970	407720	-5.543042	-3	750
407720	408060	-3.581500	-2	340
408060	408270	-1.024420	-1	210
408270	410510	1.678578	1	2240
410510	411960	5.390481	2	1450
411960	412200	1.611518	1	240
412200	412380	-1.049359	-1	180
412380	412630	-2.568985	-2	250
412630	412840	-1.037622	-1	210
412840	418300	3.064887	1	5460
418300	419560	6.626422	2	1260
419560	420670	2.223875	1	1110
420670	421470	4.701838	2	800
421470	422580	2.278891	1	1110
422580	428670	7.109953	2	6090
428670	428960	1.991667	1	290
428960	429120	-0.985058	-1	160
429120	429970	-4.080916	-2	850
429970	434090	-7.532379	-3	4120
434090	434260	-3.596002	-2	170
434260	434360	-1.058615	-1	100
434360	434860	1.954964	1	500
434860	434970	-0.911701	-1	110
434970	435130	-3.444066	-2	160
435130	435670	-6.503798	-3	540
435670	435960	-3.506987	-2	290
435960	438260	-0.523633	-1	2300
438260	438680	1.887702	1	420
438680	439730	5.883301	2	1050
439730	439980	2.025992	1	250
439980	440120	-0.963158	-1	140
440120	440290	-3.390010	-2	170
440290	440890	-5.937423	-3	600
440890	441180	-3.453868	-2	290
441180	441580	-1.190190	-1	400
441580	441930	-3.519878	-2	350
441930	442790	-5.644983	-3	860
442790	443340	-3.555034	-2	550
443340	443750	-0.804095	-1	410
443750	444270	0.443974	1	520
444270	445510	-1.017568	-1	1240
