380777	381017	0.666443	1	240
381017	381557	-0.520259	-1	540
381557	386287	1.060465	1	4730
386287	386877	-0.601824	-1	590
386877	396977	1.740282	1	10100
396977	398067	-1.359139	-1	1090
398067	403157	1.105983	1	5090
403157	405717	7.739321	2	2560
405717	406137	2.197683	1	420
406137	406607	-0.632114	-1	470
406607	407047	-3.478680	-2	440
407047	407717	-5.524882	-3	670
407717	408117	-3.572868	-2	400
408117	408347	-0.971506	-1	230
408347	410587	1.724377	1	2240
410587	411927	5.372627	2	1340
411927	412297	1.883572	1	370
412297	412507	-1.044306	-1	210
412507	412697	-2.385378	-2	190
412697	412917	-1.033458	-1	220
412917	418397	2.790922	1	5480
418397	419547	6.664357	2	1150
419547	420827	2.536215	1	1280
420827	421437	4.754203	2	610
421437	422677	2.556949	1	1240
422677	428657	7.136233	2	5980
428657	429007	2.209419	1	350
429007	429187	-0.954912	-1	180
429187	429977	-4.056066	-2	790
429977	434107	-7.505486	-3	4130
434107	434307	-3.507790	-2	200
434307	434417	-0.965369	-1	110
434417	434907	1.329518	1	490
434907	435027	-1.066859	-1	120
435027	435217	-3.586136	-2	190
435217	435707	-6.251631	-3	490
435707	436037	-3.488828	-2	330
436037	438257	-0.543506	-1	2220
438257	438787	2.089581	1	530
438787	439717	5.900447	2	930
439717	440027	2.167726	1	310
440027	440167	-0.975799	-1	140
440167	440377	-3.455309	-2	210
440377	440897	-5.944777	-3	520
440897	441247	-3.512097	-2	350
441247	441617	-1.623837	-1	370
441617	442007	-3.510472	-2	390
442007	442807	-5.631446	-3	800
442807	443387	-3.607903	-2	580
443387	443817	-0.807719	-1	430
443817	444357	0.519831	1	540
444357	445507	-0.865449	-1	1150
