380668	380948	1.143531	1	280
380948	381498	-0.809666	-1	550
381498	386208	1.841781	1	4710
386208	386818	-0.750486	-1	610
386818	395178	1.539201	1	8360
395178	395698	-0.389884	-1	520
395698	396908	2.027027	1	1210
396908	397148	-1.074559	-1	240
397148	397488	-2.467501	-2	340
397488	397958	-0.989030	-1	470
397958	399088	0.359899	1	1130
399088	399608	-0.183383	-1	520
399608	403078	1.484688	1	3470
403078	405708	7.722335	2	2630
405708	406028	1.959236	1	320
406028	406568	-0.457776	-1	540
406568	406958	-3.487312	-2	390
406958	407718	-5.545292	-3	760
407718	408058	-3.572608	-2	340
408058	408258	-1.029391	-1	200
408258	410508	1.676472	1	2250
410508	411958	5.406126	2	1450
411958	412178	1.707562	1	220
412178	412368	-0.998392	-1	190
412368	412618	-2.618056	-2	250
412618	412828	-1.071378	-1	210
412828	418288	2.744661	1	5460
418288	419558	6.629273	2	1270
419558	420668	2.214464	1	1110
420668	421458	4.719277	2	790
421458	422578	2.285978	1	1120
422578	428668	7.111477	2	6090
428668	428958	1.974649	1	290
428958	429108	-0.966682	-1	150
429108	429968	-4.071962	-2	860
429968	434098	-7.529948	-3	4130
434098	434258	-3.467568	-2	160
434258	434358	-0.990595	-1	100
434358	434858	2.039150	1	500
434858	434968	-0.980906	-1	110
434968	435118	-3.459447	-2	150
435118	435668	-6.517929	-3	550
435668	435958	-3.459543	-2	290
435958	438258	-0.519152	-1	2300
438258	438668	1.850686	1	410
438668	439728	5.891024	2	1060
439728	439978	2.016814	1	250
439978	440118	-0.992957	-1	140
440118	440288	-3.494091	-2	170
440288	440878	-5.971160	-3	590
440878	441168	-3.517102	-2	290
441168	441578	-1.165948	-1	410
441578	441918	-3.517680	-2	340
441918	442798	-5.634752	-3	880
442798	443328	-3.538079	-2	530
443328	443748	-0.810281	-1	420
443748	444268	0.458991	1	520
444268	445508	-1.021583	-1	1240
