380517	380887	1.650082	1	370
380887	381417	-1.786676	-1	530
381417	386117	1.450227	1	4700
386117	386747	-0.936204	-1	630
386747	395097	1.554734	1	8350
395097	395677	-0.474696	-1	580
395677	396817	2.107910	1	1140
396817	397027	-1.038109	-1	210
397027	397437	-2.637042	-2	410
397437	397807	-0.994930	-1	370
397807	398957	0.361034	1	1150
398957	399587	-0.202381	-1	630
399587	403077	1.558365	1	3490
403077	405577	8.015854	2	2500
405577	405877	2.348715	1	300
405877	406527	-0.331872	-1	650
406527	406817	-3.508851	-2	290
406817	407707	-5.556742	-3	890
407707	407987	-3.515845	-2	280
407987	408137	-1.022333	-1	150
408137	410557	1.789640	1	2420
410557	411887	5.713836	2	1330
411887	412077	2.283257	1	190
412077	412167	-1.087477	-1	90
412167	412517	-3.024773	-2	350
412517	412737	-0.829394	-1	220
412737	418267	2.732534	1	5530
418267	419447	6.775517	2	1180
419447	422637	2.817036	1	3190
422637	428597	7.161957	2	5960
428597	428877	2.326289	1	280
428877	428997	-0.925569	-1	120
428997	429827	-4.060225	-2	830
429827	434067	-7.524983	-3	4240
434067	434187	-3.552083	-2	120
434187	434277	-1.023170	-1	90
434277	434797	2.890809	1	520
434797	434877	-0.898058	-1	80
434877	435017	-3.560737	-2	140
435017	435607	-6.893904	-3	590
435607	435847	-3.434497	-2	240
435847	438257	-0.483616	-1	2410
438257	438637	2.245195	1	380
438637	439657	6.225477	2	1020
439657	439907	2.257247	1	250
439907	440007	-1.058019	-1	100
440007	440147	-3.425923	-2	140
440147	440837	-6.036282	-3	690
440837	441067	-3.514684	-2	230
441067	441507	-0.581334	-1	440
441507	441797	-3.508781	-2	290
441797	442757	-5.624296	-3	960
442757	443237	-3.484742	-2	480
443237	443597	-0.994236	-1	360
443597	444247	0.539684	1	650
444247	445507	-1.032862	-1	1260
