380727	380987	0.841826	1	260
380987	381527	-0.655410	-1	540
381527	386247	1.076263	1	4720
386247	386857	-0.657371	-1	610
386857	396937	1.751341	1	10080
396937	397177	-1.014388	-1	240
397177	397507	-2.341161	-2	330
397507	398017	-0.983569	-1	510
398017	403117	1.319781	1	5100
403117	405717	7.721538	2	2600
405717	406087	2.061227	1	370
406087	406597	-0.577259	-1	510
406597	407007	-3.522603	-2	410
407007	407717	-5.534881	-3	710
407717	408087	-3.574717	-2	370
408087	408307	-0.993978	-1	220
408307	410547	1.700370	1	2240
410547	411937	5.388850	2	1390
411937	412237	1.852132	1	300
412237	412457	-1.057683	-1	220
412457	412667	-2.487383	-2	210
412667	412887	-0.973760	-1	220
412887	418337	2.773376	1	5450
418337	419557	6.616567	2	1220
419557	420767	2.405027	1	1210
420767	421457	4.751315	2	690
421457	422627	2.412940	1	1170
422627	428667	7.120553	2	6040
428667	428987	2.038709	1	320
428987	429157	-1.032512	-1	170
429157	429967	-4.077807	-2	810
429967	434107	-7.510410	-3	4140
434107	434277	-3.491151	-2	170
434277	434397	-0.959095	-1	120
434397	434877	1.693153	1	480
434877	435007	-1.042197	-1	130
435007	435167	-3.558516	-2	160
435167	435687	-6.371819	-3	520
435687	435997	-3.495033	-2	310
435997	438257	-0.533976	-1	2260
438257	438737	2.020387	1	480
438737	439727	5.894106	2	990
439727	439997	2.095487	1	270
439997	440147	-0.965045	-1	150
440147	440337	-3.503484	-2	190
440337	440897	-5.943168	-3	560
440897	441207	-3.483071	-2	310
441207	441597	-1.410910	-1	390
441597	441967	-3.517529	-2	370
441967	442807	-5.632825	-3	840
442807	443357	-3.571262	-2	550
443357	443777	-0.823522	-1	420
443777	444357	0.564075	1	580
444357	445507	-0.866043	-1	1150
