380757	380997	0.736806	1	240
380997	381537	-0.565894	-1	540
381537	386267	1.064898	1	4730
386267	386867	-0.615962	-1	600
386867	396957	1.745280	1	10090
396957	398047	-1.369549	-1	1090
398047	403187	1.276561	1	5140
403187	405667	7.857052	2	2480
405667	406117	2.393294	1	450
406117	406597	-0.603849	-1	480
406597	407027	-3.473518	-2	430
407027	407727	-5.516421	-3	700
407727	408097	-3.547002	-2	370
408097	408327	-1.018709	-1	230
408327	410757	1.930016	1	2430
410757	411887	5.552658	2	1130
411887	412267	2.169043	1	380
412267	412487	-1.010159	-1	220
412487	412687	-2.407724	-2	200
412687	412897	-1.030478	-1	210
412897	418407	2.792387	1	5510
418407	419517	6.776381	2	1110
419517	422747	3.017717	1	3230
422747	428617	7.191453	2	5870
428617	429007	2.330120	1	390
429007	429177	-1.064650	-1	170
429177	429977	-4.079881	-2	800
429977	434107	-7.509248	-3	4130
434107	434287	-3.522048	-2	180
434287	434417	-0.927805	-1	130
434417	434897	1.466476	1	480
434897	435017	-1.085793	-1	120
435017	435187	-3.487562	-2	170
435187	435697	-6.271503	-3	510
435697	436027	-3.461187	-2	330
436027	438247	-0.536605	-1	2220
438247	438817	2.260721	1	570
438817	439677	6.049000	2	860
439677	440007	2.459893	1	330
440007	440157	-0.929214	-1	150
440157	440357	-3.442565	-2	200
440357	440887	-5.948434	-3	530
440887	441237	-3.502540	-2	350
441237	441617	-1.552606	-1	380
441617	441987	-3.534607	-2	370
441987	442807	-5.628466	-3	820
442807	443377	-3.575924	-2	570
443377	443797	-0.806611	-1	420
443797	444347	0.539425	1	550
444347	445507	-0.857831	-1	1160
