380684	380954	1.078819	1	270
380954	381504	-0.768372	-1	550
381504	386224	1.801353	1	4720
386224	386824	-0.738811	-1	600
386824	395184	1.537762	1	8360
395184	395704	-0.374789	-1	520
395704	396914	2.007885	1	1210
396914	397154	-1.037966	-1	240
397154	397494	-2.434330	-2	340
397494	397974	-0.986299	-1	480
397974	399094	0.361466	1	1120
399094	399604	-0.179038	-1	510
399604	403084	1.479427	1	3480
403084	405704	7.726418	2	2620
405704	406044	2.026181	1	340
406044	406574	-0.479393	-1	530
406574	406974	-3.503167	-2	400
406974	407724	-5.541539	-3	750
407724	408064	-3.556719	-2	340
408064	408274	-1.012455	-1	210
408274	410504	1.670529	1	2230
410504	411964	5.374226	2	1460
411964	412204	1.582390	1	240
412204	412384	-1.036566	-1	180
412384	412634	-2.558705	-2	250
412634	412844	-1.028748	-1	210
412844	418314	3.100265	1	5470
418314	419564	6.640170	2	1250
419564	420684	2.239662	1	1120
420684	421464	4.717306	2	780
421464	422594	2.314519	1	1130
422594	428664	7.117592	2	6070
428664	428964	2.028979	1	300
428964	429124	-0.992002	-1	160
429124	429964	-4.077063	-2	840
429964	434094	-7.525823	-3	4130
434094	434264	-3.539992	-2	170
434264	434364	-1.035247	-1	100
434364	434864	1.931478	1	500
434864	434974	-0.960758	-1	110
434974	435134	-3.461172	-2	160
435134	435674	-6.489216	-3	540
435674	435964	-3.490961	-2	290
435964	438254	-0.526317	-1	2290
438254	438694	1.912003	1	440
438694	439734	5.894356	2	1040
439734	439984	1.985609	1	250
439984	440124	-0.970471	-1	140
440124	440294	-3.415180	-2	170
440294	440884	-5.950883	-3	590
440884	441184	-3.480137	-2	300
441184	441574	-1.202158	-1	390
441574	441934	-3.486408	-2	360
441934	442794	-5.642962	-3	860
442794	443344	-3.543240	-2	550
443344	443754	-0.796324	-1	410
443754	444274	0.441441	1	520
444274	445504	-1.027081	-1	1230
