380536	380896	1.598487	1	360
380896	381436	-1.778865	-1	540
381436	386126	1.134150	1	4690
386126	386756	-0.913424	-1	630
386756	395096	1.554986	1	8340
395096	395686	-0.453701	-1	590
395686	396846	2.287638	1	1160
396846	397036	-1.055920	-1	190
397036	397446	-2.612393	-2	410
397446	397826	-0.986085	-1	380
397826	398976	0.360589	1	1150
398976	399596	-0.199102	-1	620
399596	403086	1.557319	1	3490
403086	405606	7.975086	2	2520
405606	405896	2.193196	1	290
405896	406536	-0.353857	-1	640
406536	406836	-3.527236	-2	300
406836	407706	-5.557576	-3	870
407706	407996	-3.545589	-2	290
407996	408156	-1.000668	-1	160
408156	410546	1.770911	1	2390
410546	411906	5.663199	2	1360
411906	412086	2.131522	1	180
412086	412196	-1.127066	-1	110
412196	412526	-2.999754	-2	330
412526	412736	-0.928253	-1	210
412736	418266	2.725388	1	5530
418266	419466	6.714329	2	1200
419466	420806	2.225062	1	1340
420806	421356	5.169573	2	550
421356	422626	2.401155	1	1270
422626	428616	7.143825	2	5990
428616	428896	2.136020	1	280
428896	429016	-1.043154	-1	120
429016	429936	-4.051443	-2	920
429936	434066	-7.550932	-3	4130
434066	434196	-3.581317	-2	130
434196	434286	-1.021755	-1	90
434286	434806	2.766112	1	520
434806	434886	-0.891580	-1	80
434886	435026	-3.462433	-2	140
435026	435616	-6.835232	-3	590
435616	435856	-3.456094	-2	240
435856	438256	-0.492272	-1	2400
438256	438636	2.137633	1	380
438636	439676	6.162481	2	1040
439676	439916	2.119187	1	240
439916	440026	-1.103959	-1	110
440026	440166	-3.522065	-2	140
440166	440856	-6.021591	-3	690
440856	441076	-3.441419	-2	220
441076	441516	-0.667066	-1	440
441516	441816	-3.526276	-2	300
441816	442766	-5.627632	-3	950
442766	443256	-3.459209	-2	490
443256	443626	-0.915105	-1	370
443626	444246	0.538960	1	620
444246	445506	-1.029622	-1	1260
