380526	380886	1.639720	1	360
380886	381426	-1.700768	-1	540
381426	386116	1.444384	1	4690
386116	386756	-0.907514	-1	640
386756	395096	1.555674	1	8340
395096	395666	-0.476071	-1	570
395666	396836	2.279173	1	1170
396836	397026	-1.022798	-1	190
397026	397446	-2.607516	-2	420
397446	397816	-0.973772	-1	370
397816	398966	0.360768	1	1150
398966	399586	-0.202592	-1	620
399586	403106	1.579037	1	3520
403106	405556	8.075081	2	2450
405556	405886	2.526204	1	330
405886	406516	-0.307105	-1	630
406516	406826	-3.447387	-2	310
406826	407706	-5.556433	-3	880
407706	407986	-3.548445	-2	280
407986	408146	-1.040326	-1	160
408146	410606	1.847558	1	2460
410606	411876	5.746035	2	1270
411876	412086	2.349096	1	210
412086	412186	-1.199298	-1	100
412186	412526	-2.999688	-2	340
412526	412736	-0.851862	-1	210
412736	418296	2.740660	1	5560
418296	419436	6.832411	2	1140
419436	422686	2.855729	1	3250
422686	428586	7.184713	2	5900
428586	428876	2.454075	1	290
428876	429006	-0.899590	-1	130
429006	429936	-4.044043	-2	930
429936	434066	-7.552097	-3	4130
434066	434196	-3.504372	-2	130
434196	434276	-1.013530	-1	80
434276	434806	2.780415	1	530
434806	434886	-1.026825	-1	80
434886	435016	-3.526405	-2	130
435016	435606	-6.867961	-3	590
435606	435856	-3.443462	-2	250
435856	438256	-0.484175	-1	2400
438256	438666	2.382308	1	410
438666	439646	6.270207	2	980
439646	439896	2.496813	1	250
439896	440016	-0.954369	-1	120
440016	440156	-3.476897	-2	140
440156	440846	-6.030231	-3	690
440846	441066	-3.505730	-2	220
441066	441516	-0.654837	-1	450
441516	441796	-3.500660	-2	280
441796	442756	-5.622786	-3	960
442756	443246	-3.482414	-2	490
443246	443616	-0.939397	-1	370
443616	444246	0.543650	1	630
444246	445506	-1.030942	-1	1260
