380503	380893	1.641634	1	390
380893	381413	-1.993672	-1	520
381413	386103	1.141914	1	4690
386103	386743	-0.940473	-1	640
386743	395093	1.556053	1	8350
395093	395673	-0.485439	-1	580
395673	396803	2.140188	1	1130
396803	397023	-1.033705	-1	220
397023	397433	-2.659458	-2	410
397433	397793	-0.991472	-1	360
397793	398943	0.361354	1	1150
398943	399573	-0.206928	-1	630
399573	403083	1.486827	1	3510
403083	405563	8.056135	2	2480
405563	405863	2.398279	1	300
405863	406523	-0.318481	-1	660
406523	406803	-3.508464	-2	280
406803	407713	-5.555143	-3	910
407713	407973	-3.510870	-2	260
407973	408133	-1.018859	-1	160
408133	410553	1.796215	1	2420
410553	411893	5.725317	2	1340
411893	412073	2.133541	1	180
412073	412163	-1.219799	-1	90
412163	412503	-3.148879	-2	340
412503	412733	-0.806723	-1	230
412733	418263	3.438820	1	5530
418263	419443	6.795916	2	1180
419443	422653	2.821770	1	3210
422653	428583	7.179442	2	5930
428583	428863	2.482605	1	280
428863	428993	-0.930560	-1	130
428993	429823	-4.073424	-2	830
429823	434063	-7.527056	-3	4240
434063	434183	-3.528474	-2	120
434183	434263	-1.061843	-1	80
434263	434793	2.923071	1	530
434793	434883	-1.097446	-1	90
434883	434993	-3.592613	-2	110
434993	435603	-6.879540	-3	610
435603	435833	-3.432249	-2	230
435833	438263	-0.480172	-1	2430
438263	438623	2.257488	1	360
438623	439663	6.218982	2	1040
439663	439893	2.248311	1	230
439893	440003	-1.039781	-1	110
440003	440143	-3.607033	-2	140
440143	440843	-6.030944	-3	700
440843	441053	-3.474784	-2	210
441053	441213	-0.975191	-1	160
441213	441353	0.475643	1	140
441353	441503	-1.011367	-1	150
441503	441773	-3.460877	-2	270
441773	442753	-5.611059	-3	980
442753	443233	-3.462308	-2	480
443233	443583	-1.002516	-1	350
443583	444243	0.547787	1	660
444243	445503	-1.036319	-1	1260
