380779	381019	0.659738	1	240
381019	381549	-0.530046	-1	530
381549	386289	1.058326	1	4740
386289	386879	-0.602680	-1	590
386879	396969	1.740518	1	10090
396969	398069	-1.347548	-1	1100
398069	403109	1.225511	1	5040
403109	405769	7.601254	2	2660
405769	406139	1.939941	1	370
406139	406609	-0.634004	-1	470
406609	407059	-3.514786	-2	450
407059	407729	-5.525213	-3	670
407729	408109	-3.572957	-2	380
408109	408339	-1.054974	-1	230
408339	410509	1.630590	1	2170
410509	411969	5.265491	2	1460
411969	412289	1.662521	1	320
412289	412509	-0.996472	-1	220
412509	412699	-2.384109	-2	190
412699	412919	-1.030520	-1	220
412919	418349	2.779362	1	5430
418349	419599	6.458638	2	1250
419599	420629	2.160350	1	1030
420629	421519	4.544540	2	890
421519	422629	2.379119	1	1110
422629	428709	7.086312	2	6080
428709	429009	1.897163	1	300
429009	429189	-0.962435	-1	180
429189	429979	-4.056339	-2	790
429979	434119	-7.499957	-3	4140
434119	434299	-3.514056	-2	180
434299	434429	-0.956560	-1	130
434429	434899	1.391990	1	470
434899	435019	-0.904355	-1	120
435019	435219	-3.501629	-2	200
435219	435699	-6.285149	-3	480
435699	436039	-3.533287	-2	340
436039	438259	-0.542004	-1	2220
438259	438729	1.838724	1	470
438729	439759	5.717655	2	1030
439759	440029	1.877900	1	270
440029	440169	-0.980688	-1	140
440169	440379	-3.460723	-2	210
440379	440899	-5.947444	-3	520
440899	441239	-3.560468	-2	340
441239	441629	-1.640402	-1	390
441629	442009	-3.550622	-2	380
442009	442819	-5.623631	-3	810
442819	443389	-3.581963	-2	570
443389	443809	-0.826519	-1	420
443809	444359	0.507559	1	550
444359	445509	-0.865164	-1	1150
