380714	380974	0.915308	1	260
380974	381524	-0.674836	-1	550
381524	386244	1.301607	1	4720
386244	386844	-0.686988	-1	600
386844	396934	1.490147	1	10090
396934	397174	-1.050274	-1	240
397174	397504	-2.368254	-2	330
397504	398004	-0.985194	-1	500
398004	403174	1.123053	1	5170
403174	405664	7.879755	2	2490
405664	406074	2.334392	1	410
406074	406594	-0.557355	-1	520
406594	407004	-3.553593	-2	410
407004	407724	-5.537539	-3	720
407724	408074	-3.573335	-2	350
408074	408294	-1.047030	-1	220
408294	410664	1.836450	1	2370
410664	411904	5.519772	2	1240
411904	412234	2.060693	1	330
412234	412444	-1.116787	-1	210
412444	412664	-2.495430	-2	220
412664	412874	-0.965951	-1	210
412874	418384	2.783598	1	5510
418384	419514	6.820988	2	1130
419514	422714	2.988815	1	3200
422714	428624	7.185546	2	5910
428624	428984	2.278593	1	360
428984	429144	-1.022824	-1	160
429144	429974	-4.074958	-2	830
429974	434104	-7.518783	-3	4130
434104	434274	-3.490031	-2	170
434274	434384	-1.004445	-1	110
434384	434874	1.741310	1	490
434874	434994	-0.999344	-1	120
434994	435164	-3.562960	-2	170
435164	435674	-6.442500	-3	510
435674	435994	-3.507007	-2	320
435994	438254	-0.527910	-1	2260
438254	438764	2.164721	1	510
438764	439694	6.019480	2	930
439694	440004	2.234875	1	310
440004	440144	-1.069468	-1	140
440144	440334	-3.578787	-2	190
440334	440884	-5.975345	-3	550
440884	441194	-3.555926	-2	310
441194	441594	-1.375864	-1	400
441594	441964	-3.548229	-2	370
441964	442794	-5.645687	-3	830
442794	443354	-3.583352	-2	560
443354	445504	-0.646017	-1	2150
