380746	380996	0.774183	1	250
380996	381536	-0.603642	-1	540
381536	386256	1.071092	1	4720
386256	386866	-0.629646	-1	610
386866	396956	1.747886	1	10090
396956	398036	-1.393296	-1	1080
398036	403136	1.329949	1	5100
403136	405716	7.735198	2	2580
405716	406106	2.113910	1	390
406106	406606	-0.614299	-1	500
406606	407016	-3.507026	-2	410
407016	407726	-5.518975	-3	710
407726	408096	-3.543786	-2	370
408096	408326	-0.972893	-1	230
408326	410576	1.727601	1	2250
410576	411926	5.403179	2	1350
411926	412246	1.987792	1	320
412246	412476	-1.006176	-1	230
412476	412676	-2.444108	-2	200
412676	412896	-1.011033	-1	220
412896	418366	2.780699	1	5470
418366	419546	6.664308	2	1180
419546	420826	2.514709	1	1280
420826	421436	4.798263	2	610
421436	422666	2.516857	1	1230
422666	428656	7.139999	2	5990
428656	428986	2.197031	1	330
428986	429166	-0.946266	-1	180
429166	429966	-4.059686	-2	800
429966	434106	-7.505783	-3	4140
434106	434286	-3.516916	-2	180
434286	434406	-0.961256	-1	120
434406	434886	1.553153	1	480
434886	435016	-1.047047	-1	130
435016	435186	-3.579961	-2	170
435186	435686	-6.345116	-3	500
435686	436016	-3.512895	-2	330
436016	438256	-0.535230	-1	2240
438256	438756	2.046901	1	500
438756	439716	5.910951	2	960
439716	440006	2.188155	1	290
440006	440146	-0.910689	-1	140
440146	440346	-3.379541	-2	200
440346	440896	-5.935209	-3	550
440896	441216	-3.525332	-2	320
441216	441606	-1.508490	-1	390
441606	441976	-3.494614	-2	370
441976	442806	-5.627197	-3	830
442806	443366	-3.591780	-2	560
443366	443796	-0.813908	-1	430
443796	444356	0.549788	1	560
444356	445506	-0.865353	-1	1150
