380515	380885	1.655823	1	370
380885	381425	-1.837057	-1	540
381425	386115	1.138871	1	4690
386115	386745	-0.938576	-1	630
386745	395095	1.554886	1	8350
395095	395675	-0.476761	-1	580
395675	396825	2.091410	1	1150
396825	397035	-1.122058	-1	210
397035	397435	-2.656139	-2	400
397435	397805	-0.999650	-1	370
397805	398955	0.361078	1	1150
398955	399585	-0.202509	-1	630
399585	403095	1.575168	1	3510
403095	405565	8.057251	2	2470
405565	405875	2.431232	1	310
405875	406515	-0.302560	-1	640
406515	406815	-3.451133	-2	300
406815	407705	-5.556425	-3	890
407705	407975	-3.584400	-2	270
407975	408145	-1.031733	-1	170
408145	410565	1.806656	1	2420
410565	411885	5.724539	2	1320
411885	412075	2.308812	1	190
412075	412185	-1.231763	-1	110
412185	412515	-3.095609	-2	330
412515	412735	-0.835389	-1	220
412735	418275	2.735200	1	5540
418275	419435	6.812487	2	1160
419435	422655	2.833848	1	3220
422655	428585	7.174318	2	5930
428585	428885	2.344605	1	300
428885	428995	-0.990536	-1	110
428995	429825	-4.057475	-2	830
429825	434065	-7.524820	-3	4240
434065	434195	-3.450046	-2	130
434195	434275	-0.922899	-1	80
434275	434795	2.891477	1	520
434795	434875	-0.880337	-1	80
434875	435005	-3.406342	-2	130
435005	435605	-6.868436	-3	600
435605	435845	-3.441130	-2	240
435845	438255	-0.483976	-1	2410
438255	438645	2.289083	1	390
438645	439645	6.257810	2	1000
439645	439905	2.379659	1	260
439905	440005	-1.038974	-1	100
440005	440145	-3.415529	-2	140
440145	440845	-6.020437	-3	700
440845	441055	-3.521309	-2	210
441055	441505	-0.610705	-1	450
441505	441795	-3.498756	-2	290
441795	442755	-5.623243	-3	960
442755	443245	-3.459569	-2	490
443245	443605	-0.943873	-1	360
443605	444245	0.550262	1	640
444245	445505	-1.032310	-1	1260
