380499	380879	1.693767	1	380
380879	381409	-1.859817	-1	530
381409	386099	1.456899	1	4690
386099	386739	-0.943435	-1	640
386739	395099	1.554508	1	8360
395099	395669	-0.497619	-1	570
395669	396809	2.124670	1	1140
396809	397019	-1.071736	-1	210
397019	397429	-2.663933	-2	410
397429	397789	-0.997251	-1	360
397789	398939	0.361434	1	1150
398939	399579	-0.204483	-1	640
399579	403119	1.527443	1	3540
403119	405539	8.134337	2	2420
405539	405859	2.582181	1	320
405859	406519	-0.314141	-1	660
406519	406799	-3.489983	-2	280
406799	407709	-5.553548	-3	910
407709	407979	-3.478435	-2	270
407979	408129	-0.974916	-1	150
408129	410709	1.989581	1	2580
410709	411859	5.854641	2	1150
411859	412069	2.546762	1	210
412069	412159	-1.174163	-1	90
412159	412509	-3.111772	-2	350
412509	412729	-0.767279	-1	220
412729	418289	2.744492	1	5560
418289	419409	6.895683	2	1120
419409	422699	2.873091	1	3290
422699	428559	7.206207	2	5860
428559	428869	2.597909	1	310
428869	428989	-0.982674	-1	120
428989	429829	-4.075534	-2	840
429829	434069	-7.527631	-3	4240
434069	434189	-3.335337	-2	120
434189	434269	-0.884447	-1	80
434269	434789	2.991082	1	520
434789	434869	-0.899606	-1	80
434869	434989	-3.414503	-2	120
434989	435589	-6.915934	-3	600
435589	435839	-3.466484	-2	250
435839	438259	-0.473423	-1	2420
438259	438659	2.490830	1	400
438659	439629	6.319363	2	970
439629	439899	2.479893	1	270
439899	439989	-1.011984	-1	90
439989	440139	-3.456684	-2	150
440139	440839	-6.035453	-3	700
440839	441049	-3.496444	-2	210
441049	441209	-1.003353	-1	160
441209	441349	0.470285	1	140
441349	441499	-0.997422	-1	150
441499	441779	-3.491470	-2	280
441779	442749	-5.616382	-3	970
442749	443229	-3.472077	-2	480
443229	443589	-0.980585	-1	360
443589	444239	0.558722	1	650
444239	445509	-1.028948	-1	1270
