380556	380906	1.533293	1	350
380906	381446	-1.585740	-1	540
381446	386136	1.437121	1	4690
386136	386766	-0.884324	-1	630
386766	395116	1.551207	1	8350
395116	395686	-0.452772	-1	570
395686	396846	2.259554	1	1160
396846	397056	-1.024029	-1	210
397056	397446	-2.607441	-2	390
397446	397846	-1.004279	-1	400
397846	398996	0.360167	1	1150
398996	399606	-0.195868	-1	610
399606	403076	1.541500	1	3470
403076	405616	7.931514	2	2540
405616	405916	2.196412	1	300
405916	406536	-0.354676	-1	620
406536	406856	-3.501562	-2	320
406856	407706	-5.557580	-3	850
407706	408006	-3.556904	-2	300
408006	408176	-0.983767	-1	170
408176	410536	1.755847	1	2360
410536	411906	5.626591	2	1370
411906	412096	2.173223	1	190
412096	412226	-1.124795	-1	130
412226	412546	-2.916532	-2	320
412546	412736	-1.001886	-1	190
412736	418276	2.723624	1	5540
418276	419476	6.682371	2	1200
419476	420816	2.243429	1	1340
420816	421386	5.108748	2	570
421386	422616	2.354377	1	1230
422616	428626	7.131549	2	6010
428626	428896	2.157245	1	270
428896	429036	-0.991116	-1	140
429036	429936	-4.064306	-2	900
429936	434076	-7.542193	-3	4140
434076	434206	-3.516401	-2	130
434206	434296	-1.011989	-1	90
434296	434816	2.648870	1	520
434816	434906	-1.004093	-1	90
434906	435036	-3.501982	-2	130
435036	435626	-6.777405	-3	590
435626	435876	-3.419265	-2	250
435876	438256	-0.493612	-1	2380
438256	438636	2.057801	1	380
438636	439676	6.124513	2	1040
439676	439916	2.232039	1	240
439916	440026	-0.900079	-1	110
440026	440186	-3.398472	-2	160
440186	440856	-6.034258	-3	670
440856	441086	-3.505129	-2	230
441086	441536	-0.778989	-1	450
441536	441836	-3.596329	-2	300
441836	442766	-5.638060	-3	930
442766	443276	-3.465915	-2	510
443276	443646	-0.865555	-1	370
443646	444246	0.532072	1	600
444246	445506	-1.025485	-1	1260
