380477	380867	1.763309	1	390
380867	381397	-1.943389	-1	530
381397	386087	1.461682	1	4690
386087	386727	-0.973589	-1	640
386727	395087	1.556663	1	8360
395087	395667	-0.506325	-1	580
395667	396797	2.164517	1	1130
396797	396997	-1.036942	-1	200
396997	397427	-2.665437	-2	430
397427	397767	-0.983402	-1	340
397767	398917	0.362019	1	1150
398917	399567	-0.208527	-1	650
399567	403107	1.522195	1	3540
403107	405527	8.152525	2	2420
405527	405837	2.605155	1	310
405837	406507	-0.282233	-1	670
406507	406777	-3.453247	-2	270
406777	407707	-5.556216	-3	930
407707	407957	-3.535051	-2	250
407957	408107	-1.082402	-1	150
408107	410627	1.894658	1	2520
410627	411857	5.838613	2	1230
411857	412057	2.554707	1	200
412057	412127	-1.010956	-1	70
412127	412497	-3.196293	-2	370
412497	412737	-0.644026	-1	240
412737	418267	2.745907	1	5530
418267	419427	6.863140	2	1160
419427	422677	2.837864	1	3250
422677	428567	7.198281	2	5890
428567	428857	2.532337	1	290
428857	428977	-1.006198	-1	120
428977	429807	-4.064476	-2	830
429807	434057	-7.524756	-3	4250
434057	434177	-3.464138	-2	120
434177	434257	-0.937355	-1	80
434257	434787	3.073923	1	530
434787	434857	-0.993526	-1	70
434857	434967	-3.352145	-2	110
434967	435597	-6.890206	-3	630
435597	435827	-3.324499	-2	230
435827	438257	-0.466468	-1	2430
438257	438637	2.448752	1	380
438637	439637	6.320775	2	1000
439637	439887	2.401068	1	250
439887	439977	-1.015447	-1	90
439977	440117	-3.478446	-2	140
440117	440827	-6.036138	-3	710
440827	441037	-3.526638	-2	210
441037	441187	-0.963957	-1	150
441187	441347	0.521281	1	160
441347	441487	-0.977031	-1	140
441487	441767	-3.513573	-2	280
441767	442757	-5.605517	-3	990
442757	443207	-3.446901	-2	450
443207	443567	-1.050058	-1	360
443567	444247	0.566700	1	680
444247	445507	-1.039228	-1	1260
