380640	380930	1.249762	1	290
380930	381480	-0.869957	-1	550
381480	386190	1.919335	1	4710
386190	386810	-0.773159	-1	620
386810	395160	1.543326	1	8350
395160	395700	-0.397939	-1	540
395700	396890	2.091322	1	1190
396890	397120	-1.050847	-1	230
397120	397480	-2.488605	-2	360
397480	397930	-0.976878	-1	450
397930	399060	0.361558	1	1130
399060	399590	-0.188487	-1	530
399590	403200	1.601543	1	3610
403200	405580	8.073465	2	2380
405580	406000	2.631435	1	420
406000	406560	-0.448023	-1	560
406560	406930	-3.503128	-2	370
406930	407710	-5.546854	-3	780
407710	408050	-3.529167	-2	340
408050	408240	-0.950798	-1	190
408240	411230	2.514284	1	2990
411230	411860	5.977234	2	630
411860	412160	2.526154	1	300
412160	412340	-1.083869	-1	180
412340	412600	-2.682237	-2	260
412600	412810	-1.019646	-1	210
412810	418400	2.784874	1	5590
418400	419420	6.867335	2	1020
419420	422810	3.067684	1	3390
422810	428550	7.271624	2	5740
428550	428940	2.710686	1	390
428940	429090	-1.003064	-1	150
429090	429950	-4.069139	-2	860
429950	434090	-7.526363	-3	4140
434090	434240	-3.479445	-2	150
434240	434340	-0.979473	-1	100
434340	434850	2.131613	1	510
434850	434950	-1.066440	-1	100
434950	435100	-3.498092	-2	150
435100	435650	-6.596140	-3	550
435650	435940	-3.446571	-2	290
435940	438260	-0.507759	-1	2320
438260	438790	2.609494	1	530
438790	439630	6.263315	2	840
439630	439960	2.629967	1	330
439960	440080	-0.998975	-1	120
440080	440250	-3.350075	-2	170
440250	440870	-5.999137	-3	620
440870	441150	-3.472536	-2	280
441150	441560	-1.057721	-1	410
441560	441900	-3.533084	-2	340
441900	442780	-5.645359	-3	880
442780	443320	-3.517572	-2	540
443320	443720	-0.792009	-1	400
443720	444260	0.473147	1	540
444260	445510	-1.017738	-1	1250
