380739	380989	0.888020	1	250
380989	381539	-0.614217	-1	550
381539	386259	1.073521	1	4720
386259	386849	-0.663782	-1	590
386849	396949	1.484935	1	10100
396949	398029	-1.398465	-1	1080
398029	403149	1.340780	1	5120
403149	405699	7.781252	2	2550
405699	406099	2.198666	1	400
406099	406589	-0.555682	-1	490
406589	407009	-3.447703	-2	420
407009	407719	-5.524982	-3	710
407719	408089	-3.592240	-2	370
408089	408319	-1.003961	-1	230
408319	410579	1.733136	1	2260
410579	411929	5.407820	2	1350
411929	412259	1.863542	1	330
412259	412469	-1.105270	-1	210
412469	412669	-2.472533	-2	200
412669	412899	-0.985469	-1	230
412899	418369	2.784787	1	5470
418369	419539	6.697089	2	1170
419539	420829	2.525395	1	1290
420829	421429	4.815362	2	600
421429	422679	2.537771	1	1250
422679	428659	7.147192	2	5980
428659	428989	2.135381	1	330
428989	429159	-0.962962	-1	170
429159	429969	-4.057209	-2	810
429969	434109	-7.508922	-3	4140
434109	434279	-3.533900	-2	170
434279	434399	-1.025813	-1	120
434399	434889	1.595503	1	490
434889	434999	-0.968558	-1	110
434999	435169	-3.375385	-2	170
435169	435689	-6.333873	-3	520
435689	436009	-3.495778	-2	320
436009	438259	-0.532688	-1	2250
438259	438769	2.128395	1	510
438769	439719	5.939745	2	950
439719	440019	2.049426	1	300
440019	440159	-1.124632	-1	140
440159	440339	-3.487126	-2	180
440339	440899	-5.934579	-3	560
440899	441219	-3.472774	-2	320
441219	441609	-1.458730	-1	390
441609	441969	-3.511902	-2	360
441969	442809	-5.625388	-3	840
442809	443369	-3.562203	-2	560
443369	443779	-0.821177	-1	410
443779	444359	0.542124	1	580
444359	445509	-0.866730	-1	1150
