380739	380989	0.818680	1	250
380989	381529	-0.625019	-1	540
381529	386259	1.071163	1	4730
386259	386859	-0.652655	-1	600
386859	396949	1.749214	1	10090
396949	398029	-1.398651	-1	1080
398029	403149	1.340277	1	5120
403149	405709	7.768149	2	2560
405709	406099	2.148404	1	390
406099	406599	-0.582559	-1	500
406599	407029	-3.549300	-2	430
407029	407719	-5.540995	-3	690
407719	408099	-3.552126	-2	380
408099	408309	-1.009387	-1	210
408309	410569	1.713616	1	2260
410569	411929	5.399391	2	1360
411929	412249	1.930966	1	320
412249	412469	-1.045535	-1	220
412469	412669	-2.480472	-2	200
412669	412899	-0.990954	-1	230
412899	418359	2.782041	1	5460
418359	419539	6.675147	2	1180
419539	420819	2.511892	1	1280
420819	421429	4.805719	2	610
421429	422669	2.524735	1	1240
422669	428659	7.142514	2	5990
428659	428989	2.141727	1	330
428989	429159	-0.948397	-1	170
429159	429969	-4.056290	-2	810
429969	434109	-7.508410	-3	4140
434109	434279	-3.552464	-2	170
434279	434399	-1.047266	-1	120
434399	434879	1.624949	1	480
434879	435009	-0.957685	-1	130
435009	435189	-3.613576	-2	180
435189	435689	-6.385974	-3	500
435689	436009	-3.504100	-2	320
436009	438259	-0.532924	-1	2250
438259	438759	2.083518	1	500
438759	439719	5.920840	2	960
439719	440009	2.127862	1	290
440009	440149	-0.984137	-1	140
440149	440339	-3.399687	-2	190
440339	440899	-5.934793	-3	560
440899	441219	-3.480480	-2	320
441219	441609	-1.461662	-1	390
441609	441969	-3.508702	-2	360
441969	442809	-5.624544	-3	840
442809	443369	-3.564877	-2	560
443369	443789	-0.806713	-1	420
443789	444349	0.561634	1	560
444349	445509	-0.859182	-1	1160
