380545	380895	1.591477	1	350
380895	381435	-1.674725	-1	540
381435	386125	1.131809	1	4690
386125	386765	-0.886575	-1	640
386765	395105	1.554093	1	8340
395105	395685	-0.454755	-1	580
395685	396845	2.275230	1	1160
396845	397055	-1.081657	-1	210
397055	397445	-2.627443	-2	390
397445	397835	-0.995801	-1	390
397835	398985	0.360374	1	1150
398985	399595	-0.200115	-1	610
399595	403065	1.534505	1	3470
403065	405615	7.925502	2	2550
405615	405905	2.162814	1	290
405905	406525	-0.325359	-1	620
406525	406845	-3.464186	-2	320
406845	407705	-5.558139	-3	860
407705	407995	-3.585811	-2	290
407995	408165	-1.026089	-1	170
408165	410535	1.757785	1	2370
410535	411915	5.632376	2	1380
411915	412095	1.987089	1	180
412095	412215	-1.226393	-1	120
412215	412535	-2.972689	-2	320
412535	412735	-0.967002	-1	200
412735	418265	2.723033	1	5530
418265	419475	6.680554	2	1210
419475	420775	2.170510	1	1300
420775	421375	5.085046	2	600
421375	422605	2.344415	1	1230
422605	428625	7.129665	2	6020
428625	428905	2.038315	1	280
428905	429025	-1.096931	-1	120
429025	429935	-4.055036	-2	910
429935	434075	-7.543571	-3	4140
434075	434205	-3.470190	-2	130
434205	434285	-1.043482	-1	80
434285	434815	2.670655	1	530
434815	434895	-0.975709	-1	80
434895	435025	-3.427356	-2	130
435025	435625	-6.782258	-3	600
435625	435865	-3.413539	-2	240
435865	438255	-0.492834	-1	2390
438255	438635	2.092285	1	380
438635	439685	6.127128	2	1050
439685	439915	2.095531	1	230
439915	440025	-0.998264	-1	110
440025	440175	-3.456103	-2	150
440175	440855	-6.030248	-3	680
440855	441075	-3.518731	-2	220
441075	441535	-0.757437	-1	460
441535	441825	-3.609834	-2	290
441825	442765	-5.633496	-3	940
442765	443265	-3.465941	-2	500
443265	443635	-0.893752	-1	370
443635	444245	0.537830	1	610
444245	445505	-1.027363	-1	1260
