380752	381002	0.756286	1	250
381002	381542	-0.590241	-1	540
381542	386272	1.067629	1	4730
386272	386862	-0.643715	-1	590
386862	396962	1.746736	1	10100
396962	398042	-1.390205	-1	1080
398042	403142	1.331069	1	5100
403142	405732	7.717917	2	2590
405732	406112	2.063965	1	380
406112	406602	-0.595186	-1	490
406602	407022	-3.474963	-2	420
407022	407722	-5.525435	-3	700
407722	408102	-3.564668	-2	380
408102	408332	-0.971435	-1	230
408332	410562	1.708934	1	2230
410562	411942	5.366885	2	1380
411942	412272	1.785330	1	330
412272	412482	-1.062685	-1	210
412482	412682	-2.441695	-2	200
412682	412892	-1.058391	-1	210
412892	418352	2.772715	1	5460
418352	419562	6.590284	2	1210
419562	420772	2.420289	1	1210
420772	421452	4.734875	2	680
421452	422652	2.475802	1	1200
422652	428672	7.125306	2	6020
428672	429002	2.044149	1	330
429002	429172	-1.004854	-1	170
429172	429972	-4.064647	-2	800
429972	434112	-7.504985	-3	4140
434112	434292	-3.489748	-2	180
434292	434402	-1.021952	-1	110
434402	434892	1.496733	1	490
434892	435022	-1.059331	-1	130
435022	435182	-3.515637	-2	160
435182	435692	-6.304104	-3	510
435692	436022	-3.502949	-2	330
436022	438262	-0.534398	-1	2240
438262	438752	2.019740	1	490
438752	439732	5.862787	2	980
439732	440012	2.077489	1	280
440012	440152	-0.921712	-1	140
440152	440352	-3.384745	-2	200
440352	440902	-5.929985	-3	550
440902	441222	-3.513356	-2	320
441222	441602	-1.509055	-1	380
441602	441982	-3.460329	-2	380
441982	442812	-5.624831	-3	830
442812	443372	-3.582518	-2	560
443372	443792	-0.830805	-1	420
443792	444362	0.531453	1	570
444362	445512	-0.866842	-1	1150
