380676	380956	1.097157	1	280
380956	381506	-0.792199	-1	550
381506	386216	1.606268	1	4710
386216	386826	-0.742669	-1	610
386826	395186	1.538657	1	8360
395186	395696	-0.391415	-1	510
395696	396916	2.003023	1	1220
396916	397156	-1.102770	-1	240
397156	397486	-2.468208	-2	330
397486	397966	-0.997947	-1	480
397966	399096	0.358962	1	1130
399096	399616	-0.178806	-1	520
399616	403076	1.482967	1	3460
403076	405716	7.702955	2	2640
405716	406036	1.929306	1	320
406036	406576	-0.482755	-1	540
406576	406966	-3.514138	-2	390
406966	407726	-5.538481	-3	760
407726	408066	-3.528374	-2	340
408066	408266	-0.992341	-1	200
408266	410496	1.662773	1	2230
410496	411956	5.388001	2	1460
411956	412176	1.819190	1	220
412176	412376	-0.956170	-1	200
412376	412626	-2.595202	-2	250
412626	412836	-1.048940	-1	210
412836	418296	2.748215	1	5460
418296	419566	6.615953	2	1270
419566	420626	2.142334	1	1060
420626	421476	4.653427	2	850
421476	422576	2.262904	1	1100
422576	428686	7.098641	2	6110
428686	428956	1.909726	1	270
428956	429116	-0.959774	-1	160
429116	429966	-4.073718	-2	850
429966	434096	-7.527881	-3	4130
434096	434266	-3.459739	-2	170
434266	434356	-1.006227	-1	90
434356	434856	1.975994	1	500
434856	434976	-0.966843	-1	120
434976	435126	-3.492744	-2	150
435126	435666	-6.515824	-3	540
435666	435966	-3.479160	-2	300
435966	438256	-0.519932	-1	2290
438256	438676	1.850184	1	420
438676	439736	5.877517	2	1060
439736	439986	1.936052	1	250
439986	440126	-1.067063	-1	140
440126	440286	-3.450916	-2	160
440286	440886	-5.945680	-3	600
440886	441176	-3.474129	-2	290
441176	441576	-1.185903	-1	400
441576	441926	-3.501657	-2	350
441926	442796	-5.638968	-3	870
442796	443336	-3.542786	-2	540
443336	443746	-0.813688	-1	410
443746	444276	0.441585	1	530
444276	445506	-1.027412	-1	1230
