380768	381008	0.705923	1	240
381008	381548	-0.546399	-1	540
381548	386278	1.063048	1	4730
386278	386878	-0.605422	-1	600
386878	396968	1.743914	1	10090
396968	398058	-1.365506	-1	1090
398058	403148	1.100953	1	5090
403148	405728	7.718787	2	2580
405728	406128	2.123364	1	400
406128	406598	-0.598967	-1	470
406598	407048	-3.486284	-2	450
407048	407728	-5.525871	-3	680
407728	408108	-3.547609	-2	380
408108	408348	-0.962480	-1	240
408348	410578	1.721848	1	2230
410578	411928	5.379223	2	1350
411928	412278	1.919182	1	350
412278	412498	-0.997391	-1	220
412498	412688	-2.415819	-2	190
412688	412908	-1.059986	-1	220
412908	418378	2.783049	1	5470
418378	419558	6.623441	2	1180
419558	420808	2.486583	1	1250
420808	421448	4.744961	2	640
421448	422668	2.520673	1	1220
422668	428668	7.129141	2	6000
428668	429018	2.034333	1	350
429018	429178	-1.023239	-1	160
429178	429978	-4.051950	-2	800
429978	434118	-7.501869	-3	4140
434118	434298	-3.457240	-2	180
434298	434418	-0.965364	-1	120
434418	434898	1.423738	1	480
434898	435028	-1.041306	-1	130
435028	435208	-3.609347	-2	180
435208	435698	-6.297751	-3	490
435698	436038	-3.482625	-2	340
436038	438258	-0.536507	-1	2220
438258	438768	2.033703	1	510
438768	439718	5.886774	2	950
439718	440018	2.190269	1	300
440018	440158	-0.902272	-1	140
440158	440368	-3.403412	-2	210
440368	440898	-5.943925	-3	530
440898	441248	-3.473742	-2	350
441248	441618	-1.577498	-1	370
441618	441998	-3.515174	-2	380
441998	442808	-5.629301	-3	810
442808	443378	-3.611063	-2	570
443378	443808	-0.825897	-1	430
443808	444358	0.522216	1	550
444358	445508	-0.865133	-1	1150
