380750	380990	0.799350	1	240
380990	381540	-0.582003	-1	550
381540	386270	1.068017	1	4730
386270	386860	-0.646118	-1	590
386860	396950	1.747262	1	10090
396950	398040	-1.378623	-1	1090
398040	403090	1.414743	1	5050
403090	405750	7.620096	2	2660
405750	406110	1.969787	1	360
406110	406600	-0.590283	-1	490
406600	407030	-3.503046	-2	430
407030	407720	-5.532389	-3	690
407720	408100	-3.573724	-2	380
408100	408330	-0.983532	-1	230
408330	410490	1.631918	1	2160
410490	411970	5.276486	2	1480
411970	412260	1.641803	1	290
412260	412900	-1.464858	-1	640
412900	418320	2.770302	1	5420
418320	419590	6.467716	2	1270
419590	420600	2.110078	1	1010
420600	421520	4.539132	2	920
421520	422610	2.322945	1	1090
422610	428690	7.093775	2	6080
428690	429000	1.933437	1	310
429000	429180	-1.053157	-1	180
429180	429980	-4.095866	-2	800
429980	434110	-7.510825	-3	4130
434110	434290	-3.517550	-2	180
434290	434410	-0.955620	-1	120
434410	434900	1.504346	1	490
434900	435010	-1.038430	-1	110
435010	435190	-3.502633	-2	180
435190	435690	-6.335828	-3	500
435690	436020	-3.513499	-2	330
436020	438260	-0.534403	-1	2240
438260	438710	1.832607	1	450
438710	439760	5.736460	2	1050
439760	440020	1.816784	1	260
440020	440160	-1.055139	-1	140
440160	440350	-3.443875	-2	190
440350	440900	-5.928497	-3	550
440900	441230	-3.478011	-2	330
441230	441610	-1.500370	-1	380
441610	441990	-3.534872	-2	380
441990	442810	-5.633535	-3	820
442810	443370	-3.590380	-2	560
443370	443800	-0.815793	-1	430
443800	444350	0.554103	1	550
444350	445510	-0.858960	-1	1160
