380765	381005	0.720824	1	240
381005	381545	-0.553858	-1	540
381545	386275	1.063613	1	4730
386275	386875	-0.608764	-1	600
386875	396965	1.744301	1	10090
396965	398055	-1.366564	-1	1090
398055	403125	1.311580	1	5070
403125	405735	7.680216	2	2610
405735	406125	2.068080	1	390
406125	406605	-0.621187	-1	480
406605	407035	-3.485132	-2	430
407035	407725	-5.518865	-3	690
407725	408105	-3.561402	-2	380
408105	408335	-1.004168	-1	230
408335	410555	1.692447	1	2220
410555	411945	5.344652	2	1390
411945	412275	1.803734	1	330
412275	412495	-1.010727	-1	220
412495	412695	-2.398898	-2	200
412695	412905	-1.015649	-1	210
412905	418365	2.779909	1	5460
418365	419565	6.585320	2	1200
419565	420745	2.386674	1	1180
420745	421475	4.678444	2	730
421475	422645	2.447537	1	1170
422645	428675	7.115168	2	6030
428675	428995	2.113875	1	320
428995	429185	-0.966222	-1	190
429185	429975	-4.077845	-2	790
429975	434115	-7.502008	-3	4140
434115	434295	-3.474136	-2	180
434295	434415	-0.971953	-1	120
434415	434895	1.437032	1	480
434895	435025	-1.054635	-1	130
435025	435195	-3.517039	-2	170
435195	435695	-6.276151	-3	500
435695	436035	-3.487117	-2	340
436035	438255	-0.536344	-1	2220
438255	438745	1.939085	1	490
438745	439735	5.818871	2	990
439735	440025	2.000055	1	290
440025	440165	-1.036488	-1	140
440165	440365	-3.473391	-2	200
440365	440905	-5.924119	-3	540
440905	441235	-3.479474	-2	330
441235	441605	-1.566883	-1	370
441605	441995	-3.474932	-2	390
441995	442815	-5.624328	-3	820
442815	443385	-3.564482	-2	570
443385	443805	-0.799295	-1	420
443805	444345	0.540826	1	540
444345	445505	-0.857523	-1	1160
