380470	380870	1.754261	1	400
380870	381390	-2.108559	-1	520
381390	386080	1.149967	1	4690
386080	386730	-0.968604	-1	650
386730	395090	1.557487	1	8360
395090	395670	-0.513842	-1	580
395670	396790	2.191830	1	1120
396790	396990	-1.012876	-1	200
396990	397420	-2.675177	-2	430
397420	397740	-1.060034	-1	320
397740	398910	0.356074	1	1170
398910	399570	-0.207268	-1	660
399570	403110	1.530247	1	3540
403110	405520	8.170472	2	2410
405520	405830	2.643169	1	310
405830	406510	-0.289590	-1	680
406510	406780	-3.531350	-2	270
406780	407700	-5.567120	-3	920
407700	407960	-3.534565	-2	260
407960	408110	-0.978698	-1	150
408110	410790	2.100942	1	2680
410790	411850	5.961064	2	1060
411850	412050	2.671665	1	200
412050	412120	-0.943359	-1	70
412120	412480	-3.264992	-2	360
412480	412730	-0.708573	-1	250
412730	418270	2.746772	1	5540
418270	419400	6.917883	2	1130
419400	422690	2.862434	1	3290
422690	428550	7.210316	2	5860
428550	428850	2.698930	1	300
428850	428960	-0.879261	-1	110
428960	429810	-4.039969	-2	850
429810	434060	-7.586884	-3	4250
434060	434170	-3.448912	-2	110
434170	434260	-0.922415	-1	90
434260	434780	3.172973	1	520
434780	434850	-0.902230	-1	70
434850	434970	-3.451176	-2	120
434970	435590	-6.937555	-3	620
435590	435820	-3.361231	-2	230
435820	438260	-0.463271	-1	2440
438260	438650	2.594541	1	390
438650	439630	6.351642	2	980
439630	439880	2.504998	1	250
439880	439980	-1.058876	-1	100
439980	440110	-3.568738	-2	130
440110	440830	-6.021417	-3	720
440830	441030	-3.498813	-2	200
441030	441170	-1.043278	-1	140
441170	441340	0.528544	1	170
441340	441490	-0.968930	-1	150
441490	441750	-3.498171	-2	260
441750	442750	-5.597507	-3	1000
442750	443210	-3.437380	-2	460
443210	443560	-1.039318	-1	350
443560	444240	0.572034	1	680
444240	445510	-1.032486	-1	1270
