380470	380870	1.754651	1	400
380870	381390	-2.108620	-1	520
381390	386080	1.149984	1	4690
386080	386730	-0.968707	-1	650
386730	395090	1.557492	1	8360
395090	395670	-0.513905	-1	580
395670	396790	2.191902	1	1120
396790	396990	-1.012553	-1	200
396990	397420	-2.675303	-2	430
397420	397740	-1.060231	-1	320
397740	398910	0.356077	1	1170
398910	399570	-0.207296	-1	660
399570	403110	1.530172	1	3540
403110	405520	8.170530	2	2410
405520	405830	2.643627	1	310
405830	406510	-0.289383	-1	680
406510	406780	-3.530991	-2	270
406780	407700	-5.567156	-3	920
407700	407960	-3.535254	-2	260
407960	408110	-0.979105	-1	150
408110	410790	2.100860	1	2680
410790	411860	5.953350	2	1070
411860	412050	2.544105	1	190
412050	412120	-0.942411	-1	70
412120	412480	-3.265495	-2	360
412480	412730	-0.708695	-1	250
412730	418270	2.746721	1	5540
418270	419410	6.902318	2	1140
419410	422690	2.855488	1	3280
422690	428550	7.210321	2	5860
428550	428850	2.699969	1	300
428850	428960	-0.878701	-1	110
428960	429810	-4.039866	-2	850
429810	434060	-7.586901	-3	4250
434060	434170	-3.450481	-2	110
434170	434260	-0.923568	-1	90
434260	434780	3.173485	1	520
434780	434850	-0.901018	-1	70
434850	434970	-3.450406	-2	120
434970	435590	-6.937799	-3	620
435590	435820	-3.361727	-2	230
435820	438260	-0.463302	-1	2440
438260	438640	2.527246	1	380
438640	439630	6.339332	2	990
439630	439880	2.506284	1	250
439880	439980	-1.058106	-1	100
439980	440110	-3.568405	-2	130
440110	440830	-6.021506	-3	720
440830	441030	-3.499623	-2	200
441030	441170	-1.043526	-1	140
441170	441340	0.528826	1	170
441340	441490	-0.968086	-1	150
441490	441750	-3.497859	-2	260
441750	442750	-5.597532	-3	1000
442750	443210	-3.437664	-2	460
443210	443560	-1.039609	-1	350
443560	444240	0.572098	1	680
444240	445510	-1.032498	-1	1270
