380772	381012	0.689457	1	240
381012	381552	-0.536407	-1	540
381552	386282	1.062361	1	4730
386282	386882	-0.602951	-1	600
386882	396972	1.743475	1	10090
396972	398062	-1.364307	-1	1090
398062	403092	1.284474	1	5030
403092	405782	7.563068	2	2690
405782	406132	1.865311	1	350
406132	406612	-0.635577	-1	480
406612	407042	-3.490078	-2	430
407042	407722	-5.523726	-3	680
407722	408112	-3.573691	-2	390
408112	408342	-1.002216	-1	230
408342	410482	1.610639	1	2140
410482	411982	5.233409	2	1500
411982	412282	1.573927	1	300
412282	412502	-0.989153	-1	220
412502	412702	-2.371741	-2	200
412702	412912	-1.019749	-1	210
412912	418322	2.771923	1	5410
418322	419612	6.386034	2	1290
419612	420582	2.054929	1	970
420582	421552	4.487514	2	970
421552	422612	2.304554	1	1060
422612	428712	7.077589	2	6100
428712	429012	1.830816	1	300
429012	429192	-1.024755	-1	180
429192	429972	-4.070065	-2	780
429972	434112	-7.500506	-3	4140
434112	434302	-3.511826	-2	190
434302	434412	-1.032527	-1	110
434412	434902	1.362438	1	490
434902	435032	-1.070855	-1	130
435032	435202	-3.531763	-2	170
435202	435692	-6.274565	-3	490
435692	436042	-3.523689	-2	350
436042	438262	-0.535980	-1	2220
438262	438702	1.750722	1	440
438702	439762	5.673394	2	1060
439762	440022	1.886463	1	260
440022	440172	-0.998971	-1	150
440172	440372	-3.472464	-2	200
440372	440902	-5.933696	-3	530
440902	441232	-3.556111	-2	330
441232	441612	-1.601938	-1	380
441612	442002	-3.481974	-2	390
442002	442812	-5.628676	-3	810
442812	443392	-3.577828	-2	580
443392	443812	-0.796255	-1	420
443812	444362	0.517804	1	550
444362	445512	-0.865523	-1	1150
