380702	380952	1.001722	1	250
380952	381512	-0.690985	-1	560
381512	386232	1.310295	1	4720
386232	386832	-0.703470	-1	600
386832	395202	1.533994	1	8370
395202	395702	-0.370618	-1	500
395702	396932	1.951131	1	1230
396932	397162	-1.068576	-1	230
397162	397502	-2.383946	-2	340
397502	397992	-0.974482	-1	490
397992	403182	1.132429	1	5190
403182	405642	7.926103	2	2460
405642	406062	2.410146	1	420
406062	406572	-0.499533	-1	510
406572	406992	-3.495899	-2	420
406992	407722	-5.539498	-3	730
407722	408072	-3.538966	-2	350
408072	408292	-0.983966	-1	220
408292	410712	1.907913	1	2420
410712	411902	5.569165	2	1190
411902	412212	2.119861	1	310
412212	412412	-0.992167	-1	200
412412	412642	-2.524599	-2	230
412642	412862	-1.022697	-1	220
412862	418392	2.786023	1	5530
418392	419492	6.902468	2	1100
419492	422732	3.005572	1	3240
422732	428612	7.201962	2	5880
428612	428972	2.346228	1	360
428972	429142	-1.033810	-1	170
429142	429962	-4.090318	-2	820
429962	434092	-7.520304	-3	4130
434092	434262	-3.596435	-2	170
434262	434372	-1.071811	-1	110
434372	434872	1.766934	1	500
434872	434982	-0.992533	-1	110
434982	435152	-3.522724	-2	170
435152	435672	-6.453280	-3	520
435672	435982	-3.490172	-2	310
435982	438262	-0.523777	-1	2280
438262	438772	2.293188	1	510
438772	439672	6.088022	2	900
439672	439992	2.408764	1	320
439992	440132	-1.006099	-1	140
440132	440312	-3.455011	-2	180
440312	440882	-5.952239	-3	570
440882	441192	-3.501564	-2	310
441192	441592	-1.321488	-1	400
441592	441952	-3.565532	-2	360
441952	442792	-5.643573	-3	840
442792	443342	-3.581002	-2	550
443342	443772	-0.806951	-1	430
443772	444272	0.427719	1	500
444272	445512	-1.013670	-1	1240
