380751	380991	0.788689	1	240
380991	381541	-0.583228	-1	550
381541	386261	1.070325	1	4720
386261	386861	-0.635210	-1	600
386861	396951	1.747170	1	10090
396951	398041	-1.378206	-1	1090
398041	403141	1.452286	1	5100
403141	405711	7.746125	2	2570
405711	406111	2.165301	1	400
406111	406601	-0.593931	-1	490
406601	407031	-3.513399	-2	430
407031	407721	-5.533497	-3	690
407721	408091	-3.607575	-2	370
408091	408331	-1.010102	-1	240
408331	410571	1.720425	1	2240
410571	411931	5.385882	2	1360
411931	412261	1.911209	1	330
412261	412481	-1.024579	-1	220
412481	412671	-2.465162	-2	190
412671	412891	-1.100595	-1	220
412891	418371	2.777704	1	5480
418371	419551	6.653291	2	1180
419551	420811	2.491033	1	1260
420811	421451	4.769220	2	640
421451	422661	2.488805	1	1210
422661	428671	7.130128	2	6010
428671	429001	2.043837	1	330
429001	429181	-1.072211	-1	180
429181	429981	-4.101808	-2	800
429981	434111	-7.511123	-3	4130
434111	434291	-3.487427	-2	180
434291	434411	-0.948003	-1	120
434411	434901	1.503482	1	490
434901	435011	-1.064175	-1	110
435011	435191	-3.518704	-2	180
435191	435691	-6.334281	-3	500
435691	436021	-3.502209	-2	330
436021	438261	-0.533823	-1	2240
438261	438751	2.019555	1	490
438751	439721	5.881619	2	970
439721	440021	2.082500	1	300
440021	440161	-1.072870	-1	140
440161	440351	-3.459060	-2	190
440351	440901	-5.931155	-3	550
440901	441231	-3.468442	-2	330
441231	441611	-1.501495	-1	380
441611	441981	-3.504885	-2	370
441981	442811	-5.626291	-3	830
442811	443371	-3.583991	-2	560
443371	443801	-0.810537	-1	430
443801	444351	0.553311	1	550
444351	445511	-0.858667	-1	1160
