380497	380887	1.667300	1	390
380887	381407	-2.015948	-1	520
381407	386097	1.143390	1	4690
386097	386737	-0.947714	-1	640
386737	395097	1.554771	1	8360
395097	395667	-0.498596	-1	570
395667	396807	2.126256	1	1140
396807	397017	-1.058133	-1	210
397017	397437	-2.651170	-2	420
397437	397787	-0.976821	-1	350
397787	398937	0.361524	1	1150
398937	399577	-0.206171	-1	640
399577	403097	1.505414	1	3520
403097	405557	8.085694	2	2460
405557	405857	2.433197	1	300
405857	406517	-0.306243	-1	660
406517	406797	-3.478929	-2	280
406797	407707	-5.556547	-3	910
407707	407977	-3.501738	-2	270
407977	408127	-0.985793	-1	150
408127	410577	1.826190	1	2450
410577	411877	5.763556	2	1300
411877	412067	2.354937	1	190
412067	412157	-1.173708	-1	90
412157	412497	-3.174306	-2	340
412497	412737	-0.786349	-1	240
412737	418267	2.738640	1	5530
418267	419437	6.819949	2	1170
419437	422657	2.826210	1	3220
422657	428587	7.177458	2	5930
428587	428867	2.390173	1	280
428867	428987	-0.961967	-1	120
428987	429817	-4.063915	-2	830
429817	434067	-7.522684	-3	4250
434067	434177	-3.495216	-2	110
434177	434267	-1.037092	-1	90
434267	434787	3.024513	1	520
434787	434877	-1.023821	-1	90
434877	434987	-3.532029	-2	110
434987	435597	-6.902232	-3	610
435597	435827	-3.464778	-2	230
435827	438257	-0.481151	-1	2430
438257	438637	2.340867	1	380
438637	439647	6.275620	2	1010
439647	439887	2.423989	1	240
439887	439997	-0.990350	-1	110
439997	440137	-3.559293	-2	140
440137	440847	-6.023431	-3	710
440847	441057	-3.372106	-2	210
441057	441207	-0.926437	-1	150
441207	441347	0.499329	1	140
441347	441507	-1.028388	-1	160
441507	441767	-3.493988	-2	260
441767	442757	-5.605808	-3	990
442757	443227	-3.446845	-2	470
443227	443587	-0.994473	-1	360
443587	444247	0.557947	1	660
444247	445507	-1.037647	-1	1260
