380683	380963	1.054626	1	280
380963	381503	-0.782184	-1	540
381503	386223	1.801049	1	4720
386223	386823	-0.739668	-1	600
386823	395183	1.537813	1	8360
395183	395703	-0.375389	-1	520
395703	396923	1.992288	1	1220
396923	397163	-1.111985	-1	240
397163	397493	-2.448238	-2	330
397493	397973	-0.991094	-1	480
397973	399103	0.358261	1	1130
399103	399603	-0.182965	-1	500
399603	403073	1.470887	1	3470
403073	405713	7.698334	2	2640
405713	406043	1.980583	1	330
406043	406573	-0.473145	-1	530
406573	406973	-3.490157	-2	400
406973	407723	-5.543391	-3	750
407723	408073	-3.528917	-2	350
408073	408273	-0.978988	-1	200
408273	410493	1.658443	1	2220
410493	411963	5.365376	2	1470
411963	412203	1.611304	1	240
412203	412383	-1.014966	-1	180
412383	412633	-2.571280	-2	250
412633	412843	-1.043055	-1	210
412843	418293	2.750191	1	5450
418293	419563	6.597237	2	1270
419563	420613	2.134077	1	1050
420613	421483	4.629280	2	870
421483	422583	2.267875	1	1100
422583	428683	7.103673	2	6100
428683	428963	1.915630	1	280
428963	429123	-0.978753	-1	160
429123	429963	-4.072104	-2	840
429963	434093	-7.525923	-3	4130
434093	434263	-3.565131	-2	170
434263	434363	-1.046816	-1	100
434363	434863	1.932210	1	500
434863	434973	-0.953152	-1	110
434973	435133	-3.440042	-2	160
435133	435673	-6.486508	-3	540
435673	435973	-3.453292	-2	300
435973	438253	-0.520626	-1	2280
438253	438683	1.850856	1	430
438683	439733	5.877297	2	1050
439733	439983	2.011252	1	250
439983	440133	-1.030171	-1	150
440133	440293	-3.473307	-2	160
440293	440883	-5.951509	-3	590
440883	441183	-3.492787	-2	300
441183	441573	-1.189653	-1	390
441573	441933	-3.480459	-2	360
441933	442793	-5.642677	-3	860
442793	443343	-3.550404	-2	550
443343	443753	-0.802869	-1	410
443753	444273	0.441119	1	520
444273	445503	-1.027359	-1	1230
