380552	380902	1.561823	1	350
380902	381442	-1.601488	-1	540
381442	386132	1.974992	1	4690
386132	386762	-0.893019	-1	630
386762	395112	1.551744	1	8350
395112	395682	-0.459583	-1	570
395682	396842	2.267549	1	1160
396842	397052	-1.010894	-1	210
397052	397442	-2.619426	-2	390
397442	397842	-1.010275	-1	400
397842	398992	0.360237	1	1150
398992	399602	-0.197529	-1	610
399602	403072	1.538009	1	3470
403072	405612	7.936638	2	2540
405612	405912	2.204547	1	300
405912	406532	-0.339509	-1	620
406532	406852	-3.491931	-2	320
406852	407712	-5.556740	-3	860
407712	408002	-3.537565	-2	290
408002	408172	-0.988215	-1	170
408172	410522	1.741714	1	2350
410522	411912	5.610278	2	1390
411912	412102	2.008840	1	190
412102	412222	-1.221282	-1	120
412222	412542	-2.941952	-2	320
412542	412732	-1.002568	-1	190
412732	418252	3.639214	1	5520
418252	419482	6.629871	2	1230
419482	420782	2.174145	1	1300
420782	421382	5.077248	2	600
421382	422602	2.333580	1	1220
422602	428622	7.125880	2	6020
428622	428902	2.121242	1	280
428902	429032	-1.057214	-1	130
429032	429942	-4.069856	-2	910
429942	434082	-7.542476	-3	4140
434082	434202	-3.443435	-2	120
434202	434292	-1.041140	-1	90
434292	434822	2.625911	1	530
434822	434902	-1.092565	-1	80
434902	435032	-3.499089	-2	130
435032	435622	-6.791715	-3	590
435622	435872	-3.427063	-2	250
435872	438262	-0.491097	-1	2390
438262	438632	2.082240	1	370
438632	439692	6.095510	2	1060
439692	439912	2.106019	1	220
439912	440022	-0.868398	-1	110
440022	440182	-3.393229	-2	160
440182	440852	-6.034689	-3	670
440852	441082	-3.520593	-2	230
441082	441532	-0.750004	-1	450
441532	441822	-3.547735	-2	290
441822	442762	-5.631589	-3	940
442762	443272	-3.469994	-2	510
443272	443642	-0.870137	-1	370
443642	444242	0.536526	1	600
444242	445512	-1.021589	-1	1270
