380453	380873	1.747252	1	420
380873	381383	-2.271832	-1	510
381383	386073	1.153093	1	4690
386073	386713	-1.001689	-1	640
386713	395083	1.557102	1	8370
395083	395653	-0.532367	-1	570
395653	396773	2.203775	1	1120
396773	396983	-0.995449	-1	210
396983	397413	-2.692639	-2	430
397413	397743	-1.001686	-1	330
397743	398893	0.362679	1	1150
398893	399563	-0.209063	-1	670
399563	403113	1.540665	1	3550
403113	405503	8.208658	2	2390
405503	405813	2.722384	1	310
405813	406503	-0.273433	-1	690
406503	406773	-3.581435	-2	270
406773	407703	-5.571937	-3	930
407703	407943	-3.540755	-2	240
407943	408093	-1.054193	-1	150
408093	410773	2.087110	1	2680
410773	411843	5.978307	2	1070
411843	412043	2.695694	1	200
412043	412113	-1.036582	-1	70
412113	412473	-3.370148	-2	360
412473	412733	-0.621352	-1	260
412733	418263	2.753062	1	5530
418263	419393	6.937239	2	1130
419393	422703	2.871333	1	3310
422703	428553	7.221383	2	5850
428553	428853	2.553764	1	300
428853	428943	-0.942427	-1	90
428943	429803	-4.021233	-2	860
429803	434053	-7.591016	-3	4250
434053	434163	-3.499009	-2	110
434163	434253	-0.925600	-1	90
434253	434773	3.275313	1	520
434773	434843	-0.926721	-1	70
434843	434963	-3.527678	-2	120
434963	435583	-6.986779	-3	620
435583	435813	-3.338616	-2	230
435813	438243	-0.459171	-1	2430
438243	438633	2.475654	1	390
438633	439613	6.378088	2	980
439613	439873	2.633325	1	260
439873	439963	-1.036048	-1	90
439963	440093	-3.496138	-2	130
440093	440833	-6.001984	-3	740
440833	441023	-3.421071	-2	190
441023	441163	-0.950437	-1	140
441163	441333	0.614324	1	170
441333	441493	-1.001278	-1	160
441493	441743	-3.585375	-2	250
441743	442743	-5.598279	-3	1000
442743	443183	-3.493397	-2	440
443183	443553	-1.083560	-1	370
443553	444233	0.596096	1	680
444233	445503	-1.033645	-1	1270
