380600	380930	1.368573	1	330
380930	381470	-1.007403	-1	540
381470	386170	1.830910	1	4700
386170	386780	-0.852067	-1	610
386780	395140	1.545478	1	8360
395140	395700	-0.425424	-1	560
395700	396880	2.165310	1	1180
396880	397090	-1.082505	-1	210
397090	397460	-2.563222	-2	370
397460	397890	-1.003433	-1	430
397890	399030	0.361533	1	1140
399030	399600	-0.192844	-1	570
399600	403070	1.509486	1	3470
403070	405650	7.842477	2	2580
405650	405960	2.109203	1	310
405960	406550	-0.395573	-1	590
406550	406900	-3.519559	-2	350
406900	407720	-5.549919	-3	820
407720	408030	-3.504231	-2	310
408030	408200	-1.026249	-1	170
408200	410510	1.703753	1	2310
410510	411930	5.517087	2	1420
411930	412120	2.012398	1	190
412120	412290	-1.087683	-1	170
412290	412570	-2.821114	-2	280
412570	412770	-1.074051	-1	200
412770	418270	2.728336	1	5500
418270	419510	6.540686	2	1240
419510	420740	2.340900	1	1230
420740	421410	4.923611	2	670
421410	422600	2.328238	1	1190
422600	428640	7.108702	2	6040
428640	428920	2.094825	1	280
428920	429070	-1.027336	-1	150
429070	429960	-4.095742	-2	890
429960	434080	-7.546769	-3	4120
434080	434220	-3.609615	-2	140
434220	434320	-1.081393	-1	100
434320	434840	2.367384	1	520
434840	434930	-1.071122	-1	90
434930	435080	-3.592929	-2	150
435080	435640	-6.717725	-3	560
435640	435900	-3.497778	-2	260
435900	438260	-0.507389	-1	2360
438260	438650	1.989543	1	390
438650	439700	6.023111	2	1050
439700	439950	1.982515	1	250
439950	440060	-1.061971	-1	110
440060	440230	-3.497350	-2	170
440230	440870	-6.026857	-3	640
440870	441130	-3.407324	-2	260
441130	441550	-0.888109	-1	420
441550	441860	-3.510688	-2	310
441860	442780	-5.632860	-3	920
442780	443300	-3.484184	-2	520
443300	443690	-0.816210	-1	390
443690	444250	0.510232	1	560
444250	445510	-1.017809	-1	1260
