380692	380962	1.029631	1	270
380962	381512	-0.742391	-1	550
381512	386232	1.330844	1	4720
386232	386832	-0.727318	-1	600
386832	395192	1.537106	1	8360
395192	395712	-0.368840	-1	520
395712	396922	1.999124	1	1210
396922	397162	-1.061160	-1	240
397162	397502	-2.416621	-2	340
397502	397982	-0.976177	-1	480
397982	403082	1.066941	1	5100
403082	405722	7.690823	2	2640
405722	406052	1.958313	1	330
406052	406582	-0.505183	-1	530
406582	406982	-3.517815	-2	400
406982	407722	-5.542113	-3	740
407722	408072	-3.554597	-2	350
408072	408282	-0.994472	-1	210
408282	410492	1.655583	1	2210
410492	411972	5.342371	2	1480
411972	412202	1.591049	1	230
412202	412412	-1.060401	-1	210
412412	412642	-2.570480	-2	230
412642	412852	-1.019790	-1	210
412852	418302	3.155736	1	5450
418302	419572	6.579659	2	1270
419572	420612	2.123274	1	1040
420612	421492	4.611692	2	880
421492	422582	2.264460	1	1090
422582	428682	7.100588	2	6100
428682	428972	1.903343	1	290
428972	429132	-1.025206	-1	160
429132	429962	-4.074335	-2	830
429962	434102	-7.517560	-3	4140
434102	434272	-3.451335	-2	170
434272	434372	-0.950976	-1	100
434372	434872	1.865877	1	500
434872	434982	-1.027009	-1	110
434982	435142	-3.493932	-2	160
435142	435672	-6.482107	-3	530
435672	435982	-3.464168	-2	310
435982	438262	-0.518744	-1	2280
438262	438682	1.866807	1	420
438682	439742	5.838069	2	1060
439742	439992	1.905658	1	250
439992	440132	-1.036686	-1	140
440132	440312	-3.530671	-2	180
440312	440882	-5.973807	-3	570
440882	441182	-3.541596	-2	300
441182	441582	-1.256985	-1	400
441582	441942	-3.508682	-2	360
441942	442792	-5.645277	-3	850
442792	443342	-3.574291	-2	550
443342	443772	-0.791601	-1	430
443772	444272	0.445689	1	500
444272	445512	-1.018300	-1	1240
