380774	381004	0.668619	1	230
381004	381544	-0.511110	-1	540
381544	386284	1.057445	1	4740
386284	386874	-0.597444	-1	590
386874	396964	1.738189	1	10090
396964	398064	-1.344797	-1	1100
398064	403214	1.147574	1	5150
403214	405674	7.868129	2	2460
405674	406134	2.391792	1	460
406134	406604	-0.639187	-1	470
406604	407044	-3.489342	-2	440
407044	407724	-5.519100	-3	680
407724	408104	-3.553948	-2	380
408104	408344	-1.006270	-1	240
408344	410794	1.969865	1	2450
410794	411894	5.553210	2	1100
411894	412284	2.097418	1	390
412284	412914	-1.419177	-1	630
412914	418434	2.806082	1	5520
418434	419514	6.797478	2	1080
419514	422764	3.034070	1	3250
422764	428614	7.195544	2	5850
428614	429014	2.354405	1	400
429014	429184	-1.025902	-1	170
429184	429974	-4.057864	-2	790
429974	434114	-7.498755	-3	4140
434114	434294	-3.473232	-2	180
434294	434414	-1.013782	-1	120
434414	434894	1.345411	1	480
434894	435024	-1.012742	-1	130
435024	435204	-3.517410	-2	180
435204	435694	-6.249960	-3	490
435694	436034	-3.521991	-2	340
436034	438244	-0.544306	-1	2210
438244	438824	2.237001	1	580
438824	439674	6.025764	2	850
439674	440014	2.483992	1	340
440014	440164	-0.931963	-1	150
440164	440374	-3.463674	-2	210
440374	440904	-5.916394	-3	530
440904	441244	-3.454106	-2	340
441244	441624	-1.642241	-1	380
441624	442004	-3.556181	-2	380
442004	442814	-5.622194	-3	810
442814	443374	-3.601476	-2	560
443374	443814	-0.826678	-1	440
443814	444344	0.528650	1	530
444344	445504	-0.857343	-1	1160
