380470	380870	1.750154	1	400
380870	381390	-2.107918	-1	520
381390	386080	1.149783	1	4690
386080	386730	-0.967522	-1	650
386730	395090	1.557437	1	8360
395090	395670	-0.513176	-1	580
395670	396790	2.191071	1	1120
396790	396990	-1.016260	-1	200
396990	397420	-2.673840	-2	430
397420	397740	-1.057960	-1	320
397740	398910	0.356049	1	1170
398910	399570	-0.206979	-1	660
399570	403130	1.552065	1	3560
403130	405510	8.206399	2	2380
405510	405830	2.720395	1	320
405830	406510	-0.291763	-1	680
406510	406780	-3.535119	-2	270
406780	407700	-5.566737	-3	920
407700	407960	-3.527322	-2	260
407960	408110	-0.974426	-1	150
408110	411300	2.642081	1	3190
411300	411850	6.404375	2	550
411850	412050	2.655139	1	200
412050	412120	-0.953300	-1	70
412120	412480	-3.259693	-2	360
412480	412730	-0.707282	-1	250
412730	418290	2.756426	1	5560
418290	419390	6.961175	2	1100
419390	422730	2.898558	1	3340
422730	428550	7.223789	2	5820
428550	428850	2.688014	1	300
428850	428960	-0.885158	-1	110
428960	429810	-4.041043	-2	850
429810	434060	-7.586671	-3	4250
434060	434170	-3.432427	-2	110
434170	434260	-0.910303	-1	90
434260	434780	3.167582	1	520
434780	434850	-0.914977	-1	70
434850	434960	-3.319004	-2	110
434960	435590	-6.904315	-3	630
435590	435820	-3.356018	-2	230
435820	438260	-0.462954	-1	2440
438260	438660	2.669027	1	400
438660	439610	6.387046	2	950
439610	439880	2.688989	1	270
439880	439980	-1.066966	-1	100
439980	440110	-3.572254	-2	130
440110	440830	-6.020464	-3	720
440830	441030	-3.490307	-2	200
441030	441170	-1.040679	-1	140
441170	441340	0.525589	1	170
441340	441490	-0.977796	-1	150
441490	441750	-3.501457	-2	260
441750	442750	-5.597239	-3	1000
442750	443210	-3.434389	-2	460
443210	443560	-1.036250	-1	350
443560	444240	0.571360	1	680
444240	445510	-1.032362	-1	1270
