380772	381012	0.678949	1	240
381012	381552	-0.529363	-1	540
381552	386282	1.061516	1	4730
386282	386872	-0.608289	-1	590
386872	396962	1.741230	1	10090
396962	398062	-1.349742	-1	1100
398062	403122	1.233301	1	5060
403122	405732	7.674692	2	2610
405732	406132	2.103571	1	400
406132	406602	-0.616471	-1	470
406602	407052	-3.503792	-2	450
407052	407732	-5.521868	-3	680
407732	408102	-3.559485	-2	370
408102	408342	-1.024286	-1	240
408342	410542	1.677772	1	2200
410542	411952	5.315007	2	1410
411952	412282	1.767527	1	330
412282	412922	-1.415669	-1	640
412922	418362	2.787309	1	5440
418362	419562	6.567819	2	1200
419562	420732	2.379227	1	1170
420732	421482	4.655777	2	750
421482	422652	2.452494	1	1170
422652	428672	7.120140	2	6020
428672	429002	2.114789	1	330
429002	429192	-1.001619	-1	190
429192	429982	-4.086240	-2	790
429982	434122	-7.499791	-3	4140
434122	434302	-3.382225	-2	180
434302	434422	-0.909666	-1	120
434422	434902	1.372180	1	480
434902	435022	-1.022507	-1	120
435022	435202	-3.461245	-2	180
435202	435692	-6.271293	-3	490
435692	436032	-3.549673	-2	340
436032	438252	-0.543608	-1	2220
438252	438762	1.985898	1	510
438762	439742	5.816712	2	980
439742	440032	1.924362	1	290
440032	440162	-1.016316	-1	130
440162	440372	-3.441280	-2	210
440372	440902	-5.928420	-3	530
440902	441252	-3.442337	-2	350
441252	441612	-1.590057	-1	360
441612	442002	-3.494341	-2	390
442002	442812	-5.625377	-3	810
442812	443382	-3.594448	-2	570
443382	443802	-0.834647	-1	420
443802	444352	0.514167	1	550
444352	445512	-0.857512	-1	1160
