380774	381014	0.746768	1	240
381014	381554	-0.537089	-1	540
381554	386284	1.061981	1	4730
386284	386874	-0.611444	-1	590
386874	396974	1.479577	1	10100
396974	398064	-1.363727	-1	1090
398064	403124	1.232277	1	5060
403124	405754	7.649337	2	2630
405754	406134	1.997727	1	380
406134	406604	-0.610026	-1	470
406604	407044	-3.470617	-2	440
407044	407724	-5.524377	-3	680
407724	408114	-3.560257	-2	390
408114	408344	-0.981702	-1	230
408344	410534	1.664613	1	2190
410534	411954	5.312455	2	1420
411954	412274	1.811956	1	320
412274	412914	-1.417110	-1	640
412914	418354	2.778603	1	5440
418354	419574	6.533149	2	1220
419574	420684	2.280519	1	1110
420684	421494	4.615884	2	810
421494	422644	2.426153	1	1150
422644	428684	7.108999	2	6040
428684	429014	1.997115	1	330
429014	429184	-0.996799	-1	170
429184	429984	-4.062144	-2	800
429984	434124	-7.499823	-3	4140
434124	434304	-3.403873	-2	180
434304	434414	-1.001518	-1	110
434414	434904	1.349931	1	490
434904	435024	-1.009248	-1	120
435024	435214	-3.550034	-2	190
435214	435704	-6.269645	-3	490
435704	436044	-3.466014	-2	340
436044	438254	-0.537752	-1	2210
438254	438744	1.894786	1	490
438744	439744	5.786015	2	1000
439744	440024	2.006683	1	280
440024	440164	-0.955964	-1	140
440164	440374	-3.439404	-2	210
440374	440894	-5.949862	-3	520
440894	441244	-3.539095	-2	350
441244	441614	-1.606287	-1	370
441614	442004	-3.491654	-2	390
442004	442824	-5.618890	-3	820
442824	443384	-3.572745	-2	560
443384	443804	-0.836027	-1	420
443804	444354	0.515339	1	550
444354	445504	-0.865296	-1	1150
