380453	380863	1.794016	1	410
380863	381383	-2.185310	-1	520
381383	386063	1.155234	1	4680
386063	386713	-0.984956	-1	650
386713	395083	1.557046	1	8370
395083	395663	-0.522728	-1	580
395663	396783	2.203038	1	1120
396783	396983	-1.037798	-1	200
396983	397423	-2.676548	-2	440
397423	397743	-0.973338	-1	320
397743	398893	0.362713	1	1150
398893	399553	-0.212003	-1	660
399553	403113	1.535883	1	3560
403113	405513	8.195576	2	2400
405513	405813	2.650270	1	300
405813	406493	-0.247757	-1	680
406493	406773	-3.515583	-2	280
406773	407713	-5.565274	-3	940
407713	407953	-3.421679	-2	240
407953	408103	-0.927035	-1	150
408103	411313	2.662896	1	3210
411313	411843	6.476723	2	530
411843	412033	2.847225	1	190
412033	412103	-0.708479	-1	70
412103	412483	-3.291437	-2	380
412483	412733	-0.576477	-1	250
412733	418283	2.760397	1	5550
418283	419393	6.966218	2	1110
419393	422713	2.879127	1	3320
422713	428553	7.221140	2	5840
428553	428843	2.648338	1	290
428843	428963	-1.025841	-1	120
428963	429803	-4.067226	-2	840
429803	434053	-7.590643	-3	4250
434053	434163	-3.490913	-2	110
434163	434243	-1.054482	-1	80
434243	434773	3.207748	1	530
434773	434843	-0.946223	-1	70
434843	434953	-3.380877	-2	110
434953	435583	-6.950973	-3	630
435583	435813	-3.341063	-2	230
435813	438243	-0.459799	-1	2430
438243	438653	2.600345	1	410
438653	439613	6.400075	2	960
439613	439863	2.751235	1	250
439863	439963	-0.893535	-1	100
439963	440093	-3.471768	-2	130
440093	440833	-5.999679	-3	740
440833	441023	-3.423142	-2	190
441023	441163	-0.958468	-1	140
441163	441333	0.608420	1	170
441333	441483	-0.941408	-1	150
441483	441743	-3.532405	-2	260
441743	442743	-5.597069	-3	1000
442743	443183	-3.491177	-2	440
443183	443553	-1.084489	-1	370
443553	444233	0.596166	1	680
444233	445503	-1.035545	-1	1270
