380572	380912	1.496336	1	340
380912	381452	-1.087340	-1	540
381452	386152	1.950697	1	4700
386152	386772	-0.878441	-1	620
386772	395122	1.549842	1	8350
395122	395682	-0.449592	-1	560
395682	396862	2.202697	1	1180
396862	397072	-1.082305	-1	210
397072	397462	-2.584238	-2	390
397462	397862	-0.976291	-1	400
397862	399012	0.359839	1	1150
399012	399622	-0.190896	-1	610
399622	403052	1.520235	1	3430
403052	405652	7.834627	2	2600
405652	405932	1.996027	1	280
405932	406532	-0.339950	-1	600
406532	406872	-3.468029	-2	340
406872	407722	-5.550350	-3	850
407722	408012	-3.503213	-2	290
408012	408192	-0.970453	-1	180
408192	410492	1.706008	1	2300
410492	411932	5.535214	2	1440
411932	412102	1.950262	1	170
412102	412242	-1.054543	-1	140
412242	412562	-2.849135	-2	320
412562	412742	-1.024265	-1	180
412742	418262	3.623181	1	5520
418262	419512	6.565085	2	1250
419512	420732	2.310972	1	1220
420732	421412	4.946969	2	680
421412	422582	2.272143	1	1170
422582	428642	7.105138	2	6060
428642	428912	2.006330	1	270
428912	429032	-0.938863	-1	120
429032	429942	-4.035378	-2	910
429942	434082	-7.540145	-3	4140
434082	434212	-3.496639	-2	130
434212	434312	-0.969215	-1	100
434312	434822	2.607647	1	510
434822	434922	-1.082330	-1	100
434922	435052	-3.598519	-2	130
435052	435632	-6.761367	-3	580
435632	435882	-3.461061	-2	250
435882	438262	-0.499402	-1	2380
438262	438622	1.945643	1	360
438622	439702	6.021619	2	1080
439702	439932	1.963987	1	230
439932	440042	-1.022354	-1	110
440042	440202	-3.477116	-2	160
440202	440862	-6.032422	-3	660
440862	441102	-3.466587	-2	240
441102	441532	-0.780107	-1	430
441532	441842	-3.507029	-2	310
441842	442772	-5.635145	-3	930
442772	443282	-3.477597	-2	510
443282	443652	-0.876062	-1	370
443652	444242	0.518591	1	590
444242	445512	-1.015979	-1	1270
