380598	380928	1.386893	1	330
380928	381468	-1.015326	-1	540
381468	386168	1.833649	1	4700
386168	386788	-0.842062	-1	620
386788	395138	1.547548	1	8350
395138	395698	-0.427543	-1	560
395698	396878	2.168854	1	1180
396878	397088	-1.078645	-1	210
397088	397458	-2.566461	-2	370
397458	397888	-1.007016	-1	430
397888	399038	0.358836	1	1150
399038	399618	-0.191670	-1	580
399618	403058	1.509434	1	3440
403058	405678	7.785813	2	2620
405678	405958	1.914282	1	280
405958	406548	-0.386085	-1	590
406548	406898	-3.512057	-2	350
406898	407718	-5.552105	-3	820
407718	408028	-3.524779	-2	310
408028	408198	-1.033682	-1	170
408198	410478	1.670001	1	2280
410478	411948	5.472445	2	1470
411948	412118	1.829314	1	170
412118	412268	-1.007331	-1	150
412268	412568	-2.783049	-2	300
412568	412768	-1.072419	-1	200
412768	418258	3.621372	1	5490
418258	419538	6.467226	2	1280
419538	420688	2.222526	1	1150
420688	421458	4.802926	2	770
421458	422558	2.193619	1	1100
422558	428668	7.072635	2	6110
428668	428918	1.905542	1	250
428918	429068	-1.018090	-1	150
429068	429958	-4.090775	-2	890
429958	434078	-7.548649	-3	4120
434078	434218	-3.663026	-2	140
434218	434318	-1.089888	-1	100
434318	434838	2.401365	1	520
434838	434938	-1.147186	-1	100
434938	435078	-3.679935	-2	140
435078	435638	-6.738351	-3	560
435638	435908	-3.454579	-2	270
435908	438258	-0.502361	-1	2350
438258	438628	1.866363	1	370
438628	439718	5.958888	2	1090
439718	439948	1.839170	1	230
439948	440058	-1.053441	-1	110
440058	440228	-3.500167	-2	170
440228	440868	-6.037652	-3	640
440868	441128	-3.427187	-2	260
441128	441548	-0.870411	-1	420
441548	441858	-3.506352	-2	310
441858	442778	-5.634453	-3	920
442778	443298	-3.490106	-2	520
443298	443688	-0.821527	-1	390
443688	444258	0.503429	1	570
444258	445508	-1.027171	-1	1250
