380578	380918	1.449742	1	340
380918	381458	-1.065866	-1	540
381458	386158	2.153080	1	4700
386158	386778	-0.869351	-1	620
386778	395118	1.551161	1	8340
395118	395688	-0.435189	-1	570
395688	396858	2.212274	1	1170
396858	397068	-1.014238	-1	210
397068	397458	-2.571614	-2	390
397458	397868	-0.987416	-1	410
397868	399018	0.359675	1	1150
399018	399618	-0.191197	-1	600
399618	403098	1.552444	1	3480
403098	405618	7.944534	2	2520
405618	405938	2.239200	1	320
405938	406548	-0.389988	-1	610
406548	406878	-3.541242	-2	330
406878	407708	-5.557567	-3	830
407708	408018	-3.548913	-2	310
408018	408198	-0.931101	-1	180
408198	410548	1.762920	1	2350
410548	411898	5.617418	2	1350
411898	412108	2.305193	1	210
412108	412268	-1.213351	-1	160
412268	412558	-2.897799	-2	290
412558	412748	-1.057039	-1	190
412748	418298	2.730509	1	5550
418298	419478	6.692802	2	1180
419478	420838	2.511328	1	1360
420838	421368	5.133745	2	530
421368	422638	2.434993	1	1270
422638	428608	7.144971	2	5970
428608	428908	2.308227	1	300
428908	429048	-0.996628	-1	140
429048	429948	-4.071189	-2	900
429948	434078	-7.544944	-3	4130
434078	434218	-3.481012	-2	140
434218	434308	-0.975140	-1	90
434308	434818	2.553225	1	510
434818	434918	-0.960040	-1	100
434918	435058	-3.557633	-2	140
435058	435628	-6.759364	-3	570
435628	435888	-3.483241	-2	260
435888	438258	-0.500881	-1	2370
438258	438658	2.113645	1	400
438658	439678	6.121185	2	1020
439678	439928	2.234419	1	250
439928	440048	-1.007375	-1	120
440048	440208	-3.516795	-2	160
440208	440858	-6.040207	-3	650
440858	441108	-3.475441	-2	250
441108	441528	-0.797298	-1	420
441528	441838	-3.436401	-2	310
441838	442768	-5.630455	-3	930
442768	443278	-3.513059	-2	510
443278	443668	-0.861703	-1	390
443668	444248	0.517093	1	580
444248	445508	-1.022057	-1	1260
