380501	380881	1.694082	1	380
380881	381411	-1.864488	-1	530
381411	386101	1.457128	1	4690
386101	386741	-0.943609	-1	640
386741	395101	1.554436	1	8360
395101	395671	-0.498782	-1	570
395671	396811	2.125562	1	1140
396811	397021	-1.078452	-1	210
397021	397431	-2.663512	-2	410
397431	397791	-0.996461	-1	360
397791	398941	0.361410	1	1150
398941	399581	-0.203795	-1	640
399581	403091	1.498532	1	3510
403091	405571	8.056869	2	2480
405571	405861	2.333697	1	290
405861	406511	-0.287389	-1	650
406511	406801	-3.444588	-2	290
406801	407711	-5.555900	-3	910
407711	407981	-3.473910	-2	270
407981	408131	-0.970580	-1	150
408131	410571	1.818519	1	2440
410571	411891	5.742070	2	1320
411891	412061	2.292719	1	170
412061	412161	-1.060374	-1	100
412161	412511	-3.127363	-2	350
412511	412731	-0.754972	-1	220
412731	418261	2.733102	1	5530
418261	419441	6.796461	2	1180
419441	422651	2.821655	1	3210
422651	428581	7.179124	2	5930
428581	428871	2.425929	1	290
428871	428981	-0.904414	-1	110
428981	429821	-4.045797	-2	840
429821	434061	-7.526561	-3	4240
434061	434191	-3.445078	-2	130
434191	434271	-0.868477	-1	80
434271	434791	2.979795	1	520
434791	434871	-0.921338	-1	80
434871	434991	-3.429501	-2	120
434991	435601	-6.880734	-3	610
435601	435841	-3.393584	-2	240
435841	438261	-0.473886	-1	2420
438261	438631	2.305938	1	370
438631	439661	6.234749	2	1030
439661	439891	2.276028	1	230
439891	439991	-0.916900	-1	100
439991	440141	-3.487767	-2	150
440141	440841	-6.030540	-3	700
440841	441051	-3.493598	-2	210
441051	441211	-0.985412	-1	160
441211	441351	0.477024	1	140
441351	441501	-0.996819	-1	150
441501	441781	-3.504937	-2	280
441781	442751	-5.617704	-3	970
442751	443231	-3.470930	-2	480
443231	443591	-0.982226	-1	360
443591	444241	0.558438	1	650
444241	445511	-1.028054	-1	1270
