380470	380870	1.753999	1	400
380870	381390	-2.108520	-1	520
381390	386080	1.149955	1	4690
386080	386730	-0.968535	-1	650
386730	395090	1.557485	1	8360
395090	395670	-0.513799	-1	580
395670	396790	2.191781	1	1120
396790	396990	-1.013092	-1	200
396990	397420	-2.675091	-2	430
397420	397740	-1.059901	-1	320
397740	398910	0.356073	1	1170
398910	399570	-0.207250	-1	660
399570	403110	1.530297	1	3540
403110	405520	8.170432	2	2410
405520	405830	2.642861	1	310
405830	406510	-0.289729	-1	680
406510	406780	-3.531590	-2	270
406780	407700	-5.567094	-3	920
407700	407960	-3.534102	-2	260
407960	408110	-0.978425	-1	150
408110	411250	2.599898	1	3140
411250	411850	6.309438	2	600
411850	412050	2.670611	1	200
412050	412120	-0.943994	-1	70
412120	412480	-3.264655	-2	360
412480	412730	-0.708490	-1	250
412730	418270	2.746807	1	5540
418270	419400	6.917827	2	1130
419400	422700	2.869367	1	3300
422700	428550	7.213843	2	5850
428550	428850	2.698233	1	300
428850	428960	-0.879638	-1	110
428960	429810	-4.040040	-2	850
429810	434060	-7.586874	-3	4250
434060	434170	-3.447859	-2	110
434170	434260	-0.921642	-1	90
434260	434780	3.172628	1	520
434780	434850	-0.903044	-1	70
434850	434970	-3.451695	-2	120
434970	435590	-6.937390	-3	620
435590	435820	-3.360897	-2	230
435820	438260	-0.463251	-1	2440
438260	438650	2.594971	1	390
438650	439630	6.351599	2	980
439630	439880	2.504135	1	250
439880	439980	-1.059392	-1	100
439980	440110	-3.568963	-2	130
440110	440830	-6.021357	-3	720
440830	441030	-3.498271	-2	200
441030	441170	-1.043113	-1	140
441170	441340	0.528356	1	170
441340	441490	-0.969495	-1	150
441490	441750	-3.498382	-2	260
441750	442750	-5.597491	-3	1000
442750	443210	-3.437189	-2	460
443210	443560	-1.039122	-1	350
443560	444240	0.571991	1	680
444240	445510	-1.032478	-1	1270
