380489	380879	1.701018	1	390
380879	381399	-1.942804	-1	520
381399	386089	1.457333	1	4690
386089	386729	-0.957653	-1	640
386729	395089	1.555501	1	8360
395089	395669	-0.497099	-1	580
395669	396799	2.152899	1	1130
396799	397009	-1.035521	-1	210
397009	397439	-2.645939	-2	430
397439	397779	-0.959771	-1	340
397779	398929	0.361696	1	1150
398929	399579	-0.204136	-1	650
399579	403129	1.543655	1	3550
403129	405519	8.179635	2	2390
405519	405849	2.702684	1	330
405849	406509	-0.288502	-1	660
406509	406789	-3.453751	-2	280
406789	407709	-5.555322	-3	920
407709	407969	-3.492819	-2	260
407969	408119	-1.016394	-1	150
408119	411269	2.603039	1	3150
411269	411859	6.288172	2	590
411859	412059	2.595170	1	200
412059	412149	-1.085493	-1	90
412149	412509	-3.147097	-2	360
412509	412729	-0.686029	-1	220
412729	418289	2.748261	1	5560
418289	419409	6.906960	2	1120
419409	422709	2.876726	1	3300
422709	428549	7.214827	2	5840
428549	428869	2.631361	1	320
428869	428979	-1.017077	-1	110
428979	429819	-4.060880	-2	840
429819	434059	-7.528841	-3	4240
434059	434179	-3.508754	-2	120
434179	434269	-0.882817	-1	90
434269	434789	3.053657	1	520
434789	434869	-1.056450	-1	80
434869	434979	-3.457856	-2	110
434979	435589	-6.914058	-3	610
435589	435839	-3.392403	-2	250
435839	438239	-0.469993	-1	2400
438239	438669	2.489452	1	430
438669	439609	6.370735	2	940
439609	439889	2.709332	1	280
439889	439989	-1.008696	-1	100
439989	440129	-3.537678	-2	140
440129	440829	-6.041974	-3	700
440829	441039	-3.568396	-2	210
441039	441199	-1.011676	-1	160
441199	441349	0.486256	1	150
441349	441489	-0.957295	-1	140
441489	441759	-3.402898	-2	270
441759	442749	-5.604281	-3	990
442749	443219	-3.470739	-2	470
443219	443579	-1.007765	-1	360
443579	444229	0.571230	1	650
444229	445509	-1.021326	-1	1280
