380756	381006	0.734940	1	250
381006	381536	-0.588891	-1	530
381536	386276	1.064160	1	4740
386276	386866	-0.636433	-1	590
386866	396966	1.745929	1	10100
396966	398046	-1.386589	-1	1080
398046	403136	1.321127	1	5090
403136	405716	7.727594	2	2580
405716	406116	2.156880	1	400
406116	406606	-0.614451	-1	490
406606	407026	-3.487304	-2	420
407026	407726	-5.519375	-3	700
407726	408106	-3.537881	-2	380
408106	408336	-0.957942	-1	230
408336	410566	1.712552	1	2230
410566	411936	5.374750	2	1370
411936	412256	1.935436	1	320
412256	412486	-0.993052	-1	230
412486	412686	-2.418537	-2	200
412686	412896	-1.044651	-1	210
412896	418366	2.776920	1	5470
418366	419556	6.626965	2	1190
419556	420786	2.450940	1	1230
420786	421456	4.733989	2	670
421456	422656	2.481500	1	1200
422656	428666	7.128112	2	6010
428666	428996	2.133281	1	330
428996	429176	-0.970519	-1	180
429176	429966	-4.058425	-2	790
429966	434106	-7.504504	-3	4140
434106	434296	-3.517991	-2	190
434296	434406	-0.979648	-1	110
434406	434896	1.478247	1	490
434896	435016	-1.025244	-1	120
435016	435186	-3.454167	-2	170
435186	435696	-6.295130	-3	510
435696	436026	-3.484817	-2	330
436026	438256	-0.535992	-1	2230
438256	438756	2.006545	1	500
438756	439716	5.891701	2	960
439716	440016	2.180012	1	300
440016	440156	-0.970142	-1	140
440156	440356	-3.414432	-2	200
440356	440896	-5.943635	-3	540
440896	441226	-3.538533	-2	330
441226	441616	-1.536299	-1	390
441616	441986	-3.519762	-2	370
441986	442806	-5.631920	-3	820
442806	443376	-3.595316	-2	570
443376	443796	-0.819696	-1	420
443796	444356	0.537518	1	560
444356	445506	-0.866405	-1	1150
