380778	381008	0.699491	1	230
381008	381558	-0.511457	-1	550
381558	386288	1.060403	1	4730
386288	386868	-0.611029	-1	580
386868	396968	1.738345	1	10100
396968	398068	-1.346670	-1	1100
398068	403128	1.087246	1	5060
403128	405748	7.657704	2	2620
405748	406138	2.051915	1	390
406138	406608	-0.628009	-1	470
406608	407048	-3.474670	-2	440
407048	407728	-5.517304	-3	680
407728	408108	-3.583022	-2	380
408108	408348	-1.023177	-1	240
408348	410538	1.666749	1	2190
410538	411948	5.314266	2	1410
411948	412288	1.804258	1	340
412288	412918	-1.426238	-1	630
412918	418358	2.780124	1	5440
418358	419578	6.522107	2	1220
419578	420718	2.334282	1	1140
420718	421488	4.635320	2	770
421488	422648	2.445230	1	1160
422648	428688	7.106955	2	6040
428688	429018	1.976156	1	330
429018	429198	-1.061782	-1	180
429198	429968	-4.067043	-2	770
429968	434118	-7.493503	-3	4150
434118	434298	-3.530125	-2	180
434298	434428	-0.973805	-1	130
434428	434908	1.355225	1	480
434908	435028	-1.043473	-1	120
435028	435208	-3.486318	-2	180
435208	435708	-6.229854	-3	500
435708	436038	-3.497659	-2	330
436038	438258	-0.544484	-1	2220
438258	438758	1.958178	1	500
438758	439738	5.812443	2	980
439738	440038	1.964440	1	300
440038	440178	-1.097859	-1	140
440178	440378	-3.513869	-2	200
440378	440898	-5.947148	-3	520
440898	441248	-3.518820	-2	350
441248	441628	-1.633792	-1	380
441628	442008	-3.544498	-2	380
442008	442818	-5.622172	-3	810
442818	443388	-3.587162	-2	570
443388	443818	-0.812765	-1	430
443818	444358	0.517071	1	540
444358	445508	-0.865253	-1	1150
