380672	380952	1.119726	1	280
380952	381502	-0.805261	-1	550
381502	386212	1.838392	1	4710
386212	386822	-0.749987	-1	610
386822	395182	1.539122	1	8360
395182	395692	-0.398189	-1	510
395692	396912	2.009018	1	1220
396912	397152	-1.088255	-1	240
397152	397482	-2.481119	-2	330
397482	397962	-1.003185	-1	480
397962	399082	0.362645	1	1120
399082	399612	-0.177864	-1	530
399612	403062	1.473291	1	3450
403062	405712	7.691620	2	2650
405712	406032	1.940451	1	320
406032	406572	-0.468011	-1	540
406572	406962	-3.504857	-2	390
406962	407722	-5.544207	-3	760
407722	408072	-3.503650	-2	350
408072	408262	-0.957869	-1	190
408262	410462	1.631830	1	2200
410462	411952	5.358809	2	1490
411952	412182	1.769709	1	230
412182	412372	-0.994794	-1	190
412372	412622	-2.611224	-2	250
412622	412832	-1.057366	-1	210
412832	418282	2.745156	1	5450
418282	419572	6.577354	2	1290
419572	420602	2.093610	1	1030
420602	421492	4.619125	2	890
421492	422572	2.228153	1	1080
422572	428682	7.100578	2	6110
428682	428962	1.869275	1	280
428962	429112	-1.001132	-1	150
429112	429962	-4.068643	-2	850
429962	434092	-7.528535	-3	4130
434092	434262	-3.518455	-2	170
434262	434362	-0.947641	-1	100
434362	434862	2.013568	1	500
434862	434972	-1.022625	-1	110
434972	435122	-3.473196	-2	150
435122	435662	-6.537173	-3	540
435662	435952	-3.542526	-2	290
435952	438262	-0.523811	-1	2310
438262	438662	1.827739	1	400
438662	439742	5.843697	2	1080
439742	439982	1.891009	1	240
439982	440122	-1.027577	-1	140
440122	440282	-3.423988	-2	160
440282	440882	-5.948053	-3	600
440882	441172	-3.498023	-2	290
441172	441582	-1.173082	-1	410
441582	441922	-3.535319	-2	340
441922	442792	-5.642524	-3	870
442792	443332	-3.552328	-2	540
443332	443742	-0.821236	-1	410
443742	444272	0.446804	1	530
444272	445512	-1.020835	-1	1240
