380470	380870	1.752161	1	400
380870	381390	-2.108231	-1	520
381390	386080	1.149873	1	4690
386080	386730	-0.968050	-1	650
386730	395090	1.557462	1	8360
395090	395670	-0.513501	-1	580
395670	396790	2.191442	1	1120
396790	396990	-1.014606	-1	200
396990	397420	-2.674492	-2	430
397420	397740	-1.058973	-1	320
397740	398910	0.356061	1	1170
398910	399570	-0.207120	-1	660
399570	403120	1.540975	1	3550
403120	405520	8.182547	2	2400
405520	405830	2.640707	1	310
405830	406510	-0.290701	-1	680
406510	406780	-3.533276	-2	270
406780	407700	-5.566923	-3	920
407700	407960	-3.530861	-2	260
407960	408110	-0.976514	-1	150
408110	411280	2.624851	1	3170
411280	411850	6.366996	2	570
411850	412050	2.663217	1	200
412050	412120	-0.948440	-1	70
412120	412480	-3.262280	-2	360
412480	412730	-0.707913	-1	250
412730	418280	2.751438	1	5550
418280	419400	6.932920	2	1120
419400	422710	2.876436	1	3310
422710	428550	7.217310	2	5840
428550	428850	2.693348	1	300
428850	428960	-0.882276	-1	110
428960	429810	-4.040519	-2	850
429810	434060	-7.586774	-3	4250
434060	434170	-3.440483	-2	110
434170	434260	-0.916222	-1	90
434260	434780	3.170216	1	520
434780	434850	-0.908749	-1	70
434850	434970	-3.455321	-2	120
434970	435590	-6.936241	-3	620
435590	435820	-3.358566	-2	230
435820	438260	-0.463109	-1	2440
438260	438650	2.597979	1	390
438650	439610	6.375988	2	960
439610	439880	2.695760	1	270
439880	439980	-1.063012	-1	100
439980	440110	-3.570538	-2	130
440110	440830	-6.020931	-3	720
440830	441030	-3.494464	-2	200
441030	441170	-1.041949	-1	140
441170	441340	0.527033	1	170
441340	441490	-0.973463	-1	150
441490	441750	-3.499853	-2	260
441750	442750	-5.597367	-3	1000
442750	443210	-3.435850	-2	460
443210	443560	-1.037749	-1	350
443560	444240	0.571689	1	680
444240	445510	-1.032423	-1	1270
