380470	380870	1.753171	1	400
380870	381390	-2.108390	-1	520
381390	386080	1.149918	1	4690
386080	386730	-0.968317	-1	650
386730	395090	1.557475	1	8360
395090	395670	-0.513665	-1	580
395670	396790	2.191628	1	1120
396790	396990	-1.013774	-1	200
396990	397420	-2.674821	-2	430
397420	397740	-1.059483	-1	320
397740	398910	0.356068	1	1170
398910	399570	-0.207191	-1	660
399570	403120	1.540778	1	3550
403120	405520	8.182706	2	2400
405520	405830	2.641891	1	310
405830	406510	-0.290166	-1	680
406510	406780	-3.532350	-2	270
406780	407700	-5.567017	-3	920
407700	407960	-3.532642	-2	260
407960	408110	-0.977564	-1	150
408110	410790	2.101167	1	2680
410790	411850	5.960839	2	1060
411850	412050	2.667281	1	200
412050	412120	-0.945997	-1	70
412120	412480	-3.263587	-2	360
412480	412730	-0.708230	-1	250
412730	418280	2.751303	1	5550
418280	419400	6.933152	2	1120
419400	422710	2.876379	1	3310
422710	428550	7.217320	2	5840
428550	428850	2.696033	1	300
428850	428960	-0.880826	-1	110
428960	429810	-4.040256	-2	850
429810	434060	-7.586825	-3	4250
434060	434170	-3.444536	-2	110
434170	434260	-0.919201	-1	90
434260	434780	3.171542	1	520
434780	434850	-0.905612	-1	70
434850	434970	-3.453327	-2	120
434970	435590	-6.936873	-3	620
435590	435820	-3.359847	-2	230
435820	438260	-0.463187	-1	2440
438260	438650	2.596325	1	390
438650	439610	6.376058	2	960
439610	439880	2.699168	1	270
439880	439980	-1.061023	-1	100
439980	440110	-3.569671	-2	130
440110	440830	-6.021163	-3	720
440830	441030	-3.496556	-2	200
441030	441170	-1.042589	-1	140
441170	441340	0.527760	1	170
441340	441490	-0.971282	-1	150
441490	441750	-3.499046	-2	260
441750	442750	-5.597435	-3	1000
442750	443210	-3.436586	-2	460
443210	443560	-1.038504	-1	350
443560	444240	0.571855	1	680
444240	445510	-1.032453	-1	1270
