380634	380934	1.290385	1	300
380934	381484	-0.900850	-1	550
381484	386194	1.946270	1	4710
386194	386804	-0.800258	-1	610
386804	395164	1.542255	1	8360
395164	395704	-0.406267	-1	540
395704	396894	2.102698	1	1190
396894	397124	-1.093322	-1	230
397124	397474	-2.523957	-2	350
397474	397924	-0.998954	-1	450
397924	399064	0.359640	1	1140
399064	399604	-0.190757	-1	540
399604	403074	1.496283	1	3470
403074	405674	7.790231	2	2600
405674	405994	2.062106	1	320
405994	406564	-0.436152	-1	570
406564	406924	-3.503766	-2	360
406924	407724	-5.541796	-3	800
407724	408044	-3.516169	-2	320
408044	408234	-1.002095	-1	190
408234	410494	1.677840	1	2260
410494	411944	5.445554	2	1450
411944	412134	1.989437	1	190
412134	412334	-0.988767	-1	200
412334	412604	-2.699187	-2	270
412604	412804	-1.005530	-1	200
412804	418284	2.739259	1	5480
418284	419524	6.490908	2	1240
419524	420684	2.254903	1	1160
420684	421444	4.781444	2	760
421444	422584	2.287364	1	1140
422584	428654	7.129875	2	6070
428654	428944	1.996819	1	290
428944	429084	-0.988507	-1	140
429084	429954	-4.061580	-2	870
429954	434094	-7.529882	-3	4140
434094	434244	-3.455862	-2	150
434244	434344	-0.940921	-1	100
434344	434854	2.215909	1	510
434854	434954	-1.106503	-1	100
434954	435094	-3.501171	-2	140
435094	435654	-6.614918	-3	560
435654	435934	-3.455975	-2	280
435934	438254	-0.510803	-1	2320
438254	438654	1.863274	1	400
438654	439724	5.924202	2	1070
439724	439964	1.869188	1	240
439964	440094	-1.131536	-1	130
440094	440244	-3.456679	-2	150
440244	440874	-6.004112	-3	630
440874	441144	-3.498995	-2	270
441144	441564	-1.040885	-1	420
441564	441894	-3.538923	-2	330
441894	442784	-5.643222	-3	890
442784	443314	-3.526608	-2	530
443314	443714	-0.819883	-1	400
443714	444264	0.477100	1	550
444264	445504	-1.824279	-1	1240
