380770	381010	0.695508	1	240
381010	381550	-0.540792	-1	540
381550	386280	1.062694	1	4730
386280	386870	-0.613828	-1	590
386870	396970	1.741621	1	10100
396970	398060	-1.364633	-1	1090
398060	403160	1.336482	1	5100
403160	405720	7.745065	2	2560
405720	406130	2.164936	1	410
406130	406610	-0.634471	-1	480
406610	407040	-3.494092	-2	430
407040	407720	-5.524370	-3	680
407720	408110	-3.574423	-2	390
408110	408340	-0.998215	-1	230
408340	410600	1.741961	1	2260
410600	411930	5.388391	2	1330
411930	412280	1.914377	1	350
412280	412500	-1.008386	-1	220
412500	412700	-2.379280	-2	200
412700	412910	-1.006366	-1	210
412910	418380	2.785296	1	5470
418380	419560	6.616539	2	1180
419560	420820	2.504351	1	1260
420820	421440	4.759147	2	620
421440	422670	2.533808	1	1230
422670	428660	7.134778	2	5990
428660	429000	2.198230	1	340
429000	429190	-0.975127	-1	190
429190	429970	-4.072489	-2	780
429970	434110	-7.500242	-3	4140
434110	434300	-3.515709	-2	190
434300	434410	-1.034418	-1	110
434410	434900	1.372043	1	490
434900	435030	-1.065480	-1	130
435030	435200	-3.540018	-2	170
435200	435690	-6.284224	-3	490
435690	436040	-3.518835	-2	350
436040	438260	-0.534391	-1	2220
438260	438780	2.090730	1	520
438780	439720	5.895326	2	940
439720	440020	2.164464	1	300
440020	440170	-1.004471	-1	150
440170	440370	-3.492154	-2	200
440370	440900	-5.932042	-3	530
440900	441230	-3.555418	-2	330
441230	441610	-1.591277	-1	380
441610	442000	-3.484999	-2	390
442000	442810	-5.630196	-3	810
442810	443390	-3.575155	-2	580
443390	443810	-0.793537	-1	420
443810	444350	0.529425	1	540
444350	445510	-0.858003	-1	1160
