380715	380965	0.959914	1	250
380965	381515	-0.679022	-1	550
381515	386245	1.301554	1	4730
386245	386845	-0.690544	-1	600
386845	395205	1.534886	1	8360
395205	395705	-0.359812	-1	500
395705	396935	1.939956	1	1230
396935	398005	-1.428298	-1	1070
398005	403075	1.062532	1	5070
403075	405745	7.630736	2	2670
405745	406075	1.886160	1	330
406075	406585	-0.528786	-1	510
406585	406995	-3.477966	-2	410
406995	407725	-5.530452	-3	730
407725	408085	-3.538400	-2	360
408085	408295	-1.002763	-1	210
408295	410475	1.625728	1	2180
410475	411965	5.308877	2	1490
411965	412225	1.653148	1	260
412225	412435	-1.036773	-1	210
412435	412655	-2.515744	-2	220
412655	412875	-1.005381	-1	220
412875	418305	3.145873	1	5430
418305	419585	6.516675	2	1280
419585	420615	2.118647	1	1030
420615	421505	4.586648	2	890
421505	422585	2.274392	1	1080
422585	428695	7.087100	2	6110
428695	428975	1.900160	1	280
428975	429145	-0.957844	-1	170
429145	429965	-4.066636	-2	820
429965	434105	-7.513569	-3	4140
434105	434275	-3.509976	-2	170
434275	434385	-0.994969	-1	110
434385	434885	1.722340	1	500
434885	434995	-1.083544	-1	110
434995	435155	-3.474880	-2	160
435155	435685	-6.398549	-3	530
435685	435985	-3.508320	-2	300
435985	438255	-0.534513	-1	2270
438255	438695	1.834260	1	440
438695	439745	5.812907	2	1050
439745	440005	1.883842	1	260
440005	440135	-1.001435	-1	130
440135	440335	-3.509024	-2	200
440335	440895	-5.965300	-3	560
440895	441205	-3.465269	-2	310
441205	441595	-1.345820	-1	390
441595	441955	-3.509420	-2	360
441955	442805	-5.632862	-3	850
442805	443355	-3.560647	-2	550
443355	445505	-0.645183	-1	2150
