380710	380970	0.942247	1	260
380970	381520	-0.689507	-1	550
381520	386240	1.306146	1	4720
386240	386840	-0.697051	-1	600
386840	396930	1.491124	1	10090
396930	397170	-1.038617	-1	240
397170	397500	-2.384499	-2	330
397500	398000	-0.989725	-1	500
398000	403110	1.083149	1	5110
403110	405700	7.747507	2	2590
405700	406070	2.119629	1	370
406070	406590	-0.544446	-1	520
406590	407000	-3.543319	-2	410
407000	407720	-5.540946	-3	720
407720	408070	-3.601986	-2	350
408070	408300	-1.013252	-1	230
408300	410550	1.715280	1	2250
410550	411940	5.405924	2	1390
411940	412230	1.784206	1	290
412230	412440	-1.128637	-1	210
412440	412660	-2.521049	-2	220
412660	412870	-0.971630	-1	210
412870	418340	2.769940	1	5470
418340	419550	6.668367	2	1210
419550	420770	2.410000	1	1220
420770	421450	4.780900	2	680
421450	422630	2.410720	1	1180
422630	428650	7.135940	2	6020
428650	428980	2.120544	1	330
428980	429150	-1.063472	-1	170
429150	429970	-4.096838	-2	820
429970	434110	-7.513471	-3	4140
434110	434270	-3.450238	-2	160
434270	434380	-1.029386	-1	110
434380	434880	1.735623	1	500
434880	434990	-1.044733	-1	110
434990	435160	-3.542438	-2	170
435160	435680	-6.434806	-3	520
435680	435990	-3.473829	-2	310
435990	438260	-0.525343	-1	2270
438260	438720	1.997498	1	460
438720	439720	5.908615	2	1000
439720	440000	2.066541	1	280
440000	440140	-1.056304	-1	140
440140	440320	-3.474296	-2	180
440320	440890	-5.949115	-3	570
440890	441200	-3.480662	-2	310
441200	441590	-1.324421	-1	390
441590	441960	-3.537979	-2	370
441960	442800	-5.641418	-3	840
442800	443350	-3.569902	-2	550
443350	445510	-0.643030	-1	2160
