380753	381003	0.729994	1	250
381003	381533	-0.581940	-1	530
381533	386263	1.065530	1	4730
386263	386863	-0.620678	-1	600
386863	396963	1.743350	1	10100
396963	398043	-1.384102	-1	1080
398043	403153	1.106411	1	5110
403153	405703	7.768945	2	2550
405703	406113	2.212487	1	410
406113	406603	-0.610647	-1	490
406603	407023	-3.486458	-2	420
407023	407723	-5.521849	-3	700
407723	408103	-3.537563	-2	380
408103	408333	-0.958064	-1	230
408333	410633	1.793033	1	2300
410633	411913	5.442377	2	1280
411913	412273	1.957995	1	360
412273	412483	-1.051638	-1	210
412483	412683	-2.416493	-2	200
412683	412903	-1.004568	-1	220
412903	418383	2.788188	1	5480
418383	419533	6.702132	2	1150
419533	420873	2.606865	1	1340
420873	421423	4.828650	2	550
421423	422693	2.580293	1	1270
422693	428643	7.157903	2	5950
428643	428993	2.255619	1	350
428993	429173	-0.968640	-1	180
429173	429973	-4.068728	-2	800
429973	434113	-7.503369	-3	4140
434113	434293	-3.429123	-2	180
434293	434403	-0.971055	-1	110
434403	434893	1.457557	1	490
434893	435003	-0.953061	-1	110
435003	435193	-3.445944	-2	190
435193	435693	-6.307044	-3	500
435693	436023	-3.487019	-2	330
436023	438243	-0.538649	-1	2220
438243	438783	2.097778	1	540
438783	439703	5.955654	2	920
439703	440013	2.245503	1	310
440013	440153	-0.949748	-1	140
440153	440353	-3.405262	-2	200
440353	440903	-5.914146	-3	550
440903	441223	-3.486666	-2	320
441223	441603	-1.531731	-1	380
441603	441983	-3.475553	-2	380
441983	442813	-5.621864	-3	830
442813	443373	-3.569358	-2	560
443373	443793	-0.820721	-1	420
443793	444363	0.525002	1	570
444363	445503	-0.873733	-1	1140
