380494	380884	1.677129	1	390
380884	381404	-1.934315	-1	520
381404	386104	1.454445	1	4700
386104	386734	-0.965102	-1	630
386734	395094	1.554959	1	8360
395094	395674	-0.491120	-1	580
395674	396804	2.147495	1	1130
396804	397014	-1.060975	-1	210
397014	397434	-2.652472	-2	420
397434	397784	-0.976300	-1	350
397784	398934	0.361525	1	1150
398934	399574	-0.205089	-1	640
399574	403154	1.565181	1	3580
403154	405514	8.212623	2	2360
405514	405854	2.747834	1	340
405854	406514	-0.299825	-1	660
406514	406794	-3.478954	-2	280
406794	407704	-5.559772	-3	910
407704	407974	-3.510566	-2	270
407974	408124	-0.978843	-1	150
408124	410844	2.150983	1	2720
410844	411844	5.961524	2	1000
411844	412054	2.886561	1	210
412054	412154	-1.041188	-1	100
412154	412494	-3.187927	-2	340
412494	412734	-0.782522	-1	240
412734	418304	2.755152	1	5570
418304	419394	6.949528	2	1090
419394	422744	2.913736	1	3350
422744	428554	7.222821	2	5810
428554	428864	2.651897	1	310
428864	428984	-0.970388	-1	120
428984	429814	-4.061779	-2	830
429814	434064	-7.521118	-3	4250
434064	434174	-3.509451	-2	110
434174	434264	-1.043379	-1	90
434264	434794	2.948100	1	530
434794	434874	-1.120793	-1	80
434874	434984	-3.521220	-2	110
434984	435594	-6.891076	-3	610
435594	435834	-3.415794	-2	240
435834	438244	-0.476728	-1	2410
438244	438674	2.531232	1	430
438674	439614	6.366780	2	940
439614	439884	2.737886	1	270
439884	439994	-0.980940	-1	110
439994	440134	-3.566856	-2	140
440134	440844	-6.017461	-3	710
440844	441054	-3.375162	-2	210
441054	441204	-0.935794	-1	150
441204	441354	0.443708	1	150
441354	441504	-1.086956	-1	150
441504	441774	-3.537785	-2	270
441774	442754	-5.609940	-3	980
442754	443224	-3.451489	-2	470
443224	443584	-0.992898	-1	360
443584	444244	0.558450	1	660
444244	445504	-1.037902	-1	1260
