380769	381009	0.707505	1	240
381009	381549	-0.545162	-1	540
381549	386279	1.063082	1	4730
386279	386879	-0.606403	-1	600
386879	396969	1.743946	1	10090
396969	398059	-1.366005	-1	1090
398059	403119	1.082641	1	5060
403119	405739	7.663538	2	2620
405739	406129	2.078371	1	390
406129	406599	-0.596698	-1	470
406599	407049	-3.484928	-2	450
407049	407729	-5.523912	-3	680
407729	408109	-3.552077	-2	380
408109	408349	-0.965802	-1	240
408349	410549	1.689821	1	2200
410549	411959	5.320311	2	1410
411959	412279	1.732489	1	320
412279	412919	-1.422041	-1	640
412919	418359	2.783925	1	5440
418359	419579	6.536559	2	1220
419579	420729	2.344622	1	1150
420729	421489	4.650604	2	760
421489	422649	2.437419	1	1160
422649	428679	7.115078	2	6030
428679	429019	1.978808	1	340
429019	429179	-1.018510	-1	160
429179	429979	-4.049259	-2	800
429979	434119	-7.502111	-3	4140
434119	434299	-3.461468	-2	180
434299	434419	-0.979248	-1	120
434419	434899	1.422731	1	480
434899	435029	-1.030137	-1	130
435029	435209	-3.602260	-2	180
435209	435699	-6.296477	-3	490
435699	436039	-3.487797	-2	340
436039	438259	-0.535523	-1	2220
438259	438749	1.946878	1	490
438749	439749	5.789497	2	1000
439749	440019	1.982477	1	270
440019	440159	-0.898802	-1	140
440159	440369	-3.400725	-2	210
440369	440899	-5.941110	-3	530
440899	441249	-3.481586	-2	350
441249	441619	-1.578456	-1	370
441619	441999	-3.512002	-2	380
441999	442809	-5.630095	-3	810
442809	443389	-3.585172	-2	580
443389	443809	-0.800457	-1	420
443809	444359	0.521136	1	550
444359	445509	-0.865369	-1	1150
