380505	380885	1.666962	1	380
380885	381415	-1.856910	-1	530
381415	386105	1.455512	1	4690
386105	386735	-0.952619	-1	630
386735	395095	1.553981	1	8360
395095	395665	-0.492786	-1	570
395665	396815	2.101361	1	1150
396815	397025	-1.091165	-1	210
397025	397435	-2.657374	-2	410
397435	397795	-0.987331	-1	360
397795	398945	0.361294	1	1150
398945	399585	-0.203083	-1	640
399585	403095	1.581692	1	3510
403095	405555	8.079766	2	2460
405555	405865	2.465166	1	310
405865	406515	-0.302571	-1	650
406515	406805	-3.465112	-2	290
406805	407705	-5.556843	-3	900
407705	407975	-3.550210	-2	270
407975	408135	-1.006886	-1	160
408135	410575	1.821552	1	2440
410575	411875	5.755371	2	1300
411875	412065	2.471313	1	190
412065	412165	-1.097146	-1	100
412165	412515	-3.103504	-2	350
412515	412735	-0.747271	-1	220
412735	418265	2.734951	1	5530
418265	419435	6.809953	2	1170
419435	422665	2.835712	1	3230
422665	428585	7.181284	2	5920
428585	428875	2.377880	1	290
428875	428985	-0.935979	-1	110
428985	429825	-4.053454	-2	840
429825	434065	-7.526740	-3	4240
434065	434195	-3.369568	-2	130
434195	434275	-0.828436	-1	80
434275	434785	3.020072	1	510
434785	434875	-0.862651	-1	90
434875	434995	-3.488828	-2	120
434995	435605	-6.868256	-3	610
435605	435845	-3.366962	-2	240
435845	438255	-0.475993	-1	2410
438255	438645	2.340365	1	390
438645	439645	6.276474	2	1000
439645	439895	2.412898	1	250
439895	439995	-0.951160	-1	100
439995	440145	-3.509011	-2	150
440145	440845	-6.030993	-3	700
440845	441045	-3.522538	-2	200
441045	441215	-1.039423	-1	170
441215	441355	0.432101	1	140
441355	441505	-1.044562	-1	150
441505	441785	-3.517002	-2	280
441785	442755	-5.617739	-3	970
442755	443235	-3.456696	-2	480
443235	443595	-0.970770	-1	360
443595	444245	0.555378	1	650
444245	445505	-1.034287	-1	1260
