380674	380954	1.079345	1	280
380954	381504	-0.781872	-1	550
381504	386214	1.815707	1	4710
386214	386824	-0.735155	-1	610
386824	395184	1.538392	1	8360
395184	395694	-0.388770	-1	510
395694	396914	1.999756	1	1220
396914	397154	-1.102747	-1	240
397154	397484	-2.458164	-2	330
397484	397964	-0.995830	-1	480
397964	399094	0.358752	1	1130
399094	399604	-0.181524	-1	510
399604	403134	1.524990	1	3530
403134	405654	7.870271	2	2520
405654	406034	2.285828	1	380
406034	406574	-0.486482	-1	540
406574	406964	-3.517143	-2	390
406964	407724	-5.540024	-3	760
407724	408054	-3.553938	-2	330
408054	408264	-1.041808	-1	210
408264	410574	1.750054	1	2310
410574	411914	5.494712	2	1340
411914	412184	2.070426	1	270
412184	412394	-1.077304	-1	210
412394	412624	-2.628050	-2	230
412624	412834	-1.051282	-1	210
412834	418344	2.762673	1	5510
418344	419514	6.819755	2	1170
419514	420854	2.554170	1	1340
420854	421394	4.963591	2	540
421394	422674	2.530677	1	1280
422674	428624	7.177895	2	5950
428624	428964	2.220635	1	340
428964	429114	-1.014895	-1	150
429114	429954	-4.063820	-2	840
429954	434094	-7.520868	-3	4140
434094	434264	-3.424365	-2	170
434264	434364	-0.903877	-1	100
434364	434864	1.967558	1	500
434864	434974	-1.072305	-1	110
434974	435124	-3.522249	-2	150
435124	435664	-6.508694	-3	540
435664	435964	-3.467845	-2	300
435964	438254	-0.518502	-1	2290
438254	438734	2.159333	1	480
438734	439694	6.048535	2	960
439694	439984	2.209476	1	290
439984	440124	-1.064764	-1	140
440124	440284	-3.439576	-2	160
440284	440884	-5.937939	-3	600
440884	441174	-3.458188	-2	290
441174	441574	-1.192163	-1	400
441574	441924	-3.509729	-2	350
441924	442794	-5.637276	-3	870
442794	443334	-3.535833	-2	540
443334	443744	-0.807974	-1	410
443744	444254	0.458022	1	510
444254	445504	-1.012178	-1	1250
