380800	381020	0.612663	1	220
381020	381590	-0.456511	-1	570
381590	386300	1.058473	1	4710
386300	386890	-0.565679	-1	590
386890	396980	1.476557	1	10090
396980	398090	-1.319947	-1	1110
398090	403140	1.094099	1	5050
403140	405750	7.654841	2	2610
405750	406160	2.083546	1	410
406160	406610	-0.659301	-1	450
406610	407070	-3.475730	-2	460
407070	407730	-5.515216	-3	660
407730	408130	-3.519536	-2	400
408130	408360	-0.985855	-1	230
408360	410550	1.670950	1	2190
410550	411940	5.306935	2	1390
411940	412310	1.839736	1	370
412310	412940	-1.376883	-1	630
412940	418380	2.793446	1	5440
418380	419580	6.517801	2	1200
419580	420740	2.379667	1	1160
420740	421490	4.631125	2	750
421490	422670	2.492936	1	1180
422670	428680	7.184504	2	6010
428680	429030	2.019684	1	350
429030	429210	-1.053986	-1	180
429210	429980	-4.070437	-2	770
429980	434120	-7.493073	-3	4140
434120	434300	-3.573084	-2	180
434300	434430	-1.093472	-1	130
434430	434920	1.164719	1	490
434920	435040	-1.098808	-1	120
435040	435240	-3.629103	-2	200
435240	435710	-6.202958	-3	470
435710	436060	-3.490481	-2	350
436060	438260	-0.542785	-1	2200
438260	438770	1.973324	1	510
438770	439730	5.798435	2	960
439730	440040	2.067071	1	310
440040	440180	-1.007750	-1	140
440180	440390	-3.431932	-2	210
440390	440900	-5.917517	-3	510
440900	441260	-3.531194	-2	360
441260	441630	-1.733120	-1	370
441630	442020	-3.503658	-2	390
442020	442820	-5.615064	-3	800
442820	443390	-3.618157	-2	570
443390	443830	-0.839720	-1	440
443830	444360	0.487369	1	530
444360	445510	-0.863083	-1	1150
