380635	380945	1.201066	1	310
380945	381475	-0.917940	-1	530
381475	386185	1.922876	1	4710
386185	386805	-0.780331	-1	620
386805	395155	1.543734	1	8350
395155	395695	-0.402075	-1	540
395695	396885	2.097738	1	1190
396885	397115	-1.030497	-1	230
397115	397475	-2.499156	-2	360
397475	397925	-0.984655	-1	450
397925	399065	0.359110	1	1140
399065	399605	-0.188183	-1	540
399605	403155	1.567441	1	3550
403155	405615	7.978079	2	2460
405615	405995	2.405809	1	380
405995	406555	-0.431533	-1	560
406555	406925	-3.485960	-2	370
406925	407725	-5.535538	-3	800
407725	408045	-3.476025	-2	320
408045	408235	-0.975417	-1	190
408235	410645	1.853631	1	2410
410645	411905	5.606894	2	1260
411905	412155	2.107186	1	250
412155	412325	-1.043844	-1	170
412325	412595	-2.678491	-2	270
412595	412805	-1.033139	-1	210
412805	418345	2.761269	1	5540
418345	419465	6.712581	2	1120
419465	422705	2.977022	1	3240
422705	428595	7.217486	2	5890
428595	428935	2.428320	1	340
428935	429085	-0.964796	-1	150
429085	429955	-4.069103	-2	870
429955	434085	-7.534426	-3	4130
434085	434235	-3.568659	-2	150
434235	434335	-1.074056	-1	100
434335	434845	2.173204	1	510
434845	434945	-0.967415	-1	100
434945	435095	-3.450793	-2	150
435095	435645	-6.617208	-3	550
435645	435935	-3.483686	-2	290
435935	438255	-0.510042	-1	2320
438255	438735	2.318604	1	480
438735	439665	6.158526	2	930
439665	439955	2.370332	1	290
439955	440085	-1.034539	-1	130
440085	440245	-3.412845	-2	160
440245	440875	-5.995869	-3	630
440875	441155	-3.409279	-2	280
441155	441565	-1.041515	-1	410
441565	441895	-3.552369	-2	330
441895	442785	-5.640608	-3	890
442785	443315	-3.512045	-2	530
443315	443705	-0.828537	-1	390
443705	444255	0.472191	1	550
444255	445505	-1.015839	-1	1250
