380760	381010	0.777027	1	250
381010	381550	-0.566895	-1	540
381550	386280	1.065470	1	4730
386280	386870	-0.629793	-1	590
386870	396960	1.482925	1	10090
396960	398050	-1.371357	-1	1090
398050	403130	1.315239	1	5080
403130	405720	7.711110	2	2590
405720	406120	2.149602	1	400
406120	406600	-0.596891	-1	480
406600	407040	-3.497146	-2	440
407040	407730	-5.524479	-3	690
407730	408110	-3.517084	-2	380
408110	408340	-0.946990	-1	230
408340	410570	1.716762	1	2230
410570	411940	5.367836	2	1370
411940	412270	1.850930	1	330
412270	412490	-1.010350	-1	220
412490	412690	-2.408733	-2	200
412690	412910	-0.991622	-1	220
412910	418370	2.784806	1	5460
418370	419560	6.614162	2	1190
419560	420780	2.441344	1	1220
420780	421460	4.722479	2	680
421460	422660	2.484439	1	1200
422660	428670	7.126264	2	6010
428670	429010	2.039938	1	340
429010	429170	-0.987375	-1	160
429170	429980	-4.049842	-2	810
429980	434120	-7.502518	-3	4140
434120	434300	-3.390128	-2	180
434300	434410	-0.954523	-1	110
434410	434900	1.437487	1	490
434900	435020	-1.055939	-1	120
435020	435200	-3.555950	-2	180
435200	435700	-6.295800	-3	500
435700	436030	-3.472505	-2	330
436030	438260	-0.534979	-1	2230
438260	438770	2.072275	1	510
438770	439730	5.878733	2	960
439730	440020	2.058208	1	290
440020	440160	-0.984863	-1	140
440160	440360	-3.432831	-2	200
440360	440900	-5.929429	-3	540
440900	441240	-3.473754	-2	340
441240	441610	-1.537540	-1	370
441610	442000	-3.530726	-2	390
442000	442810	-5.634852	-3	810
442810	443380	-3.586564	-2	570
443380	443800	-0.819414	-1	420
443800	444350	0.535782	1	550
444350	445510	-0.856593	-1	1160
