380582	380912	1.473791	1	330
380912	381452	-1.055711	-1	540
381452	386152	2.043401	1	4700
386152	386782	-0.849732	-1	630
386782	395122	1.550755	1	8340
395122	395702	-0.425333	-1	580
395702	396862	2.225764	1	1160
396862	397072	-1.017270	-1	210
397072	397462	-2.566223	-2	390
397462	397872	-0.984231	-1	410
397872	399022	0.359364	1	1150
399022	399602	-0.196902	-1	580
399602	403082	1.529185	1	3480
403082	405632	7.899198	2	2550
405632	405942	2.168444	1	310
405942	406542	-0.371163	-1	600
406542	406882	-3.506327	-2	340
406882	407722	-5.549996	-3	840
407722	408022	-3.472639	-2	300
408022	408192	-0.983840	-1	170
408192	410522	1.728140	1	2330
410522	411912	5.571925	2	1390
411912	412112	2.124362	1	200
412112	412272	-1.170120	-1	160
412272	412572	-2.844209	-2	300
412572	412752	-1.004411	-1	180
412752	418282	2.727139	1	5530
418282	419492	6.626784	2	1210
419492	420772	2.402417	1	1280
420772	421392	5.009941	2	620
421392	422612	2.357974	1	1220
422612	428622	7.126908	2	6010
428622	428912	2.188777	1	290
428912	429052	-0.997399	-1	140
429052	429952	-4.076994	-2	900
429952	434082	-7.544000	-3	4130
434082	434222	-3.452891	-2	140
434222	434302	-1.049176	-1	80
434302	434822	2.485130	1	520
434822	434922	-0.978739	-1	100
434922	435062	-3.593513	-2	140
435062	435632	-6.750266	-3	570
435632	435892	-3.467299	-2	260
435892	438262	-0.499525	-1	2370
438262	438652	2.081584	1	390
438652	439692	6.075818	2	1040
439692	439932	2.088919	1	240
439932	440052	-1.004767	-1	120
440052	440212	-3.521946	-2	160
440212	440862	-6.033212	-3	650
440862	441112	-3.457484	-2	250
441112	441552	-0.857637	-1	440
441552	441842	-3.550942	-2	290
441842	442772	-5.630824	-3	930
442772	443292	-3.476319	-2	520
443292	443672	-0.827341	-1	380
443672	444242	0.522819	1	570
444242	445512	-1.012942	-1	1270
