380607	380927	1.367180	1	320
380927	381467	-0.991547	-1	540
381467	386177	1.780029	1	4710
386177	386797	-0.827260	-1	620
386797	395137	1.548472	1	8340
395137	395697	-0.417923	-1	560
395697	396877	2.156221	1	1180
396877	397097	-1.059982	-1	220
397097	397477	-2.534745	-2	380
397477	397897	-0.966398	-1	420
397897	399037	0.361402	1	1140
399037	399617	-0.187923	-1	580
399617	403067	1.511626	1	3450
403067	405667	7.808807	2	2600
405667	405967	2.011961	1	300
405967	406547	-0.389442	-1	580
406547	406897	-3.461131	-2	350
406897	407717	-5.545191	-3	820
407717	408027	-3.551297	-2	310
408027	408207	-1.049768	-1	180
408207	410477	1.668890	1	2270
410477	411947	5.462135	2	1470
411947	412127	1.798995	1	180
412127	412297	-1.102205	-1	170
412297	412587	-2.765039	-2	290
412587	412777	-1.004576	-1	190
412777	418267	2.729521	1	5490
418267	419517	6.514120	2	1250
419517	420667	2.228449	1	1150
420667	421437	4.799462	2	770
421437	422567	2.244330	1	1130
422567	428657	7.083652	2	6090
428657	428937	1.882559	1	280
428937	429077	-1.140588	-1	140
429077	429957	-4.095765	-2	880
429957	434087	-7.540747	-3	4130
434087	434237	-3.424932	-2	150
434237	434317	-1.012204	-1	80
434317	434837	2.337434	1	520
434837	434927	-0.925584	-1	90
434927	435067	-3.319785	-2	140
435067	435637	-6.670374	-3	570
435637	435917	-3.472110	-2	280
435917	438257	-0.502967	-1	2340
438257	438637	1.887032	1	380
438637	439717	5.958589	2	1080
439717	439937	1.984794	1	220
439937	440067	-0.955789	-1	130
440067	440237	-3.543870	-2	170
440237	440867	-6.042405	-3	630
440867	441127	-3.490405	-2	260
441127	441547	-0.918726	-1	420
441547	441867	-3.484923	-2	320
441867	442777	-5.639447	-3	910
442777	443297	-3.524153	-2	520
443297	443697	-0.832305	-1	400
443697	444257	0.502450	1	560
444257	445507	-1.022131	-1	1250
