380683	380963	1.053015	1	280
380963	381503	-0.781527	-1	540
381503	386223	1.800861	1	4720
386223	386823	-0.739299	-1	600
386823	395183	1.537795	1	8360
395183	395703	-0.375166	-1	520
395703	396923	1.992065	1	1220
396923	397163	-1.112701	-1	240
397163	397493	-2.447641	-2	330
397493	397973	-0.990723	-1	480
397973	399103	0.358237	1	1130
399103	399603	-0.182852	-1	500
399603	403083	1.477861	1	3480
403083	405713	7.712862	2	2630
405713	406043	1.979868	1	330
406043	406573	-0.473891	-1	530
406573	406973	-3.490919	-2	400
406973	407723	-5.543249	-3	750
407723	408073	-3.527373	-2	350
408073	408273	-0.978092	-1	200
408273	410493	1.658630	1	2220
410493	411963	5.365129	2	1470
411963	412203	1.608987	1	240
412203	412383	-1.014598	-1	180
412383	412633	-2.570350	-2	250
412633	412843	-1.042488	-1	210
412843	418303	2.752275	1	5460
418303	419563	6.618922	2	1260
419563	420643	2.180134	1	1080
420643	421483	4.659270	2	840
421483	422583	2.268076	1	1100
422583	428683	7.103639	2	6100
428683	428963	1.913511	1	280
428963	429123	-0.979926	-1	160
429123	429963	-4.072390	-2	840
429963	434093	-7.525867	-3	4130
434093	434263	-3.561799	-2	170
434263	434363	-1.044373	-1	100
434363	434863	1.930714	1	500
434863	434973	-0.955664	-1	110
434973	435133	-3.441653	-2	160
435133	435673	-6.485639	-3	540
435673	435973	-3.452224	-2	300
435973	438253	-0.520565	-1	2280
438253	438683	1.852465	1	430
438683	439733	5.876941	2	1050
439733	439983	2.008697	1	250
439983	440133	-1.031794	-1	150
440133	440293	-3.474411	-2	160
440293	440883	-5.951094	-3	590
440883	441183	-3.491274	-2	300
441183	441573	-1.190630	-1	390
441573	441933	-3.481235	-2	360
441933	442793	-5.642535	-3	860
442793	443343	-3.549653	-2	550
443343	443753	-0.802289	-1	410
443753	444273	0.440890	1	520
444273	445503	-1.027317	-1	1230
