380784	381014	0.662759	1	230
381014	381584	-0.501745	-1	570
381584	386284	1.065271	1	4700
386284	386884	-0.581541	-1	600
386884	396974	1.479142	1	10090
396974	398074	-1.342904	-1	1100
398074	403124	1.084330	1	5050
403124	405764	7.626456	2	2640
405764	406144	1.982738	1	380
406144	406604	-0.619019	-1	460
406604	407054	-3.458983	-2	450
407054	407724	-5.523274	-3	670
407724	408114	-3.581861	-2	390
408114	408354	-0.999931	-1	240
408354	410524	1.651341	1	2170
410524	411964	5.279280	2	1440
411964	412304	1.651882	1	340
412304	412924	-1.436994	-1	620
412924	418354	3.806243	1	5430
418354	419584	6.489794	2	1230
419584	420674	2.258742	1	1090
420674	421494	4.596019	2	820
421494	422654	2.450771	1	1160
422654	428694	7.173994	2	6040
428694	429024	1.920088	1	330
429024	429194	-1.032304	-1	170
429194	429984	-4.063086	-2	790
429984	434124	-7.497785	-3	4140
434124	434304	-3.455229	-2	180
434304	434424	-1.000265	-1	120
434424	434904	1.312064	1	480
434904	435034	-1.011090	-1	130
435034	435214	-3.524470	-2	180
435214	435704	-6.231343	-3	490
435704	436044	-3.517834	-2	340
436044	438254	-0.544937	-1	2210
438254	438754	1.909991	1	500
438754	439744	5.780694	2	990
439744	440034	1.979259	1	290
440034	440174	-1.015871	-1	140
440174	440384	-3.473220	-2	210
440384	440904	-5.932520	-3	520
440904	441254	-3.493565	-2	350
441254	441624	-1.651259	-1	370
441624	442014	-3.521931	-2	390
442014	442824	-5.619987	-3	810
442824	443394	-3.570217	-2	570
443394	443824	-0.799521	-1	430
443824	444354	0.519012	1	530
444354	445504	-0.865004	-1	1150
