380761	381001	0.716022	1	240
381001	381541	-0.555574	-1	540
381541	386271	1.064197	1	4730
386271	386871	-0.612375	-1	600
386871	396951	1.744975	1	10080
396951	398051	-1.355494	-1	1100
398051	403161	1.341414	1	5110
403161	405711	7.763025	2	2550
405711	406121	2.178892	1	410
406121	406591	-0.585094	-1	470
406591	407031	-3.446526	-2	440
407031	407721	-5.521910	-3	690
407721	408111	-3.526227	-2	390
408111	408331	-0.967035	-1	220
408331	410621	1.770958	1	2290
410621	411921	5.418925	2	1300
411921	412271	1.948680	1	350
412271	412491	-1.015146	-1	220
412491	412691	-2.388278	-2	200
412691	412901	-1.022955	-1	210
412901	418391	2.787900	1	5490
418391	419541	6.688097	2	1150
419541	420861	2.583827	1	1320
420861	421411	4.818295	2	550
421411	422701	2.615255	1	1290
422701	428641	7.159462	2	5940
428641	429001	2.242264	1	360
429001	429181	-1.019095	-1	180
429181	429971	-4.072691	-2	790
429971	434111	-7.501736	-3	4140
434111	434291	-3.487904	-2	180
434291	434411	-0.981360	-1	120
434411	434891	1.435467	1	480
434891	435011	-0.946684	-1	120
435011	435191	-3.423607	-2	180
435191	435691	-6.277984	-3	500
435691	436031	-3.494288	-2	340
436031	438241	-0.538114	-1	2210
438241	438781	2.064142	1	540
438781	439701	5.941300	2	920
439701	440021	2.222552	1	320
440021	440161	-1.023219	-1	140
440161	440361	-3.456474	-2	200
440361	440901	-5.923698	-3	540
440901	441231	-3.484240	-2	330
441231	441611	-1.570089	-1	380
441611	441991	-3.505676	-2	380
441991	442811	-5.624445	-3	820
442811	443371	-3.594397	-2	560
443371	443801	-0.831298	-1	430
443801	444341	0.541541	1	540
444341	445511	-0.850499	-1	1170
