380739	380999	0.772275	1	260
380999	381539	-0.616863	-1	540
381539	386249	1.074968	1	4710
386249	386859	-0.637901	-1	610
386859	396949	1.748896	1	10090
396949	398029	-1.396639	-1	1080
398029	403189	1.494164	1	5160
403189	405669	7.872046	2	2480
405669	406099	2.351867	1	430
406099	406599	-0.592698	-1	500
406599	407019	-3.521963	-2	420
407019	407719	-5.531896	-3	700
407719	408099	-3.537559	-2	380
408099	408319	-0.953620	-1	220
408319	410739	1.920784	1	2420
410739	411899	5.548523	2	1160
411899	412249	2.124738	1	350
412249	412469	-1.039703	-1	220
412469	412679	-2.447125	-2	210
412679	412889	-0.982658	-1	210
412889	418399	2.790387	1	5510
418399	419509	6.811572	2	1110
419509	422749	3.016819	1	3240
422749	428609	7.201257	2	5860
428609	428989	2.430313	1	380
428989	429169	-1.026851	-1	180
429169	429959	-4.074262	-2	790
429959	434109	-7.501873	-3	4150
434109	434289	-3.419467	-2	180
434289	434399	-0.929824	-1	110
434399	434889	1.576948	1	490
434889	435009	-1.073525	-1	120
435009	435179	-3.556742	-2	170
435179	435689	-6.350477	-3	510
435689	436009	-3.486597	-2	320
436009	438259	-0.532007	-1	2250
438259	438799	2.275460	1	540
438799	439689	6.033207	2	890
439689	440009	2.315115	1	320
440009	440149	-0.995130	-1	140
440149	440339	-3.413644	-2	190
440339	440899	-5.929023	-3	560
440899	441219	-3.461025	-2	320
441219	441599	-1.454190	-1	380
441599	441969	-3.479027	-2	370
441969	442809	-5.623323	-3	840
442809	443359	-3.584740	-2	550
443359	443789	-0.826342	-1	430
443789	444359	0.549189	1	570
444359	445509	-0.865901	-1	1150
