380711	380971	0.910768	1	260
380971	381511	-0.691111	-1	540
381511	386241	1.296169	1	4730
386241	386841	-0.688570	-1	600
386841	395201	1.534941	1	8360
395201	395701	-0.360109	-1	500
395701	396931	1.940086	1	1230
396931	397171	-1.051353	-1	240
397171	397501	-2.372477	-2	330
397501	398001	-0.983345	-1	500
398001	403181	1.269333	1	5180
403181	405651	7.905895	2	2470
405651	406071	2.378331	1	420
406071	406581	-0.531874	-1	510
406581	407001	-3.521997	-2	420
407001	407721	-5.539256	-3	720
407721	408081	-3.525492	-2	360
408081	408291	-0.992010	-1	210
408291	410711	1.897340	1	2420
410711	411901	5.558626	2	1190
411901	412221	2.108655	1	320
412221	412431	-1.028718	-1	210
412431	412651	-2.510520	-2	220
412651	412871	-0.998051	-1	220
412871	418391	2.788369	1	5520
418391	419491	6.883297	2	1100
419491	422741	3.013986	1	3250
422741	428611	7.204384	2	5870
428611	428971	2.396687	1	360
428971	429141	-0.967304	-1	170
429141	429961	-4.067108	-2	820
429961	434091	-7.518265	-3	4130
434091	434271	-3.569987	-2	180
434271	434381	-0.982986	-1	110
434381	434871	1.741136	1	490
434871	434981	-0.926051	-1	110
434981	435161	-3.479381	-2	180
435161	435671	-6.443284	-3	510
435671	435991	-3.502614	-2	320
435991	438261	-0.524266	-1	2270
438261	438781	2.306729	1	520
438781	439671	6.084395	2	890
439671	439991	2.448239	1	320
439991	440131	-0.937728	-1	140
440131	440321	-3.432088	-2	190
440321	440881	-5.957802	-3	560
440881	441201	-3.503668	-2	320
441201	441581	-1.331776	-1	380
441581	441961	-3.510934	-2	380
441961	442791	-5.646437	-3	830
442791	443351	-3.579146	-2	560
443351	445511	-0.641473	-1	2160
