380579	380919	1.446360	1	340
380919	381449	-1.085327	-1	530
381449	386159	2.135495	1	4710
386159	386779	-0.869043	-1	620
386779	395119	1.551090	1	8340
395119	395689	-0.435579	-1	570
395689	396859	2.211984	1	1170
396859	397079	-1.062706	-1	220
397079	397459	-2.587537	-2	380
397459	397869	-0.984677	-1	410
397869	399019	0.359644	1	1150
399019	399619	-0.192111	-1	600
399619	403079	1.536647	1	3460
403079	405629	7.902024	2	2550
405629	405939	2.168671	1	310
405939	406539	-0.363431	-1	600
406539	406869	-3.456674	-2	330
406869	407719	-5.544015	-3	850
407719	408009	-3.543838	-2	290
408009	408189	-1.047975	-1	180
408189	410529	1.737205	1	2340
410529	411919	5.576069	2	1390
411919	412109	2.061082	1	190
412109	412259	-1.139935	-1	150
412259	412559	-2.861371	-2	300
412559	412749	-1.056011	-1	190
412749	418269	2.722997	1	5520
418269	419489	6.612129	2	1220
419489	420789	2.428819	1	1300
420789	421389	5.039423	2	600
421389	422619	2.372494	1	1230
422619	428629	7.127587	2	6010
428629	428919	2.072632	1	290
428919	429039	-0.996748	-1	120
429039	429949	-4.048194	-2	910
429949	434079	-7.546006	-3	4130
434079	434219	-3.479298	-2	140
434219	434309	-0.972773	-1	90
434309	434829	2.519284	1	520
434829	434909	-0.956874	-1	80
434909	435059	-3.464903	-2	150
435059	435629	-6.769164	-3	570
435629	435889	-3.474269	-2	260
435889	438259	-0.498833	-1	2370
438259	438649	2.064598	1	390
438649	439689	6.080475	2	1040
439689	439929	2.129681	1	240
439929	440039	-0.932712	-1	110
440039	440209	-3.422236	-2	170
440209	440859	-6.043587	-3	650
440859	441099	-3.531389	-2	240
441099	441539	-0.844450	-1	440
441539	441849	-3.542541	-2	310
441849	442779	-5.632597	-3	930
442779	443279	-3.480372	-2	500
443279	443659	-0.884637	-1	380
443659	444249	0.510041	1	590
444249	445509	-1.022544	-1	1260
