380528	380898	1.589557	1	370
380898	381428	-1.820830	-1	530
381428	386128	1.133031	1	4700
386128	386748	-0.934682	-1	620
386748	395098	1.553693	1	8350
395098	395678	-0.465968	-1	580
395678	396838	2.295959	1	1160
396838	397038	-1.071384	-1	200
397038	397448	-2.619833	-2	410
397448	397818	-0.974840	-1	370
397818	398968	0.360782	1	1150
398968	399598	-0.198196	-1	630
399598	403108	1.584008	1	3510
403108	405568	8.060866	2	2460
405568	405888	2.452092	1	320
405888	406528	-0.335395	-1	640
406528	406828	-3.501809	-2	300
406828	407708	-5.555759	-3	880
407708	407978	-3.590370	-2	270
407978	408148	-1.098918	-1	170
408148	410588	1.822516	1	2440
410588	411888	5.720946	2	1300
411888	412078	2.337235	1	190
412078	412188	-1.096762	-1	110
412188	412518	-3.012345	-2	330
412518	412738	-0.911400	-1	220
412738	418288	2.737210	1	5550
418288	419438	6.811861	2	1150
419438	422678	2.850509	1	3240
422678	428588	7.180017	2	5910
428588	428888	2.355512	1	300
428888	429008	-0.988020	-1	120
429008	429938	-4.045219	-2	930
429938	434068	-7.551818	-3	4130
434068	434188	-3.589154	-2	120
434188	434288	-0.995626	-1	100
434288	434798	2.868937	1	510
434798	434888	-0.928847	-1	90
434888	435018	-3.534250	-2	130
435018	435608	-6.857730	-3	590
435608	435858	-3.434726	-2	250
435858	438258	-0.484406	-1	2400
438258	438658	2.329844	1	400
438658	439648	6.252985	2	990
439648	439908	2.381608	1	260
439908	440018	-1.041545	-1	110
440018	440158	-3.463001	-2	140
440158	440838	-6.042844	-3	680
440838	441078	-3.491252	-2	240
441078	441518	-0.635415	-1	440
441518	441808	-3.549351	-2	290
441808	442758	-5.626915	-3	950
442758	443248	-3.482206	-2	490
443248	443608	-0.957309	-1	360
443608	444248	0.528078	1	640
444248	445508	-1.030806	-1	1260
