380612	380932	1.346805	1	320
380932	381472	-0.975392	-1	540
381472	386182	1.763898	1	4710
386182	386792	-0.836142	-1	610
386792	395142	1.546256	1	8350
395142	395702	-0.414813	-1	560
395702	396882	2.150311	1	1180
396882	397102	-1.064672	-1	220
397102	397472	-2.544378	-2	370
397472	397902	-0.986970	-1	430
397902	399042	0.360979	1	1140
399042	399622	-0.185338	-1	580
399622	403052	1.499093	1	3430
403052	405672	7.774920	2	2620
405672	405972	2.019866	1	300
405972	406552	-0.398192	-1	580
406552	406902	-3.466029	-2	350
406902	407722	-5.542592	-3	820
407722	408032	-3.528821	-2	310
408032	408212	-1.044367	-1	180
408212	410482	1.670917	1	2270
410482	411942	5.461722	2	1460
411942	412132	1.872137	1	190
412132	412312	-1.125299	-1	180
412312	412592	-2.764871	-2	280
412592	412782	-1.009843	-1	190
412782	418252	3.619567	1	5470
418252	419542	6.421864	2	1290
419542	420642	2.157877	1	1100
420642	421452	4.744829	2	810
421452	422552	2.204804	1	1100
422552	428672	7.065654	2	6120
428672	428932	1.847873	1	260
428932	429072	-1.003110	-1	140
429072	429952	-4.067435	-2	880
429952	434082	-7.539666	-3	4130
434082	434232	-3.559299	-2	150
434232	434322	-1.077020	-1	90
434322	434832	2.345941	1	510
434832	434932	-0.861031	-1	100
434932	435072	-3.357075	-2	140
435072	435642	-6.649601	-3	570
435642	435922	-3.453875	-2	280
435922	438262	-0.502390	-1	2340
438262	438642	1.910382	1	380
438642	439722	5.944667	2	1080
439722	439942	1.949732	1	220
439942	440072	-0.972904	-1	130
440072	440242	-3.536669	-2	170
440242	440872	-6.032526	-3	630
440872	441142	-3.405930	-2	270
441142	441562	-0.937124	-1	420
441562	441872	-3.543732	-2	310
441872	442782	-5.636839	-3	910
442782	443302	-3.511378	-2	520
443302	443702	-0.823127	-1	400
443702	444262	0.493696	1	560
444262	445512	-1.024105	-1	1250
