380442	380862	1.801339	1	420
380862	381052	-1.055276	-1	190
381052	381242	-2.287322	-2	190
381242	381382	-0.925380	-1	140
381382	386062	2.534306	1	4680
386062	386712	-1.002635	-1	650
386712	395082	1.558417	1	8370
395082	395652	-0.545047	-1	570
395652	396772	2.216639	1	1120
396772	396972	-0.994263	-1	200
396972	397422	-2.679229	-2	450
397422	397732	-0.966061	-1	310
397732	398882	0.363067	1	1150
398882	399542	-0.215748	-1	660
399542	403112	1.536189	1	3570
403112	405502	8.216200	2	2390
405502	405802	2.716174	1	300
405802	406492	-0.246329	-1	690
406492	406762	-3.521855	-2	270
406762	407712	-5.565685	-3	950
407712	407952	-3.394191	-2	240
407952	408092	-0.906722	-1	140
408092	411322	2.609692	1	3230
411322	411842	6.493140	2	520
411842	412032	2.785893	1	190
412032	412102	-0.878277	-1	70
412102	412472	-3.403643	-2	370
412472	412732	-0.561507	-1	260
412732	418272	2.759630	1	5540
418272	419392	6.964611	2	1120
419392	422712	2.875593	1	3320
422712	428552	7.222837	2	5840
428552	428842	2.618736	1	290
428842	428952	-1.043545	-1	110
428952	429802	-4.060268	-2	850
429802	434052	-7.593011	-3	4250
434052	434152	-3.600149	-2	100
434152	434232	-1.181717	-1	80
434232	434762	3.278158	1	530
434762	434832	-0.776129	-1	70
434832	434952	-3.430691	-2	120
434952	435582	-6.983961	-3	630
435582	435802	-3.332112	-2	220
435802	438242	-0.457821	-1	2440
438242	438642	2.583731	1	400
438642	439612	6.405073	2	970
439612	439862	2.713566	1	250
439862	439962	-1.007257	-1	100
439962	440082	-3.565618	-2	120
440082	440832	-5.990233	-3	750
440832	441012	-3.438657	-2	180
441012	441152	-0.968863	-1	140
441152	441332	0.630520	1	180
441332	441482	-0.958328	-1	150
441482	441732	-3.540376	-2	250
441732	442732	-5.596287	-3	1000
442732	443172	-3.527480	-2	440
443172	443542	-1.113972	-1	370
443542	444232	0.603438	1	690
444232	445512	-1.030056	-1	1280
