380665	380955	1.090783	1	290
380955	381495	-0.823583	-1	540
381495	386205	1.825314	1	4710
386205	386815	-0.749833	-1	610
386815	395185	1.537410	1	8370
395185	395695	-0.397108	-1	510
395695	396915	2.010430	1	1220
396915	397145	-1.116699	-1	230
397145	397485	-2.467129	-2	340
397485	397955	-0.989324	-1	470
397955	399085	0.359774	1	1130
399085	399595	-0.186286	-1	510
399595	403165	1.554059	1	3570
403165	405625	7.955852	2	2460
405625	406025	2.424628	1	400
406025	406565	-0.463845	-1	540
406565	406955	-3.494321	-2	390
406955	407725	-5.536449	-3	770
407725	408055	-3.520264	-2	330
408055	408255	-1.017287	-1	200
408255	410695	1.896268	1	2440
410695	411895	5.611665	2	1200
411895	412175	2.248796	1	280
412175	412365	-1.011828	-1	190
412365	412615	-2.612358	-2	250
412615	412825	-1.064321	-1	210
412825	418375	2.771574	1	5550
418375	419495	6.938808	2	1120
419495	422725	2.988760	1	3230
422725	428595	7.214053	2	5870
428595	428955	2.434450	1	360
428955	429105	-0.981777	-1	150
429105	429965	-4.072807	-2	860
429965	434095	-7.528937	-3	4130
434095	434255	-3.457255	-2	160
434255	434355	-0.973051	-1	100
434355	434855	2.032189	1	500
434855	434965	-0.997979	-1	110
434965	435115	-3.468262	-2	150
435115	435665	-6.514036	-3	550
435665	435955	-3.451395	-2	290
435955	438255	-0.518281	-1	2300
438255	438755	2.301022	1	500
438755	439675	6.131830	2	920
439675	439975	2.383820	1	300
439975	440115	-0.997469	-1	140
440115	440285	-3.502658	-2	170
440285	440885	-5.949334	-3	600
440885	441175	-3.402773	-2	290
441175	441565	-1.130514	-1	390
441565	441915	-3.484408	-2	350
441915	442795	-5.635243	-3	880
442795	443335	-3.509102	-2	540
443335	443745	-0.778552	-1	410
443745	444255	0.470777	1	510
444255	445505	-1.010575	-1	1250
