380680	380960	1.061511	1	280
380960	381500	-0.794362	-1	540
381500	386220	1.806629	1	4720
386220	386820	-0.747059	-1	600
386820	395180	1.538293	1	8360
395180	395700	-0.381688	-1	520
395700	396920	1.998488	1	1220
396920	397150	-1.080528	-1	230
397150	397490	-2.445895	-2	340
397490	397970	-0.988240	-1	480
397970	399090	0.361749	1	1120
399090	399620	-0.173428	-1	530
399620	403100	1.500572	1	3480
403100	405700	7.757673	2	2600
405700	406040	2.030677	1	340
406040	406570	-0.469545	-1	530
406570	406970	-3.495410	-2	400
406970	407720	-5.542917	-3	750
407720	408060	-3.580121	-2	340
408060	408270	-1.023612	-1	210
408270	410510	1.678751	1	2240
410510	411940	5.410258	2	1430
411940	412200	1.790224	1	260
412200	412380	-1.049021	-1	180
412380	412630	-2.568160	-2	250
412630	412840	-1.037121	-1	210
412840	418310	3.159966	1	5470
418310	419550	6.669257	2	1240
419550	420730	2.328235	1	1180
420730	421470	4.759871	2	740
421470	422600	2.308381	1	1130
422600	428670	7.120381	2	6070
428670	428960	1.989775	1	290
428960	429120	-0.986096	-1	160
429120	429970	-4.081172	-2	850
429970	434090	-7.532328	-3	4120
434090	434260	-3.593042	-2	170
434260	434360	-1.056444	-1	100
434360	434860	1.953630	1	500
434860	434970	-0.913942	-1	110
434970	435130	-3.445495	-2	160
435130	435670	-6.503026	-3	540
435670	435960	-3.506026	-2	290
435960	438260	-0.523568	-1	2300
438260	438690	1.937061	1	430
438690	439730	5.901563	2	1040
439730	439980	2.023724	1	250
439980	440120	-0.964596	-1	140
440120	440290	-3.391015	-2	170
440290	440890	-5.937031	-3	600
440890	441180	-3.452545	-2	290
441180	441580	-1.191072	-1	400
441580	441930	-3.520554	-2	350
441930	442790	-5.644856	-3	860
442790	443340	-3.554368	-2	550
443340	443750	-0.803580	-1	410
443750	444270	0.443770	1	520
444270	445510	-1.017532	-1	1240
