380676	380956	1.098859	1	280
380956	381506	-0.792874	-1	550
381506	386216	1.606456	1	4710
386216	386826	-0.743043	-1	610
386826	395186	1.538675	1	8360
395186	395696	-0.391636	-1	510
395696	396916	2.003243	1	1220
396916	397156	-1.102016	-1	240
397156	397486	-2.468800	-2	330
397486	397966	-0.998338	-1	480
397966	399096	0.358986	1	1130
399096	399616	-0.178920	-1	520
399616	403066	1.475958	1	3450
403066	405716	7.688536	2	2650
405716	406036	1.930036	1	320
406036	406576	-0.481957	-1	540
406576	406966	-3.513349	-2	390
406966	407726	-5.538652	-3	760
407726	408066	-3.530000	-2	340
408066	408266	-0.993285	-1	200
408266	410476	1.642859	1	2210
410476	411956	5.367348	2	1480
411956	412176	1.821971	1	220
412176	412376	-0.956531	-1	200
412376	412626	-2.596184	-2	250
412626	412836	-1.049517	-1	210
412836	418296	2.748088	1	5460
418296	419566	6.616330	2	1270
419566	420616	2.126134	1	1050
420616	421476	4.643917	2	860
421476	422576	2.262684	1	1100
422576	428686	7.098690	2	6110
428686	428956	1.911939	1	270
428956	429116	-0.958537	-1	160
429116	429966	-4.073423	-2	850
429966	434096	-7.527944	-3	4130
434096	434266	-3.463190	-2	170
434266	434356	-1.008772	-1	90
434356	434856	1.977474	1	500
434856	434976	-0.964219	-1	120
434976	435126	-3.491076	-2	150
435126	435666	-6.516690	-3	540
435666	435966	-3.480289	-2	300
435966	438256	-0.519996	-1	2290
438256	438666	1.800841	1	410
438666	439746	5.839708	2	1080
439746	439986	1.859859	1	240
439986	440126	-1.065410	-1	140
440126	440286	-3.449753	-2	160
440286	440886	-5.946096	-3	600
440886	441176	-3.475702	-2	290
441176	441576	-1.184852	-1	400
441576	441926	-3.500851	-2	350
441926	442796	-5.639118	-3	870
442796	443336	-3.543552	-2	540
443336	443746	-0.814306	-1	410
443746	444276	0.441820	1	530
444276	445506	-1.027468	-1	1230
