380681	380961	1.064951	1	280
380961	381511	-0.777652	-1	550
381511	386221	1.817662	1	4710
386221	386821	-0.746103	-1	600
386821	395181	1.538207	1	8360
395181	395701	-0.380390	-1	520
395701	396921	1.997159	1	1220
396921	397161	-1.117121	-1	240
397161	397491	-2.456276	-2	330
397491	397971	-0.990361	-1	480
397971	399091	0.361815	1	1120
399091	399621	-0.173093	-1	530
399621	403081	1.485532	1	3460
403081	405711	7.714244	2	2630
405711	406041	1.979756	1	330
406041	406571	-0.467900	-1	530
406571	406971	-3.491039	-2	400
406971	407721	-5.543227	-3	750
407721	408071	-3.537479	-2	350
408071	408271	-0.979398	-1	200
408271	410491	1.658221	1	2220
410491	411961	5.368164	2	1470
411961	412201	1.614565	1	240
412201	412381	-1.043008	-1	180
412381	412631	-2.570205	-2	250
412631	412841	-1.037446	-1	210
412841	418301	2.751621	1	5460
418301	419561	6.624973	2	1260
419561	420641	2.178658	1	1080
420641	421481	4.658702	2	840
421481	422581	2.266111	1	1100
422581	428681	7.103481	2	6100
428681	428961	1.924801	1	280
428961	429121	-0.975720	-1	160
429121	429961	-4.071161	-2	840
429961	434091	-7.526357	-3	4130
434091	434261	-3.574566	-2	170
434261	434361	-1.061869	-1	100
434361	434861	1.946471	1	500
434861	434971	-0.908444	-1	110
434971	435131	-3.441982	-2	160
435131	435671	-6.502099	-3	540
435671	435961	-3.503902	-2	290
435961	438261	-0.524144	-1	2300
438261	438681	1.889053	1	420
438681	439731	5.881152	2	1050
439731	439981	2.027741	1	250
439981	440121	-0.962558	-1	140
440121	440291	-3.391305	-2	170
440291	440881	-5.953906	-3	590
440881	441181	-3.500166	-2	300
441181	441571	-1.176883	-1	390
441571	441931	-3.476893	-2	360
441931	442791	-5.644660	-3	860
442791	443341	-3.552327	-2	550
443341	443751	-0.802244	-1	410
443751	444271	0.444144	1	520
444271	445511	-1.020032	-1	1240
