380529	380899	1.579515	1	370
380899	381419	-1.825341	-1	520
381419	386129	1.130300	1	4710
386129	386749	-0.932805	-1	620
386749	395099	1.553551	1	8350
395099	395679	-0.466528	-1	580
395679	396839	2.295364	1	1160
396839	397039	-1.078138	-1	200
397039	397439	-2.634449	-2	400
397439	397819	-0.997686	-1	380
397819	398969	0.360730	1	1150
398969	399599	-0.197754	-1	630
399599	403109	1.585219	1	3510
403109	405569	8.058901	2	2460
405569	405889	2.450129	1	320
405889	406529	-0.340709	-1	640
406529	406829	-3.503487	-2	300
406829	407709	-5.554019	-3	880
407709	407979	-3.581724	-2	270
407979	408149	-1.094728	-1	170
408149	410619	1.862364	1	2470
410619	411869	5.749581	2	1250
411869	412079	2.566615	1	210
412079	412189	-1.089537	-1	110
412189	412519	-3.005299	-2	330
412519	412729	-0.954036	-1	210
412729	418289	2.734027	1	5560
418289	419439	6.805512	2	1150
419439	422679	2.852064	1	3240
422679	428579	7.184635	2	5900
428579	428889	2.419400	1	310
428889	429009	-0.991211	-1	120
429009	429939	-4.046979	-2	930
429939	434069	-7.551915	-3	4130
434069	434189	-3.559094	-2	120
434189	434289	-0.990260	-1	100
434289	434799	2.860054	1	510
434799	434889	-0.934522	-1	90
434889	435019	-3.537785	-2	130
435019	435609	-6.854851	-3	590
435609	435859	-3.429127	-2	250
435859	438259	-0.482792	-1	2400
438259	438659	2.337548	1	400
438659	439649	6.244051	2	990
439649	439909	2.374736	1	260
439909	440019	-1.068142	-1	110
440019	440159	-3.470915	-2	140
440159	440839	-6.040898	-3	680
440839	441079	-3.488192	-2	240
441079	441519	-0.641411	-1	440
441519	441809	-3.556127	-2	290
441809	442759	-5.626892	-3	950
442759	443249	-3.479111	-2	490
443249	443609	-0.954468	-1	360
443609	444249	0.527024	1	640
444249	445509	-1.030168	-1	1260
