380693	380953	1.016876	1	260
380953	381513	-0.709001	-1	560
381513	386223	1.320860	1	4710
386223	386833	-0.703098	-1	610
386833	395193	1.536461	1	8360
395193	395693	-0.373109	-1	500
395693	396923	1.958537	1	1230
396923	397163	-1.087855	-1	240
397163	397493	-2.409218	-2	330
397493	397983	-0.983855	-1	490
397983	399093	0.362833	1	1110
399093	399603	-0.170616	-1	510
399603	403173	1.550858	1	3570
403173	405623	7.945558	2	2450
405623	406053	2.492996	1	430
406053	406573	-0.498914	-1	520
406573	406973	-3.476307	-2	400
406973	407723	-5.529984	-3	750
407723	408063	-3.547754	-2	340
408063	408273	-1.050799	-1	210
408273	410733	1.926950	1	2460
410733	411883	5.608675	2	1150
411883	412203	2.276798	1	320
412203	412403	-1.020395	-1	200
412403	412643	-2.516299	-2	240
412643	412853	-0.995723	-1	210
412853	418393	2.785479	1	5540
418393	419483	6.937064	2	1090
419483	422743	3.013853	1	3260
422743	428593	7.217756	2	5850
428593	428963	2.481484	1	370
428963	429123	-0.945300	-1	160
429123	429953	-4.049822	-2	830
429953	434093	-7.515923	-3	4140
434093	434263	-3.506788	-2	170
434263	434373	-0.958593	-1	110
434373	434863	1.855697	1	490
434863	434983	-1.014869	-1	120
434983	435133	-3.466031	-2	150
435133	435673	-6.430260	-3	540
435673	435973	-3.470935	-2	300
435973	438253	-0.524847	-1	2280
438253	438783	2.345339	1	530
438783	439673	6.118043	2	890
439673	439993	2.349541	1	320
439993	440123	-1.034634	-1	130
440123	440313	-3.496351	-2	190
440313	440873	-5.975148	-3	560
440873	441193	-3.494279	-2	320
441193	441583	-1.262514	-1	390
441583	441943	-3.536272	-2	360
441943	442793	-5.641905	-3	850
442793	443343	-3.550121	-2	550
443343	443763	-0.793422	-1	420
443763	444273	0.429351	1	510
444273	445503	-1.023770	-1	1230
