380683	380953	1.092630	1	270
380953	381503	-0.766912	-1	550
381503	386223	1.342017	1	4720
386223	386833	-0.727957	-1	610
386833	395183	1.539673	1	8350
395183	395693	-0.382412	-1	510
395693	396923	1.976415	1	1230
396923	397143	-1.034547	-1	220
397143	397503	-2.409247	-2	360
397503	397973	-0.970229	-1	470
397973	399103	0.358342	1	1130
399103	399613	-0.179096	-1	510
399613	403063	1.468470	1	3450
403063	405723	7.668416	2	2660
405723	406043	1.927413	1	320
406043	406573	-0.473381	-1	530
406573	406973	-3.488915	-2	400
406973	407723	-5.541413	-3	750
407723	408063	-3.576298	-2	340
408063	408273	-1.025793	-1	210
408273	410463	1.628259	1	2190
410463	411953	5.344090	2	1490
411953	412193	1.768251	1	240
412193	412383	-0.973253	-1	190
412383	412633	-2.558395	-2	250
412633	412843	-1.044576	-1	210
412843	418293	2.749874	1	5450
418293	419573	6.576163	2	1280
419573	420613	2.116820	1	1040
420613	421493	4.617664	2	880
421493	422583	2.255512	1	1090
422583	428683	7.102821	2	6100
428683	428973	1.851980	1	290
428973	429123	-1.035033	-1	150
429123	429963	-4.071103	-2	840
429963	434103	-7.520385	-3	4140
434103	434263	-3.473284	-2	160
434263	434373	-0.940112	-1	110
434373	434873	1.933502	1	500
434873	434973	-1.022984	-1	100
434973	435133	-3.446767	-2	160
435133	435673	-6.490871	-3	540
435673	435973	-3.452218	-2	300
435973	438253	-0.520410	-1	2280
438253	438673	1.802307	1	420
438673	439743	5.839011	2	1070
439743	439993	1.860587	1	250
439993	440123	-1.033481	-1	130
440123	440303	-3.474312	-2	180
440303	440883	-5.968983	-3	580
440883	441183	-3.491826	-2	300
441183	441583	-1.208065	-1	400
441583	441933	-3.522608	-2	350
441933	442793	-5.643187	-3	860
442793	443343	-3.550504	-2	550
443343	443763	-0.782807	-1	420
443763	444273	0.451041	1	510
444273	445503	-1.028321	-1	1230
