380453	380873	1.744915	1	420
380873	381383	-2.271440	-1	510
381383	386073	1.152977	1	4690
386073	386713	-1.001028	-1	640
386713	395083	1.557072	1	8370
395083	395653	-0.531998	-1	570
395653	396773	2.203357	1	1120
396773	396983	-0.997515	-1	210
396983	397413	-2.691796	-2	430
397413	397743	-1.000491	-1	330
397743	398893	0.362662	1	1150
398893	399563	-0.208898	-1	670
399563	403123	1.551754	1	3560
403123	405503	8.220434	2	2380
405503	405813	2.719367	1	310
405813	406503	-0.274659	-1	690
406503	406773	-3.583673	-2	270
406773	407703	-5.571701	-3	930
407703	407943	-3.536347	-2	240
407943	408093	-1.051658	-1	150
408093	411313	2.658080	1	3220
411313	411843	6.475733	2	530
411843	412043	2.685613	1	200
412043	412113	-1.042525	-1	70
412113	412473	-3.367004	-2	360
412473	412733	-0.620664	-1	260
412733	418283	2.762638	1	5550
418283	419393	6.965849	2	1110
419393	422723	2.886330	1	3330
422723	428553	7.227780	2	5830
428553	428853	2.547299	1	300
428853	428943	-0.945930	-1	90
428943	429803	-4.021861	-2	860
429803	434053	-7.590907	-3	4250
434053	434163	-3.488925	-2	110
434163	434253	-0.918224	-1	90
434253	434773	3.272210	1	520
434773	434843	-0.934448	-1	70
434843	434963	-3.532523	-2	120
434963	435583	-6.985296	-3	620
435583	435813	-3.335470	-2	230
435813	438243	-0.459042	-1	2430
438243	438653	2.618150	1	410
438653	439613	6.400076	2	960
439613	439873	2.624997	1	260
439873	439953	-0.921021	-1	80
439953	440093	-3.391389	-2	140
440093	440833	-6.001403	-3	740
440833	441023	-3.415964	-2	190
441023	441163	-0.948863	-1	140
441163	441333	0.612812	1	170
441333	441483	-0.940278	-1	150
441483	441743	-3.526253	-2	260
441743	442743	-5.598146	-3	1000
442743	443183	-3.491535	-2	440
443183	443553	-1.081808	-1	370
443553	444233	0.595737	1	680
444233	445503	-1.033599	-1	1270
