380524	380904	1.579019	1	380
380904	381424	-1.813926	-1	520
381424	386124	1.445073	1	4700
386124	386754	-0.927799	-1	630
386754	395104	1.554132	1	8350
395104	395684	-0.470618	-1	580
395684	396814	2.121228	1	1130
396814	397034	-1.017810	-1	220
397034	397444	-2.627327	-2	410
397444	397814	-0.980843	-1	370
397814	398964	0.360847	1	1150
398964	399584	-0.203365	-1	620
399584	403084	1.557371	1	3500
403084	405584	8.013199	2	2500
405584	405884	2.312844	1	300
405884	406514	-0.293049	-1	630
406514	406824	-3.436954	-2	310
406824	407704	-5.561377	-3	880
407704	407984	-3.574904	-2	280
407984	408144	-1.048933	-1	160
408144	410544	1.772593	1	2400
410544	411884	5.693312	2	1340
411884	412084	2.303161	1	200
412084	412184	-1.191950	-1	100
412184	412524	-3.026551	-2	340
412524	412734	-0.854233	-1	210
412734	418264	2.727426	1	5530
418264	419454	6.746904	2	1190
419454	420824	2.261818	1	1370
420824	421344	5.234782	2	520
421344	422634	2.424142	1	1290
422634	428594	7.158453	2	5960
428594	428894	2.251252	1	300
428894	429004	-1.049697	-1	110
429004	429934	-4.041372	-2	930
429934	434064	-7.552199	-3	4130
434064	434194	-3.529742	-2	130
434194	434274	-1.025972	-1	80
434274	434804	2.794398	1	530
434804	434884	-1.007516	-1	80
434884	435014	-3.514156	-2	130
435014	435604	-6.878058	-3	590
435604	435854	-3.447720	-2	250
435854	438254	-0.484210	-1	2400
438254	438634	2.173378	1	380
438634	439664	6.196552	2	1030
439664	439904	2.267039	1	240
439904	440014	-1.018437	-1	110
440014	440154	-3.468013	-2	140
440154	440844	-6.028625	-3	690
440844	441064	-3.516581	-2	220
441064	441514	-0.637805	-1	450
441514	441794	-3.495996	-2	280
441794	442764	-5.615522	-3	970
442764	443244	-3.457491	-2	480
443244	443614	-0.945409	-1	370
443614	444244	0.548217	1	630
444244	445504	-1.035057	-1	1260
