380673	380953	1.084436	1	280
380953	381503	-0.787075	-1	550
381503	386213	1.816650	1	4710
386213	386823	-0.739105	-1	610
386823	395183	1.538529	1	8360
395183	395693	-0.388511	-1	510
395693	396913	2.001381	1	1220
396913	397153	-1.102148	-1	240
397153	397483	-2.463076	-2	330
397483	397963	-0.996091	-1	480
397963	399093	0.358887	1	1130
399093	399603	-0.182504	-1	510
399603	403163	1.550274	1	3560
403163	405623	7.950939	2	2460
405623	406033	2.456463	1	410
406033	406573	-0.483955	-1	540
406573	406963	-3.519327	-2	390
406963	407723	-5.540127	-3	760
407723	408053	-3.561460	-2	330
408053	408263	-1.043864	-1	210
408263	410673	1.868404	1	2410
410673	411903	5.577060	2	1230
411903	412183	2.171993	1	280
412183	412373	-0.987923	-1	190
412373	412623	-2.588288	-2	250
412623	412833	-1.045862	-1	210
412833	418373	2.772916	1	5540
418373	419493	6.922704	2	1120
419493	422733	2.996013	1	3240
422733	428593	7.220005	2	5860
428593	428963	2.427048	1	370
428963	429113	-1.013804	-1	150
429113	429953	-4.063995	-2	840
429953	434093	-7.521376	-3	4140
434093	434263	-3.439787	-2	170
434263	434363	-0.905635	-1	100
434363	434863	1.979137	1	500
434863	434973	-1.070395	-1	110
434973	435123	-3.521033	-2	150
435123	435663	-6.514565	-3	540
435663	435963	-3.468649	-2	300
435963	438253	-0.518351	-1	2290
438253	438763	2.300724	1	510
438763	439673	6.129088	2	910
439673	439983	2.373707	1	310
439983	440123	-1.059589	-1	140
440123	440283	-3.448968	-2	160
440283	440883	-5.941954	-3	600
440883	441173	-3.458928	-2	290
441173	441573	-1.177421	-1	400
441573	441923	-3.506079	-2	350
441923	442793	-5.638273	-3	870
442793	443333	-3.537399	-2	540
443333	443743	-0.809388	-1	410
443743	444263	0.451068	1	520
444263	445503	-1.020263	-1	1240
