380470	380870	1.756407	1	400
380870	381390	-2.108897	-1	520
381390	386080	1.150063	1	4690
386080	386730	-0.969169	-1	650
386730	395090	1.557515	1	8360
395090	395670	-0.514190	-1	580
395670	396790	2.192225	1	1120
396790	396990	-1.011107	-1	200
396990	397420	-2.675875	-2	430
397420	397740	-1.061117	-1	320
397740	398910	0.356088	1	1170
398910	399570	-0.207419	-1	660
399570	403100	1.519892	1	3530
403100	405530	8.145170	2	2430
405530	405830	2.564700	1	300
405830	406510	-0.288454	-1	680
406510	406780	-3.529380	-2	270
406780	407700	-5.567319	-3	920
407700	407960	-3.538352	-2	260
407960	408110	-0.980931	-1	150
408110	410640	1.920123	1	2530
410640	411860	5.854075	2	1220
411860	412050	2.551069	1	190
412050	412120	-0.938164	-1	70
412120	412480	-3.267763	-2	360
412480	412730	-0.709247	-1	250
412730	418260	2.742358	1	5530
418260	419410	6.886456	2	1150
419410	422680	2.848592	1	3270
422680	428570	7.199372	2	5890
428570	428850	2.537149	1	280
428850	428960	-0.876179	-1	110
428960	429810	-4.039407	-2	850
429810	434060	-7.586998	-3	4250
434060	434170	-3.457528	-2	110
434170	434260	-0.928746	-1	90
434260	434780	3.175791	1	520
434780	434850	-0.895566	-1	70
434850	434980	-3.566263	-2	130
434980	435590	-6.970712	-3	610
435590	435820	-3.363954	-2	230
435820	438260	-0.463437	-1	2440
438260	438640	2.524339	1	380
438640	439630	6.339594	2	990
439630	439880	2.512060	1	250
439880	439980	-1.054647	-1	100
439980	440110	-3.566899	-2	130
440110	440830	-6.021913	-3	720
440830	441030	-3.503260	-2	200
441030	441170	-1.044637	-1	140
441170	441340	0.530089	1	170
441340	441490	-0.964295	-1	150
441490	441750	-3.496454	-2	260
441750	442750	-5.597649	-3	1000
442750	443210	-3.438943	-2	460
443210	443560	-1.040922	-1	350
443560	444240	0.572386	1	680
444240	445510	-1.032551	-1	1270
