380704	380964	0.960256	1	260
380964	381514	-0.696783	-1	550
381514	386234	1.303919	1	4720
386234	386844	-0.687662	-1	610
386844	395194	1.537321	1	8350
395194	395694	-0.364502	-1	500
395694	396924	1.947173	1	1230
396924	397994	-1.431033	-1	1070
397994	403214	1.154507	1	5220
403214	405624	7.988205	2	2410
405624	406064	2.520457	1	440
406064	406584	-0.530364	-1	520
406584	406994	-3.534901	-2	410
406994	407724	-5.537862	-3	730
407724	408074	-3.533257	-2	350
408074	408284	-1.024459	-1	210
408284	410914	2.133201	1	2630
410914	411874	5.715137	2	960
411874	412214	2.354308	1	340
412214	412424	-1.044006	-1	210
412424	412644	-2.534054	-2	220
412644	412864	-1.022937	-1	220
412864	418414	2.794155	1	5550
418414	419464	6.992649	2	1050
419464	422794	3.057080	1	3330
422794	428584	7.237826	2	5790
428584	428974	2.531280	1	390
428974	429134	-0.986260	-1	160
429134	429964	-4.063974	-2	830
429964	434104	-7.514382	-3	4140
434104	434274	-3.402208	-2	170
434274	434384	-0.872642	-1	110
434384	434864	1.831590	1	480
434864	434974	-0.849407	-1	110
434974	435154	-3.432357	-2	180
435154	435674	-6.447090	-3	520
435674	435994	-3.437618	-2	320
435994	438254	-0.520095	-1	2260
438254	438824	2.489275	1	570
438824	439664	6.169742	2	840
439664	439994	2.470516	1	330
439994	440124	-0.950060	-1	130
440124	440324	-3.465421	-2	200
440324	440884	-5.967217	-3	560
440884	441194	-3.492838	-2	310
441194	441584	-1.317780	-1	390
441584	441954	-3.523928	-2	370
441954	442794	-5.643600	-3	840
442794	443344	-3.579347	-2	550
443344	445504	-0.643572	-1	2160
