380513	380883	1.677405	1	370
380883	381423	-1.783468	-1	540
381423	386113	1.452578	1	4690
386113	386743	-0.942031	-1	630
386743	395103	1.553223	1	8360
395103	395673	-0.486344	-1	570
395673	396823	2.093752	1	1150
396823	397033	-1.119124	-1	210
397033	397433	-2.660029	-2	400
397433	397803	-1.000797	-1	370
397803	398953	0.361116	1	1150
398953	399593	-0.200280	-1	640
399593	403083	1.567687	1	3490
403083	405573	8.034119	2	2490
405573	405873	2.365236	1	300
405873	406523	-0.318022	-1	650
406523	406813	-3.491243	-2	290
406813	407703	-5.560958	-3	890
407703	407983	-3.545121	-2	280
407983	408143	-0.988289	-1	160
408143	410563	1.805261	1	2420
410563	411893	5.718027	2	1330
411893	412073	2.223631	1	180
412073	412183	-1.228345	-1	110
412183	412513	-3.109116	-2	330
412513	412733	-0.836394	-1	220
412733	418263	2.731228	1	5530
418263	419453	6.760476	2	1190
419453	420843	2.288273	1	1390
420843	421343	5.281770	2	500
421343	422643	2.429578	1	1300
422643	428593	7.168618	2	5950
428593	428883	2.288355	1	290
428883	428993	-0.963799	-1	110
428993	429823	-4.053590	-2	830
429823	434063	-7.525322	-3	4240
434063	434193	-3.483065	-2	130
434193	434283	-0.873282	-1	90
434283	434793	2.968899	1	510
434793	434873	-0.829137	-1	80
434873	435003	-3.400852	-2	130
435003	435603	-6.878448	-3	600
435603	435843	-3.455388	-2	240
435843	438253	-0.483519	-1	2410
438253	438643	2.275685	1	390
438643	439663	6.229392	2	1020
439663	439903	2.216992	1	240
439903	440003	-1.031838	-1	100
440003	440143	-3.411498	-2	140
440143	440843	-6.024436	-3	700
440843	441053	-3.543132	-2	210
441053	441503	-0.591429	-1	450
441503	441783	-3.440196	-2	280
441783	442753	-5.617118	-3	970
442753	443243	-3.464666	-2	490
443243	443603	-0.949323	-1	360
443603	444243	0.552444	1	640
444243	445503	-1.034772	-1	1260
