380699	380969	0.983146	1	270
380969	381519	-0.721982	-1	550
381519	386239	1.323089	1	4720
386239	386829	-0.726951	-1	590
386829	395199	1.534559	1	8370
395199	395699	-0.375486	-1	500
395699	396929	1.957908	1	1230
396929	397169	-1.083246	-1	240
397169	397499	-2.411589	-2	330
397499	397989	-0.986621	-1	490
397989	399109	0.359984	1	1120
399109	399609	-0.175880	-1	500
399609	403099	1.485916	1	3490
403099	405709	7.728012	2	2610
405709	406059	2.050506	1	350
406059	406579	-0.503008	-1	520
406579	406989	-3.503705	-2	410
406989	407719	-5.542512	-3	730
407719	408069	-3.593841	-2	350
408069	408289	-1.012870	-1	220
408289	410539	1.704943	1	2250
410539	411949	5.401629	2	1410
411949	412209	1.786229	1	260
412209	412429	-1.099425	-1	220
412429	412639	-2.595347	-2	210
412639	412859	-1.041093	-1	220
412859	418319	2.761850	1	5460
418319	419559	6.628360	2	1240
419559	420749	2.357533	1	1190
420749	421449	4.775849	2	700
421449	422619	2.387249	1	1170
422619	428659	7.129952	2	6040
428659	428979	2.038019	1	320
428979	429129	-0.998111	-1	150
429129	429959	-4.051399	-2	830
429959	434099	-7.517140	-3	4140
434099	434269	-3.520264	-2	170
434269	434369	-1.054258	-1	100
434369	434869	1.828102	1	500
434869	434989	-1.023585	-1	120
434989	435139	-3.465425	-2	150
435139	435679	-6.431472	-3	540
435679	435979	-3.476233	-2	300
435979	438259	-0.524865	-1	2280
438259	438709	1.967520	1	450
438709	439719	5.914610	2	1010
439719	439999	2.042562	1	280
439999	440129	-1.027289	-1	130
440129	440309	-3.418978	-2	180
440309	440889	-5.953327	-3	580
440889	441189	-3.492797	-2	300
441189	441599	-1.305394	-1	410
441599	441949	-3.576756	-2	350
441949	442799	-5.640751	-3	850
442799	443349	-3.551927	-2	550
443349	443779	-0.777392	-1	430
443779	444279	0.435962	1	500
444279	445509	-1.024311	-1	1230
