380492	380882	1.694697	1	390
380882	381402	-1.937298	-1	520
381402	386102	1.452759	1	4700
386102	386732	-0.970512	-1	630
386732	395092	1.555272	1	8360
395092	395672	-0.496843	-1	580
395672	396802	2.152732	1	1130
396802	397012	-1.040460	-1	210
397012	397432	-2.662221	-2	420
397432	397782	-0.987316	-1	350
397782	398932	0.361673	1	1150
398932	399572	-0.206400	-1	640
399572	403092	1.500200	1	3520
403092	405542	8.102303	2	2450
405542	405852	2.544680	1	310
405852	406512	-0.290173	-1	660
406512	406792	-3.459515	-2	280
406792	407712	-5.553715	-3	920
407712	407972	-3.482368	-2	260
407972	408122	-1.016849	-1	150
408122	410592	1.844313	1	2470
410592	411872	5.783358	2	1280
411872	412072	2.322472	1	200
412072	412152	-1.236954	-1	80
412152	412502	-3.165376	-2	350
412502	412732	-0.748113	-1	230
412732	418262	2.736303	1	5530
418262	419422	6.840311	2	1160
419422	422672	2.843569	1	3250
422672	428572	7.191884	2	5900
428572	428862	2.527893	1	290
428862	428992	-1.014097	-1	130
428992	429812	-4.076189	-2	820
429812	434062	-7.521781	-3	4250
434062	434182	-3.468190	-2	120
434182	434262	-1.001557	-1	80
434262	434792	2.969287	1	530
434792	434872	-1.047491	-1	80
434872	434982	-3.438945	-2	110
434982	435602	-6.875214	-3	620
435602	435832	-3.378706	-2	230
435832	438262	-0.473739	-1	2430
438262	438632	2.358963	1	370
438632	439652	6.263281	2	1020
439652	439882	2.406721	1	230
439882	439992	-0.937149	-1	110
439992	440132	-3.517515	-2	140
440132	440842	-6.021447	-3	710
440842	441052	-3.421549	-2	210
441052	441202	-0.951077	-1	150
441202	441352	0.482586	1	150
441352	441502	-1.046442	-1	150
441502	441772	-3.510356	-2	270
441772	442752	-5.611763	-3	980
442752	443222	-3.467552	-2	470
443222	443582	-1.007202	-1	360
443582	444242	0.560181	1	660
444242	445512	-1.029501	-1	1270
