380631	380941	1.272281	1	310
380941	381481	-0.929625	-1	540
381481	386191	1.958851	1	4710
386191	386801	-0.808602	-1	610
386801	395161	1.542703	1	8360
395161	395711	-0.405110	-1	550
395711	396881	2.144478	1	1170
396881	397111	-0.999321	-1	230
397111	397471	-2.520111	-2	360
397471	397921	-1.001551	-1	450
397921	399061	0.359702	1	1140
399061	399611	-0.188029	-1	550
399611	403051	1.484731	1	3440
403051	405701	7.718727	2	2650
405701	405991	1.880671	1	290
405991	406561	-0.426904	-1	570
406561	406921	-3.492176	-2	360
406921	407721	-5.544484	-3	800
407721	408041	-3.544658	-2	320
408041	408231	-1.012831	-1	190
408231	410481	1.667196	1	2250
410481	411941	5.438295	2	1460
411941	412151	1.842050	1	210
412151	412321	-1.057785	-1	170
412321	412591	-2.714464	-2	270
412591	412801	-1.057913	-1	210
412801	418261	2.734343	1	5460
418261	419551	6.394475	2	1290
419551	420631	2.136416	1	1080
420631	421461	4.709414	2	830
421461	422551	2.205030	1	1090
422551	428671	7.106710	2	6120
428671	428941	1.888126	1	270
428941	429081	-0.976436	-1	140
429081	429951	-4.058935	-2	870
429951	434091	-7.530281	-3	4140
434091	434231	-3.576763	-2	140
434231	434341	-1.072796	-1	110
434341	434841	2.271756	1	500
434841	434941	-0.881929	-1	100
434941	435091	-3.395440	-2	150
435091	435651	-6.618154	-3	560
435651	435931	-3.466893	-2	280
435931	438261	-0.509204	-1	2330
438261	438651	1.890278	1	390
438651	439731	5.909736	2	1080
439731	439951	1.907150	1	220
439951	440081	-0.962305	-1	130
440081	440241	-3.355164	-2	160
440241	440871	-6.005406	-3	630
440871	441151	-3.462752	-2	280
441151	441561	-0.991784	-1	410
441561	441891	-3.525977	-2	330
441891	442781	-5.644726	-3	890
442781	443311	-3.535663	-2	530
443311	443701	-0.851391	-1	390
443701	444261	0.472537	1	560
444261	445511	-1.020934	-1	1250
