380460	380870	1.757950	1	410
380870	381390	-2.083483	-1	520
381390	386070	1.468512	1	4680
386070	386710	-0.995494	-1	640
386710	395090	1.554710	1	8380
395090	395660	-0.530087	-1	570
395660	396780	2.200316	1	1120
396780	396990	-1.020213	-1	210
396990	397420	-2.687783	-2	430
397420	397750	-0.989301	-1	330
397750	398900	0.362525	1	1150
398900	399560	-0.210365	-1	660
399560	403100	1.522011	1	3540
403100	405520	8.165126	2	2420
405520	405820	2.609541	1	300
405820	406510	-0.291777	-1	690
406510	406780	-3.602388	-2	270
406780	407710	-5.566074	-3	930
407710	407950	-3.493300	-2	240
407950	408100	-1.020694	-1	150
408100	410720	2.019727	1	2620
410720	411860	5.920582	2	1140
411860	412050	2.451316	1	190
412050	412120	-1.085714	-1	70
412120	412480	-3.331225	-2	360
412480	412730	-0.639768	-1	250
412730	418270	2.750714	1	5540
418270	419410	6.913321	2	1140
419410	422680	2.845427	1	3270
422680	428550	7.209002	2	5870
428550	428850	2.646051	1	300
428850	428950	-0.898244	-1	100
428950	429810	-4.033482	-2	860
429810	434050	-7.594815	-3	4240
434050	434170	-3.506718	-2	120
434170	434250	-0.951978	-1	80
434250	434780	3.174666	1	530
434780	434850	-1.028919	-1	70
434850	434960	-3.469958	-2	110
434960	435590	-6.938293	-3	630
435590	435820	-3.295275	-2	230
435820	438240	-0.459524	-1	2420
438240	438630	2.386274	1	390
438630	439630	6.341654	2	1000
439630	439880	2.444752	1	250
439880	439960	-0.955197	-1	80
439960	440100	-3.413477	-2	140
440100	440830	-6.010428	-3	730
440830	441030	-3.439234	-2	200
441030	441170	-0.938632	-1	140
441170	441340	0.587480	1	170
441340	441490	-1.002423	-1	150
441490	441750	-3.562645	-2	260
441750	442750	-5.597815	-3	1000
442750	443190	-3.466598	-2	440
443190	443560	-1.064633	-1	370
443560	444230	0.596386	1	670
444230	445510	-1.026604	-1	1280
