380496	380886	1.670830	1	390
380886	381406	-2.021278	-1	520
381406	386096	1.143907	1	4690
386096	386736	-0.950246	-1	640
386736	395096	1.554940	1	8360
395096	395666	-0.501498	-1	570
395666	396806	2.128778	1	1140
396806	397016	-1.058138	-1	210
397016	397436	-2.654565	-2	420
397436	397786	-0.976486	-1	350
397786	398936	0.361522	1	1150
398936	399576	-0.206146	-1	640
399576	403096	1.504904	1	3520
403096	405556	8.086529	2	2460
405556	405856	2.432820	1	300
405856	406516	-0.304250	-1	660
406516	406796	-3.479255	-2	280
406796	407706	-5.556504	-3	910
407706	407976	-3.506489	-2	270
407976	408126	-0.985409	-1	150
408126	410576	1.824025	1	2450
410576	411876	5.766305	2	1300
411876	412066	2.372369	1	190
412066	412156	-1.174403	-1	90
412156	412496	-3.183550	-2	340
412496	412736	-0.786227	-1	240
412736	418266	2.737634	1	5530
418266	419436	6.822356	2	1170
419436	422666	2.831772	1	3230
422666	428586	7.180031	2	5920
428586	428866	2.397261	1	280
428866	428986	-0.961717	-1	120
428986	429816	-4.063020	-2	830
429816	434066	-7.522529	-3	4250
434066	434176	-3.493809	-2	110
434176	434266	-1.036018	-1	90
434266	434786	3.024219	1	520
434786	434876	-1.024786	-1	90
434876	434986	-3.532666	-2	110
434986	435596	-6.902017	-3	610
435596	435826	-3.464320	-2	230
435826	438256	-0.481391	-1	2430
438256	438636	2.330888	1	380
438636	439646	6.276966	2	1010
439646	439886	2.445700	1	240
439886	439996	-0.987755	-1	110
439996	440136	-3.559615	-2	140
440136	440846	-6.021915	-3	710
440846	441056	-3.370867	-2	210
441056	441206	-0.923631	-1	150
441206	441346	0.499472	1	140
441346	441506	-1.028202	-1	160
441506	441766	-3.494941	-2	260
441766	442756	-5.605205	-3	990
442756	443226	-3.446685	-2	470
443226	443586	-0.993574	-1	360
443586	444246	0.559277	1	660
444246	445506	-1.038350	-1	1260
