380703	380973	0.925286	1	270
380973	381513	-0.708078	-1	540
381513	386233	1.303959	1	4720
386233	386833	-0.697823	-1	600
386833	395193	1.535492	1	8360
395193	395693	-0.364304	-1	500
395693	396933	1.931353	1	1240
396933	397163	-1.064871	-1	230
397163	397503	-2.373940	-2	340
397503	397993	-0.977248	-1	490
397993	403203	1.146605	1	5210
403203	405633	7.962302	2	2430
405633	406063	2.477385	1	430
406063	406583	-0.529273	-1	520
406583	406993	-3.526792	-2	410
406993	407723	-5.537258	-3	730
407723	408073	-3.542238	-2	350
408073	408293	-0.987151	-1	220
408293	410813	2.025300	1	2520
410813	411873	5.650598	2	1060
411873	412213	2.361139	1	340
412213	412423	-1.023298	-1	210
412423	412643	-2.535931	-2	220
412643	412863	-1.034059	-1	220
412863	418403	2.789900	1	5540
418403	419483	6.935614	2	1080
419483	422783	3.039265	1	3300
422783	428583	7.235210	2	5800
428583	428973	2.541109	1	390
428973	429143	-1.030784	-1	170
429143	429963	-4.085893	-2	820
429963	434093	-7.520738	-3	4130
434093	434263	-3.609859	-2	170
434263	434373	-1.081685	-1	110
434373	434873	1.777224	1	500
434873	434983	-1.005123	-1	110
434983	435153	-3.516406	-2	170
435153	435673	-6.455519	-3	520
435673	435983	-3.492495	-2	310
435983	438253	-0.526461	-1	2270
438253	438803	2.388947	1	550
438803	439663	6.142800	2	860
439663	439993	2.481034	1	330
439993	440133	-1.002931	-1	140
440133	440323	-3.522731	-2	190
440323	440883	-5.968520	-3	560
440883	441193	-3.504284	-2	310
441193	441593	-1.317194	-1	400
441593	441953	-3.565248	-2	360
441953	442793	-5.644068	-3	840
442793	443343	-3.582811	-2	550
443343	443773	-0.808924	-1	430
443773	444273	0.428063	1	500
444273	445503	-1.022609	-1	1230
