380681	380961	1.067592	1	280
380961	381511	-0.778713	-1	550
381511	386221	1.817983	1	4710
386221	386821	-0.746677	-1	600
386821	395181	1.538233	1	8360
395181	395701	-0.380715	-1	520
395701	396921	1.997501	1	1220
396921	397161	-1.115953	-1	240
397161	397491	-2.457197	-2	330
397491	397971	-0.990969	-1	480
397971	399091	0.361851	1	1120
399091	399621	-0.173276	-1	530
399621	403071	1.478428	1	3450
403071	405711	7.699810	2	2640
405711	406041	1.980927	1	330
406041	406571	-0.466677	-1	530
406571	406971	-3.489791	-2	400
406971	407721	-5.543459	-3	750
407721	408071	-3.540011	-2	350
408071	408271	-0.980864	-1	200
408271	410491	1.657917	1	2220
410491	411961	5.368570	2	1470
411961	412201	1.618361	1	240
412201	412381	-1.043625	-1	180
412381	412631	-2.571725	-2	250
412631	412841	-1.038370	-1	210
412841	418281	2.747556	1	5440
418281	419581	6.538459	2	1300
419581	420601	2.082996	1	1020
420601	421491	4.610785	2	890
421491	422581	2.251817	1	1090
422581	428681	7.103540	2	6100
428681	428961	1.928275	1	280
428961	429121	-0.973796	-1	160
429121	429971	-4.081619	-2	850
429971	434101	-7.526454	-3	4130
434101	434261	-3.491200	-2	160
434261	434361	-1.065878	-1	100
434361	434861	1.948926	1	500
434861	434971	-0.904309	-1	110
434971	435131	-3.439342	-2	160
435131	435671	-6.503530	-3	540
435671	435961	-3.505678	-2	290
435961	438261	-0.524264	-1	2300
438261	438661	1.790772	1	400
438661	439751	5.805667	2	1090
439751	439981	1.876634	1	230
439981	440121	-0.959906	-1	140
440121	440291	-3.389454	-2	170
440291	440881	-5.954584	-3	590
440881	441181	-3.502644	-2	300
441181	441571	-1.175269	-1	390
441571	441931	-3.475619	-2	360
441931	442791	-5.644901	-3	860
442791	443341	-3.553563	-2	550
443341	443751	-0.803194	-1	410
443751	444271	0.444521	1	520
444271	445511	-1.020101	-1	1240
