380470	380870	1.755457	1	400
380870	381390	-2.108746	-1	520
381390	386080	1.150020	1	4690
386080	386730	-0.968919	-1	650
386730	395090	1.557503	1	8360
395090	395670	-0.514036	-1	580
395670	396790	2.192051	1	1120
396790	396990	-1.011890	-1	200
396990	397420	-2.675565	-2	430
397420	397740	-1.060638	-1	320
397740	398910	0.356082	1	1170
398910	399570	-0.207352	-1	660
399570	403110	1.530017	1	3540
403110	405530	8.157849	2	2420
405530	405830	2.563619	1	300
405830	406510	-0.288957	-1	680
406510	406780	-3.530252	-2	270
406780	407700	-5.567231	-3	920
407700	407960	-3.536676	-2	260
407960	408110	-0.979943	-1	150
408110	410740	2.041543	1	2630
410740	411860	5.920447	2	1120
411860	412050	2.547299	1	190
412050	412120	-0.940462	-1	70
412120	412480	-3.266535	-2	360
412480	412730	-0.708948	-1	250
412730	418270	2.746613	1	5540
418270	419410	6.902514	2	1140
419410	422680	2.848649	1	3270
422680	428550	7.206695	2	5870
428550	428850	2.702109	1	300
428850	428960	-0.877546	-1	110
428960	429810	-4.039658	-2	850
429810	434060	-7.586940	-3	4250
434060	434170	-3.453713	-2	110
434170	434260	-0.925943	-1	90
434260	434780	3.174542	1	520
434780	434850	-0.898517	-1	70
434850	434980	-3.568090	-2	130
434980	435590	-6.970086	-3	610
435590	435820	-3.362749	-2	230
435820	438260	-0.463363	-1	2440
438260	438640	2.525913	1	380
438640	439630	6.339452	2	990
439630	439880	2.508933	1	250
439880	439980	-1.056519	-1	100
439980	440110	-3.567714	-2	130
440110	440830	-6.021694	-3	720
440830	441030	-3.501291	-2	200
441030	441170	-1.044035	-1	140
441170	441340	0.529405	1	170
441340	441490	-0.966347	-1	150
441490	441750	-3.497215	-2	260
441750	442750	-5.597586	-3	1000
442750	443210	-3.438251	-2	460
443210	443560	-1.040211	-1	350
443560	444240	0.572230	1	680
444240	445510	-1.032522	-1	1270
