380470	380870	1.751340	1	400
380870	381390	-2.108103	-1	520
381390	386080	1.149836	1	4690
386080	386730	-0.967833	-1	650
386730	395090	1.557452	1	8360
395090	395670	-0.513368	-1	580
395670	396790	2.191290	1	1120
396790	396990	-1.015283	-1	200
396990	397420	-2.674227	-2	430
397420	397740	-1.058559	-1	320
397740	398910	0.356056	1	1170
398910	399570	-0.207062	-1	660
399570	403120	1.541137	1	3550
403120	405510	8.194618	2	2390
405510	405830	2.721828	1	320
405830	406510	-0.291136	-1	680
406510	406780	-3.534032	-2	270
406780	407700	-5.566846	-3	920
407700	407960	-3.529413	-2	260
407960	408110	-0.975659	-1	150
408110	411290	2.633379	1	3180
411290	411850	6.385890	2	560
411850	412050	2.659910	1	200
412050	412120	-0.950430	-1	70
412120	412480	-3.261221	-2	360
412480	412730	-0.707654	-1	250
412730	418280	2.751548	1	5550
418280	419400	6.932732	2	1120
419400	422720	2.883707	1	3320
422720	428550	7.220638	2	5830
428550	428850	2.691164	1	300
428850	428960	-0.883457	-1	110
428960	429810	-4.040734	-2	850
429810	434060	-7.586735	-3	4250
434060	434170	-3.437185	-2	110
434170	434260	-0.913799	-1	90
434260	434780	3.169138	1	520
434780	434850	-0.911297	-1	70
434850	434960	-3.316591	-2	110
434960	435590	-6.905017	-3	630
435590	435820	-3.357521	-2	230
435820	438260	-0.463045	-1	2440
438260	438660	2.667111	1	400
438660	439610	6.387140	2	950
439610	439880	2.692988	1	270
439880	439980	-1.064631	-1	100
439980	440110	-3.571239	-2	130
440110	440830	-6.020740	-3	720
440830	441030	-3.492762	-2	200
441030	441170	-1.041429	-1	140
441170	441340	0.526442	1	170
441340	441490	-0.975237	-1	150
441490	441750	-3.500510	-2	260
441750	442750	-5.597317	-3	1000
442750	443210	-3.435252	-2	460
443210	443560	-1.037135	-1	350
443560	444240	0.571555	1	680
444240	445510	-1.032398	-1	1270
