380481	380871	1.743858	1	390
380871	381401	-2.031600	-1	530
381401	386091	1.147174	1	4690
386091	386721	-0.984326	-1	630
386721	395081	1.556332	1	8360
395081	395671	-0.496027	-1	590
395671	396801	2.161599	1	1130
396801	397001	-1.056610	-1	200
397001	397431	-2.660175	-2	430
397431	397771	-0.973883	-1	340
397771	398921	0.361884	1	1150
398921	399571	-0.206713	-1	650
399571	403091	1.506167	1	3520
403091	405541	8.111213	2	2450
405541	405841	2.497140	1	300
405841	406501	-0.266656	-1	660
406501	406781	-3.423187	-2	280
406781	407711	-5.554684	-3	930
407711	407961	-3.498295	-2	250
407961	408111	-1.058798	-1	150
408111	410621	1.888193	1	2510
410621	411871	5.818549	2	1250
411871	412051	2.473607	1	180
412051	412121	-0.800208	-1	70
412121	412501	-3.132049	-2	380
412501	412731	-0.664817	-1	230
412731	418271	2.744962	1	5540
418271	419421	6.872293	2	1150
419421	422681	2.846069	1	3260
422681	428571	7.201086	2	5890
428571	428861	2.473990	1	290
428861	428971	-0.951045	-1	110
428971	429811	-4.048604	-2	840
429811	434051	-7.528804	-3	4240
434051	434181	-3.535670	-2	130
434181	434261	-0.900856	-1	80
434261	434791	3.041329	1	530
434791	434861	-1.043321	-1	70
434861	434971	-3.383711	-2	110
434971	435591	-6.903561	-3	620
435591	435831	-3.381180	-2	240
435831	438261	-0.465117	-1	2430
438261	438631	2.418437	1	370
438631	439631	6.309668	2	1000
439631	439881	2.538251	1	250
439881	439981	-0.964719	-1	100
439981	440121	-3.505165	-2	140
440121	440831	-6.029462	-3	710
440831	441041	-3.501390	-2	210
441041	441191	-0.971252	-1	150
441191	441351	0.510871	1	160
441351	441491	-1.006331	-1	140
441491	441771	-3.526979	-2	280
441771	442751	-5.611854	-3	980
442751	443211	-3.469748	-2	460
443211	443571	-1.036384	-1	360
443571	444241	0.566452	1	670
444241	445511	-1.028634	-1	1270
