380525	380885	1.640256	1	360
380885	381425	-1.698628	-1	540
381425	386115	1.444710	1	4690
386115	386755	-0.909105	-1	640
386755	395095	1.555772	1	8340
395095	395675	-0.467717	-1	580
395675	396835	2.299623	1	1160
396835	397025	-1.019618	-1	190
397025	397445	-2.607608	-2	420
397445	397815	-0.976683	-1	370
397815	398965	0.360793	1	1150
398965	399585	-0.202692	-1	620
399585	403115	1.588304	1	3530
403115	405565	8.075618	2	2450
405565	405885	2.452115	1	320
405885	406515	-0.306750	-1	630
406515	406825	-3.445800	-2	310
406825	407705	-5.556069	-3	880
407705	407985	-3.553338	-2	280
407985	408145	-1.038507	-1	160
408145	410635	1.884247	1	2490
410635	411875	5.762300	2	1240
411875	412085	2.385834	1	210
412085	412185	-1.202782	-1	100
412185	412525	-3.009563	-2	340
412525	412735	-0.850738	-1	210
412735	418295	2.739877	1	5560
418295	419425	6.848714	2	1130
419425	422695	2.868298	1	3270
422695	428565	7.194798	2	5870
428565	428875	2.616287	1	310
428875	429005	-0.902568	-1	130
429005	429935	-4.044465	-2	930
429935	434065	-7.551971	-3	4130
434065	434195	-3.492353	-2	130
434195	434275	-0.998301	-1	80
434275	434805	2.782001	1	530
434805	434885	-1.035798	-1	80
434885	435015	-3.532133	-2	130
435015	435605	-6.871532	-3	590
435605	435845	-3.495542	-2	240
435845	438255	-0.489909	-1	2410
438255	438665	2.375562	1	410
438665	439635	6.284398	2	970
439635	439905	2.510749	1	270
439905	440015	-1.038325	-1	110
440015	440155	-3.477491	-2	140
440155	440845	-6.026843	-3	690
440845	441065	-3.499637	-2	220
441065	441515	-0.648682	-1	450
441515	441795	-3.503706	-2	280
441795	442755	-5.622161	-3	960
442755	443245	-3.481558	-2	490
443245	443615	-0.938839	-1	370
443615	444245	0.545576	1	630
444245	445505	-1.032189	-1	1260
