380522	380892	1.632533	1	370
380892	381422	-1.783745	-1	530
381422	386112	1.446566	1	4690
386112	386742	-0.930853	-1	630
386742	395102	1.552488	1	8360
395102	395672	-0.482914	-1	570
395672	396822	2.087702	1	1150
396822	397042	-1.102123	-1	220
397042	397432	-2.664682	-2	390
397432	397812	-1.010722	-1	380
397812	398962	0.360879	1	1150
398962	399592	-0.200636	-1	630
399592	403082	1.560649	1	3490
403082	405582	8.015088	2	2500
405582	405882	2.315990	1	300
405882	406522	-0.313713	-1	640
406522	406822	-3.480792	-2	300
406822	407712	-5.556842	-3	890
407712	407982	-3.539330	-2	270
407982	408152	-0.998083	-1	170
408152	410552	1.791026	1	2400
410552	411892	5.696421	2	1340
411892	412072	2.342572	1	180
412072	412192	-1.158748	-1	120
412192	412522	-3.067651	-2	330
412522	412732	-0.853450	-1	210
412732	418262	2.727253	1	5530
418262	419452	6.748469	2	1190
419452	420832	2.279820	1	1380
420832	421342	5.255137	2	510
421342	422642	2.434594	1	1300
422642	428602	7.161532	2	5960
428602	428882	2.275136	1	280
428882	429002	-0.965335	-1	120
429002	429942	-4.047167	-2	940
429942	434072	-7.552269	-3	4130
434072	434192	-3.457843	-2	120
434192	434282	-0.952422	-1	90
434282	434792	2.909192	1	510
434792	434882	-0.850721	-1	90
434882	435012	-3.478553	-2	130
435012	435612	-6.847989	-3	600
435612	435852	-3.401927	-2	240
435852	438262	-0.482133	-1	2410
438262	438632	2.217406	1	370
438632	439662	6.200350	2	1030
439662	439902	2.288076	1	240
439902	440002	-0.904090	-1	100
440002	440152	-3.366916	-2	150
440152	440842	-6.030842	-3	690
440842	441062	-3.532862	-2	220
441062	441512	-0.628354	-1	450
441512	441792	-3.484943	-2	280
441792	442762	-5.616006	-3	970
442762	443242	-3.467790	-2	480
443242	443602	-0.979146	-1	360
443602	444242	0.540768	1	640
444242	445512	-1.024658	-1	1270
