380482	380872	1.744029	1	390
380872	381402	-2.030942	-1	530
381402	386092	1.147187	1	4690
386092	386722	-0.984454	-1	630
386722	395082	1.556263	1	8360
395082	395672	-0.496103	-1	590
395672	396802	2.161638	1	1130
396802	397002	-1.056700	-1	200
397002	397432	-2.660624	-2	430
397432	397772	-0.974022	-1	340
397772	398922	0.361886	1	1150
398922	399572	-0.206403	-1	650
399572	403092	1.506061	1	3520
403092	405542	8.111249	2	2450
405542	405842	2.497414	1	300
405842	406502	-0.266527	-1	660
406502	406782	-3.422950	-2	280
406782	407712	-5.554713	-3	930
407712	407962	-3.497666	-2	250
407962	408112	-1.055523	-1	150
408112	410622	1.887156	1	2510
410622	411872	5.818104	2	1250
411872	412052	2.474579	1	180
412052	412122	-0.799594	-1	70
412122	412502	-3.132353	-2	380
412502	412732	-0.664889	-1	230
412732	418272	2.744503	1	5540
418272	419422	6.872362	2	1150
419422	422682	2.846312	1	3260
422682	428572	7.199473	2	5890
428572	428862	2.472914	1	290
428862	428972	-0.951482	-1	110
428972	429812	-4.049838	-2	840
429812	434052	-7.528906	-3	4240
434052	434182	-3.513387	-2	130
434182	434262	-0.900210	-1	80
434262	434792	3.034533	1	530
434792	434862	-1.042668	-1	70
434862	434972	-3.383255	-2	110
434972	435592	-6.901997	-3	620
435592	435832	-3.377734	-2	240
435832	438262	-0.465738	-1	2430
438262	438632	2.418009	1	370
438632	439632	6.309001	2	1000
439632	439882	2.539066	1	250
439882	439982	-0.964222	-1	100
439982	440122	-3.504937	-2	140
440122	440832	-6.027591	-3	710
440832	441042	-3.503075	-2	210
441042	441192	-0.972092	-1	150
441192	441352	0.502707	1	160
441352	441492	-1.018984	-1	140
441492	441772	-3.527472	-2	280
441772	442752	-5.611724	-3	980
442752	443212	-3.466368	-2	460
443212	443572	-1.033685	-1	360
443572	444242	0.564336	1	670
444242	445512	-1.029477	-1	1270
