380692	380962	1.031288	1	270
380962	381512	-0.752230	-1	550
381512	386232	1.337272	1	4720
386232	386832	-0.730040	-1	600
386832	395192	1.537199	1	8360
395192	395702	-0.377770	-1	510
395702	396922	1.984770	1	1220
396922	397162	-1.064147	-1	240
397162	397492	-2.434478	-2	330
397492	397982	-0.996113	-1	490
397982	399102	0.360755	1	1120
399102	399602	-0.179346	-1	500
399602	403072	1.466494	1	3470
403072	405722	7.678254	2	2650
405722	406052	1.941386	1	330
406052	406582	-0.502900	-1	530
406582	406982	-3.527382	-2	400
406982	407722	-5.544189	-3	740
407722	408072	-3.554115	-2	350
408072	408282	-0.986037	-1	210
408282	410482	1.647105	1	2200
410482	411962	5.347381	2	1480
411962	412202	1.674362	1	240
412202	412402	-1.026287	-1	200
412402	412632	-2.577867	-2	230
412632	412852	-1.056430	-1	220
412852	418292	3.029490	1	5440
418292	419582	6.539868	2	1290
419582	420602	2.088469	1	1020
420602	421502	4.599297	2	900
421502	422572	2.231217	1	1070
422572	428682	7.096749	2	6110
428682	428972	1.894206	1	290
428972	429122	-0.969249	-1	150
429122	429962	-4.053803	-2	840
429962	434102	-7.518391	-3	4140
434102	434272	-3.453336	-2	170
434272	434372	-0.951173	-1	100
434372	434862	1.920135	1	490
434862	434982	-0.942199	-1	120
434982	435142	-3.504722	-2	160
435142	435672	-6.490322	-3	530
435672	435972	-3.509718	-2	300
435972	438262	-0.525180	-1	2290
438262	438672	1.818796	1	410
438672	439752	5.804078	2	1080
439752	439992	1.823557	1	240
439992	440132	-1.041628	-1	140
440132	440302	-3.460673	-2	170
440302	440892	-5.945127	-3	590
440892	441192	-3.442502	-2	300
441192	441592	-1.244465	-1	400
441592	441942	-3.553572	-2	350
441942	442792	-5.647496	-3	850
442792	443342	-3.579499	-2	550
443342	443762	-0.812906	-1	420
443762	444272	0.439428	1	510
444272	445512	-1.014581	-1	1240
