380766	380996	0.751567	1	230
380996	381546	-0.540989	-1	550
381546	386276	1.063498	1	4730
386276	386866	-0.619392	-1	590
386866	396956	1.742462	1	10090
396956	398056	-1.354446	-1	1100
398056	403136	1.239557	1	5080
403136	405726	7.706908	2	2590
405726	406126	2.129910	1	400
406126	406606	-0.619583	-1	480
406606	407036	-3.478830	-2	430
407036	407726	-5.519409	-3	690
407726	408106	-3.563417	-2	380
408106	408346	-0.971236	-1	240
408346	410576	1.720539	1	2230
410576	411946	5.361844	2	1370
411946	412286	1.755877	1	340
412286	412496	-1.043665	-1	210
412496	412686	-2.420143	-2	190
412686	412906	-1.068067	-1	220
412906	418366	2.779444	1	5460
418366	419566	6.585678	2	1200
419566	420786	2.444463	1	1220
420786	421466	4.716076	2	680
421466	422666	2.489647	1	1200
422666	428666	7.130541	2	6000
428666	429006	2.119226	1	340
429006	429186	-1.011764	-1	180
429186	429966	-4.062335	-2	780
429966	434116	-7.496001	-3	4150
434116	434296	-3.495382	-2	180
434296	434416	-0.986639	-1	120
434416	434906	1.405987	1	490
434906	435016	-1.019756	-1	110
435016	435196	-3.425780	-2	180
435196	435696	-6.277631	-3	500
435696	436026	-3.539489	-2	330
436026	438256	-0.543620	-1	2230
438256	438766	2.018452	1	510
438766	439736	5.853776	2	970
439736	440026	2.007609	1	290
440026	440166	-1.023965	-1	140
440166	440366	-3.457992	-2	200
440366	440896	-5.946349	-3	530
440896	441236	-3.534285	-2	340
441236	441616	-1.576875	-1	380
441616	441996	-3.505775	-2	380
441996	442806	-5.631524	-3	810
442806	443386	-3.592858	-2	580
443386	443806	-0.805130	-1	420
443806	444356	0.528908	1	550
444356	445506	-0.864453	-1	1150
