380566	380906	1.495322	1	340
380906	381446	-1.091059	-1	540
381446	386146	2.180270	1	4700
386146	386776	-0.865795	-1	630
386776	395116	1.551868	1	8340
395116	395696	-0.432200	-1	580
395696	396846	2.261108	1	1150
396846	397066	-1.016719	-1	220
397066	397456	-2.585194	-2	390
397456	397856	-0.982466	-1	400
397856	399006	0.359914	1	1150
399006	399606	-0.195215	-1	600
399606	403126	1.582559	1	3520
403126	405576	8.044706	2	2450
405576	405926	2.475413	1	350
405926	406536	-0.366976	-1	610
406536	406876	-3.563976	-2	340
406876	407706	-5.561146	-3	830
407706	408016	-3.501082	-2	310
408016	408176	-0.963639	-1	160
408176	410656	1.892859	1	2480
410656	411886	5.711079	2	1230
411886	412096	2.393133	1	210
412096	412246	-1.098721	-1	150
412246	412556	-2.863658	-2	310
412556	412736	-1.040974	-1	180
412736	418316	2.737003	1	5580
418316	419436	6.807620	2	1120
419436	422716	2.890091	1	3280
422716	428576	7.192663	2	5860
428576	428906	2.463068	1	330
428906	429036	-1.020431	-1	130
429036	429946	-4.061529	-2	910
429946	434076	-7.546494	-3	4130
434076	434216	-3.428901	-2	140
434216	434306	-0.875889	-1	90
434306	434826	2.575380	1	520
434826	434906	-1.048194	-1	80
434906	435046	-3.487651	-2	140
435046	435626	-6.768280	-3	580
435626	435876	-3.474064	-2	250
435876	438256	-0.499850	-1	2380
438256	438696	2.391573	1	440
438696	439646	6.244471	2	950
439646	439916	2.490908	1	270
439916	440036	-0.905146	-1	120
440036	440196	-3.450290	-2	160
440196	440856	-6.037253	-3	660
440856	441096	-3.479855	-2	240
441096	441536	-0.806028	-1	440
441536	441826	-3.504709	-2	290
441826	442766	-5.629082	-3	940
442766	443286	-3.450055	-2	520
443286	443646	-0.845063	-1	360
443646	444246	0.518297	1	600
444246	445506	-1.023791	-1	1260
