380648	380938	1.242301	1	290
380938	381488	-0.867500	-1	550
381488	386198	1.902926	1	4710
386198	386808	-0.784691	-1	610
386808	395168	1.541194	1	8360
395168	395708	-0.396216	-1	540
395708	396898	2.088177	1	1190
396898	397128	-1.060520	-1	230
397128	397488	-2.487682	-2	360
397488	397938	-0.973041	-1	450
397938	399078	0.358446	1	1140
399078	399618	-0.184463	-1	540
399618	403068	1.491193	1	3450
403068	405698	7.737680	2	2630
405698	406008	1.947760	1	310
406008	406558	-0.423300	-1	550
406558	406938	-3.467865	-2	380
406938	407718	-5.545249	-3	780
407718	408058	-3.523448	-2	340
408058	408248	-0.943167	-1	190
408248	410478	1.658011	1	2230
410478	411948	5.412824	2	1470
411948	412138	2.024190	1	190
412138	412338	-0.897319	-1	200
412338	412608	-2.653109	-2	270
412608	412808	-1.065702	-1	200
412808	418278	2.736638	1	5470
418278	419548	6.670013	2	1270
419548	420688	2.246660	1	1140
420688	421468	4.749382	2	780
421468	422568	2.237589	1	1100
422568	428668	7.111937	2	6100
428668	428948	1.947482	1	280
428948	429098	-1.012331	-1	150
429098	429948	-4.064034	-2	850
429948	434098	-7.521303	-3	4150
434098	434248	-3.448599	-2	150
434248	434348	-0.985930	-1	100
434348	434858	2.119759	1	510
434858	434958	-1.058558	-1	100
434958	435108	-3.509159	-2	150
435108	435658	-6.588096	-3	550
435658	435938	-3.496954	-2	280
435938	438258	-0.518343	-1	2320
438258	438658	1.857455	1	400
438658	439728	5.915257	2	1070
439728	439968	2.015379	1	240
439968	440108	-0.992794	-1	140
440108	440278	-3.553421	-2	170
440278	440888	-5.956855	-3	610
440888	441168	-3.363783	-2	280
441168	441578	-1.079749	-1	410
441578	441908	-3.584605	-2	330
441908	442798	-5.635652	-3	890
442798	443328	-3.484922	-2	530
443328	443718	-0.812565	-1	390
443718	444258	0.466123	1	540
444258	445508	-1.017154	-1	1250
