380533	380903	1.574905	1	370
380903	381433	-1.740532	-1	530
381433	386133	1.440736	1	4700
386133	386753	-0.927152	-1	620
386753	395103	1.553156	1	8350
395103	395683	-0.460974	-1	580
395683	396833	2.308444	1	1150
396833	397033	-0.989376	-1	200
397033	397453	-2.594495	-2	420
397453	397823	-0.966263	-1	370
397823	398973	0.360671	1	1150
398973	399593	-0.199918	-1	620
399593	403083	1.554792	1	3490
403083	405593	7.992428	2	2510
405593	405893	2.277203	1	300
405893	406523	-0.316859	-1	630
406523	406833	-3.473243	-2	310
406833	407713	-5.555535	-3	880
407713	407993	-3.510079	-2	280
407993	408153	-1.009163	-1	160
408153	410553	1.781535	1	2400
410553	411893	5.683098	2	1340
411893	412093	2.147437	1	200
412093	412203	-1.283331	-1	110
412203	412533	-2.997391	-2	330
412533	412733	-0.888761	-1	200
412733	418273	2.728613	1	5540
418273	419453	6.751984	2	1180
419453	420843	2.304267	1	1390
420843	421343	5.250511	2	500
421343	422643	2.443052	1	1300
422643	428603	7.160713	2	5960
428603	428883	2.312666	1	280
428883	429013	-0.954087	-1	130
429013	429943	-4.054652	-2	930
429943	434063	-7.557003	-3	4120
434063	434193	-3.628597	-2	130
434193	434283	-1.056798	-1	90
434283	434813	2.729389	1	530
434813	434893	-1.094076	-1	80
434893	435023	-3.541542	-2	130
435023	435603	-6.879467	-3	580
435603	435863	-3.474572	-2	260
435863	438263	-0.483514	-1	2400
438263	438643	2.241725	1	380
438643	439663	6.197586	2	1020
439663	439903	2.324203	1	240
439903	440023	-0.993928	-1	120
440023	440163	-3.498305	-2	140
440163	440843	-6.036065	-3	680
440843	441073	-3.534483	-2	230
441073	441523	-0.672591	-1	450
441523	441803	-3.518861	-2	280
441803	442763	-5.621859	-3	960
442763	443253	-3.466887	-2	490
443253	443613	-0.948524	-1	360
443613	444243	0.533670	1	630
444243	445503	-1.030547	-1	1260
