380753	380993	0.777645	1	240
380993	381543	-0.569839	-1	550
381543	386273	1.066585	1	4730
386273	386863	-0.637732	-1	590
386863	396953	1.746385	1	10090
396953	398043	-1.374593	-1	1090
398043	403153	1.461054	1	5110
403153	405713	7.756963	2	2560
405713	406113	2.171432	1	400
406113	406603	-0.601139	-1	490
406603	407033	-3.512281	-2	430
407033	407723	-5.530490	-3	690
407723	408093	-3.598885	-2	370
408093	408333	-1.011691	-1	240
408333	410573	1.720989	1	2240
410573	411933	5.382416	2	1360
411933	412263	1.898975	1	330
412263	412903	-1.453389	-1	640
412903	418373	2.783921	1	5470
418373	419543	6.666556	2	1170
419543	420823	2.522157	1	1280
420823	421433	4.787297	2	610
421433	422673	2.534461	1	1240
422673	428653	7.144695	2	5980
428653	429003	2.156657	1	350
429003	429183	-1.068402	-1	180
429183	429983	-4.102114	-2	800
429983	434103	-7.516163	-3	4120
434103	434293	-3.551598	-2	190
434293	434413	-0.931075	-1	120
434413	434903	1.478343	1	490
434903	435013	-1.089125	-1	110
435013	435193	-3.508136	-2	180
435193	435693	-6.320274	-3	500
435693	436023	-3.501229	-2	330
436023	438253	-0.536824	-1	2230
438253	438773	2.077358	1	520
438773	439713	5.926472	2	940
439713	440023	2.132687	1	310
440023	440163	-1.080489	-1	140
440163	440353	-3.456625	-2	190
440353	440893	-5.938710	-3	540
440893	441233	-3.506575	-2	340
441233	441613	-1.515758	-1	380
441613	441993	-3.544885	-2	380
441993	442813	-5.631938	-3	820
442813	443373	-3.579734	-2	560
443373	443803	-0.809386	-1	430
443803	444353	0.547807	1	550
444353	445503	-0.866298	-1	1150
