380491	380871	1.736797	1	380
380871	381401	-1.880217	-1	530
381401	386091	1.456981	1	4690
386091	386731	-0.955582	-1	640
386731	395091	1.555346	1	8360
395091	395671	-0.496707	-1	580
395671	396801	2.151459	1	1130
396801	397011	-1.033799	-1	210
397011	397431	-2.661124	-2	420
397431	397781	-0.988730	-1	350
397781	398931	0.361688	1	1150
398931	399581	-0.203085	-1	650
399581	403111	1.524458	1	3530
403111	405531	8.141476	2	2420
405531	405851	2.613847	1	320
405851	406511	-0.291742	-1	660
406511	406791	-3.462175	-2	280
406791	407711	-5.553972	-3	920
407711	407961	-3.538106	-2	250
407961	408121	-1.076470	-1	160
408121	410711	1.993767	1	2590
410711	411861	5.868011	2	1150
411861	412061	2.567727	1	200
412061	412151	-1.121476	-1	90
412151	412511	-3.136156	-2	360
412511	412731	-0.686728	-1	220
412731	418281	2.744393	1	5550
418281	419411	6.891365	2	1130
419411	422701	2.869621	1	3290
422701	428561	7.206385	2	5860
428561	428871	2.525133	1	310
428871	428981	-1.015429	-1	110
428981	429811	-4.052768	-2	830
429811	434061	-7.521194	-3	4250
434061	434181	-3.492832	-2	120
434181	434271	-0.889161	-1	90
434271	434791	3.030694	1	520
434791	434871	-1.049675	-1	80
434871	434981	-3.453410	-2	110
434981	435591	-6.904948	-3	610
435591	435841	-3.391741	-2	250
435841	438241	-0.471067	-1	2400
438241	438661	2.433250	1	420
438661	439631	6.332810	2	970
439631	439891	2.505628	1	260
439891	439991	-1.034094	-1	100
439991	440131	-3.536860	-2	140
440131	440831	-6.037202	-3	700
440831	441041	-3.564532	-2	210
441041	441201	-1.016329	-1	160
441201	441351	0.485085	1	150
441351	441491	-0.978239	-1	140
441491	441761	-3.413948	-2	270
441761	442751	-5.604908	-3	990
442751	443221	-3.464233	-2	470
443221	443581	-1.004166	-1	360
443581	444241	0.562306	1	660
444241	445511	-1.029833	-1	1270
