380571	380911	1.500414	1	340
380911	381451	-1.091325	-1	540
381451	386151	1.954543	1	4700
386151	386771	-0.880830	-1	620
386771	395121	1.550035	1	8350
395121	395681	-0.451951	-1	560
395681	396861	2.204527	1	1180
396861	397071	-1.077221	-1	210
397071	397461	-2.587640	-2	390
397461	397861	-0.977974	-1	400
397861	399011	0.359858	1	1150
399011	399621	-0.191185	-1	610
399621	403051	1.519899	1	3430
403051	405651	7.835349	2	2600
405651	405931	1.995908	1	280
405931	406531	-0.337902	-1	600
406531	406871	-3.468156	-2	340
406871	407721	-5.550327	-3	850
407721	408011	-3.507394	-2	290
408011	408191	-0.970942	-1	180
408191	410491	1.705391	1	2300
410491	411931	5.536351	2	1440
411931	412101	1.968361	1	170
412101	412241	-1.065062	-1	140
412241	412561	-2.853547	-2	320
412561	412741	-1.024201	-1	180
412741	418261	3.622437	1	5520
418261	419511	6.566695	2	1250
419511	420731	2.309663	1	1220
420731	421411	4.949999	2	680
421411	422581	2.271739	1	1170
422581	428641	7.104377	2	6060
428641	428911	2.007598	1	270
428911	429031	-0.937884	-1	120
429031	429941	-4.034278	-2	910
429941	434081	-7.539943	-3	4140
434081	434211	-3.516818	-2	130
434211	434311	-0.968783	-1	100
434311	434821	2.613822	1	510
434821	434921	-1.082657	-1	100
434921	435051	-3.598742	-2	130
435051	435631	-6.762887	-3	580
435631	435881	-3.464001	-2	250
435881	438261	-0.499228	-1	2380
438261	438621	1.937369	1	360
438621	439701	6.024655	2	1080
439701	439931	1.973913	1	230
439931	440041	-1.022620	-1	110
440041	440201	-3.474835	-2	160
440201	440861	-6.031147	-3	660
440861	441101	-3.473656	-2	240
441101	441531	-0.780819	-1	430
441531	441841	-3.502513	-2	310
441841	442771	-5.635705	-3	930
442771	443281	-3.479027	-2	510
443281	443651	-0.878401	-1	370
443651	444241	0.520946	1	590
444241	445511	-1.015886	-1	1270
