380753	380993	0.780445	1	240
380993	381543	-0.571180	-1	550
381543	386273	1.066724	1	4730
386273	386863	-0.638535	-1	590
386863	396953	1.746451	1	10090
396953	398043	-1.374968	-1	1090
398043	403133	1.445307	1	5090
403133	405723	7.716472	2	2590
405723	406113	2.120192	1	390
406113	406603	-0.599440	-1	490
406603	407033	-3.510853	-2	430
407033	407723	-5.530776	-3	690
407723	408093	-3.601881	-2	370
408093	408333	-1.013409	-1	240
408333	410573	1.720544	1	2240
410573	411943	5.374375	2	1370
411943	412263	1.830545	1	320
412263	412903	-1.454565	-1	640
412903	418363	2.781007	1	5460
418363	419553	6.626145	2	1190
419553	420783	2.451403	1	1230
420783	421453	4.740905	2	670
421453	422663	2.491243	1	1210
422663	428663	7.135099	2	6000
428663	429003	2.099773	1	340
429003	429183	-1.066223	-1	180
429183	429983	-4.101505	-2	800
429983	434103	-7.516289	-3	4120
434103	434293	-3.557899	-2	190
434293	434413	-0.935614	-1	120
434413	434903	1.481734	1	490
434903	435013	-1.084467	-1	110
435013	435193	-3.505131	-2	180
435193	435693	-6.322215	-3	500
435693	436023	-3.503282	-2	330
436023	438253	-0.536948	-1	2230
438253	438753	1.987632	1	500
438753	439713	5.892134	2	960
439713	440023	2.137685	1	310
440023	440163	-1.077238	-1	140
440163	440353	-3.454443	-2	190
440353	440893	-5.939685	-3	540
440893	441233	-3.509431	-2	340
441233	441613	-1.513582	-1	380
441613	441993	-3.543394	-2	380
441993	442813	-5.632302	-3	820
442813	443373	-3.581264	-2	560
443373	443803	-0.810534	-1	430
443803	444353	0.548356	1	550
444353	445503	-0.866422	-1	1150
