380685	380955	1.074494	1	270
380955	381505	-0.763114	-1	550
381505	386225	1.800481	1	4720
386225	386825	-0.738686	-1	600
386825	395185	1.537743	1	8360
395185	395695	-0.382001	-1	510
395695	396915	1.990825	1	1220
396915	397155	-1.036621	-1	240
397155	397495	-2.434146	-2	340
397495	397975	-0.987190	-1	480
397975	399105	0.358063	1	1130
399105	399605	-0.181680	-1	500
399605	403075	1.473768	1	3470
403075	405715	7.694742	2	2640
405715	406045	1.975292	1	330
406045	406575	-0.485496	-1	530
406575	406975	-3.498601	-2	400
406975	407725	-5.537718	-3	750
407725	408065	-3.557116	-2	340
408065	408275	-1.018916	-1	210
408275	410495	1.659405	1	2220
410495	411955	5.374552	2	1460
411955	412205	1.672730	1	250
412205	412385	-1.015867	-1	180
412385	412635	-2.560987	-2	250
412635	412845	-1.036005	-1	210
412845	418305	2.752752	1	5460
418305	419565	6.616972	2	1260
419565	420615	2.134027	1	1050
420615	421485	4.626705	2	870
421485	422585	2.272374	1	1100
422585	428685	7.101163	2	6100
428685	428965	1.894083	1	280
428965	429125	-0.991223	-1	160
429125	429965	-4.075152	-2	840
429965	434095	-7.525946	-3	4130
434095	434265	-3.535146	-2	170
434265	434365	-1.019335	-1	100
434365	434865	1.919414	1	500
434865	434975	-0.954829	-1	110
434975	435135	-3.457242	-2	160
435135	435675	-6.482435	-3	540
435675	435975	-3.443938	-2	300
435975	438255	-0.520530	-1	2280
438255	438685	1.863701	1	430
438685	439735	5.874996	2	1050
439735	439985	1.983582	1	250
439985	440125	-0.970385	-1	140
440125	440295	-3.403126	-2	170
440295	440885	-5.950011	-3	590
440885	441185	-3.481076	-2	300
441185	441575	-1.207134	-1	390
441575	441935	-3.484960	-2	360
441935	442795	-5.641798	-3	860
442795	443345	-3.544147	-2	550
443345	443755	-0.796996	-1	410
443755	444275	0.440068	1	520
444275	445505	-1.025597	-1	1230
