380536	380896	1.578333	1	360
380896	381426	-1.684520	-1	530
381426	386126	1.439725	1	4700
386126	386756	-0.908461	-1	630
386756	395096	1.554772	1	8340
395096	395676	-0.459889	-1	580
395676	396836	2.285268	1	1160
396836	397046	-1.063924	-1	210
397046	397446	-2.621249	-2	400
397446	397826	-0.979755	-1	380
397826	398976	0.360509	1	1150
398976	399596	-0.198396	-1	620
399596	403136	1.606534	1	3540
403136	405556	8.105150	2	2420
405556	405896	2.547200	1	340
405896	406526	-0.336561	-1	630
406526	406836	-3.490502	-2	310
406836	407706	-5.556665	-3	870
407706	407996	-3.518740	-2	290
407996	408156	-0.991663	-1	160
408156	410706	1.969992	1	2550
410706	411876	5.793184	2	1170
411876	412086	2.420329	1	210
412086	412216	-1.276467	-1	130
412216	412536	-2.995723	-2	320
412536	412736	-0.878377	-1	200
412736	418316	2.746455	1	5580
418316	419426	6.866692	2	1110
419426	422716	2.885110	1	3290
422716	428566	7.202383	2	5850
428566	428886	2.564933	1	320
428886	429016	-0.975740	-1	130
429016	429936	-4.054480	-2	920
429936	434066	-7.550546	-3	4130
434066	434206	-3.414115	-2	140
434206	434286	-0.870459	-1	80
434286	434816	2.700959	1	530
434816	434896	-1.181980	-1	80
434896	435016	-3.483408	-2	120
435016	435616	-6.798616	-3	600
435616	435866	-3.379106	-2	250
435866	438256	-0.485128	-1	2390
438256	438686	2.468136	1	430
438686	439636	6.292969	2	950
439636	439906	2.534758	1	270
439906	440016	-0.955455	-1	110
440016	440166	-3.427567	-2	150
440166	440856	-6.017962	-3	690
440856	441076	-3.413607	-2	220
441076	441516	-0.675015	-1	440
441516	441816	-3.538468	-2	300
441816	442766	-5.627213	-3	950
442766	443256	-3.449200	-2	490
443256	443616	-0.931235	-1	360
443616	444246	0.529290	1	630
444246	445506	-1.028816	-1	1260
