380585	380915	1.458460	1	330
380915	381455	-1.044578	-1	540
381455	386155	2.038769	1	4700
386155	386785	-0.846032	-1	630
386785	395125	1.550468	1	8340
395125	395695	-0.429592	-1	570
395695	396865	2.202899	1	1170
396865	397075	-1.019810	-1	210
397075	397465	-2.561121	-2	390
397465	397875	-0.984979	-1	410
397875	399025	0.359386	1	1150
399025	399605	-0.195495	-1	580
399605	403055	1.508224	1	3450
403055	405665	7.808161	2	2610
405665	405945	1.971195	1	280
405945	406545	-0.379393	-1	600
406545	406885	-3.505270	-2	340
406885	407725	-5.543832	-3	840
407725	408015	-3.517735	-2	290
408015	408205	-0.983617	-1	190
408205	410495	1.703541	1	2290
410495	411935	5.517809	2	1440
411935	412115	1.908501	1	180
412115	412275	-1.171451	-1	160
412275	412575	-2.830801	-2	300
412575	412755	-1.014900	-1	180
412755	418255	2.719480	1	5500
418255	419525	6.503219	2	1270
419525	420385	1.660218	1	860
420385	421425	4.569048	2	1040
421425	422565	2.242909	1	1140
422565	428655	7.084862	2	6090
428655	428925	1.881423	1	270
428925	429055	-1.072734	-1	130
429055	429955	-4.077075	-2	900
429955	434085	-7.543993	-3	4130
434085	434225	-3.422324	-2	140
434225	434305	-1.031993	-1	80
434305	434835	2.417868	1	530
434835	434925	-1.105311	-1	90
434925	435065	-3.583857	-2	140
435065	435635	-6.740190	-3	570
435635	435895	-3.465756	-2	260
435895	438255	-0.502698	-1	2360
438255	438625	1.872317	1	370
438625	439705	5.997085	2	1080
439705	439935	1.997790	1	230
439935	440055	-1.018676	-1	120
440055	440215	-3.503590	-2	160
440215	440855	-6.046699	-3	640
440855	441115	-3.515709	-2	260
441115	441545	-0.851182	-1	430
441545	441845	-3.495581	-2	300
441845	442785	-5.624358	-3	940
442785	443295	-3.445160	-2	510
443295	443675	-0.826337	-1	380
443675	444245	0.521420	1	570
444245	445505	-1.020413	-1	1260
