380758	380998	0.757094	1	240
380998	381538	-0.575728	-1	540
381538	386268	1.065986	1	4730
386268	386868	-0.622998	-1	600
386868	396958	1.745837	1	10090
396958	398048	-1.373081	-1	1090
398048	403128	1.233566	1	5080
403128	405728	7.699822	2	2600
405728	406118	2.095098	1	390
406118	406608	-0.619274	-1	490
406608	407028	-3.495669	-2	420
407028	407718	-5.525825	-3	690
407718	408108	-3.565704	-2	390
408108	408328	-0.993371	-1	220
408328	410568	1.705702	1	2240
410568	411948	5.364725	2	1380
411948	412258	1.846128	1	310
412258	412488	-0.989397	-1	230
412488	412688	-2.414037	-2	200
412688	412898	-1.038478	-1	210
412898	418358	2.775227	1	5460
418358	419568	6.583045	2	1210
419568	420758	2.393559	1	1190
420758	421468	4.703175	2	710
421468	422658	2.467665	1	1190
422658	428668	7.127865	2	6010
428668	429008	2.053581	1	340
429008	429178	-1.037597	-1	170
429178	429968	-4.062428	-2	790
429968	434108	-7.504515	-3	4140
434108	434298	-3.499066	-2	190
434298	434408	-0.964458	-1	110
434408	434888	1.501350	1	480
434888	435018	-0.967691	-1	130
435018	435188	-3.466204	-2	170
435188	435688	-6.314180	-3	500
435688	436028	-3.521609	-2	340
436028	438258	-0.535782	-1	2230
438258	438758	2.016922	1	500
438758	439738	5.854526	2	980
439738	440018	2.013056	1	280
440018	440158	-0.971209	-1	140
440158	440358	-3.428812	-2	200
440358	440898	-5.942766	-3	540
440898	441228	-3.527961	-2	330
441228	441618	-1.544085	-1	390
441618	441988	-3.525450	-2	370
441988	442808	-5.628935	-3	820
442808	443378	-3.588353	-2	570
443378	443798	-0.817118	-1	420
443798	444358	0.531211	1	560
444358	445508	-0.866129	-1	1150
