380753	380993	0.850955	1	240
380993	381543	-0.573246	-1	550
381543	386263	1.069020	1	4720
386263	386863	-0.627815	-1	600
386863	396953	1.483854	1	10090
396953	398033	-1.387767	-1	1080
398033	403163	1.342191	1	5130
403163	405703	7.784525	2	2540
405703	406113	2.216663	1	410
406113	406593	-0.572719	-1	480
406593	407023	-3.447061	-2	430
407023	407723	-5.523154	-3	700
407723	408093	-3.597278	-2	370
408093	408333	-1.005499	-1	240
408333	410593	1.743760	1	2260
410593	411933	5.400710	2	1340
411933	412283	1.782840	1	350
412283	412473	-1.060935	-1	190
412473	412683	-2.408621	-2	210
412683	412903	-1.009135	-1	220
412903	418383	2.786367	1	5480
418383	419553	6.669042	2	1170
419553	420843	2.534824	1	1290
420843	421423	4.810200	2	580
421423	422683	2.563654	1	1260
422683	428663	7.143953	2	5980
428663	429003	2.090632	1	340
429003	429173	-1.028495	-1	170
429173	429973	-4.065483	-2	800
429973	434113	-7.504872	-3	4140
434113	434283	-3.533019	-2	170
434283	434413	-1.009374	-1	130
434413	434903	1.480540	1	490
434903	435013	-1.090662	-1	110
435013	435183	-3.432899	-2	170
435183	435693	-6.295743	-3	510
435693	436023	-3.498130	-2	330
436023	438243	-0.538827	-1	2220
438243	438773	2.039731	1	530
438773	439703	5.944860	2	930
439703	440023	2.195508	1	320
440023	440153	-1.006195	-1	130
440153	440353	-3.396948	-2	200
440353	440903	-5.923071	-3	550
440903	441223	-3.507164	-2	320
441223	441613	-1.525404	-1	390
441613	441983	-3.511240	-2	370
441983	442803	-5.634205	-3	820
442803	443373	-3.602779	-2	570
443373	443803	-0.807652	-1	430
443803	444353	0.548500	1	550
444353	445503	-0.865765	-1	1150
