380690	380960	1.046557	1	270
380960	381510	-0.752734	-1	550
381510	386230	1.337560	1	4720
386230	386830	-0.731663	-1	600
386830	395190	1.537337	1	8360
395190	395700	-0.378619	-1	510
395700	396920	1.985876	1	1220
396920	397160	-1.051303	-1	240
397160	397490	-2.437291	-2	330
397490	397980	-1.000630	-1	490
397980	399100	0.360793	1	1120
399100	399610	-0.175800	-1	510
399610	403070	1.469527	1	3460
403070	405720	7.678404	2	2650
405720	406050	1.955872	1	330
406050	406580	-0.497238	-1	530
406580	406980	-3.517022	-2	400
406980	407720	-5.542648	-3	740
407720	408070	-3.570009	-2	350
408070	408280	-0.998090	-1	210
408280	410480	1.644168	1	2200
410480	411960	5.348026	2	1480
411960	412200	1.695171	1	240
412200	412400	-1.017975	-1	200
412400	412630	-2.581851	-2	230
412630	412850	-1.069059	-1	220
412850	418300	2.753836	1	5450
418300	419570	6.584552	2	1270
419570	420610	2.122130	1	1040
420610	421480	4.623656	2	870
421480	422580	2.274361	1	1100
422580	428680	7.100841	2	6100
428680	428970	1.916494	1	290
428970	429130	-1.016411	-1	160
429130	429970	-4.084737	-2	840
429970	434100	-7.524479	-3	4130
434100	434270	-3.467334	-2	170
434270	434370	-0.972118	-1	100
434370	434870	1.886911	1	500
434870	434980	-1.001043	-1	110
434980	435140	-3.489046	-2	160
435140	435680	-6.468137	-3	540
435680	435970	-3.468903	-2	290
435970	438260	-0.524789	-1	2290
438260	438670	1.803666	1	410
438670	439750	5.805599	2	1080
439750	439990	1.851292	1	240
439990	440130	-1.024509	-1	140
440130	440300	-3.429817	-2	170
440300	440890	-5.942354	-3	590
440890	441190	-3.455487	-2	300
441190	441590	-1.236728	-1	400
441590	441940	-3.549741	-2	350
441940	442800	-5.640138	-3	860
442800	443350	-3.527532	-2	550
443350	443760	-0.787559	-1	410
443760	444270	0.440973	1	510
444270	445510	-1.017040	-1	1240
