380462	380872	1.749093	1	410
380872	381382	-2.099550	-1	510
381382	386072	1.463829	1	4690
386072	386712	-0.993458	-1	640
386712	395082	1.556369	1	8370
395082	395662	-0.520340	-1	580
395662	396782	2.198954	1	1120
396782	396992	-1.021009	-1	210
396992	397422	-2.687852	-2	430
397422	397752	-0.986259	-1	330
397752	398902	0.362471	1	1150
398902	399562	-0.209972	-1	660
399562	403112	1.533688	1	3550
403112	405522	8.176312	2	2410
405522	405822	2.600684	1	300
405822	406502	-0.269605	-1	680
406502	406782	-3.556504	-2	280
406782	407712	-5.565981	-3	930
407712	407952	-3.471699	-2	240
407952	408102	-1.016148	-1	150
408102	410722	2.021685	1	2620
410722	411862	5.916888	2	1140
411862	412042	2.552455	1	180
412042	412122	-0.976879	-1	80
412122	412482	-3.315225	-2	360
412482	412732	-0.639547	-1	250
412732	418272	2.751698	1	5540
418272	419412	6.910937	2	1140
419412	422702	2.859812	1	3290
422702	428552	7.216005	2	5850
428552	428852	2.619014	1	300
428852	428952	-0.904712	-1	100
428952	429812	-4.036507	-2	860
429812	434052	-7.594931	-3	4240
434052	434172	-3.476897	-2	120
434172	434252	-0.907619	-1	80
434252	434782	3.164769	1	530
434782	434852	-1.031507	-1	70
434852	434962	-3.506022	-2	110
434962	435582	-6.965231	-3	620
435582	435822	-3.353314	-2	240
435822	438242	-0.460084	-1	2420
438242	438642	2.469847	1	400
438642	439632	6.351834	2	990
439632	439872	2.514835	1	240
439872	439962	-0.871302	-1	90
439962	440102	-3.415603	-2	140
440102	440832	-6.010398	-3	730
440832	441032	-3.428576	-2	200
441032	441172	-0.923273	-1	140
441172	441342	0.585126	1	170
441342	441492	-1.018563	-1	150
441492	441752	-3.578612	-2	260
441752	442752	-5.598206	-3	1000
442752	443192	-3.459212	-2	440
443192	443562	-1.058556	-1	370
443562	444232	0.594224	1	670
444232	445512	-1.026918	-1	1280
