380761	380991	0.772255	1	230
380991	381551	-0.549184	-1	560
381551	386271	1.067795	1	4720
386271	386871	-0.619637	-1	600
386871	396961	1.745451	1	10090
396961	398051	-1.372140	-1	1090
398051	403121	1.308210	1	5070
403121	405731	7.684494	2	2610
405731	406121	2.085415	1	390
406121	406601	-0.598434	-1	480
406601	407041	-3.503766	-2	440
407041	407731	-5.526312	-3	690
407731	408101	-3.553394	-2	370
408101	408341	-0.983150	-1	240
408341	410531	1.672289	1	2190
410531	411941	5.330919	2	1410
411941	412271	1.856304	1	330
412271	412491	-1.011299	-1	220
412491	412691	-2.410994	-2	200
412691	412911	-0.993320	-1	220
412911	418361	2.781863	1	5450
418361	419571	6.574018	2	1210
419571	420711	2.323276	1	1140
420711	421471	4.665131	2	760
421471	422641	2.437583	1	1170
422641	428681	7.112254	2	6040
428681	429011	1.967873	1	330
429011	429171	-0.995383	-1	160
429171	429971	-4.042756	-2	800
429971	434121	-7.496845	-3	4150
434121	434291	-3.454710	-2	170
434291	434411	-1.026838	-1	120
434411	434901	1.439880	1	490
434901	435021	-1.068551	-1	120
435021	435201	-3.577314	-2	180
435201	435701	-6.296626	-3	500
435701	436031	-3.463941	-2	330
436031	438261	-0.534587	-1	2230
438261	438751	1.982803	1	490
438751	439731	5.844471	2	980
439731	440021	2.063920	1	290
440021	440171	-1.049252	-1	150
440171	440361	-3.506347	-2	190
440361	440891	-5.944778	-3	530
440891	441241	-3.509585	-2	350
441241	441611	-1.527655	-1	370
441611	442001	-3.528366	-2	390
442001	442811	-5.635973	-3	810
442811	443381	-3.583622	-2	570
443381	443801	-0.814638	-1	420
443801	444351	0.537320	1	550
444351	445511	-0.856896	-1	1160
