380596	380916	1.430709	1	320
380916	381456	-1.019014	-1	540
381456	386166	2.053173	1	4710
386166	386786	-0.843096	-1	620
386786	395136	1.547641	1	8350
395136	395706	-0.419844	-1	570
395706	396866	2.206664	1	1160
396866	397086	-1.023357	-1	220
397086	397466	-2.553288	-2	380
397466	397886	-0.984850	-1	420
397886	399036	0.358820	1	1150
399036	399606	-0.195123	-1	570
399606	403076	1.519790	1	3470
403076	405656	7.845363	2	2580
405656	405956	2.044723	1	300
405956	406556	-0.413772	-1	600
406556	406896	-3.553941	-2	340
406896	407726	-5.545275	-3	830
407726	408026	-3.477964	-2	300
408026	408196	-1.036283	-1	170
408196	410526	1.721224	1	2330
410526	411916	5.557533	2	1390
411916	412116	2.156109	1	200
412116	412276	-1.075161	-1	160
412276	412576	-2.781359	-2	300
412576	412766	-1.023677	-1	190
412766	418276	2.728345	1	5510
418276	419516	6.550085	2	1240
419516	420776	2.380127	1	1260
420776	421416	4.963027	2	640
421416	422596	2.311892	1	1180
422596	428646	7.102899	2	6050
428646	428916	2.054024	1	270
428916	429056	-0.937076	-1	140
429056	429946	-4.056625	-2	890
429946	434086	-7.536185	-3	4140
434086	434226	-3.460291	-2	140
434226	434316	-0.985781	-1	90
434316	434826	2.450028	1	510
434826	434926	-0.917736	-1	100
434926	435066	-3.484071	-2	140
435066	435636	-6.707545	-3	570
435636	435906	-3.455351	-2	270
435906	438256	-0.502171	-1	2350
438256	438646	1.967328	1	390
438646	439696	6.036062	2	1050
439696	439936	2.105757	1	240
439936	440066	-1.054154	-1	130
440066	440226	-3.588495	-2	160
440226	440856	-6.053656	-3	630
440856	441116	-3.545257	-2	260
441116	441556	-0.924545	-1	440
441556	441856	-3.554274	-2	300
441856	442776	-5.635437	-3	920
442776	443296	-3.492728	-2	520
443296	443676	-0.844671	-1	380
443676	444246	0.508439	1	570
444246	445506	-1.018122	-1	1260
