380519	380889	1.638699	1	370
380889	381419	-1.776282	-1	530
381419	386109	1.446981	1	4690
386109	386749	-0.918014	-1	640
386749	395089	1.556403	1	8340
395089	395679	-0.466317	-1	590
395679	396819	2.106612	1	1140
396819	397029	-1.049854	-1	210
397029	397439	-2.633843	-2	410
397439	397799	-1.016282	-1	360
397799	398959	0.357864	1	1160
398959	399589	-0.201118	-1	630
399589	403099	1.577306	1	3510
403099	405569	8.055443	2	2470
405569	405879	2.410372	1	310
405879	406519	-0.310702	-1	640
406519	406829	-3.516720	-2	310
406829	407699	-5.568027	-3	870
407699	407989	-3.554574	-2	290
407989	408149	-0.950508	-1	160
408149	410579	1.823781	1	2430
410579	411889	5.725809	2	1310
411889	412069	2.358131	1	180
412069	412189	-1.135269	-1	120
412189	412519	-3.076110	-2	330
412519	412729	-0.862084	-1	210
412729	418269	2.730094	1	5540
418269	419439	6.787752	2	1170
419439	422659	2.835043	1	3220
422659	428589	7.176149	2	5930
428589	428879	2.383293	1	290
428879	428999	-0.944842	-1	120
428999	429829	-4.063507	-2	830
429829	434059	-7.530643	-3	4230
434059	434199	-3.494639	-2	140
434199	434279	-0.869009	-1	80
434279	434799	2.866694	1	520
434799	434889	-1.031955	-1	90
434889	435009	-3.572877	-2	120
435009	435609	-6.856188	-3	600
435609	435849	-3.420103	-2	240
435849	438259	-0.482308	-1	2410
438259	438649	2.321165	1	390
438649	439659	6.234425	2	1010
439659	439899	2.317709	1	240
439899	439999	-0.888229	-1	100
439999	440149	-3.344852	-2	150
440149	440839	-6.035943	-3	690
440839	441069	-3.493648	-2	230
441069	441519	-0.621900	-1	450
441519	441799	-3.568463	-2	280
441799	442769	-5.615759	-3	970
442769	443249	-3.416104	-2	480
443249	443609	-0.931226	-1	360
443609	444239	0.550813	1	630
444239	445509	-1.023848	-1	1270
