380778	381008	0.672951	1	230
381008	381548	-0.508392	-1	540
381548	386288	1.057892	1	4740
386288	386878	-0.600412	-1	590
386878	396968	1.738285	1	10090
396968	398068	-1.346810	-1	1100
398068	403108	1.077899	1	5040
403108	405768	7.597561	2	2660
405768	406138	1.954291	1	370
406138	406598	-0.614189	-1	460
406598	407058	-3.476192	-2	460
407058	407728	-5.522801	-3	670
407728	408108	-3.561579	-2	380
408108	408348	-1.020093	-1	240
408348	410508	1.634116	1	2160
410508	411968	5.263813	2	1460
411968	412288	1.662455	1	320
412288	412928	-1.402859	-1	640
412928	418348	2.782442	1	5420
418348	419598	6.459653	2	1250
419598	420638	2.175943	1	1040
420638	421508	4.550999	2	870
421508	422638	2.412037	1	1130
422638	428688	7.097832	2	6050
428688	429008	2.006812	1	320
429008	429188	-0.948259	-1	180
429188	429978	-4.053886	-2	790
429978	434118	-7.499752	-3	4140
434118	434308	-3.415695	-2	190
434308	434428	-0.870881	-1	120
434428	434898	1.383450	1	470
434898	435018	-0.904169	-1	120
435018	435208	-3.425712	-2	190
435208	435708	-6.231024	-3	500
435708	436038	-3.484398	-2	330
436038	438258	-0.542773	-1	2220
438258	438738	1.878955	1	480
438738	439758	5.738375	2	1020
439758	440038	1.817930	1	280
440038	440168	-1.044458	-1	130
440168	440378	-3.450462	-2	210
440378	440908	-5.922526	-3	530
440908	441238	-3.511002	-2	330
441238	441618	-1.636986	-1	380
441618	441998	-3.478682	-2	380
441998	442818	-5.614277	-3	820
442818	443378	-3.599779	-2	560
443378	443808	-0.847365	-1	430
443808	444348	0.514160	1	540
444348	445508	-0.861534	-1	1160
