380486	380886	1.671238	1	400
380886	381406	-1.995979	-1	520
381406	386096	1.458707	1	4690
386096	386736	-0.961467	-1	640
386736	395086	1.557711	1	8350
395086	395666	-0.499360	-1	580
395666	396796	2.155956	1	1130
396796	397006	-1.017103	-1	210
397006	397426	-2.668189	-2	420
397426	397776	-0.998444	-1	350
397776	398926	0.361819	1	1150
398926	399566	-0.208759	-1	640
399566	403106	1.516613	1	3540
403106	405546	8.119427	2	2440
405546	405846	2.473593	1	300
405846	406516	-0.307848	-1	670
406516	406786	-3.494620	-2	270
406786	407706	-5.556642	-3	920
407706	407966	-3.516385	-2	260
407966	408116	-1.034750	-1	150
408116	410586	1.838847	1	2470
410586	411876	5.787580	2	1290
411876	412066	2.286011	1	190
412066	412136	-1.104240	-1	70
412136	412496	-3.169822	-2	360
412496	412736	-0.723222	-1	240
412736	418276	2.745167	1	5540
418276	419426	6.868555	2	1150
419426	422686	2.847795	1	3260
422686	428566	7.199563	2	5880
428566	428856	2.582912	1	290
428856	428986	-0.988331	-1	130
428986	429806	-4.069971	-2	820
429806	434066	-7.517521	-3	4260
434066	434176	-3.424313	-2	110
434176	434256	-1.034355	-1	80
434256	434786	3.019679	1	530
434786	434866	-1.009110	-1	80
434866	434976	-3.442105	-2	110
434976	435596	-6.895423	-3	620
435596	435826	-3.399178	-2	230
435826	438256	-0.473967	-1	2430
438256	438646	2.443670	1	390
438646	439636	6.318967	2	990
439636	439886	2.490832	1	250
439886	439986	-0.994801	-1	100
439986	440126	-3.491426	-2	140
440126	440836	-6.027588	-3	710
440836	441046	-3.451343	-2	210
441046	441196	-0.944886	-1	150
441196	441346	0.504762	1	150
441346	441506	-1.049483	-1	160
441506	441766	-3.548004	-2	260
441766	442756	-5.606569	-3	990
442756	443216	-3.452544	-2	460
443216	443576	-1.023351	-1	360
443576	444246	0.561825	1	670
444246	445506	-1.035360	-1	1260
