380669	380949	1.098648	1	280
380949	381499	-0.792880	-1	550
381499	386209	1.829691	1	4710
386209	386829	-0.730799	-1	620
386829	395179	1.540697	1	8350
395179	395699	-0.386863	-1	520
395699	396909	2.022351	1	1210
396909	397149	-1.090377	-1	240
397149	397489	-2.456517	-2	340
397489	397959	-0.979790	-1	470
397959	399089	0.359389	1	1130
399089	399589	-0.188183	-1	500
399589	403199	1.581395	1	3610
403199	405609	8.014357	2	2410
405609	406029	2.532910	1	420
406029	406579	-0.506954	-1	550
406579	406959	-3.543007	-2	380
406959	407719	-5.539989	-3	760
407719	408059	-3.536179	-2	340
408059	408259	-1.007693	-1	200
408259	410879	2.112435	1	2620
410879	411879	5.725362	2	1000
411879	412189	2.303586	1	310
412189	412369	-1.026718	-1	180
412369	412619	-2.596062	-2	250
412619	412829	-1.061472	-1	210
412829	418389	2.778756	1	5560
418389	419469	7.002295	2	1080
419469	422779	3.036327	1	3310
422779	428579	7.242997	2	5800
428579	428949	2.591499	1	370
428949	429109	-0.936427	-1	160
429109	429959	-4.066939	-2	850
429959	434099	-7.522391	-3	4140
434099	434249	-3.481710	-2	150
434249	434359	-1.023304	-1	110
434359	434859	2.001007	1	500
434859	434959	-0.963235	-1	100
434959	435129	-3.482727	-2	170
435129	435659	-6.554982	-3	530
435659	435959	-3.484890	-2	300
435959	438259	-0.515993	-1	2300
438259	438779	2.424716	1	520
438779	439649	6.187100	2	870
439649	439969	2.643384	1	320
439969	440119	-0.960019	-1	150
440119	440289	-3.511617	-2	170
440289	440869	-5.977369	-3	580
440869	441169	-3.534788	-2	300
441169	441579	-1.189313	-1	410
441579	441919	-3.538566	-2	340
441919	442789	-5.637801	-3	870
442789	443329	-3.547738	-2	540
443329	443739	-0.816818	-1	410
443739	444259	0.452538	1	520
444259	445509	-1.011848	-1	1250
