380537	380907	1.554949	1	370
380907	381427	-1.730045	-1	520
381427	386127	1.436920	1	4700
386127	386757	-0.910567	-1	630
386757	395097	1.554810	1	8340
395097	395677	-0.460782	-1	580
395677	396837	2.285943	1	1160
396837	397047	-1.052876	-1	210
397047	397447	-2.624174	-2	400
397447	397827	-0.984220	-1	380
397827	398977	0.360568	1	1150
398977	399597	-0.199243	-1	620
399597	403077	1.548748	1	3480
403077	405607	7.959706	2	2530
405607	405897	2.211059	1	290
405897	406527	-0.326966	-1	630
406527	406847	-3.519793	-2	320
406847	407707	-5.563191	-3	860
407707	407997	-3.545136	-2	290
407997	408157	-1.007822	-1	160
408157	410537	1.759898	1	2380
410537	411907	5.654506	2	1370
411907	412087	2.117422	1	180
412087	412207	-1.194088	-1	120
412207	412537	-2.983087	-2	330
412537	412737	-0.885117	-1	200
412737	418257	2.722833	1	5520
418257	419477	6.671577	2	1220
419477	420797	2.192018	1	1320
420797	421377	5.123982	2	580
421377	422607	2.340625	1	1230
422607	428627	7.129523	2	6020
428627	428887	2.133995	1	260
428887	429017	-0.956334	-1	130
429017	429937	-4.049080	-2	920
429937	434077	-7.545222	-3	4140
434077	434197	-3.451855	-2	120
434197	434287	-1.000612	-1	90
434287	434807	2.770425	1	520
434807	434887	-0.908918	-1	80
434887	435017	-3.367975	-2	130
435017	435617	-6.806396	-3	600
435617	435857	-3.447533	-2	240
435857	438257	-0.490596	-1	2400
438257	438627	2.085780	1	370
438627	439677	6.141144	2	1050
439677	439917	2.111580	1	240
439917	440017	-1.012788	-1	100
440017	440167	-3.403528	-2	150
440167	440847	-6.035452	-3	680
440847	441077	-3.501358	-2	230
441077	441517	-0.670378	-1	440
441517	441817	-3.522883	-2	300
441817	442767	-5.625808	-3	950
442767	443257	-3.466853	-2	490
443257	443627	-0.923937	-1	370
443627	444247	0.536313	1	620
444247	445507	-1.028081	-1	1260
