380752	380992	0.784107	1	240
380992	381542	-0.581717	-1	550
381542	386262	1.070293	1	4720
386262	386862	-0.634526	-1	600
386862	396952	1.745254	1	10090
396952	398042	-1.378357	-1	1090
398042	403132	1.318234	1	5090
403132	405722	7.718414	2	2590
405722	406112	2.114607	1	390
406112	406592	-0.565919	-1	480
406592	407022	-3.443838	-2	430
407022	407722	-5.524470	-3	700
407722	408092	-3.606146	-2	370
408092	408322	-1.055033	-1	230
408322	410552	1.690570	1	2230
410552	411952	5.351436	2	1400
411952	412262	1.763970	1	310
412262	412482	-1.026390	-1	220
412482	412682	-2.442669	-2	200
412682	412902	-1.005248	-1	220
412902	418362	2.780673	1	5460
418362	419552	6.632002	2	1190
419552	420762	2.419386	1	1210
420762	421462	4.720758	2	700
421462	422652	2.460455	1	1190
422652	428672	7.125651	2	6020
428672	429002	2.040492	1	330
429002	429172	-1.008721	-1	170
429172	429972	-4.065619	-2	800
429972	434112	-7.505006	-3	4140
434112	434282	-3.574320	-2	170
434282	434412	-1.027273	-1	130
434412	434892	1.539481	1	480
434892	435012	-0.994859	-1	120
435012	435182	-3.440485	-2	170
435182	435692	-6.306950	-3	510
435692	436022	-3.500300	-2	330
436022	438262	-0.533817	-1	2240
438262	438742	1.979684	1	480
438742	439732	5.844807	2	990
439732	440022	2.002951	1	290
440022	440162	-1.068269	-1	140
440162	440352	-3.468939	-2	190
440352	440902	-5.929448	-3	550
440902	441232	-3.467741	-2	330
441232	441612	-1.500258	-1	380
441612	441982	-3.504449	-2	370
441982	442812	-5.625946	-3	830
442812	443372	-3.582044	-2	560
443372	443792	-0.829744	-1	420
443792	444362	0.532489	1	570
444362	445512	-0.866922	-1	1150
