380668	380948	1.144435	1	280
380948	381498	-0.810001	-1	550
381498	386208	1.841886	1	4710
386208	386818	-0.750674	-1	610
386818	395178	1.539210	1	8360
395178	395698	-0.389995	-1	520
395698	396908	2.027139	1	1210
396908	397148	-1.074159	-1	240
397148	397488	-2.467799	-2	340
397488	397958	-0.989234	-1	470
397958	399088	0.359910	1	1130
399088	399608	-0.183438	-1	520
399608	403078	1.484590	1	3470
403078	405708	7.722425	2	2630
405708	406028	1.959625	1	320
406028	406568	-0.457372	-1	540
406568	406958	-3.486889	-2	390
406958	407718	-5.545368	-3	760
407718	408058	-3.573459	-2	340
408058	408258	-1.029894	-1	200
408258	410488	1.656260	1	2230
410488	411958	5.386022	2	1470
411958	412178	1.709001	1	220
412178	412368	-0.998591	-1	190
412368	412618	-2.618577	-2	250
412618	412828	-1.071677	-1	210
412828	418288	2.744596	1	5460
418288	419558	6.629458	2	1270
419558	420638	2.169101	1	1080
420638	421478	4.668315	2	840
421478	422578	2.256733	1	1100
422578	428678	7.106229	2	6100
428678	428958	1.907216	1	280
428958	429108	-0.966034	-1	150
429108	429968	-4.071808	-2	860
429968	434098	-7.529982	-3	4130
434098	434258	-3.469381	-2	160
434258	434358	-0.991930	-1	100
434358	434858	2.039939	1	500
434858	434968	-0.979532	-1	110
434968	435118	-3.458566	-2	150
435118	435668	-6.518375	-3	550
435668	435958	-3.460133	-2	290
435958	438258	-0.519187	-1	2300
438258	438668	1.849805	1	410
438668	439728	5.891195	2	1060
439728	439978	2.018210	1	250
439978	440118	-0.992092	-1	140
440118	440288	-3.493489	-2	170
440288	440878	-5.971364	-3	590
440878	441168	-3.517948	-2	290
441168	441588	-1.185287	-1	420
441588	441918	-3.563241	-2	330
441918	442798	-5.634834	-3	880
442798	443328	-3.538481	-2	530
443328	443748	-0.810603	-1	420
443748	444268	0.459120	1	520
444268	445508	-1.021607	-1	1240
