380579	380919	1.451904	1	340
380919	381449	-1.090678	-1	530
381449	386149	1.893588	1	4700
386149	386779	-0.857230	-1	630
386779	395129	1.549309	1	8350
395129	395699	-0.436450	-1	570
395699	396869	2.212432	1	1170
396869	397069	-1.062040	-1	200
397069	397459	-2.574896	-2	390
397459	397869	-0.987029	-1	410
397869	399019	0.359670	1	1150
399019	399609	-0.195583	-1	590
399609	403059	1.516781	1	3450
403059	405649	7.844521	2	2590
405649	405939	2.031425	1	290
405939	406539	-0.362211	-1	600
406539	406879	-3.496983	-2	340
406879	407719	-5.551273	-3	840
407719	408019	-3.500167	-2	300
408019	408189	-0.993860	-1	170
408189	410499	1.705118	1	2310
410499	411929	5.535315	2	1430
411929	412109	1.964267	1	180
412109	412259	-1.124041	-1	150
412259	412559	-2.868791	-2	300
412559	412749	-1.056497	-1	190
412749	418259	3.606005	1	5510
418259	419519	6.532825	2	1260
419519	420739	2.316676	1	1220
420739	421419	4.938334	2	680
421419	422579	2.264463	1	1160
422579	428649	7.097995	2	6070
428649	428909	2.002164	1	260
428909	429049	-0.989910	-1	140
429049	429949	-4.071105	-2	900
429949	434079	-7.546007	-3	4130
434079	434219	-3.491128	-2	140
434219	434309	-0.984200	-1	90
434309	434829	2.517384	1	520
434829	434919	-1.034324	-1	90
434919	435059	-3.558386	-2	140
435059	435629	-6.771559	-3	570
435629	435889	-3.482189	-2	260
435889	438259	-0.499201	-1	2370
438259	438639	1.999698	1	380
438639	439699	6.045966	2	1060
439699	439939	1.959451	1	240
439939	440039	-0.989322	-1	100
440039	440209	-3.421395	-2	170
440209	440869	-6.026530	-3	660
440869	441109	-3.421568	-2	240
441109	441539	-0.815828	-1	430
441539	441839	-3.490081	-2	300
441839	442769	-5.632117	-3	930
442769	443279	-3.513162	-2	510
443279	443659	-0.886180	-1	380
443659	444239	0.517591	1	580
444239	445509	-1.013631	-1	1270
