380647	380937	1.235357	1	290
380937	381487	-0.865291	-1	550
381487	386207	1.901328	1	4720
386207	386817	-0.782034	-1	610
386817	395167	1.543024	1	8350
395167	395707	-0.396187	-1	540
395707	396897	2.087231	1	1190
396897	397127	-1.058053	-1	230
397127	397487	-2.484797	-2	360
397487	397937	-0.973739	-1	450
397937	399077	0.358419	1	1140
399077	399607	-0.188612	-1	530
399607	403087	1.501912	1	3480
403087	405677	7.794873	2	2590
405677	406007	2.072502	1	330
406007	406567	-0.453216	-1	560
406567	406937	-3.508946	-2	370
406937	407717	-5.545424	-3	780
407717	408047	-3.565247	-2	330
408047	408237	-1.046891	-1	190
408237	410527	1.702825	1	2290
410527	411937	5.472143	2	1410
411937	412157	1.920502	1	220
412157	412347	-1.027514	-1	190
412347	412617	-2.656331	-2	270
412617	412807	-1.016886	-1	190
412807	418297	2.741496	1	5490
418297	419527	6.754635	2	1230
419527	420737	2.351989	1	1210
420737	421427	4.846082	2	690
421427	422607	2.355107	1	1180
422607	428647	7.143105	2	6040
428647	428947	2.079146	1	300
428947	429097	-1.011850	-1	150
429097	429957	-4.073520	-2	860
429957	434097	-7.527506	-3	4140
434097	434247	-3.454661	-2	150
434247	434357	-0.886721	-1	110
434357	434857	2.171879	1	500
434857	434947	-0.969020	-1	90
434947	435117	-3.516143	-2	170
435117	435657	-6.622664	-3	540
435657	435947	-3.442508	-2	290
435947	438257	-0.511065	-1	2310
438257	438677	1.960500	1	420
438677	439717	5.969741	2	1040
439717	439977	2.003793	1	260
439977	440107	-1.049999	-1	130
440107	440277	-3.551905	-2	170
440277	440877	-5.972570	-3	600
440877	441157	-3.472376	-2	280
441157	441567	-1.070449	-1	410
441567	441897	-3.498432	-2	330
441897	442797	-5.631051	-3	900
442797	443317	-3.515345	-2	520
443317	443727	-0.820683	-1	410
443727	444257	0.480224	1	530
444257	445507	-1.016672	-1	1250
