380544	380904	1.560760	1	360
380904	381434	-1.728294	-1	530
381434	386134	1.129435	1	4700
386134	386764	-0.900042	-1	630
386764	395104	1.554108	1	8340
395104	395674	-0.461129	-1	570
395674	396844	2.255378	1	1170
396844	397054	-1.076572	-1	210
397054	397454	-2.609817	-2	400
397454	397834	-0.973550	-1	380
397834	398984	0.360429	1	1150
398984	399604	-0.196666	-1	620
399604	403074	1.545128	1	3470
403074	405604	7.956020	2	2530
405604	405904	2.241010	1	300
405904	406524	-0.318297	-1	620
406524	406844	-3.463763	-2	320
406844	407704	-5.561327	-3	860
407704	408004	-3.536416	-2	300
408004	408164	-0.966559	-1	160
408164	410524	1.746035	1	2360
410524	411914	5.621551	2	1390
411914	412084	2.117516	1	170
412084	412224	-1.186767	-1	140
412224	412544	-2.970615	-2	320
412544	412734	-0.916312	-1	190
412734	418264	2.722437	1	5530
418264	419474	6.680223	2	1210
419474	420784	2.183663	1	1310
420784	421374	5.104422	2	590
421374	422614	2.359277	1	1240
422614	428624	7.134255	2	6010
428624	428894	2.121898	1	270
428894	429024	-1.009885	-1	130
429024	429944	-4.063930	-2	920
429944	434074	-7.549506	-3	4130
434074	434204	-3.470905	-2	130
434204	434294	-0.941155	-1	90
434294	434814	2.720856	1	520
434814	434894	-0.987341	-1	80
434894	435024	-3.416144	-2	130
435024	435614	-6.810113	-3	590
435614	435864	-3.479622	-2	250
435864	438254	-0.492740	-1	2390
438254	438634	2.085833	1	380
438634	439674	6.145194	2	1040
439674	439914	2.196362	1	240
439914	440024	-0.987554	-1	110
440024	440174	-3.446853	-2	150
440174	440854	-6.026198	-3	680
440854	441084	-3.458924	-2	230
441084	441524	-0.699155	-1	440
441524	441824	-3.557096	-2	300
441824	442764	-5.633130	-3	940
442764	443264	-3.468085	-2	500
443264	443624	-0.919385	-1	360
443624	444244	0.529893	1	620
444244	445504	-1.029281	-1	1260
