380766	380996	0.754193	1	230
380996	381546	-0.542264	-1	550
381546	386276	1.063630	1	4730
386276	386866	-0.620154	-1	590
386866	396956	1.742525	1	10090
396956	398056	-1.354797	-1	1100
398056	403126	1.233190	1	5070
403126	405746	7.665866	2	2620
405746	406126	2.028361	1	380
406126	406606	-0.617835	-1	480
406606	407036	-3.477431	-2	430
407036	407726	-5.519730	-3	690
407726	408106	-3.566328	-2	380
408106	408346	-0.972868	-1	240
408346	410536	1.676050	1	2190
410536	411946	5.327400	2	1410
411946	412286	1.759520	1	340
412286	412496	-1.044355	-1	210
412496	412686	-2.421741	-2	190
412686	412906	-1.069282	-1	220
412906	418356	2.776793	1	5450
418356	419566	6.565735	2	1210
419566	420716	2.341176	1	1150
420716	421486	4.647326	2	770
421486	422646	2.433541	1	1160
422646	428686	7.110611	2	6040
428686	429006	1.999906	1	320
429006	429186	-1.009623	-1	180
429186	429966	-4.061753	-2	780
429966	434116	-7.496133	-3	4150
434116	434296	-3.501428	-2	180
434296	434416	-0.991053	-1	120
434416	434906	1.409214	1	490
434906	435016	-1.015213	-1	110
435016	435196	-3.422827	-2	180
435196	435696	-6.279472	-3	500
435696	436026	-3.541495	-2	330
436026	438256	-0.543742	-1	2230
438256	438756	1.973393	1	500
438756	439736	5.836903	2	980
439736	440026	2.012378	1	290
440026	440166	-1.020781	-1	140
440166	440366	-3.455858	-2	200
440366	440896	-5.947311	-3	530
440896	441236	-3.537040	-2	340
441236	441616	-1.574698	-1	380
441616	441996	-3.504299	-2	380
441996	442816	-5.624170	-3	820
442816	443386	-3.569669	-2	570
443386	443806	-0.806231	-1	420
443806	444356	0.529430	1	550
444356	445506	-0.864588	-1	1150
