380784	381014	0.642552	1	230
381014	381554	-0.494142	-1	540
381554	386284	1.057746	1	4730
386284	386874	-0.586133	-1	590
386874	396974	1.738726	1	10100
396974	398074	-1.340047	-1	1100
398074	403154	1.104473	1	5080
403154	405744	7.692997	2	2590
405744	406144	2.068704	1	400
406144	406614	-0.662446	-1	470
406614	407054	-3.504182	-2	440
407054	407724	-5.521895	-3	670
407724	408114	-3.559336	-2	390
408114	408344	-1.028395	-1	230
408344	410574	1.702688	1	2230
410574	411924	5.355963	2	1350
411924	412294	1.928703	1	370
412294	412514	-0.977408	-1	220
412514	412704	-2.354482	-2	190
412704	412924	-1.015729	-1	220
412924	418374	2.788069	1	5450
418374	419564	6.565577	2	1190
419564	420784	2.456880	1	1220
420784	421464	4.696643	2	680
421464	422674	2.522352	1	1210
422674	428664	7.199295	2	5990
428664	429014	2.130619	1	350
429014	429194	-1.001338	-1	180
429194	429974	-4.057877	-2	780
429974	434124	-7.490554	-3	4150
434124	434304	-3.407337	-2	180
434304	434424	-0.965004	-1	120
434424	434904	1.289225	1	480
434904	435024	-0.979948	-1	120
435024	435224	-3.547991	-2	200
435224	435704	-6.240938	-3	480
435704	436044	-3.498269	-2	340
436044	438244	-0.546272	-1	2200
438244	438774	1.980815	1	530
438774	439714	5.864041	2	940
439714	440024	2.210719	1	310
440024	440174	-0.983358	-1	150
440174	440384	-3.492208	-2	210
440384	440894	-5.942645	-3	510
440894	441244	-3.554429	-2	350
441244	441624	-1.676305	-1	380
441624	442014	-3.537258	-2	390
442014	442804	-5.632808	-3	790
442804	443384	-3.631948	-2	580
443384	443814	-0.837357	-1	430
443814	444354	0.505417	1	540
444354	445504	-0.864675	-1	1150
