380470	380870	1.755329	1	400
380870	381390	-2.108727	-1	520
381390	386080	1.150015	1	4690
386080	386730	-0.968885	-1	650
386730	395090	1.557501	1	8360
395090	395670	-0.514015	-1	580
395670	396790	2.192028	1	1120
396790	396990	-1.011996	-1	200
396990	397420	-2.675524	-2	430
397420	397740	-1.060572	-1	320
397740	398910	0.356081	1	1170
398910	399570	-0.207343	-1	660
399570	403110	1.530041	1	3540
403110	405530	8.157834	2	2420
405530	405830	2.563474	1	300
405830	406510	-0.289025	-1	680
406510	406780	-3.530370	-2	270
406780	407700	-5.567219	-3	920
407700	407960	-3.536450	-2	260
407960	408110	-0.979809	-1	150
408110	410740	2.041569	1	2630
410740	411860	5.920415	2	1120
411860	412050	2.546791	1	190
412050	412120	-0.940773	-1	70
412120	412480	-3.266370	-2	360
412480	412730	-0.708908	-1	250
412730	418270	2.746630	1	5540
418270	419410	6.902483	2	1140
419410	422680	2.848657	1	3270
422680	428550	7.206694	2	5870
428550	428850	2.701768	1	300
428850	428960	-0.877729	-1	110
428960	429810	-4.039689	-2	850
429810	434060	-7.586934	-3	4250
434060	434170	-3.453199	-2	110
434170	434260	-0.925565	-1	90
434260	434780	3.174375	1	520
434780	434850	-0.898914	-1	70
434850	434980	-3.568336	-2	130
434980	435590	-6.970005	-3	610
435590	435820	-3.362586	-2	230
435820	438260	-0.463354	-1	2440
438260	438640	2.526125	1	380
438640	439630	6.339434	2	990
439630	439880	2.508512	1	250
439880	439980	-1.056771	-1	100
439980	440110	-3.567822	-2	130
440110	440830	-6.021663	-3	720
440830	441030	-3.501026	-2	200
441030	441170	-1.043954	-1	140
441170	441340	0.529313	1	170
441340	441490	-0.966623	-1	150
441490	441750	-3.497317	-2	260
441750	442750	-5.597578	-3	1000
442750	443210	-3.438158	-2	460
443210	443560	-1.040116	-1	350
443560	444240	0.572209	1	680
444240	445510	-1.032518	-1	1270
