380688	380958	1.059657	1	270
380958	381508	-0.757813	-1	550
381508	386228	1.803370	1	4720
386228	386828	-0.734472	-1	600
386828	395188	1.537523	1	8360
395188	395698	-0.380047	-1	510
395698	396918	1.987521	1	1220
396918	397158	-1.044999	-1	240
397158	397488	-2.439766	-2	330
397488	397978	-1.004440	-1	490
397978	399108	0.357920	1	1130
399108	399608	-0.181191	-1	500
399608	403068	1.468315	1	3460
403068	405718	7.679126	2	2650
405718	406048	1.966176	1	330
406048	406578	-0.490718	-1	530
406578	406978	-3.508529	-2	400
406978	407718	-5.544182	-3	740
407718	408068	-3.584824	-2	350
408068	408278	-1.006003	-1	210
408278	410468	1.631072	1	2190
410468	411958	5.341887	2	1490
411958	412198	1.714873	1	240
412198	412398	-1.017208	-1	200
412398	412638	-2.572414	-2	240
412638	412848	-1.028937	-1	210
412848	418288	2.750057	1	5440
418288	419578	6.547320	2	1290
419578	420598	2.086447	1	1020
420598	421498	4.596841	2	900
421498	422568	2.231473	1	1070
422568	428688	7.089913	2	6120
428688	428968	1.876383	1	280
428968	429128	-1.004092	-1	160
429128	429968	-4.080689	-2	840
429968	434098	-7.526185	-3	4130
434098	434268	-3.495055	-2	170
434268	434368	-0.999797	-1	100
434368	434868	1.908806	1	500
434868	434978	-0.975806	-1	110
434978	435138	-3.488175	-2	160
435138	435678	-6.474722	-3	540
435678	435978	-3.429731	-2	300
435978	438258	-0.520348	-1	2280
438258	438668	1.789742	1	410
438668	439748	5.813103	2	1080
439748	439988	1.872196	1	240
439988	440128	-0.989097	-1	140
440128	440298	-3.423645	-2	170
440298	440888	-5.951791	-3	590
440888	441188	-3.464547	-2	300
441188	441588	-1.234289	-1	400
441588	441938	-3.538683	-2	350
441938	442798	-5.640460	-3	860
442798	443348	-3.535381	-2	550
443348	443758	-0.793724	-1	410
443758	444278	0.433057	1	520
444278	445508	-1.024956	-1	1230
