380492	380882	1.685016	1	390
380882	381402	-1.934771	-1	520
381402	386102	1.452121	1	4700
386102	386732	-0.967960	-1	630
386732	395092	1.555164	1	8360
395092	395672	-0.495448	-1	580
395672	396802	2.151050	1	1130
396802	397012	-1.047842	-1	210
397012	397432	-2.658963	-2	420
397432	397782	-0.983089	-1	350
397782	398932	0.361618	1	1150
398932	399572	-0.205774	-1	640
399572	403132	1.541804	1	3560
403132	405512	8.189030	2	2380
405512	405852	2.767882	1	340
405852	406512	-0.295126	-1	660
406512	406792	-3.468087	-2	280
406792	407712	-5.552680	-3	920
407712	407972	-3.466577	-2	260
407972	408122	-1.007038	-1	150
408122	410842	2.148044	1	2720
410842	411842	5.961673	2	1000
411842	412052	2.922889	1	210
412052	412152	-1.004393	-1	100
412152	412502	-3.152701	-2	350
412502	412732	-0.745117	-1	230
412732	418312	3.157394	1	5580
418312	419392	6.963931	2	1080
419392	422742	2.912990	1	3350
422742	428552	7.223850	2	5810
428552	428862	2.669034	1	310
428862	428992	-1.026583	-1	130
428992	429812	-4.078514	-2	820
429812	434062	-7.521342	-3	4250
434062	434182	-3.431879	-2	120
434182	434262	-0.974501	-1	80
434262	434792	2.957616	1	530
434792	434872	-1.074930	-1	80
434872	434982	-3.456808	-2	110
434982	435592	-6.900062	-3	610
435592	435832	-3.435029	-2	240
435832	438242	-0.477066	-1	2410
438242	438672	2.510108	1	430
438672	439612	6.366235	2	940
439612	439882	2.772616	1	270
439882	439992	-0.955421	-1	110
439992	440132	-3.526026	-2	140
440132	440842	-6.018936	-3	710
440842	441052	-3.403324	-2	210
441052	441202	-0.946072	-1	150
441202	441352	0.473852	1	150
441352	441502	-1.065619	-1	150
441502	441772	-3.517647	-2	270
441772	442752	-5.611131	-3	980
442752	443222	-3.460780	-2	470
443222	443582	-1.000371	-1	360
443582	444242	0.558629	1	660
444242	445512	-1.029240	-1	1270
