380690	380960	1.044830	1	270
380960	381510	-0.752047	-1	550
381510	386230	1.337478	1	4720
386230	386830	-0.731270	-1	600
386830	395190	1.537319	1	8360
395190	395700	-0.378397	-1	510
395700	396920	1.985656	1	1220
396920	397160	-1.052096	-1	240
397160	397490	-2.436695	-2	330
397490	397980	-1.000227	-1	490
397980	399100	0.360767	1	1120
399100	399610	-0.175677	-1	510
399610	403090	1.483294	1	3480
403090	405720	7.707482	2	2630
405720	406050	1.955113	1	330
406050	406580	-0.498071	-1	530
406580	406980	-3.517831	-2	400
406980	407720	-5.542494	-3	740
407720	408070	-3.568334	-2	350
408070	408280	-0.997119	-1	210
408280	410480	1.644366	1	2200
410480	411960	5.347775	2	1480
411960	412200	1.692648	1	240
412200	412400	-1.017581	-1	200
412400	412630	-2.580848	-2	230
412630	412850	-1.068432	-1	220
412850	418300	3.154620	1	5450
418300	419570	6.584146	2	1270
419570	420630	2.153774	1	1060
420630	421480	4.643173	2	850
421480	422580	2.274577	1	1100
422580	428680	7.100797	2	6100
428680	428970	1.914211	1	290
428970	429130	-1.017659	-1	160
429130	429970	-4.085054	-2	840
429970	434100	-7.524409	-3	4130
434100	434270	-3.463793	-2	170
434270	434370	-0.969521	-1	100
434370	434870	1.885216	1	500
434870	434980	-1.003723	-1	110
434980	435140	-3.490757	-2	160
435140	435680	-6.467155	-3	540
435680	435970	-3.467750	-2	290
435970	438260	-0.524708	-1	2290
438260	438690	1.898797	1	430
438690	439730	5.881604	2	1040
439730	439990	2.000477	1	260
439990	440130	-1.026262	-1	140
440130	440300	-3.431026	-2	170
440300	440890	-5.941867	-3	590
440890	441190	-3.453891	-2	300
441190	441590	-1.237833	-1	400
441590	441940	-3.550558	-2	350
441940	442800	-5.639962	-3	860
442800	443350	-3.526716	-2	550
443350	443760	-0.786947	-1	410
443760	444270	0.440721	1	510
444270	445510	-1.016996	-1	1240
