380675	380955	1.099423	1	280
380955	381505	-0.786355	-1	550
381505	386215	1.605936	1	4710
386215	386825	-0.738571	-1	610
386825	395185	1.538511	1	8360
395185	395695	-0.389559	-1	510
395695	396915	2.001242	1	1220
396915	397155	-1.087978	-1	240
397155	397485	-2.463050	-2	330
397485	397965	-1.004692	-1	480
397965	399095	0.359216	1	1130
399095	399615	-0.180444	-1	520
399615	403065	1.475713	1	3450
403065	405715	7.686137	2	2650
405715	406035	1.955900	1	320
406035	406575	-0.481669	-1	540
406575	406965	-3.501992	-2	390
406965	407725	-5.537296	-3	760
407725	408065	-3.532285	-2	340
408065	408265	-1.012708	-1	200
408265	410465	1.631589	1	2200
410465	411955	5.353673	2	1490
411955	412185	1.752262	1	230
412185	412395	-1.073391	-1	210
412395	412625	-2.635599	-2	230
412625	412835	-1.067349	-1	210
412835	418285	2.745849	1	5450
418285	419575	6.568573	2	1290
419575	420595	2.081715	1	1020
420595	421495	4.601244	2	900
421495	422565	2.221937	1	1070
422565	428685	7.092690	2	6120
428685	428965	1.850228	1	280
428965	429115	-0.993615	-1	150
429115	429965	-4.067741	-2	850
429965	434095	-7.528406	-3	4130
434095	434265	-3.490411	-2	170
434265	434355	-1.034320	-1	90
434355	434865	1.958834	1	510
434865	434975	-1.046364	-1	110
434975	435125	-3.490439	-2	150
435125	435665	-6.523930	-3	540
435665	435965	-3.487248	-2	300
435965	438255	-0.519939	-1	2290
438255	438665	1.797547	1	410
438665	439745	5.835828	2	1080
439745	439985	1.863227	1	240
439985	440125	-1.036964	-1	140
440125	440295	-3.502825	-2	170
440295	440885	-5.962204	-3	590
440885	441175	-3.485918	-2	290
441175	441585	-1.193527	-1	410
441585	441925	-3.542281	-2	340
441925	442795	-5.640301	-3	870
442795	443335	-3.549056	-2	540
443335	443745	-0.819443	-1	410
443745	444275	0.444147	1	530
444275	445505	-1.027721	-1	1230
