380656	380946	1.147565	1	290
380946	381486	-0.845962	-1	540
381486	386206	1.623240	1	4720
386206	386806	-0.775954	-1	600
386806	395176	1.538246	1	8370
395176	395696	-0.399497	-1	520
395696	396906	2.038729	1	1210
396906	397136	-1.098918	-1	230
397136	397476	-2.486862	-2	340
397476	397946	-0.997513	-1	470
397946	399076	0.360641	1	1130
399076	399596	-0.187165	-1	520
399596	403166	1.561311	1	3570
403166	405606	7.987607	2	2440
405606	406016	2.513077	1	410
406016	406566	-0.465754	-1	550
406566	406946	-3.509311	-2	380
406946	407716	-5.543251	-3	770
407716	408046	-3.572697	-2	330
408046	408246	-1.048850	-1	200
408246	410736	1.947877	1	2490
410736	411886	5.653072	2	1150
411886	412156	2.435387	1	270
412156	412346	-0.907685	-1	190
412346	412616	-2.608780	-2	270
412616	412816	-1.035891	-1	200
412816	418376	2.770503	1	5560
418376	419476	6.996133	2	1100
419476	422756	3.014091	1	3280
422756	428586	7.234305	2	5830
428586	428946	2.508981	1	360
428946	429096	-0.941368	-1	150
429096	429956	-4.058603	-2	860
429956	434096	-7.524915	-3	4140
434096	434246	-3.461217	-2	150
434246	434346	-1.056701	-1	100
434346	434856	2.047975	1	510
434856	434956	-1.018200	-1	100
434956	435106	-3.404555	-2	150
435106	435656	-6.546391	-3	550
435656	435946	-3.486367	-2	290
435946	438256	-0.517536	-1	2310
438256	438756	2.344311	1	500
438756	439656	6.176315	2	900
439656	439976	2.491255	1	320
439976	440106	-1.005619	-1	130
440106	440286	-3.534492	-2	180
440286	440876	-5.975235	-3	590
440876	441166	-3.446350	-2	290
441166	441566	-1.108164	-1	400
441566	441906	-3.493381	-2	340
441906	442786	-5.639383	-3	880
442786	443326	-3.531316	-2	540
443326	443736	-0.791711	-1	410
443736	444256	0.474020	1	520
444256	445506	-1.014166	-1	1250
