380616	380936	1.311959	1	320
380936	381466	-0.982626	-1	530
381466	386186	1.744510	1	4720
386186	386796	-0.827301	-1	610
386796	395146	1.545830	1	8350
395146	395696	-0.417378	-1	550
395696	396886	2.125947	1	1190
396886	397106	-1.089770	-1	220
397106	397476	-2.531090	-2	370
397476	397906	-0.976522	-1	430
397906	399046	0.360841	1	1140
399046	399606	-0.190855	-1	560
399606	403066	1.501541	1	3460
403066	405666	7.801891	2	2600
405666	405976	2.051569	1	310
405976	406546	-0.388780	-1	570
406546	406906	-3.445129	-2	360
406906	407726	-5.538034	-3	820
407726	408036	-3.493723	-2	310
408036	408216	-1.014255	-1	180
408216	410506	1.695303	1	2290
410506	411936	5.490714	2	1430
411936	412126	2.000086	1	190
412126	412316	-1.085261	-1	190
412316	412586	-2.772766	-2	270
412586	412786	-1.038648	-1	200
412786	418286	2.735568	1	5500
418286	419526	6.519234	2	1240
419526	420716	2.290064	1	1190
420716	421426	4.855170	2	710
421426	422596	2.314307	1	1170
422596	428656	7.141224	2	6060
428656	428936	1.947565	1	280
428936	429076	-1.039567	-1	140
429076	429956	-4.078254	-2	880
429956	434086	-7.539379	-3	4130
434086	434236	-3.474933	-2	150
434236	434326	-1.007133	-1	90
434326	434836	2.325778	1	510
434836	434936	-0.929282	-1	100
434936	435076	-3.405470	-2	140
435076	435646	-6.641982	-3	570
435646	435916	-3.474666	-2	270
435916	438256	-0.509874	-1	2340
438256	438656	1.946248	1	400
438656	439706	5.997379	2	1050
439706	439946	2.060460	1	240
439946	440076	-1.016173	-1	130
440076	440246	-3.573633	-2	170
440246	440876	-6.027495	-3	630
440876	441146	-3.373884	-2	270
441146	441546	-0.906249	-1	400
441546	441876	-3.476495	-2	330
441876	442786	-5.636788	-3	910
442786	443306	-3.494331	-2	520
443306	443696	-0.829178	-1	390
443696	444256	0.492482	1	560
444256	445506	-1.833826	-1	1250
