380762	381002	0.726838	1	240
381002	381542	-0.556799	-1	540
381542	386272	1.064223	1	4730
386272	386862	-0.623198	-1	590
386862	396962	1.742764	1	10100
396962	398052	-1.368806	-1	1090
398052	403122	1.309353	1	5070
403122	405732	7.681450	2	2610
405732	406122	2.090189	1	390
406122	406602	-0.606579	-1	480
406602	407042	-3.507575	-2	440
407042	407722	-5.530392	-3	680
407722	408102	-3.575815	-2	380
408102	408342	-0.979557	-1	240
408342	410552	1.695878	1	2210
410552	411942	5.346810	2	1390
411942	412282	1.767633	1	340
412282	412492	-1.039762	-1	210
412492	412682	-2.413974	-2	190
412682	412912	-1.034630	-1	230
412912	418362	2.783904	1	5450
418362	419562	6.587718	2	1200
419562	420742	2.384815	1	1180
420742	421462	4.690703	2	720
421462	422652	2.472086	1	1190
422652	428672	7.122165	2	6020
428672	429002	2.071818	1	330
429002	429182	-1.005228	-1	180
429182	429972	-4.066310	-2	790
429972	434112	-7.501727	-3	4140
434112	434292	-3.523189	-2	180
434292	434422	-0.932397	-1	130
434422	434892	1.473325	1	470
434892	435012	-0.909873	-1	120
435012	435202	-3.487238	-2	190
435202	435702	-6.283051	-3	500
435702	436032	-3.463125	-2	330
436032	438262	-0.534619	-1	2230
438262	438752	2.005122	1	490
438752	439732	5.838098	2	980
439732	440022	2.028774	1	290
440022	440162	-1.015893	-1	140
440162	440362	-3.437520	-2	200
440362	440902	-5.920829	-3	540
440902	441232	-3.507035	-2	330
441232	441622	-1.574583	-1	390
441622	441992	-3.535237	-2	370
441992	442812	-5.625428	-3	820
442812	443382	-3.575159	-2	570
443382	443802	-0.808880	-1	420
443802	444362	0.520925	1	560
444362	445512	-0.864927	-1	1150
