380512	380882	1.680503	1	370
380882	381422	-1.789493	-1	540
381422	386112	1.453601	1	4690
386112	386742	-0.944349	-1	630
386742	395102	1.553406	1	8360
395102	395672	-0.490169	-1	570
395672	396822	2.096224	1	1150
396822	397032	-1.113732	-1	210
397032	397432	-2.664664	-2	400
397432	397802	-1.002380	-1	370
397802	398952	0.361132	1	1150
398952	399592	-0.200836	-1	640
399592	403082	1.567573	1	3490
403082	405572	8.034831	2	2490
405572	405872	2.364228	1	300
405872	406522	-0.316413	-1	650
406522	406812	-3.492140	-2	290
406812	407712	-5.555548	-3	900
407712	407982	-3.492588	-2	270
407982	408142	-0.988804	-1	160
408142	410562	1.804950	1	2420
410562	411892	5.719286	2	1330
411892	412072	2.219956	1	180
412072	412172	-1.119579	-1	100
412172	412512	-3.084156	-2	340
412512	412732	-0.836037	-1	220
412732	418272	2.734144	1	5540
418272	419452	6.780446	2	1180
419452	422652	2.819994	1	3200
422652	428602	7.168000	2	5950
428602	428882	2.209642	1	280
428882	428992	-0.964456	-1	110
428992	429832	-4.064664	-2	840
429832	434062	-7.531339	-3	4230
434062	434192	-3.501296	-2	130
434192	434282	-0.864684	-1	90
434282	434792	2.980076	1	510
434792	434872	-0.832054	-1	80
434872	435002	-3.402728	-2	130
435002	435602	-6.885136	-3	600
435602	435842	-3.453499	-2	240
435842	438262	-0.480916	-1	2420
438262	438642	2.328966	1	380
438642	439662	6.232817	2	1020
439662	439902	2.213703	1	240
439902	440002	-1.007022	-1	100
440002	440142	-3.412481	-2	140
440142	440842	-6.021836	-3	700
440842	441052	-3.549925	-2	210
441052	441502	-0.581234	-1	450
441502	441782	-3.440146	-2	280
441782	442752	-5.617192	-3	970
442752	443242	-3.467103	-2	490
443242	443602	-0.951720	-1	360
443602	444242	0.553007	1	640
444242	445512	-1.025705	-1	1270
