380683	380963	1.046130	1	280
380963	381503	-0.780347	-1	540
381503	386223	1.781882	1	4720
386223	386833	-0.727039	-1	610
386833	395183	1.539641	1	8350
395183	395703	-0.373881	-1	520
395703	396923	1.991371	1	1220
396923	397153	-1.078426	-1	230
397153	397493	-2.432399	-2	340
397493	397973	-0.989188	-1	480
397973	399093	0.361686	1	1120
399093	399613	-0.176183	-1	520
399613	403083	1.482869	1	3470
403083	405713	7.712059	2	2630
405713	406043	1.977828	1	330
406043	406583	-0.505100	-1	540
406583	406973	-3.533029	-2	390
406973	407723	-5.542045	-3	750
407723	408073	-3.522217	-2	350
408073	408273	-0.970024	-1	200
408273	410513	1.679093	1	2240
410513	411953	5.396649	2	1440
411953	412193	1.756379	1	240
412193	412393	-1.027680	-1	200
412393	412643	-2.561952	-2	250
412643	412843	-0.991028	-1	200
412843	418303	3.143240	1	5460
418303	419553	6.641665	2	1250
419553	420733	2.329931	1	1180
420733	421463	4.764523	2	730
421463	422603	2.327350	1	1140
422603	428673	7.118903	2	6070
428673	428963	1.978063	1	290
428963	429113	-0.922754	-1	150
429113	429963	-4.048344	-2	850
429963	434093	-7.526367	-3	4130
434093	434253	-3.637314	-2	160
434253	434373	-1.028366	-1	120
434373	434873	1.932011	1	500
434873	434973	-1.046298	-1	100
434973	435143	-3.544625	-2	170
435143	435663	-6.547661	-3	520
435663	435973	-3.496192	-2	310
435973	438263	-0.518048	-1	2290
438263	438693	1.949258	1	430
438693	439733	5.895443	2	1040
439733	439983	2.001123	1	250
439983	440123	-0.962128	-1	140
440123	440293	-3.398761	-2	170
440293	440893	-5.936143	-3	600
440893	441193	-3.384316	-2	300
441193	441583	-1.187291	-1	390
441583	441933	-3.527812	-2	350
441933	442793	-5.642790	-3	860
442793	443343	-3.547089	-2	550
443343	443763	-0.780788	-1	420
443763	444263	0.457047	1	500
444263	445503	-1.018510	-1	1240
