380676	380956	1.049252	1	280
380956	381496	-0.787678	-1	540
381496	386216	1.792688	1	4720
386216	386816	-0.744408	-1	600
386816	395186	1.536333	1	8370
395186	395696	-0.385199	-1	510
395696	396916	1.996833	1	1220
396916	397146	-1.085793	-1	230
397146	397486	-2.438276	-2	340
397486	397966	-0.986917	-1	480
397966	403176	1.132275	1	5210
403176	405616	7.971718	2	2440
405616	406036	2.491964	1	420
406036	406576	-0.505230	-1	540
406576	406966	-3.536358	-2	390
406966	407726	-5.533643	-3	760
407726	408056	-3.528683	-2	330
408056	408266	-1.013295	-1	210
408266	410756	1.966398	1	2490
410756	411876	5.649446	2	1120
411876	412176	2.452891	1	300
412176	412376	-0.945984	-1	200
412376	412626	-2.567558	-2	250
412626	412836	-1.032694	-1	210
412836	418396	2.782679	1	5560
418396	419466	7.012126	2	1070
419466	422766	3.031844	1	3300
422766	428586	7.232166	2	5820
428586	428956	2.515301	1	370
428956	429116	-0.994559	-1	160
429116	429956	-4.071001	-2	840
429956	434096	-7.519993	-3	4140
434096	434246	-3.547578	-2	150
434246	434356	-1.123909	-1	110
434356	434856	1.934339	1	500
434856	434976	-1.040698	-1	120
434976	435126	-3.539690	-2	150
435126	435666	-6.491349	-3	540
435666	435966	-3.447427	-2	300
435966	438256	-0.518125	-1	2290
438256	438776	2.380955	1	520
438776	439666	6.153411	2	890
439666	439986	2.396962	1	320
439986	440126	-1.113634	-1	140
440126	440286	-3.483627	-2	160
440286	440886	-5.934028	-3	600
440886	441176	-3.429868	-2	290
441176	441576	-1.215481	-1	400
441576	441926	-3.524317	-2	350
441926	442796	-5.634684	-3	870
442796	443326	-3.550212	-2	530
443326	443746	-0.824520	-1	420
443746	444256	0.453234	1	510
444256	445506	-1.009943	-1	1250
