380657	380947	1.172979	1	290
380947	381497	-0.837617	-1	550
381497	386207	1.888021	1	4710
386207	386817	-0.765778	-1	610
386817	395167	1.542018	1	8350
395167	395697	-0.392674	-1	530
395697	396907	2.039556	1	1210
396907	397127	-1.045090	-1	220
397127	397477	-2.475805	-2	350
397477	397947	-1.004083	-1	470
397947	399077	0.360861	1	1130
399077	399607	-0.184527	-1	530
399607	403087	1.496564	1	3480
403087	405687	7.773046	2	2600
405687	406017	2.049302	1	330
406017	406567	-0.454152	-1	550
406567	406947	-3.497216	-2	380
406947	407727	-5.537714	-3	780
407727	408047	-3.552213	-2	320
408047	408257	-1.013376	-1	210
408257	410507	1.685863	1	2250
410507	411947	5.430863	2	1440
411947	412157	1.908400	1	210
412157	412357	-0.979384	-1	200
412357	412617	-2.635183	-2	260
412617	412817	-1.045127	-1	200
412817	418297	2.743630	1	5480
418297	419537	6.714723	2	1240
419537	420717	2.313225	1	1180
420717	421437	4.801149	2	720
421437	422597	2.334926	1	1160
422597	428657	7.129921	2	6060
428657	428957	1.997820	1	300
428957	429107	-1.050032	-1	150
429107	429957	-4.079924	-2	850
429957	434097	-7.525834	-3	4140
434097	434247	-3.518323	-2	150
434247	434347	-1.091403	-1	100
434347	434847	2.108914	1	500
434847	434967	-0.959275	-1	120
434967	435117	-3.587581	-2	150
435117	435657	-6.588174	-3	540
435657	435947	-3.504844	-2	290
435947	438257	-0.517911	-1	2310
438257	438687	1.974592	1	430
438687	439717	5.969215	2	1030
439717	439977	2.056369	1	260
439977	440117	-1.062983	-1	140
440117	440287	-3.603539	-2	170
440287	440887	-5.964772	-3	600
440887	441167	-3.416700	-2	280
441167	441577	-1.112688	-1	410
441577	441907	-3.532098	-2	330
441907	442797	-5.634294	-3	890
442797	443327	-3.512795	-2	530
443327	443737	-0.800733	-1	410
443737	444257	0.475515	1	520
444257	445507	-1.015864	-1	1250
