380775	381015	0.738138	1	240
381015	381545	-0.535286	-1	530
381545	386285	1.058753	1	4740
386285	386875	-0.605297	-1	590
386875	396965	1.480488	1	10090
396965	398065	-1.348432	-1	1100
398065	403135	1.315665	1	5070
403135	405735	7.686481	2	2600
405735	406135	2.109938	1	400
406135	406615	-0.650205	-1	480
406615	407055	-3.536182	-2	440
407055	407725	-5.528008	-3	670
407725	408115	-3.550603	-2	390
408115	408345	-0.986179	-1	230
408345	410555	1.686989	1	2210
410555	411945	5.335958	2	1390
411945	412295	1.758098	1	350
412295	412515	-1.083849	-1	220
412515	412705	-2.377422	-2	190
412705	412915	-1.001717	-1	210
412915	418365	2.781516	1	5450
418365	419565	6.567397	2	1200
419565	420735	2.376896	1	1170
420735	421475	4.660808	2	740
421475	422665	2.484574	1	1190
422665	428675	7.123140	2	6010
428675	429015	2.045214	1	340
429015	429185	-0.995333	-1	170
429185	429975	-4.048162	-2	790
429975	434115	-7.500390	-3	4140
434115	434305	-3.472231	-2	190
434305	434425	-0.904758	-1	120
434425	434905	1.380315	1	480
434905	435025	-1.043077	-1	120
435025	435205	-3.470119	-2	180
435205	435705	-6.244237	-3	500
435705	436045	-3.460572	-2	340
436045	438255	-0.537286	-1	2210
438255	438765	1.986521	1	510
438765	439725	5.853182	2	960
439725	440035	2.056296	1	310
440035	440175	-1.088381	-1	140
440175	440375	-3.508284	-2	200
440375	440895	-5.946426	-3	520
440895	441235	-3.579037	-2	340
441235	441615	-1.617089	-1	380
441615	441995	-3.459524	-2	380
441995	442815	-5.617060	-3	820
442815	443385	-3.594839	-2	570
443385	443805	-0.832901	-1	420
443805	444355	0.514864	1	550
444355	445505	-0.865869	-1	1150
