380532	380902	1.575592	1	370
380902	381432	-1.743369	-1	530
381432	386132	1.442114	1	4700
386132	386752	-0.932069	-1	620
386752	395102	1.553462	1	8350
395102	395682	-0.466517	-1	580
395682	396832	2.313316	1	1150
396832	397032	-0.989254	-1	200
397032	397452	-2.601321	-2	420
397452	397822	-0.966185	-1	370
397822	398972	0.360673	1	1150
398972	399592	-0.200585	-1	620
399592	403082	1.554873	1	3490
403082	405592	7.992719	2	2510
405592	405892	2.277637	1	300
405892	406522	-0.316598	-1	630
406522	406832	-3.468396	-2	310
406832	407712	-5.555586	-3	880
407712	407992	-3.516197	-2	280
407992	408152	-1.011177	-1	160
408152	410552	1.780402	1	2400
410552	411892	5.682961	2	1340
411892	412092	2.182988	1	200
412092	412202	-1.283021	-1	110
412202	412532	-3.007497	-2	330
412532	412732	-0.888930	-1	200
412732	418272	2.727821	1	5540
418272	419452	6.752242	2	1180
419452	420842	2.304782	1	1390
420842	421342	5.250622	2	500
421342	422642	2.443173	1	1300
422642	428602	7.159660	2	5960
428602	428882	2.322278	1	280
428882	429012	-0.950376	-1	130
429012	429942	-4.052658	-2	930
429942	434072	-7.551166	-3	4130
434072	434192	-3.546921	-2	120
434192	434282	-1.058062	-1	90
434282	434812	2.742639	1	530
434812	434892	-1.092695	-1	80
434892	435022	-3.540675	-2	130
435022	435612	-6.852645	-3	590
435612	435862	-3.417538	-2	250
435862	438262	-0.483209	-1	2400
438262	438642	2.232197	1	380
438642	439662	6.198455	2	1020
439662	439902	2.347305	1	240
439902	440022	-0.991636	-1	120
440022	440162	-3.496625	-2	140
440162	440842	-6.037477	-3	680
440842	441072	-3.542261	-2	230
441072	441522	-0.670086	-1	450
441522	441802	-3.518224	-2	280
441802	442772	-5.615292	-3	970
442772	443252	-3.438292	-2	480
443252	443612	-0.951950	-1	360
443612	444242	0.536005	1	630
444242	445512	-1.022347	-1	1270
