380766	380996	0.735915	1	230
380996	381546	-0.533387	-1	550
381546	386276	1.062711	1	4730
386276	386866	-0.614846	-1	590
386866	396956	1.742087	1	10090
396956	398056	-1.352351	-1	1100
398056	403196	1.280654	1	5140
403196	405676	7.850560	2	2480
405676	406126	2.379859	1	450
406126	406606	-0.629999	-1	480
406606	407036	-3.487176	-2	430
407036	407726	-5.517489	-3	690
407726	408106	-3.546082	-2	380
408106	408346	-0.961513	-1	240
408346	410746	1.919714	1	2400
410746	411906	5.522299	2	1160
411906	412286	2.002621	1	380
412286	412496	-1.039557	-1	210
412496	412686	-2.410620	-2	190
412686	412906	-1.060823	-1	220
412906	418416	2.795618	1	5510
418416	419506	6.799244	2	1090
419506	422756	4.406501	1	3250
422756	428626	7.189485	2	5870
428626	429006	2.336109	1	380
429006	429176	-0.967046	-1	170
429176	429966	-4.039698	-2	790
429966	434106	-7.501347	-3	4140
434106	434296	-3.538585	-2	190
434296	434416	-0.960314	-1	120
434416	434886	1.446532	1	470
434886	435016	-0.888546	-1	130
435016	435196	-3.443388	-2	180
435196	435696	-6.266619	-3	500
435696	436026	-3.527531	-2	330
436026	438256	-0.542890	-1	2230
438256	438826	2.290339	1	570
438826	439686	6.033448	2	860
439686	440016	2.399129	1	330
440016	440166	-0.974668	-1	150
440166	440366	-3.470709	-2	200
440366	440896	-5.940601	-3	530
440896	441236	-3.517861	-2	340
441236	441616	-1.589857	-1	380
441616	441996	-3.514576	-2	380
441996	442806	-5.629550	-3	810
442806	443376	-3.611694	-2	570
443376	443806	-0.826491	-1	430
443806	444356	0.525795	1	550
444356	445506	-0.863644	-1	1150
