380525	380895	1.616515	1	370
380895	381425	-1.756231	-1	530
381425	386115	1.448462	1	4690
386115	386755	-0.912599	-1	640
386755	395095	1.555867	1	8340
395095	395685	-0.460846	-1	590
395685	396835	2.322429	1	1150
396835	397045	-1.103112	-1	210
397045	397445	-2.642999	-2	400
397445	397815	-0.982562	-1	370
397815	398965	0.360877	1	1150
398965	399585	-0.202688	-1	620
399585	403055	1.533625	1	3470
403055	405605	7.940119	2	2550
405605	405885	2.169630	1	280
405885	406525	-0.323388	-1	640
406525	406835	-3.530246	-2	310
406835	407715	-5.557868	-3	880
407715	407985	-3.524508	-2	270
407985	408155	-0.995675	-1	170
408155	410525	1.757858	1	2370
410525	411905	5.656763	2	1380
411905	412085	2.058793	1	180
412085	412185	-1.170141	-1	100
412185	412535	-2.986941	-2	350
412535	412735	-0.807613	-1	200
412735	418245	2.722266	1	5510
418245	419485	6.647426	2	1240
419485	420775	2.138444	1	1290
420775	421375	5.113455	2	600
421375	422595	2.312478	1	1220
422595	428625	7.128104	2	6030
428625	428885	2.095730	1	260
428885	429005	-0.965751	-1	120
429005	429945	-4.048492	-2	940
429945	434075	-7.552004	-3	4130
434075	434185	-3.549805	-2	110
434185	434275	-1.167064	-1	90
434275	434795	2.831208	1	520
434795	434885	-0.849811	-1	90
434885	435015	-3.473366	-2	130
435015	435615	-6.841402	-3	600
435615	435855	-3.398079	-2	240
435855	438255	-0.485388	-1	2400
438255	438615	2.052320	1	360
438615	439685	6.126662	2	1070
439685	439905	2.067828	1	220
439905	440015	-0.997491	-1	110
440015	440155	-3.450010	-2	140
440155	440845	-6.030597	-3	690
440845	441065	-3.532723	-2	220
441065	441515	-0.643695	-1	450
441515	441805	-3.533457	-2	290
441805	442765	-5.622448	-3	960
442765	443245	-3.465273	-2	480
443245	443605	-0.975987	-1	360
443605	444245	0.536871	1	640
444245	445505	-1.031035	-1	1260
