380489	380879	1.707644	1	390
380879	381409	-1.928700	-1	530
381409	386099	1.461037	1	4690
386099	386729	-0.974573	-1	630
386729	395089	1.555574	1	8360
395089	395669	-0.498053	-1	580
395669	396809	2.135176	1	1140
396809	397009	-1.082139	-1	200
397009	397439	-2.648241	-2	430
397439	397779	-0.962580	-1	340
397779	398929	0.361735	1	1150
398929	399579	-0.204559	-1	650
399579	403099	1.512102	1	3520
403099	405549	8.105355	2	2450
405549	405849	2.469178	1	300
405849	406509	-0.285115	-1	660
406509	406789	-3.447884	-2	280
406789	407709	-5.556033	-3	920
407709	407969	-3.503631	-2	260
407969	408119	-1.023091	-1	150
408119	410579	1.831051	1	2460
410579	411879	5.771211	2	1300
411879	412059	2.359028	1	180
412059	412149	-1.072909	-1	90
412149	412509	-3.155702	-2	360
412509	412729	-0.687905	-1	220
412729	418269	2.739091	1	5540
418269	419429	6.844119	2	1160
419429	422669	2.836658	1	3240
422669	428579	7.188800	2	5910
428579	428869	2.403019	1	290
428869	428979	-1.008568	-1	110
428979	429819	-4.059278	-2	840
429819	434059	-7.529083	-3	4240
434059	434179	-3.533657	-2	120
434179	434269	-0.900921	-1	90
434269	434789	3.061437	1	520
434789	434869	-1.037738	-1	80
434869	434979	-3.445708	-2	110
434979	435589	-6.917618	-3	610
435589	435839	-3.400310	-2	250
435839	438259	-0.466522	-1	2420
438259	438639	2.404779	1	380
438639	439649	6.281442	2	1010
439649	439889	2.339575	1	240
439889	439989	-0.996416	-1	100
439989	440129	-3.531923	-2	140
440129	440829	-6.043164	-3	700
440829	441039	-3.581307	-2	210
441039	441199	-1.015328	-1	160
441199	441349	0.492224	1	150
441349	441489	-0.943917	-1	140
441489	441759	-3.397640	-2	270
441759	442749	-5.604696	-3	990
442749	443219	-3.475338	-2	470
443219	443579	-1.012441	-1	360
443579	444249	0.555299	1	670
444249	445509	-1.037753	-1	1260
