380665	380955	1.105808	1	290
380955	381495	-0.826285	-1	540
381495	386215	1.829440	1	4720
386215	386825	-0.752976	-1	610
386825	395175	1.541241	1	8350
395175	395705	-0.384652	-1	530
395705	396915	2.029717	1	1210
396915	397135	-1.080104	-1	220
397135	397485	-2.457566	-2	350
397485	397955	-0.989050	-1	470
397955	399075	0.363054	1	1120
399075	399615	-0.175949	-1	540
399615	403115	1.518382	1	3500
403115	405675	7.823009	2	2560
405675	406025	2.137252	1	350
406025	406565	-0.456097	-1	540
406565	406945	-3.448516	-2	380
406945	407725	-5.531358	-3	780
407725	408065	-3.489102	-2	340
408065	408265	-0.929005	-1	200
408265	410545	1.726779	1	2280
410545	411935	5.467107	2	1390
411935	412185	1.828522	1	250
412185	412375	-1.111421	-1	190
412375	412615	-2.650343	-2	240
412615	412825	-1.069964	-1	210
412825	418325	2.754086	1	5500
418325	419525	6.781205	2	1200
419525	420795	2.447980	1	1270
420795	421415	4.898812	2	620
421415	422645	2.446661	1	1230
422645	428645	7.157271	2	6000
428645	428955	2.119314	1	310
428955	429115	-1.041537	-1	160
429115	429965	-4.094883	-2	850
429965	434095	-7.529223	-3	4130
434095	434255	-3.477368	-2	160
434255	434365	-0.894752	-1	110
434365	434855	2.078111	1	490
434855	434965	-0.966956	-1	110
434965	435125	-3.555726	-2	160
435125	435655	-6.575724	-3	530
435655	435955	-3.512570	-2	300
435955	438255	-0.518481	-1	2300
438255	438705	2.041857	1	450
438705	439705	6.002099	2	1000
439705	439985	2.104938	1	280
439985	440115	-1.070606	-1	130
440115	440295	-3.571755	-2	180
440295	440875	-5.982668	-3	580
440875	441165	-3.517279	-2	290
441165	441575	-1.164827	-1	410
441575	441905	-3.470747	-2	330
441905	442795	-5.628457	-3	890
442795	443335	-3.512981	-2	540
443335	443745	-0.782222	-1	410
443745	444265	0.463209	1	520
444265	445505	-1.020642	-1	1240
