380683	380963	1.055884	1	280
380963	381503	-0.782696	-1	540
381503	386223	1.801196	1	4720
386223	386823	-0.739955	-1	600
386823	395183	1.537824	1	8360
395183	395703	-0.375564	-1	520
395703	396923	1.992462	1	1220
396923	397163	-1.111426	-1	240
397163	397493	-2.448701	-2	330
397493	397973	-0.991384	-1	480
397973	399103	0.358281	1	1130
399103	399603	-0.183053	-1	500
399603	403073	1.470751	1	3470
403073	405733	7.668906	2	2660
405733	406043	1.865821	1	310
406043	406573	-0.472562	-1	530
406573	406973	-3.489561	-2	400
406973	407723	-5.543502	-3	750
407723	408073	-3.530123	-2	350
408073	408273	-0.979689	-1	200
408273	410483	1.648695	1	2210
410483	411963	5.354861	2	1480
411963	412203	1.613115	1	240
412203	412383	-1.015253	-1	180
412383	412633	-2.572006	-2	250
412633	412843	-1.043497	-1	210
412843	418283	2.748195	1	5440
418283	419583	6.532631	2	1300
419583	420603	2.085289	1	1020
420603	421493	4.610480	2	890
421493	422573	2.239694	1	1080
422573	428683	7.098248	2	6110
428683	428963	1.917287	1	280
428963	429123	-0.977836	-1	160
429123	429963	-4.071880	-2	840
429963	434103	-7.519875	-3	4140
434103	434263	-3.478073	-2	160
434263	434363	-1.048725	-1	100
434363	434863	1.933379	1	500
434863	434973	-0.951189	-1	110
434973	435133	-3.438781	-2	160
435133	435673	-6.487188	-3	540
435673	435973	-3.454126	-2	300
435973	438253	-0.520674	-1	2280
438253	438663	1.754508	1	410
438663	439743	5.819911	2	1080
439743	439983	1.938509	1	240
439983	440133	-1.028906	-1	150
440133	440293	-3.472448	-2	160
440293	440883	-5.951831	-3	590
440883	441183	-3.493969	-2	300
441183	441573	-1.188888	-1	390
441573	441933	-3.479851	-2	360
441933	442793	-5.642793	-3	860
442793	443343	-3.550994	-2	550
443343	443753	-0.803323	-1	410
443753	444273	0.441297	1	520
444273	445503	-1.027392	-1	1230
