380737	380987	0.819067	1	250
380987	381527	-0.629946	-1	540
381527	386257	1.071846	1	4730
386257	386857	-0.656622	-1	600
386857	396947	1.749668	1	10090
396947	398027	-1.400377	-1	1080
398027	403157	1.342951	1	5130
403157	405697	7.795848	2	2540
405697	406097	2.200143	1	400
406097	406597	-0.581126	-1	500
406597	407027	-3.549144	-2	430
407027	407727	-5.535233	-3	700
407727	408097	-3.516278	-2	370
408097	408307	-1.009278	-1	210
408307	410627	1.780841	1	2320
410627	411917	5.461851	2	1290
411917	412247	1.996857	1	330
412247	412467	-1.054942	-1	220
412467	412667	-2.477809	-2	200
412667	412897	-0.993224	-1	230
412897	418377	2.786492	1	5480
418377	419527	6.743273	2	1150
419527	420857	2.578869	1	1330
420857	421417	4.848548	2	560
421417	422697	2.579650	1	1280
422697	428637	7.166421	2	5940
428637	428987	2.270475	1	350
428987	429157	-0.949636	-1	170
429157	429977	-4.068823	-2	820
429977	434107	-7.515388	-3	4130
434107	434287	-3.472997	-2	180
434287	434397	-0.956897	-1	110
434397	434877	1.649321	1	480
434877	434997	-0.878427	-1	120
434997	435177	-3.453825	-2	180
435177	435687	-6.372826	-3	510
435687	436007	-3.500197	-2	320
436007	438257	-0.533648	-1	2250
438257	438777	2.168633	1	520
438777	439707	5.980605	2	930
439707	440007	2.208973	1	300
440007	440147	-0.981415	-1	140
440147	440337	-3.398314	-2	190
440337	440887	-5.952924	-3	550
440887	441217	-3.531696	-2	330
441217	441607	-1.444506	-1	390
441607	441967	-3.507184	-2	360
441967	442807	-5.628156	-3	840
442807	443367	-3.566680	-2	560
443367	443777	-0.824361	-1	410
443777	444347	0.558243	1	570
444347	445507	-0.859180	-1	1160
