380470	380870	1.753570	1	400
380870	381390	-2.108453	-1	520
381390	386080	1.149936	1	4690
386080	386730	-0.968422	-1	650
386730	395090	1.557480	1	8360
395090	395670	-0.513730	-1	580
395670	396790	2.191702	1	1120
396790	396990	-1.013446	-1	200
396990	397420	-2.674952	-2	430
397420	397740	-1.059685	-1	320
397740	398910	0.356070	1	1170
398910	399570	-0.207219	-1	660
399570	403110	1.530380	1	3540
403110	405520	8.170368	2	2410
405520	405830	2.642359	1	310
405830	406510	-0.289955	-1	680
406510	406780	-3.531985	-2	270
406780	407700	-5.567056	-3	920
407700	407960	-3.533348	-2	260
407960	408110	-0.977979	-1	150
408110	411250	2.599964	1	3140
411250	411850	6.309337	2	600
411850	412050	2.668885	1	200
412050	412120	-0.945032	-1	70
412120	412480	-3.264100	-2	360
412480	412730	-0.708355	-1	250
412730	418270	2.746862	1	5540
418270	419400	6.917735	2	1130
419400	422710	2.876358	1	3310
422710	428550	7.217332	2	5840
428550	428850	2.697094	1	300
428850	428960	-0.880253	-1	110
428960	429810	-4.040149	-2	850
429810	434060	-7.586847	-3	4250
434060	434170	-3.446138	-2	110
434170	434260	-0.920377	-1	90
434260	434780	3.172067	1	520
434780	434850	-0.904374	-1	70
434850	434970	-3.452540	-2	120
434970	435590	-6.937127	-3	620
435590	435820	-3.360353	-2	230
435820	438260	-0.463218	-1	2440
438260	438650	2.595671	1	390
438650	439610	6.376087	2	960
439610	439880	2.700514	1	270
439880	439980	-1.060237	-1	100
439980	440110	-3.569328	-2	130
440110	440830	-6.021255	-3	720
440830	441030	-3.497382	-2	200
441030	441170	-1.042841	-1	140
441170	441340	0.528047	1	170
441340	441490	-0.970421	-1	150
441490	441750	-3.498727	-2	260
441750	442750	-5.597465	-3	1000
442750	443210	-3.436877	-2	460
443210	443560	-1.038802	-1	350
443560	444240	0.571921	1	680
444240	445510	-1.032465	-1	1270
