380680	380960	1.067500	1	280
380960	381500	-0.796739	-1	540
381500	386220	1.807297	1	4720
386220	386820	-0.748363	-1	600
386820	395180	1.538350	1	8360
395180	395700	-0.382428	-1	520
395700	396920	1.999264	1	1220
396920	397150	-1.077835	-1	230
397150	397490	-2.447879	-2	340
397490	397970	-0.989617	-1	480
397970	399090	0.361832	1	1120
399090	399620	-0.173843	-1	530
399620	403070	1.478784	1	3450
403070	405710	7.700252	2	2640
405710	406040	1.975873	1	330
406040	406570	-0.466771	-1	530
406570	406970	-3.492584	-2	400
406970	407720	-5.543441	-3	750
407720	408070	-3.540643	-2	350
408070	408270	-0.978246	-1	200
408270	410480	1.647837	1	2210
410480	411960	5.361053	2	1480
411960	412200	1.618067	1	240
412200	412380	-1.050431	-1	180
412380	412630	-2.571609	-2	250
412630	412840	-1.039217	-1	210
412840	418290	2.749538	1	5450
418290	419570	6.583372	2	1280
419570	420600	2.098595	1	1030
420600	421480	4.624053	2	880
421480	422580	2.263684	1	1100
422580	428680	7.104815	2	6100
428680	428960	1.929165	1	280
428960	429120	-0.981746	-1	160
429120	429970	-4.080093	-2	850
429970	434100	-7.526427	-3	4130
434100	434260	-3.518244	-2	160
434260	434360	-1.065536	-1	100
434360	434860	1.959212	1	500
434860	434970	-0.904564	-1	110
434970	435130	-3.439516	-2	160
435130	435670	-6.506277	-3	540
435670	435960	-3.510062	-2	290
435960	438260	-0.523843	-1	2300
438260	438660	1.787343	1	400
438660	439750	5.808161	2	1090
439750	439980	1.878001	1	230
439980	440120	-0.958580	-1	140
440120	440290	-3.386811	-2	170
440290	440890	-5.938667	-3	600
440890	441180	-3.458092	-2	290
441180	441580	-1.187380	-1	400
441580	441930	-3.517721	-2	350
441930	442790	-5.645395	-3	860
442790	443340	-3.557162	-2	550
443340	443750	-0.805738	-1	410
443750	444270	0.444624	1	520
444270	445510	-1.017686	-1	1240
