380723	380973	0.889247	1	250
380973	381523	-0.646001	-1	550
381523	386243	1.293269	1	4720
386243	386843	-0.671042	-1	600
386843	396933	1.664169	1	10090
396933	398013	-1.406048	-1	1080
398013	403143	1.102802	1	5130
403143	405693	7.792031	2	2550
405693	406083	2.189365	1	390
406083	406593	-0.564023	-1	510
406593	407013	-3.546781	-2	420
407013	407723	-5.538876	-3	710
407723	408083	-3.551931	-2	360
408083	408303	-1.008069	-1	220
408303	410583	1.742067	1	2280
410583	411923	5.433715	2	1340
411923	412233	1.953043	1	310
412233	412453	-1.060730	-1	220
412453	412663	-2.493021	-2	210
412663	412883	-0.982032	-1	220
412883	418363	2.780110	1	5480
418363	419523	6.744109	2	1160
419523	420863	2.586597	1	1340
420863	421413	4.875500	2	550
421413	422673	2.539639	1	1260
422673	428643	7.157152	2	5970
428643	428983	2.188665	1	340
428983	429153	-1.012890	-1	170
429153	429963	-4.070552	-2	810
429963	434103	-7.510224	-3	4140
434103	434283	-3.457578	-2	180
434283	434383	-0.980451	-1	100
434383	434883	1.642104	1	500
434883	434993	-1.020754	-1	110
434993	435173	-3.533547	-2	180
435173	435683	-6.407113	-3	510
435683	435993	-3.509204	-2	310
435993	438263	-0.531634	-1	2270
438263	438763	2.179330	1	500
438763	439703	5.985314	2	940
439703	440003	2.200127	1	300
440003	440153	-1.087351	-1	150
440153	440333	-3.554316	-2	180
440333	440893	-5.946035	-3	560
440893	441203	-3.495406	-2	310
441203	441593	-1.392641	-1	390
441593	441973	-3.542855	-2	380
441973	442793	-5.648480	-3	820
442793	443353	-3.603987	-2	560
443353	445503	-0.653186	-1	2150
