380674	380954	1.102832	1	280
380954	381504	-0.790976	-1	550
381504	386214	1.821878	1	4710
386214	386824	-0.740307	-1	610
386824	395184	1.538635	1	8360
395184	395694	-0.391816	-1	510
395694	396914	2.002764	1	1220
396914	397154	-1.092372	-1	240
397154	397484	-2.466334	-2	330
397484	397964	-1.001249	-1	480
397964	399094	0.359074	1	1130
399094	399614	-0.179536	-1	520
399614	403094	1.495307	1	3480
403094	405694	7.761633	2	2600
405694	406034	2.063172	1	340
406034	406574	-0.475983	-1	540
406574	406964	-3.506222	-2	390
406964	407724	-5.542027	-3	760
407724	408054	-3.576464	-2	330
408054	408264	-1.055136	-1	210
408264	410534	1.702794	1	2270
410534	411944	5.437805	2	1410
411944	412184	1.830377	1	240
412184	412394	-1.082952	-1	210
412394	412624	-2.641829	-2	230
412624	412834	-1.059291	-1	210
412834	418304	2.750128	1	5470
418304	419544	6.679402	2	1240
419544	420754	2.365403	1	1210
420754	421454	4.805812	2	700
421454	422604	2.336686	1	1150
422604	428664	7.125156	2	6060
428664	428964	1.980856	1	300
428964	429114	-0.998065	-1	150
429114	429964	-4.070761	-2	850
429964	434094	-7.527851	-3	4130
434094	434264	-3.471969	-2	170
434264	434364	-0.938588	-1	100
434364	434864	1.989444	1	500
434864	434974	-1.036509	-1	110
434974	435124	-3.499299	-2	150
435124	435664	-6.520707	-3	540
435664	435964	-3.483407	-2	300
435964	438254	-0.519386	-1	2290
438254	438694	1.943010	1	440
438694	439714	5.950015	2	1020
439714	439984	2.090944	1	270
439984	440124	-1.041845	-1	140
440124	440284	-3.423412	-2	160
440284	440884	-5.943699	-3	600
440884	441174	-3.480081	-2	290
441174	441584	-1.197660	-1	410
441584	441924	-3.542826	-2	340
441924	442794	-5.639372	-3	870
442794	443334	-3.546453	-2	540
443334	443744	-0.816496	-1	410
443744	444264	0.451933	1	520
444264	445504	-1.020706	-1	1240
