380598	380918	1.416222	1	320
380918	381458	-1.009812	-1	540
381458	386168	1.802307	1	4710
386168	386788	-0.837639	-1	620
386788	395138	1.547372	1	8350
395138	395688	-0.432497	-1	550
395688	396878	2.147692	1	1190
396878	397098	-1.125924	-1	220
397098	397468	-2.559469	-2	370
397468	397888	-0.981665	-1	420
397888	399038	0.358768	1	1150
399038	399608	-0.194458	-1	570
399608	403088	1.528864	1	3480
403088	405628	7.900455	2	2540
405628	405958	2.240980	1	330
405958	406548	-0.392992	-1	590
406548	406888	-3.476293	-2	340
406888	407718	-5.542879	-3	830
407718	408028	-3.509189	-2	310
408028	408208	-0.971684	-1	180
408208	410538	1.739833	1	2330
410538	411908	5.572587	2	1370
411908	412118	2.223970	1	210
412118	412278	-1.061254	-1	160
412278	412578	-2.767396	-2	300
412578	412768	-1.025641	-1	190
412768	418298	2.734858	1	5530
418298	419488	6.644424	2	1190
419488	420788	2.436716	1	1300
420788	421388	5.011357	2	600
421388	422628	2.404913	1	1240
422628	428628	7.126846	2	6000
428628	428918	2.178000	1	290
428918	429058	-0.946062	-1	140
429058	429948	-4.060023	-2	890
429948	434078	-7.542163	-3	4130
434078	434228	-3.507825	-2	150
434228	434318	-0.981662	-1	90
434318	434838	2.386203	1	520
434838	434928	-1.065087	-1	90
434928	435068	-3.493561	-2	140
435068	435638	-6.695972	-3	570
435638	435898	-3.500719	-2	260
435898	438258	-0.508383	-1	2360
438258	438658	2.039028	1	400
438658	439688	6.067396	2	1030
439688	439948	2.074136	1	260
439948	440068	-1.138457	-1	120
440068	440228	-3.587980	-2	160
440228	440868	-6.032847	-3	640
440868	441118	-3.470059	-2	250
441118	441548	-0.909635	-1	430
441548	441858	-3.509459	-2	310
441858	442778	-5.633173	-3	920
442778	443288	-3.512825	-2	510
443288	443678	-0.866741	-1	390
443678	444258	0.492228	1	580
444258	445508	-1.026233	-1	1250
