380537	380897	1.594127	1	360
380897	381437	-1.681787	-1	540
381437	386127	1.444219	1	4690
386127	386757	-0.911042	-1	630
386757	395097	1.554853	1	8340
395097	395677	-0.461392	-1	580
395677	396837	2.286436	1	1160
396837	397047	-1.051104	-1	210
397047	397437	-2.641459	-2	390
397437	397827	-1.012315	-1	390
397827	398977	0.360576	1	1150
398977	399597	-0.199279	-1	620
399597	403067	1.541449	1	3470
403067	405607	7.945701	2	2540
405607	405897	2.196810	1	290
405897	406527	-0.328745	-1	630
406527	406837	-3.484476	-2	310
406837	407707	-5.557068	-3	870
407707	407997	-3.537125	-2	290
407997	408157	-0.998381	-1	160
408157	410527	1.749700	1	2370
410527	411897	5.650829	2	1370
411897	412087	2.241928	1	190
412087	412217	-1.264951	-1	130
412217	412537	-3.011613	-2	320
412537	412737	-0.884410	-1	200
412737	418257	3.633259	1	5520
418257	419477	6.671128	2	1220
419477	420777	2.163597	1	1300
420777	421377	5.097468	2	600
421377	422617	2.353121	1	1240
422617	428627	7.134934	2	6010
428627	428897	2.044686	1	270
428897	429017	-1.050958	-1	120
429017	429947	-4.059925	-2	930
429947	434077	-7.550841	-3	4130
434077	434207	-3.358888	-2	130
434207	434287	-0.915495	-1	80
434287	434817	2.716547	1	530
434817	434897	-1.135930	-1	80
434897	435017	-3.453118	-2	120
435017	435617	-6.806686	-3	600
435617	435867	-3.398878	-2	250
435867	438257	-0.485963	-1	2390
438257	438627	2.087070	1	370
438627	439687	6.123519	2	1060
439687	439907	2.110098	1	220
439907	440017	-0.925734	-1	110
440017	440167	-3.411043	-2	150
440167	440857	-6.021418	-3	690
440857	441077	-3.446884	-2	220
441077	441527	-0.694681	-1	450
441527	441817	-3.583796	-2	290
441817	442767	-5.628795	-3	950
442767	443257	-3.459458	-2	490
443257	443627	-0.917091	-1	370
443627	444247	0.539414	1	620
444247	445507	-1.028837	-1	1260
