380466	380866	1.769825	1	400
380866	381396	-2.106377	-1	530
381396	386076	1.153215	1	4680
386076	386726	-0.973565	-1	650
386726	395086	1.557886	1	8360
395086	395656	-0.525273	-1	570
395656	396786	2.175968	1	1130
396786	396986	-1.005322	-1	200
396986	397416	-2.678810	-2	430
397416	397756	-1.003728	-1	340
397756	398906	0.362303	1	1150
398906	399556	-0.211682	-1	650
399556	403126	1.544659	1	3570
403126	405516	8.198383	2	2390
405516	405826	2.644880	1	310
405826	406506	-0.281808	-1	680
406506	406786	-3.583598	-2	280
406786	407706	-5.567665	-3	920
407706	407956	-3.496073	-2	250
407956	408096	-1.055338	-1	140
408096	410786	2.089918	1	2690
410786	411856	5.963630	2	1070
411856	412036	2.729216	1	180
412036	412126	-0.926648	-1	90
412126	412486	-3.295686	-2	360
412486	412736	-0.627809	-1	250
412736	418276	2.753919	1	5540
418276	419396	6.941648	2	1120
419396	422706	2.874904	1	3310
422706	428546	7.218077	2	5840
428546	428846	2.731940	1	300
428846	428956	-0.854804	-1	110
428956	429816	-4.045268	-2	860
429816	434056	-7.594627	-3	4240
434056	434166	-3.504031	-2	110
434166	434246	-1.076018	-1	80
434246	434776	3.138103	1	530
434776	434856	-1.000240	-1	80
434856	434976	-3.653316	-2	120
434976	435586	-6.984762	-3	610
435586	435816	-3.383147	-2	230
435816	438246	-0.466943	-1	2430
438246	438646	2.509086	1	400
438646	439616	6.373413	2	970
439616	439866	2.759490	1	250
439866	439966	-0.840941	-1	100
439966	440106	-3.449148	-2	140
440106	440826	-6.024520	-3	720
440826	441026	-3.533254	-2	200
441026	441176	-0.994870	-1	150
441176	441346	0.547872	1	170
441346	441486	-1.005683	-1	140
441486	441756	-3.535283	-2	270
441756	442756	-5.598610	-3	1000
442756	443196	-3.443375	-2	440
443196	443566	-1.046088	-1	370
443566	444226	0.598270	1	660
444226	445506	-1.024396	-1	1280
