380751	381001	0.742008	1	250
381001	381541	-0.584907	-1	540
381541	386261	1.069418	1	4720
386261	386861	-0.629879	-1	600
386861	396961	1.744704	1	10100
396961	398041	-2.234671	-1	1080
398041	403141	1.099119	1	5100
403141	405711	7.744457	2	2570
405711	406111	2.158771	1	400
406111	406601	-0.602644	-1	490
406601	407021	-3.484719	-2	420
407021	407721	-5.523574	-3	700
407721	408101	-3.550432	-2	380
408101	408331	-0.960089	-1	230
408331	410581	1.734090	1	2250
410581	411931	5.392099	2	1350
411931	412271	1.829087	1	340
412271	412481	-1.074540	-1	210
412481	412681	-2.424921	-2	200
412681	412891	-1.050862	-1	210
412891	418371	2.779366	1	5480
418371	419551	6.649197	2	1180
419551	420811	2.491753	1	1260
420811	421441	4.773504	2	630
421441	422661	2.506545	1	1220
422661	428651	7.138995	2	5990
428651	428991	2.207683	1	340
428991	429171	-0.962319	-1	180
429171	429971	-4.068682	-2	800
429971	434111	-7.504019	-3	4140
434111	434291	-3.448069	-2	180
434291	434401	-1.005587	-1	110
434401	434891	1.484174	1	490
434891	435021	-1.090548	-1	130
435021	435181	-3.535857	-2	160
435181	435691	-6.297513	-3	510
435691	436021	-3.488849	-2	330
436021	438261	-0.533084	-1	2240
438261	438761	2.083043	1	500
438761	439721	5.893164	2	960
439721	440011	2.123346	1	290
440011	440151	-0.955907	-1	140
440151	440351	-3.397284	-2	200
440351	440901	-5.922853	-3	550
440901	441221	-3.497782	-2	320
441221	441601	-1.516655	-1	380
441601	441981	-3.472592	-2	380
441981	442811	-5.624502	-3	830
442811	443371	-3.573461	-2	560
443371	443791	-0.821625	-1	420
443791	444361	0.530950	1	570
444361	445511	-0.867270	-1	1150
