380767	381007	0.714352	1	240
381007	381547	-0.551181	-1	540
381547	386277	1.063432	1	4730
386277	386867	-0.619035	-1	590
386867	396957	1.740179	1	10090
396957	398057	-1.354206	-1	1100
398057	403117	1.082427	1	5060
403117	405757	7.636968	2	2640
405757	406127	1.970928	1	370
406127	406597	-0.593610	-1	470
406597	407037	-3.450151	-2	440
407037	407727	-5.518712	-3	690
407727	408107	-3.556325	-2	380
408107	408337	-1.007632	-1	230
408337	410507	1.638007	1	2170
410507	411947	5.298296	2	1440
411947	412287	1.749038	1	340
412287	412907	-1.474746	-1	620
412907	418347	2.775210	1	5440
418347	419587	6.501876	2	1240
419587	420677	2.248961	1	1090
420677	421497	4.607986	2	820
421497	422637	2.407243	1	1140
422637	428687	7.104947	2	6050
428687	429007	1.980058	1	320
429007	429187	-1.023014	-1	180
429187	429977	-4.074819	-2	790
429977	434117	-7.502314	-3	4140
434117	434287	-3.562497	-2	170
434287	434417	-1.062977	-1	130
434417	434907	1.409991	1	490
434907	435017	-1.049923	-1	110
435017	435197	-3.434212	-2	180
435197	435697	-6.278263	-3	500
435697	436037	-3.489156	-2	340
436037	438257	-0.536435	-1	2220
438257	438737	1.898085	1	480
438737	439747	5.780792	2	1010
439747	440027	1.920799	1	280
440027	440157	-0.960387	-1	130
440157	440367	-3.395309	-2	210
440367	440907	-5.927773	-3	540
440907	441247	-3.442027	-2	340
441247	441617	-1.564371	-1	370
441617	441997	-3.513441	-2	380
441997	442807	-5.633117	-3	810
442807	443377	-3.616279	-2	570
443377	443797	-0.846652	-1	420
443797	444347	0.527913	1	550
444347	445507	-0.858024	-1	1160
