380681	380961	1.064657	1	280
380961	381511	-0.777534	-1	550
381511	386221	1.817626	1	4710
386221	386821	-0.746038	-1	600
386821	395181	1.538205	1	8360
395181	395701	-0.380354	-1	520
395701	396921	1.997123	1	1220
396921	397161	-1.117251	-1	240
397161	397491	-2.456175	-2	330
397491	397971	-0.990293	-1	480
397971	399091	0.361811	1	1120
399091	399621	-0.173073	-1	530
399621	403081	1.485565	1	3460
403081	405711	7.714216	2	2630
405711	406041	1.979626	1	330
406041	406571	-0.468036	-1	530
406571	406971	-3.491176	-2	400
406971	407721	-5.543202	-3	750
407721	408061	-3.582410	-2	340
408061	408271	-1.027839	-1	210
408271	410491	1.658256	1	2220
410491	411961	5.368119	2	1470
411961	412201	1.614144	1	240
412201	412381	-1.042939	-1	180
412381	412631	-2.570036	-2	250
412631	412841	-1.037344	-1	210
412841	418301	2.751644	1	5460
418301	419561	6.624906	2	1260
419561	420641	2.178694	1	1080
420641	421481	4.658673	2	840
421481	422581	2.266149	1	1100
422581	428681	7.103472	2	6100
428681	428961	1.924414	1	280
428961	429121	-0.975934	-1	160
429121	429961	-4.071214	-2	840
429961	434091	-7.526348	-3	4130
434091	434261	-3.573959	-2	170
434261	434361	-1.061423	-1	100
434361	434861	1.946199	1	500
434861	434971	-0.908905	-1	110
434971	435131	-3.442276	-2	160
435131	435671	-6.501942	-3	540
435671	435961	-3.503705	-2	290
435961	438261	-0.524131	-1	2300
438261	438681	1.889345	1	420
438681	439731	5.881083	2	1050
439731	439981	2.027274	1	250
439981	440121	-0.962852	-1	140
440121	440291	-3.391511	-2	170
440291	440881	-5.953832	-3	590
440881	441181	-3.499890	-2	300
441181	441571	-1.177063	-1	390
441571	441931	-3.477032	-2	360
441931	442791	-5.644637	-3	860
442791	443341	-3.552190	-2	550
443341	443751	-0.802139	-1	410
443751	444271	0.444102	1	520
444271	445511	-1.020025	-1	1240
