380765	381005	0.701429	1	240
381005	381545	-0.543469	-1	540
381545	386275	1.062885	1	4730
386275	386875	-0.605620	-1	600
386875	396965	1.744041	1	10090
396965	398055	-1.364997	-1	1090
398055	403165	1.114534	1	5110
403165	405705	7.772208	2	2540
405705	406125	2.218330	1	420
406125	406595	-0.603003	-1	470
406595	407045	-3.493431	-2	450
407045	407725	-5.524561	-3	680
407725	408105	-3.541786	-2	380
408105	408335	-0.993915	-1	230
408335	410645	1.797869	1	2310
410645	411915	5.441208	2	1270
411915	412275	1.975598	1	360
412275	412495	-1.006677	-1	220
412495	412685	-2.408526	-2	190
412685	412905	-1.052457	-1	220
412905	418385	2.787031	1	5480
418385	419535	6.683251	2	1150
419535	420865	2.599764	1	1330
420865	421425	4.803600	2	560
421425	422695	2.591092	1	1270
422695	428635	7.158153	2	5940
428635	428995	2.331139	1	360
428995	429175	-0.925066	-1	180
429175	429965	-4.041274	-2	790
429965	434105	-7.500849	-3	4140
434105	434285	-3.608011	-2	180
434285	434415	-1.027306	-1	130
434415	434895	1.413784	1	480
434895	435025	-1.077630	-1	130
435025	435205	-3.619675	-2	180
435205	435695	-6.286725	-3	490
435695	436035	-3.477298	-2	340
436035	438245	-0.538022	-1	2210
438245	438785	2.088695	1	540
438785	439705	5.936893	2	920
439705	440025	2.178835	1	320
440025	440155	-0.986496	-1	130
440155	440365	-3.412582	-2	210
440365	440895	-5.936359	-3	530
440895	441245	-3.466178	-2	350
441245	441615	-1.580909	-1	370
441615	441995	-3.520673	-2	380
441995	442805	-5.630220	-3	810
442805	443375	-3.607466	-2	570
443375	443795	-0.839523	-1	420
443795	444355	0.517698	1	560
444355	445505	-0.864536	-1	1150
