380738	380988	0.828426	1	250
380988	381528	-0.631821	-1	540
381528	386258	1.071659	1	4730
386258	386858	-0.655548	-1	600
386858	396948	1.749545	1	10090
396948	398028	-1.400117	-1	1080
398028	403098	1.302138	1	5070
403098	405738	7.658273	2	2640
405738	406098	1.987501	1	360
406098	406598	-0.577656	-1	500
406598	407028	-3.546890	-2	430
407028	407718	-5.542971	-3	690
407718	408098	-3.561112	-2	380
408098	408308	-1.013201	-1	210
408308	410498	1.635674	1	2190
410498	411958	5.313515	2	1460
411958	412248	1.713015	1	290
412248	412468	-1.057320	-1	220
412468	412668	-2.483389	-2	200
412668	412898	-0.996239	-1	230
412898	418328	2.773213	1	5430
418328	419588	6.517029	2	1260
419588	420638	2.164950	1	1050
420638	421488	4.606807	2	850
421488	422618	2.364517	1	1130
422618	428688	7.102826	2	6070
428688	428988	1.963615	1	300
428988	429158	-0.942535	-1	170
429158	429978	-4.067622	-2	820
429978	434108	-7.515016	-3	4130
434108	434288	-3.482081	-2	180
434288	434398	-0.979018	-1	110
434398	434878	1.640477	1	480
434878	435008	-0.949322	-1	130
435008	435188	-3.608510	-2	180
435188	435688	-6.393392	-3	500
435688	436008	-3.509560	-2	320
436008	438258	-0.534825	-1	2250
438258	438718	1.894973	1	460
438718	439748	5.804400	2	1030
439748	440008	1.933685	1	260
440008	440148	-0.972116	-1	140
440148	440338	-3.393281	-2	190
440338	440898	-5.937476	-3	560
440898	441218	-3.489656	-2	320
441218	441608	-1.451637	-1	390
441608	441968	-3.502681	-2	360
441968	442808	-5.625571	-3	840
442808	443368	-3.568552	-2	560
443368	443788	-0.807687	-1	420
443788	444348	0.565189	1	560
444348	445508	-0.859423	-1	1160
