380767	380997	0.737399	1	230
380997	381547	-0.536761	-1	550
381547	386277	1.063062	1	4730
386277	386867	-0.616419	-1	590
386867	396957	1.742188	1	10090
396957	398057	-1.353004	-1	1100
398057	403167	1.259661	1	5110
403167	405717	7.760415	2	2550
405717	406127	2.170989	1	410
406127	406607	-0.625287	-1	480
406607	407037	-3.488496	-2	430
407037	407727	-5.518727	-3	690
407727	408107	-3.551076	-2	380
408107	408347	-0.958709	-1	240
408347	410607	1.757615	1	2260
410607	411927	5.401321	2	1320
411927	412287	1.872485	1	360
412287	412497	-1.054282	-1	210
412497	412687	-2.410982	-2	190
412687	412907	-1.059726	-1	220
412907	418387	2.785815	1	5480
418387	419547	6.664456	2	1160
419547	420857	2.570642	1	1310
420857	421427	4.798601	2	570
421427	422697	2.589769	1	1270
422697	428657	7.148938	2	5960
428657	429007	2.161249	1	350
429007	429187	-1.032937	-1	180
429187	429967	-4.065891	-2	780
429967	434107	-7.501878	-3	4140
434107	434297	-3.549647	-2	190
434297	434417	-0.957738	-1	120
434417	434907	1.402352	1	490
434907	435017	-1.050303	-1	110
435017	435197	-3.445019	-2	180
435197	435697	-6.276214	-3	500
435697	436027	-3.527549	-2	330
436027	438257	-0.542479	-1	2230
438257	438777	2.076581	1	520
438777	439717	5.903094	2	940
439717	440027	2.125148	1	310
440027	440167	-1.047794	-1	140
440167	440367	-3.473947	-2	200
440367	440897	-5.942018	-3	530
440897	441237	-3.521341	-2	340
441237	441617	-1.580299	-1	380
441617	441997	-3.517115	-2	380
441997	442807	-5.631883	-3	810
442807	443387	-3.584451	-2	580
443387	443807	-0.795542	-1	420
443807	444357	0.527451	1	550
444357	445507	-0.866212	-1	1150
