380471	380871	1.752563	1	400
380871	381391	-2.019000	-1	520
381391	386081	1.460850	1	4690
386081	386731	-0.967528	-1	650
386731	395091	1.557372	1	8360
395091	395661	-0.522616	-1	570
395661	396791	2.171920	1	1130
396791	396991	-1.009635	-1	200
396991	397421	-2.674623	-2	430
397421	397761	-1.000141	-1	340
397761	398911	0.362227	1	1150
398911	399561	-0.209966	-1	650
399561	403101	1.516178	1	3540
403101	405531	8.144757	2	2430
405531	405831	2.558825	1	300
405831	406501	-0.264687	-1	670
406501	406791	-3.534662	-2	290
406791	407711	-5.566360	-3	920
407711	407961	-3.467974	-2	250
407961	408101	-1.050708	-1	140
408101	410691	1.973918	1	2590
410691	411861	5.885752	2	1170
411861	412061	2.391860	1	200
412061	412131	-1.182438	-1	70
412131	412491	-3.262434	-2	360
412491	412731	-0.654826	-1	240
412731	418271	2.746985	1	5540
418271	419411	6.902515	2	1140
419411	422681	2.849036	1	3270
422681	428551	7.207219	2	5870
428551	428851	2.688672	1	300
428851	428961	-0.862069	-1	110
428961	429811	-4.041487	-2	850
429811	434051	-7.592058	-3	4240
434051	434171	-3.588942	-2	120
434171	434251	-1.045614	-1	80
434251	434781	3.100150	1	530
434781	434861	-1.038305	-1	80
434861	434981	-3.677881	-2	120
434981	435591	-6.962361	-3	610
435591	435821	-3.367949	-2	230
435821	438241	-0.468226	-1	2420
438241	438641	2.400958	1	400
438641	439631	6.338536	2	990
439631	439871	2.596226	1	240
439871	439971	-0.840557	-1	100
439971	440111	-3.449185	-2	140
440111	440831	-6.018422	-3	720
440831	441031	-3.512525	-2	200
441031	441181	-0.987334	-1	150
441181	441341	0.559614	1	160
441341	441491	-0.983426	-1	150
441491	441761	-3.539250	-2	270
441761	442751	-5.604678	-3	990
442751	443201	-3.466875	-2	450
443201	443571	-1.035762	-1	370
443571	444231	0.589711	1	660
444231	445511	-1.025089	-1	1280
