380780	381020	0.657480	1	240
381020	381560	-0.515474	-1	540
381560	386290	1.059927	1	4730
386290	386870	-0.608870	-1	580
386870	396970	1.738099	1	10100
396970	398070	-1.345899	-1	1100
398070	403140	1.094355	1	5070
403140	405750	7.670046	2	2610
405750	406140	2.043562	1	390
406140	406610	-0.637339	-1	470
406610	407050	-3.482129	-2	440
407050	407730	-5.515683	-3	680
407730	408110	-3.568997	-2	380
408110	408350	-1.011591	-1	240
408350	410540	1.670216	1	2190
410540	411950	5.308990	2	1410
411950	412290	1.794672	1	340
412290	412920	-1.421143	-1	630
412920	418360	2.781912	1	5440
418360	419570	6.535339	2	1210
419570	420760	2.411414	1	1190
420760	421490	4.662470	2	730
421490	422660	2.460219	1	1170
422660	428680	7.116432	2	6020
428680	429010	2.073494	1	330
429010	429200	-1.020401	-1	190
429200	429970	-4.071680	-2	770
429970	434120	-7.491874	-3	4150
434120	434300	-3.502306	-2	180
434300	434430	-0.952946	-1	130
434430	434910	1.331033	1	480
434910	435030	-1.065927	-1	120
435030	435210	-3.501117	-2	180
435210	435710	-6.217218	-3	500
435710	436040	-3.488690	-2	330
436040	438260	-0.542467	-1	2220
438260	438760	1.969435	1	500
438760	439730	5.822337	2	970
439730	440040	2.012333	1	310
440040	440180	-1.132933	-1	140
440180	440380	-3.520658	-2	200
440380	440900	-5.936009	-3	520
440900	441250	-3.511620	-2	350
441250	441620	-1.631593	-1	370
441620	442010	-3.511725	-2	390
442010	442820	-5.622576	-3	810
442820	443390	-3.579336	-2	570
443390	443820	-0.807702	-1	430
443820	444360	0.513314	1	540
444360	445510	-0.864920	-1	1150
