380763	381003	0.732792	1	240
381003	381543	-0.560342	-1	540
381543	386273	1.064597	1	4730
386273	386863	-0.625511	-1	590
386863	396963	1.742866	1	10100
396963	398053	-1.369661	-1	1090
398053	403143	1.243294	1	5090
403143	405733	7.710533	2	2590
405733	406123	2.084177	1	390
406123	406603	-0.604241	-1	480
406603	407033	-3.471460	-2	430
407033	407723	-5.524086	-3	690
407723	408103	-3.583529	-2	380
408103	408343	-0.978517	-1	240
408343	410563	1.707759	1	2220
410563	411943	5.354092	2	1380
411943	412283	1.789211	1	340
412283	412493	-1.064920	-1	210
412493	412683	-2.432465	-2	190
412683	412903	-1.070202	-1	220
412903	418363	2.778089	1	5460
418363	419563	6.590539	2	1200
419563	420773	2.428118	1	1210
420773	421463	4.713291	2	690
421463	422653	2.470946	1	1190
422653	428663	7.127116	2	6010
428663	429003	2.145232	1	340
429003	429183	-1.001413	-1	180
429183	429963	-4.059286	-2	780
429963	434113	-7.496657	-3	4150
434113	434293	-3.520169	-2	180
434293	434413	-1.008415	-1	120
434413	434903	1.427337	1	490
434903	435013	-1.017514	-1	110
435013	435203	-3.500653	-2	190
435203	435693	-6.311736	-3	490
435693	436023	-3.547826	-2	330
436023	438253	-0.543857	-1	2230
438253	438753	1.958366	1	500
438753	439733	5.840146	2	980
439733	440023	2.043218	1	290
440023	440163	-1.005440	-1	140
440163	440363	-3.448863	-2	200
440363	440903	-5.931577	-3	540
440903	441233	-3.498808	-2	330
441233	441613	-1.556482	-1	380
441613	441993	-3.501815	-2	380
441993	442813	-5.625965	-3	820
442813	443383	-3.574772	-2	570
443383	443803	-0.808526	-1	420
443803	444353	0.533105	1	550
444353	445503	-0.866941	-1	1150
