380676	380956	1.099351	1	280
380956	381506	-0.793069	-1	550
381506	386216	1.606510	1	4710
386216	386826	-0.743152	-1	610
386826	395186	1.538680	1	8360
395186	395696	-0.391700	-1	510
395696	396916	2.003308	1	1220
396916	397156	-1.101799	-1	240
397156	397486	-2.468974	-2	330
397486	397966	-0.998452	-1	480
397966	399096	0.358992	1	1130
399096	399616	-0.178953	-1	520
399616	403066	1.475904	1	3450
403066	405716	7.688584	2	2650
405716	406036	1.930247	1	320
406036	406576	-0.481726	-1	540
406576	406966	-3.513121	-2	390
406966	407726	-5.538704	-3	760
407726	408066	-3.530468	-2	340
408066	408266	-0.993557	-1	200
408266	410476	1.642807	1	2210
410476	411956	5.367409	2	1480
411956	412176	1.822773	1	220
412176	412376	-0.956637	-1	200
412376	412626	-2.596469	-2	250
412626	412836	-1.049684	-1	210
412836	418276	2.744246	1	5440
418276	419576	6.551066	2	1300
419576	420646	2.157943	1	1070
420646	421496	4.653070	2	850
421496	422576	2.234360	1	1080
422576	428686	7.098707	2	6110
428686	428956	1.912579	1	270
428956	429116	-0.958180	-1	160
429116	429966	-4.073339	-2	850
429966	434096	-7.527966	-3	4130
434096	434266	-3.464186	-2	170
434266	434356	-1.009506	-1	90
434356	434856	1.977901	1	500
434856	434976	-0.963461	-1	120
434976	435126	-3.490590	-2	150
435126	435666	-6.516940	-3	540
435666	435966	-3.480614	-2	300
435966	438256	-0.520014	-1	2290
438256	438666	1.800352	1	410
438666	439746	5.839817	2	1080
439746	439986	1.860616	1	240
439986	440126	-1.064928	-1	140
440126	440286	-3.449417	-2	160
440286	440886	-5.946215	-3	600
440886	441176	-3.476156	-2	290
441176	441576	-1.184549	-1	400
441576	441926	-3.500617	-2	350
441926	442796	-5.639164	-3	870
442796	443336	-3.543776	-2	540
443336	443746	-0.814484	-1	410
443746	444276	0.441888	1	530
444276	445506	-1.027483	-1	1230
