380724	380974	0.917909	1	250
380974	381534	-0.644656	-1	560
381534	386254	1.294330	1	4720
386254	386854	-0.676697	-1	600
386854	396944	1.488943	1	10090
396944	397174	-1.031456	-1	230
397174	397504	-2.352869	-2	330
397504	398014	-0.996522	-1	510
398014	403064	1.279954	1	5050
403064	405754	7.596667	2	2690
405754	406084	1.877159	1	330
406084	406594	-0.548475	-1	510
406594	407004	-3.499121	-2	410
407004	407724	-5.532568	-3	720
407724	408084	-3.578654	-2	360
408084	408304	-1.024768	-1	220
408304	410444	1.592382	1	2140
410444	411984	5.245052	2	1540
411984	412224	1.584151	1	240
412224	412444	-0.967672	-1	220
412444	412664	-2.483042	-2	220
412664	412884	-0.994724	-1	220
412884	417434	2.660710	1	4550
417434	419594	5.199023	2	2160
419594	420484	1.870075	1	890
420484	421544	4.444052	2	1060
421544	422574	2.215752	1	1030
422574	428714	7.068682	2	6140
428714	428994	1.712511	1	280
428994	429154	-1.048085	-1	160
429154	429974	-4.076656	-2	820
429974	434104	-7.517150	-3	4130
434104	434284	-3.507124	-2	180
434284	434394	-0.945044	-1	110
434394	434884	1.694757	1	490
434884	435004	-1.063249	-1	120
435004	435164	-3.504579	-2	160
435164	435684	-6.389041	-3	520
435684	436004	-3.482782	-2	320
436004	438254	-0.529351	-1	2250
438254	438674	1.707323	1	420
438674	439764	5.714981	2	1090
439764	440004	1.803309	1	240
440004	440154	-1.054457	-1	150
440154	440334	-3.540152	-2	180
440334	440894	-5.951551	-3	560
440894	441204	-3.524341	-2	310
441204	441604	-1.404851	-1	400
441604	441964	-3.526880	-2	360
441964	442804	-5.636627	-3	840
442804	443364	-3.565887	-2	560
443364	443774	-0.812713	-1	410
443774	444354	0.570357	1	580
444354	445504	-0.869096	-1	1150
