380676	380956	1.095720	1	280
380956	381506	-0.791629	-1	550
381506	386216	1.606109	1	4710
386216	386826	-0.742352	-1	610
386826	395186	1.538643	1	8360
395186	395696	-0.391229	-1	510
395696	396916	2.002839	1	1220
396916	397156	-1.103405	-1	240
397156	397486	-2.467706	-2	330
397486	397966	-0.997616	-1	480
397966	399096	0.358942	1	1130
399096	399616	-0.178709	-1	520
399616	403086	1.489967	1	3470
403086	405716	7.717431	2	2630
405716	406036	1.928689	1	320
406036	406576	-0.483430	-1	540
406576	406966	-3.514804	-2	390
406966	407726	-5.538337	-3	760
407726	408056	-3.573289	-2	330
408056	408266	-1.039543	-1	210
408266	410506	1.672873	1	2240
410506	411956	5.398134	2	1450
411956	412176	1.816841	1	220
412176	412376	-0.955865	-1	200
412376	412626	-2.594373	-2	250
412626	412836	-1.048453	-1	210
412836	418296	2.748324	1	5460
418296	419566	6.615633	2	1270
419566	420656	2.188504	1	1090
420656	421466	4.693816	2	810
421466	422576	2.277741	1	1110
422576	428686	7.098606	2	6110
428686	428956	1.907858	1	270
428956	429116	-0.960817	-1	160
429116	429966	-4.073969	-2	850
429966	434096	-7.527828	-3	4130
434096	434266	-3.456828	-2	170
434266	434356	-1.004080	-1	90
434356	434856	1.974743	1	500
434856	434976	-0.969060	-1	120
434976	435126	-3.494148	-2	150
435126	435666	-6.515085	-3	540
435666	435966	-3.478208	-2	300
435966	438256	-0.519877	-1	2290
438256	438676	1.851603	1	420
438676	439736	5.877210	2	1060
439736	439986	1.933819	1	250
439986	440126	-1.068460	-1	140
440126	440286	-3.451898	-2	160
440286	440886	-5.945331	-3	600
440886	441176	-3.472801	-2	290
441176	441576	-1.186790	-1	400
441576	441926	-3.502336	-2	350
441926	442796	-5.638838	-3	870
442796	443336	-3.542134	-2	540
443336	443746	-0.813168	-1	410
443746	444276	0.441387	1	530
444276	445506	-1.027367	-1	1230
