380748	380988	0.804467	1	240
380988	381538	-0.586217	-1	550
381538	386268	1.068242	1	4730
386268	386868	-0.635733	-1	600
386868	396948	1.747601	1	10080
396948	398038	-1.378346	-1	1090
398038	403098	1.419708	1	5060
403098	405738	7.649725	2	2640
405738	406108	2.023353	1	370
406108	406598	-0.585634	-1	490
406598	407028	-3.501135	-2	430
407028	407718	-5.532639	-3	690
407718	408098	-3.582789	-2	380
408098	408328	-0.982717	-1	230
408328	410518	1.661313	1	2190
410518	411948	5.330507	2	1430
411948	412268	1.717427	1	320
412268	412468	-1.028781	-1	200
412468	412678	-2.418444	-2	210
412678	412898	-1.018619	-1	220
412898	418338	2.773655	1	5440
418338	419588	6.514751	2	1250
419588	420668	2.221297	1	1080
420668	421498	4.613219	2	830
421498	422628	2.377039	1	1130
422628	428688	7.105062	2	6060
428688	428998	1.943145	1	310
428998	429168	-0.989219	-1	170
429168	429968	-4.057380	-2	800
429968	434108	-7.506080	-3	4140
434108	434288	-3.519025	-2	180
434288	434408	-0.965043	-1	120
434408	434888	1.555956	1	480
434888	435018	-1.043967	-1	130
435018	435188	-3.587743	-2	170
435188	435688	-6.343824	-3	500
435688	436018	-3.515150	-2	330
436018	438258	-0.535386	-1	2240
438258	438728	1.919082	1	470
438728	439738	5.818583	2	1010
439738	440008	2.034310	1	270
440008	440158	-0.970417	-1	150
440158	440348	-3.450392	-2	190
440348	440898	-5.933870	-3	550
440898	441228	-3.482231	-2	330
441228	441608	-1.494848	-1	380
441608	441988	-3.530159	-2	380
441988	442808	-5.634626	-3	820
442808	443368	-3.592073	-2	560
443368	443788	-0.836472	-1	420
443788	444348	0.546284	1	560
444348	445508	-0.859569	-1	1160
