380666	380956	1.116751	1	290
380956	381496	-0.830493	-1	540
381496	386206	1.844359	1	4710
386206	386816	-0.754084	-1	610
386816	395186	1.537584	1	8370
395186	395696	-0.400430	-1	510
395696	396906	2.029582	1	1210
396906	397146	-1.060362	-1	240
397146	397486	-2.473646	-2	340
397486	397956	-0.994900	-1	470
397956	399086	0.360129	1	1130
399086	399606	-0.184483	-1	520
399606	403066	1.476522	1	3460
403066	405706	7.708403	2	2640
405706	406026	1.970973	1	320
406026	406566	-0.452224	-1	540
406566	406956	-3.480158	-2	390
406956	407716	-5.544168	-3	760
407716	408066	-3.545181	-2	350
408066	408256	-0.983286	-1	190
408256	410476	1.644035	1	2220
410476	411956	5.378550	2	1480
411956	412176	1.737277	1	220
412176	412366	-1.004634	-1	190
412366	412616	-2.619289	-2	250
412616	412826	-1.086109	-1	210
412826	418286	2.743237	1	5460
418286	419556	6.632654	2	1270
419556	420616	2.138200	1	1060
420616	421476	4.649495	2	860
421476	422566	2.240530	1	1090
422566	428676	7.100757	2	6110
428676	428956	1.931100	1	280
428956	429106	-0.960217	-1	150
429106	429966	-4.065937	-2	860
429966	434096	-7.530007	-3	4130
434096	434256	-3.518381	-2	160
434256	434356	-1.022098	-1	100
434356	434856	2.054309	1	500
434856	434966	-0.951624	-1	110
434966	435116	-3.438488	-2	150
435116	435666	-6.524292	-3	550
435666	435956	-3.473904	-2	290
435956	438256	-0.519748	-1	2300
438256	438666	1.830873	1	410
438666	439746	5.856253	2	1080
439746	439976	1.889062	1	230
439976	440116	-0.972841	-1	140
440116	440286	-3.459900	-2	170
440286	440886	-5.957355	-3	600
440886	441176	-3.431352	-2	290
441176	441586	-1.157648	-1	410
441586	441916	-3.554546	-2	330
441916	442796	-5.637291	-3	880
442796	443336	-3.518705	-2	540
443336	443746	-0.786538	-1	410
443746	444276	0.454774	1	530
444276	445506	-1.029620	-1	1230
