380616	380936	1.295636	1	320
380936	381476	-0.956695	-1	540
381476	386176	1.994510	1	4700
386176	386796	-0.810702	-1	620
386796	395146	1.545657	1	8350
395146	395696	-0.415253	-1	550
395696	396876	2.141828	1	1180
396876	397096	-1.006382	-1	220
397096	397466	-2.525230	-2	370
397466	397906	-0.997135	-1	440
397906	399046	0.360734	1	1140
399046	399596	-0.193697	-1	550
399596	403116	1.537543	1	3520
403116	405636	7.914005	2	2520
405636	405976	2.236662	1	340
405976	406556	-0.422225	-1	580
406556	406906	-3.496825	-2	350
406906	407716	-5.543061	-3	810
407716	408036	-3.524795	-2	320
408036	408226	-0.949521	-1	190
408226	410566	1.768735	1	2340
410566	411916	5.563639	2	1350
411916	412126	2.184473	1	210
412126	412306	-1.019296	-1	180
412306	412586	-2.745860	-2	280
412586	412786	-1.033304	-1	200
412786	418316	3.143815	1	5530
418316	419486	6.651801	2	1170
419486	420846	2.532834	1	1360
420846	421376	5.064797	2	530
421376	422656	2.482546	1	1280
422656	428626	7.184749	2	5970
428626	428926	2.214433	1	300
428926	429076	-0.988269	-1	150
429076	429946	-4.069029	-2	870
429946	434086	-7.532203	-3	4140
434086	434226	-3.556519	-2	140
434226	434326	-1.087162	-1	100
434326	434836	2.309517	1	510
434836	434936	-0.977807	-1	100
434936	435086	-3.514241	-2	150
435086	435646	-6.657995	-3	560
435646	435916	-3.467119	-2	270
435916	438256	-0.509760	-1	2340
438256	438696	2.172222	1	440
438696	439686	6.098877	2	990
439686	439946	2.206999	1	260
439946	440066	-0.958688	-1	120
440066	440236	-3.403686	-2	170
440236	440866	-6.024018	-3	630
440866	441136	-3.469036	-2	270
441136	441556	-0.973805	-1	420
441556	441876	-3.527480	-2	320
441876	442776	-5.641851	-3	900
442776	443306	-3.515678	-2	530
443306	443696	-0.821735	-1	390
443696	444256	0.489784	1	560
444256	445506	-1.022720	-1	1250
