380498	380878	1.705330	1	380
380878	381408	-1.866909	-1	530
381408	386098	1.454244	1	4690
386098	386738	-0.944926	-1	640
386738	395098	1.554607	1	8360
395098	395668	-0.498476	-1	570
395668	396808	2.125252	1	1140
396808	397018	-1.056682	-1	210
397018	397428	-2.666672	-2	410
397428	397788	-1.003341	-1	360
397788	398938	0.361498	1	1150
398938	399578	-0.205027	-1	640
399578	403108	1.515746	1	3530
403108	405558	8.097635	2	2450
405558	405858	2.430538	1	300
405858	406518	-0.307947	-1	660
406518	406798	-3.486854	-2	280
406798	407708	-5.555484	-3	910
407708	407978	-3.490428	-2	270
407978	408128	-0.980263	-1	150
408128	410598	1.850022	1	2470
410598	411868	5.784581	2	1270
411868	412068	2.469932	1	200
412068	412158	-1.199852	-1	90
412158	412508	-3.130189	-2	350
412508	412738	-0.735007	-1	230
412738	418278	2.742894	1	5540
418278	419418	6.870049	2	1140
419418	422678	2.851823	1	3260
422678	428568	7.193587	2	5890
428568	428868	2.539230	1	300
428868	428988	-0.977263	-1	120
428988	429828	-4.073419	-2	840
429828	434068	-7.527697	-3	4240
434068	434188	-3.372487	-2	120
434188	434268	-0.894260	-1	80
434268	434788	3.001880	1	520
434788	434868	-0.889126	-1	80
434868	434988	-3.407811	-2	120
434988	435598	-6.888182	-3	610
435598	435838	-3.410608	-2	240
435838	438258	-0.475199	-1	2420
438258	438648	2.413369	1	390
438648	439648	6.287067	2	1000
439648	439898	2.317868	1	250
439898	439988	-1.003372	-1	90
439988	440138	-3.447570	-2	150
440138	440838	-6.037686	-3	700
440838	441048	-3.502722	-2	210
441048	441208	-1.002182	-1	160
441208	441348	0.473797	1	140
441348	441498	-0.970144	-1	150
441498	441778	-3.489267	-2	280
441778	442748	-5.616589	-3	970
442748	443228	-3.479749	-2	480
443228	443588	-0.987559	-1	360
443588	444248	0.551705	1	660
444248	445508	-1.036386	-1	1260
