380685	380955	1.049974	1	270
380955	381505	-0.753097	-1	550
381505	386225	1.340365	1	4720
386225	386835	-0.720285	-1	610
386835	395185	1.539289	1	8350
395185	395695	-0.378032	-1	510
395695	396915	1.987165	1	1220
396915	397145	-1.008465	-1	230
397145	397485	-2.424253	-2	340
397485	397975	-1.001276	-1	490
397975	403165	1.121556	1	5190
403165	405645	7.914378	2	2480
405645	406045	2.362821	1	400
406045	406575	-0.496209	-1	530
406575	406975	-3.512152	-2	400
406975	407725	-5.535923	-3	750
407725	408065	-3.534798	-2	340
408065	408275	-0.998323	-1	210
408275	410655	1.842233	1	2380
410655	411905	5.549633	2	1250
411905	412195	2.144634	1	290
412195	412405	-1.074529	-1	210
412405	412635	-2.589842	-2	230
412635	412845	-1.022784	-1	210
412845	418365	2.771432	1	5520
418365	419505	6.861237	2	1140
419505	422715	2.984058	1	3210
422715	428615	7.197346	2	5900
428615	428955	2.397210	1	340
428955	429125	-0.951159	-1	170
429125	429965	-4.080592	-2	840
429965	434095	-7.525449	-3	4130
434095	434265	-3.480313	-2	170
434265	434375	-0.880231	-1	110
434375	434875	1.900092	1	500
434875	434965	-1.013445	-1	90
434965	435135	-3.389082	-2	170
435135	435665	-6.502255	-3	530
435665	435975	-3.471614	-2	310
435975	438255	-0.519404	-1	2280
438255	438755	2.225498	1	500
438755	439685	6.077912	2	930
439685	439985	2.325516	1	300
439985	440115	-0.937487	-1	130
440115	440295	-3.345328	-2	180
440295	440885	-5.945954	-3	590
440885	441185	-3.455292	-2	300
441185	441585	-1.238180	-1	400
441585	441935	-3.544429	-2	350
441935	442795	-5.640188	-3	860
442795	443335	-3.559740	-2	540
443335	443765	-0.796796	-1	430
443765	444265	0.454389	1	500
444265	445505	-1.017014	-1	1240
