380576	380916	1.469051	1	340
380916	381456	-1.065222	-1	540
381456	386156	1.923079	1	4700
386156	386776	-0.870906	-1	620
386776	395126	1.549413	1	8350
395126	395686	-0.444486	-1	560
395686	396866	2.195013	1	1180
396866	397076	-1.089555	-1	210
397076	397466	-2.572904	-2	390
397466	397866	-0.972497	-1	400
397866	399016	0.359797	1	1150
399016	399606	-0.195871	-1	590
399606	403056	1.513877	1	3450
403056	405646	7.843928	2	2590
405646	405936	2.074516	1	290
405936	406536	-0.352349	-1	600
406536	406876	-3.472227	-2	340
406876	407726	-5.543252	-3	850
407726	408016	-3.479586	-2	290
408016	408196	-0.971362	-1	180
408196	410496	1.708225	1	2300
410496	411916	5.552568	2	1420
411916	412106	2.117902	1	190
412106	412256	-1.117237	-1	150
412256	412566	-2.848541	-2	310
412566	412746	-1.024050	-1	180
412746	418256	2.718400	1	5510
418256	419506	6.558592	2	1250
419506	420716	2.299090	1	1210
420716	421416	4.909359	2	700
421416	422586	2.280562	1	1170
422586	428646	7.104119	2	6060
428646	428916	1.972430	1	270
428916	429046	-1.016192	-1	130
429046	429946	-4.061784	-2	900
429946	434086	-7.539347	-3	4140
434086	434216	-3.430699	-2	130
434216	434306	-1.038705	-1	90
434306	434826	2.523416	1	520
434826	434926	-1.114926	-1	100
434926	435056	-3.623299	-2	130
435056	435636	-6.741519	-3	580
435636	435886	-3.445812	-2	250
435886	438256	-0.501942	-1	2370
438256	438626	1.925390	1	370
438626	439706	6.014315	2	1080
439706	439936	1.909322	1	230
439936	440046	-1.049691	-1	110
440046	440206	-3.482499	-2	160
440206	440856	-6.044460	-3	650
440856	441106	-3.508663	-2	250
441106	441536	-0.810008	-1	430
441536	441856	-3.558839	-2	320
441856	442776	-5.639862	-3	920
442776	443286	-3.473180	-2	510
443286	443656	-0.870860	-1	370
443656	444246	0.514498	1	590
444246	445506	-1.022613	-1	1260
