380681	380961	1.063471	1	280
380961	381511	-0.777057	-1	550
381511	386221	1.817481	1	4710
386221	386821	-0.745780	-1	600
386821	395181	1.538193	1	8360
395181	395701	-0.380208	-1	520
395701	396921	1.996969	1	1220
396921	397161	-1.117776	-1	240
397161	397491	-2.455761	-2	330
397491	397971	-0.990020	-1	480
397971	399091	0.361795	1	1120
399091	399621	-0.172991	-1	530
399621	403081	1.485696	1	3460
403081	405711	7.714097	2	2630
405711	406041	1.979100	1	330
406041	406571	-0.468586	-1	530
406571	406971	-3.491737	-2	400
406971	407721	-5.543097	-3	750
407721	408061	-3.581269	-2	340
408061	408271	-1.027168	-1	210
408271	410511	1.678584	1	2240
410511	411961	5.387909	2	1450
411961	412201	1.612439	1	240
412201	412381	-1.042663	-1	180
412381	412631	-2.569354	-2	250
412631	412841	-1.036929	-1	210
412841	418301	3.031704	1	5460
418301	419561	6.624633	2	1260
419561	420671	2.223973	1	1110
420671	421471	4.698538	2	800
421471	422581	2.280914	1	1110
422581	428671	7.108685	2	6090
428671	428961	1.991392	1	290
428961	429121	-0.976796	-1	160
429121	429961	-4.071424	-2	840
429961	434091	-7.526298	-3	4130
434091	434261	-3.571510	-2	170
434261	434361	-1.059622	-1	100
434361	434861	1.945096	1	500
434861	434971	-0.910761	-1	110
434971	435131	-3.443460	-2	160
435131	435671	-6.501299	-3	540
435671	435961	-3.502905	-2	290
435961	438261	-0.524076	-1	2300
438261	438681	1.890521	1	420
438681	439731	5.880827	2	1050
439731	439981	2.025393	1	250
439981	440121	-0.964041	-1	140
440121	440291	-3.392341	-2	170
440291	440881	-5.953529	-3	590
440881	441181	-3.498776	-2	300
441181	441571	-1.177788	-1	390
441571	441931	-3.477605	-2	360
441931	442791	-5.644531	-3	860
442791	443341	-3.551636	-2	550
443341	443751	-0.801712	-1	410
443751	444271	0.443934	1	520
444271	445511	-1.019994	-1	1240
