380761	381011	0.770978	1	250
381011	381551	-0.561935	-1	540
381551	386271	1.067042	1	4720
386271	386861	-0.627026	-1	590
386861	396961	1.481264	1	10100
396961	398051	-1.370537	-1	1090
398051	403121	1.230793	1	5070
403121	405741	7.669238	2	2620
405741	406121	2.039954	1	380
406121	406601	-0.601020	-1	480
406601	407031	-3.467707	-2	430
407031	407721	-5.522799	-3	690
407721	408101	-3.591891	-2	380
408101	408331	-1.024466	-1	230
408331	410541	1.676455	1	2210
410541	411951	5.328191	2	1410
411951	412271	1.774765	1	320
412271	412491	-0.995533	-1	220
412491	412691	-2.404213	-2	200
412691	412901	-1.041356	-1	210
412901	418351	2.775371	1	5450
418351	419571	6.548944	2	1220
419571	420721	2.339781	1	1150
420721	421491	4.652259	2	770
421491	422641	2.414453	1	1150
422641	428691	7.107005	2	6050
428691	429001	1.967722	1	310
429001	429181	-0.996438	-1	180
429181	429981	-4.078196	-2	800
429981	434111	-7.508068	-3	4130
434111	434291	-3.541091	-2	180
434291	434421	-0.936116	-1	130
434421	434901	1.448220	1	480
434901	435021	-1.065266	-1	120
435021	435191	-3.475325	-2	170
435191	435691	-6.286387	-3	500
435691	436031	-3.513475	-2	340
436031	438261	-0.535099	-1	2230
438261	438741	1.950439	1	480
438741	439731	5.822706	2	990
439731	440031	1.978282	1	300
440031	440161	-1.069024	-1	130
440161	440361	-3.423386	-2	200
440361	440901	-5.927177	-3	540
440901	441241	-3.464350	-2	340
441241	441611	-1.545921	-1	370
441611	441991	-3.492892	-2	380
441991	442811	-5.626775	-3	820
442811	443381	-3.579322	-2	570
443381	443801	-0.812370	-1	420
443801	444351	0.534030	1	550
444351	445511	-0.858231	-1	1160
