380735	380985	0.843285	1	250
380985	381535	-0.623964	-1	550
381535	386255	1.074465	1	4720
386255	386855	-0.658640	-1	600
386855	396945	1.748063	1	10090
396945	398025	-1.401442	-1	1080
398025	403095	1.418911	1	5070
403095	405745	7.644871	2	2650
405745	406095	1.943563	1	350
406095	406585	-0.542610	-1	490
406585	407005	-3.430323	-2	420
407005	407725	-5.520318	-3	720
407725	408085	-3.580927	-2	360
408085	408315	-1.022114	-1	230
408315	410505	1.652318	1	2190
410505	411955	5.322299	2	1450
411955	412255	1.683388	1	300
412255	412465	-1.103132	-1	210
412465	412665	-2.496196	-2	200
412665	412895	-1.000810	-1	230
412895	418325	2.771791	1	5430
418325	419575	6.540891	2	1250
419575	420645	2.197337	1	1070
420645	421495	4.606331	2	850
421495	422615	2.350236	1	1120
422615	428685	7.102057	2	6070
428685	428995	1.927668	1	310
428995	429155	-0.995180	-1	160
429155	429965	-4.051410	-2	810
429965	434105	-7.508853	-3	4140
434105	434275	-3.589753	-2	170
434275	434395	-1.068949	-1	120
434395	434885	1.610197	1	490
434885	435005	-1.020833	-1	120
435005	435175	-3.515996	-2	170
435175	435685	-6.366391	-3	510
435685	436005	-3.517096	-2	320
436005	438255	-0.535591	-1	2250
438255	438715	1.878380	1	460
438715	439745	5.806519	2	1030
439745	440015	1.889840	1	270
440015	440155	-1.085534	-1	140
440155	440345	-3.534551	-2	190
440345	440895	-5.954360	-3	550
440895	441225	-3.450663	-2	330
441225	441605	-1.434010	-1	380
441605	441965	-3.494906	-2	360
441965	442805	-5.627406	-3	840
442805	443365	-3.575815	-2	560
443365	443775	-0.832743	-1	410
443775	444355	0.551623	1	580
444355	445505	-0.867813	-1	1150
