380480	380870	1.749618	1	390
380870	381400	-2.025708	-1	530
381400	386090	1.147652	1	4690
386090	386730	-0.971275	-1	640
386730	395090	1.556479	1	8360
395090	395670	-0.505777	-1	580
395670	396790	2.182326	1	1120
396790	397000	-0.996027	-1	210
397000	397430	-2.662441	-2	430
397430	397770	-0.980388	-1	340
397770	398920	0.361962	1	1150
398920	399570	-0.206545	-1	650
399570	403110	1.524369	1	3540
403110	405530	8.150826	2	2420
405530	405840	2.588518	1	310
405840	406500	-0.263409	-1	660
406500	406780	-3.414899	-2	280
406780	407710	-5.554411	-3	930
407710	407960	-3.517836	-2	250
407960	408110	-1.056213	-1	150
408110	410660	1.933819	1	2550
410660	411860	5.851761	2	1200
411860	412060	2.510912	1	200
412060	412130	-1.015289	-1	70
412130	412500	-3.182287	-2	370
412500	412730	-0.664108	-1	230
412730	418280	2.746896	1	5550
418280	419410	6.906593	2	1130
419410	422690	2.859212	1	3280
422690	428550	7.208075	2	5860
428550	428860	2.663492	1	310
428860	428970	-0.953638	-1	110
428970	429810	-4.048036	-2	840
429810	434050	-7.528564	-3	4240
434050	434180	-3.525934	-2	130
434180	434260	-0.893753	-1	80
434260	434790	3.038303	1	530
434790	434860	-1.050526	-1	70
434860	434970	-3.388479	-2	110
434970	435590	-6.902095	-3	620
435590	435830	-3.378109	-2	240
435830	438240	-0.468971	-1	2410
438240	438650	2.408270	1	410
438650	439630	6.337564	2	980
439630	439890	2.468394	1	260
439890	439980	-1.021115	-1	90
439980	440120	-3.504712	-2	140
440120	440830	-6.026507	-3	710
440830	441040	-3.496992	-2	210
441040	441190	-0.967158	-1	150
441190	441350	0.513098	1	160
441350	441490	-1.007681	-1	140
441490	441770	-3.529971	-2	280
441770	442750	-5.610710	-3	980
442750	443210	-3.468604	-2	460
443210	443570	-1.035738	-1	360
443570	444240	0.567835	1	670
444240	445510	-1.031489	-1	1270
