380469	380869	1.761802	1	400
380869	381389	-2.112085	-1	520
381389	386079	1.150238	1	4690
386079	386729	-0.970686	-1	650
386729	395089	1.557590	1	8360
395089	395669	-0.513940	-1	580
395669	396789	2.192758	1	1120
396789	396989	-1.001733	-1	200
396989	397419	-2.677845	-2	430
397419	397759	-1.003302	-1	340
397759	398909	0.362283	1	1150
398909	399559	-0.210938	-1	650
399559	403099	1.514697	1	3540
403099	405529	8.146165	2	2430
405529	405829	2.568099	1	300
405829	406509	-0.286255	-1	680
406509	406789	-3.579738	-2	280
406789	407709	-5.566525	-3	920
407709	407959	-3.489775	-2	250
407959	408099	-1.055081	-1	140
408099	410619	1.885763	1	2520
410619	411859	5.840931	2	1240
411859	412059	2.453662	1	200
412059	412129	-1.179300	-1	70
412129	412489	-3.278849	-2	360
412489	412729	-0.655220	-1	240
412729	418269	2.745968	1	5540
418269	419429	6.869854	2	1160
419429	422679	2.836377	1	3250
422679	428569	7.200267	2	5890
428569	428849	2.552761	1	280
428849	428959	-0.858470	-1	110
428959	429809	-4.036521	-2	850
429809	434049	-7.594134	-3	4240
434049	434169	-3.620402	-2	120
434169	434249	-1.050192	-1	80
434249	434779	3.121501	1	530
434779	434859	-1.033420	-1	80
434859	434979	-3.644558	-2	120
434979	435589	-6.974189	-3	610
435589	435819	-3.377272	-2	230
435819	438259	-0.464122	-1	2440
438259	438639	2.510104	1	380
438639	439629	6.340934	2	990
439629	439869	2.635860	1	240
439869	439969	-0.835844	-1	100
439969	440109	-3.445222	-2	140
440109	440829	-6.027056	-3	720
440829	441029	-3.512944	-2	200
441029	441179	-1.001558	-1	150
441179	441349	0.530787	1	170
441349	441489	-1.021332	-1	140
441489	441759	-3.533232	-2	270
441759	442749	-5.604249	-3	990
442749	443199	-3.476224	-2	450
443199	443569	-1.040307	-1	370
443569	444229	0.590172	1	660
444229	445509	-1.023940	-1	1280
