380696	380956	1.018378	1	260
380956	381516	-0.710032	-1	560
381516	386226	1.321106	1	4710
386226	386836	-0.703660	-1	610
386836	395196	1.536455	1	8360
395196	395696	-0.374427	-1	500
395696	396916	1.973964	1	1220
396916	397156	-1.000012	-1	240
397156	397486	-2.410737	-2	330
397486	397986	-1.007108	-1	500
397986	403166	1.121073	1	5180
403166	405646	7.905664	2	2480
405646	406056	2.382031	1	410
406056	406576	-0.504683	-1	520
406576	406986	-3.507550	-2	410
406986	407726	-5.534856	-3	740
407726	408076	-3.505688	-2	350
408076	408286	-0.963797	-1	210
408286	410676	1.864042	1	2390
410676	411906	5.551071	2	1230
411906	412216	2.046597	1	310
412216	412396	-0.995448	-1	180
412396	412646	-2.504925	-2	250
412646	412856	-1.002384	-1	210
412856	418386	2.781026	1	5530
418386	419496	6.897239	2	1110
419496	422726	2.998093	1	3230
422726	428616	7.198731	2	5890
428616	428966	2.360157	1	350
428966	429136	-1.003916	-1	170
429136	429966	-4.086744	-2	830
429966	434096	-7.523246	-3	4130
434096	434266	-3.520885	-2	170
434266	434376	-0.958996	-1	110
434376	434866	1.865677	1	490
434866	434976	-0.924803	-1	110
434976	435146	-3.466287	-2	170
435146	435676	-6.459981	-3	530
435676	435986	-3.428166	-2	310
435986	438256	-0.519752	-1	2270
438256	438766	2.244874	1	510
438766	439676	6.088953	2	910
439676	439986	2.427360	1	310
439986	440126	-0.955820	-1	140
440126	440306	-3.403551	-2	180
440306	440886	-5.952395	-3	580
440886	441196	-3.449191	-2	310
441196	441586	-1.267681	-1	390
441586	441946	-3.538768	-2	360
441946	442796	-5.641206	-3	850
442796	443346	-3.553263	-2	550
443346	443766	-0.796442	-1	420
443766	444276	0.429518	1	510
444276	445506	-1.021908	-1	1230
