380590	380910	1.467571	1	320
380910	381460	-1.009767	-1	550
381460	386160	2.090324	1	4700
386160	386780	-0.849505	-1	620
386780	395130	1.548116	1	8350
395130	395700	-0.425920	-1	570
395700	396870	2.195307	1	1170
396870	397080	-1.048651	-1	210
397080	397460	-2.562243	-2	380
397460	397880	-0.995563	-1	420
397880	399030	0.358933	1	1150
399030	399600	-0.196607	-1	570
399600	403080	1.522494	1	3480
403080	405640	7.877956	2	2560
405640	405950	2.147300	1	310
405950	406540	-0.367871	-1	590
406540	406890	-3.488378	-2	350
406890	407720	-5.548414	-3	830
407720	408010	-3.568737	-2	290
408010	408200	-1.065704	-1	190
408200	410520	1.723014	1	2320
410520	411920	5.551103	2	1400
411920	412110	2.124105	1	190
412110	412260	-0.983906	-1	150
412260	412570	-2.766754	-2	310
412570	412760	-1.050617	-1	190
412760	418280	2.728603	1	5520
418280	419490	6.613228	2	1210
419490	420770	2.406495	1	1280
420770	421390	4.997231	2	620
421390	422620	2.381955	1	1230
422620	428630	7.124619	2	6010
428630	428920	2.109006	1	290
428920	429060	-1.042371	-1	140
429060	429950	-4.077900	-2	890
429950	434080	-7.542285	-3	4130
434080	434220	-3.530123	-2	140
434220	434320	-0.960137	-1	100
434320	434830	2.472000	1	510
434830	434930	-1.053299	-1	100
434930	435070	-3.652857	-2	140
435070	435630	-6.749461	-3	560
435630	435900	-3.485973	-2	270
435900	438260	-0.499967	-1	2360
438260	438660	2.087371	1	400
438660	439690	6.075616	2	1030
439690	439940	2.085024	1	250
439940	440050	-1.002141	-1	110
440050	440220	-3.444652	-2	170
440220	440860	-6.036850	-3	640
440860	441120	-3.469537	-2	260
441120	441550	-0.870659	-1	430
441550	441850	-3.522297	-2	300
441850	442780	-5.628822	-3	930
442780	443280	-3.509830	-2	500
443280	443680	-0.866834	-1	400
443680	444240	0.521044	1	560
444240	445510	-1.012146	-1	1270
