380454	380874	1.746589	1	420
380874	381384	-2.270197	-1	510
381384	386074	1.153068	1	4690
386074	386714	-1.001538	-1	640
386714	395084	1.557066	1	8370
395084	395654	-0.532309	-1	570
395654	396774	2.203666	1	1120
396774	396984	-0.996264	-1	210
396984	397414	-2.692851	-2	430
397414	397744	-1.001418	-1	330
397744	398894	0.362675	1	1150
398894	399564	-0.208353	-1	670
399564	403114	1.540684	1	3550
403114	405504	8.208573	2	2390
405504	405814	2.721643	1	310
405814	406504	-0.273734	-1	690
406504	406774	-3.581985	-2	270
406774	407704	-5.571877	-3	930
407704	407944	-3.537532	-2	240
407944	408094	-1.046721	-1	150
408094	410784	2.098164	1	2690
410784	411844	5.984327	2	1060
411844	412044	2.693216	1	200
412044	412114	-1.038043	-1	70
412114	412474	-3.369376	-2	360
412474	412734	-0.621183	-1	260
412734	418264	2.752356	1	5530
418264	419394	6.937125	2	1130
419394	422704	2.872017	1	3310
422704	428554	7.218058	2	5850
428554	428854	2.549149	1	300
428854	428944	-0.944168	-1	90
428944	429804	-4.023495	-2	860
429804	434054	-7.590135	-3	4250
434054	434164	-3.467472	-2	110
434164	434254	-0.923292	-1	90
434254	434774	3.259729	1	520
434774	434844	-0.928732	-1	70
434844	434964	-3.528911	-2	120
434964	435584	-6.981259	-3	620
435584	435814	-3.333699	-2	230
435814	438244	-0.459597	-1	2430
438244	438634	2.476646	1	390
438634	439614	6.377262	2	980
439614	439874	2.631279	1	260
439874	439964	-1.037265	-1	90
439964	440094	-3.496685	-2	130
440094	440824	-6.013054	-3	730
440824	441024	-3.492153	-2	200
441024	441164	-0.950860	-1	140
441164	441334	0.585563	1	170
441334	441494	-1.014846	-1	160
441494	441744	-3.586592	-2	250
441744	442744	-5.597630	-3	1000
442744	443184	-3.490970	-2	440
443184	443554	-1.082018	-1	370
443554	444234	0.595368	1	680
444234	445504	-1.034516	-1	1270
