380466	380866	1.771631	1	400
380866	381396	-2.106670	-1	530
381396	386076	1.153301	1	4680
386076	386726	-0.974041	-1	650
386726	395086	1.557908	1	8360
395086	395656	-0.525531	-1	570
395656	396786	2.176279	1	1130
396786	396986	-1.003841	-1	200
396986	397416	-2.679396	-2	430
397416	397756	-1.004585	-1	340
397756	398906	0.362315	1	1150
398906	399556	-0.211792	-1	650
399556	403106	1.523500	1	3550
403106	405516	8.174093	2	2410
405516	405826	2.646985	1	310
405826	406506	-0.280853	-1	680
406506	406786	-3.581993	-2	280
406786	407706	-5.567881	-3	920
407706	407956	-3.499220	-2	250
407956	408096	-1.057258	-1	140
408096	411236	2.925978	1	3140
411236	411856	6.288155	2	620
411856	412036	2.736480	1	180
412036	412126	-0.922294	-1	90
412126	412486	-3.298028	-2	360
412486	412736	-0.628309	-1	250
412736	418266	2.749322	1	5530
418266	419406	6.911387	2	1140
419406	422696	2.860639	1	3290
422696	428546	7.214635	2	5850
428546	428846	2.736697	1	300
428846	428956	-0.852211	-1	110
428956	429816	-4.044810	-2	860
429816	434056	-7.594701	-3	4240
434056	434166	-3.511277	-2	110
434166	434246	-1.081429	-1	80
434246	434776	3.140142	1	530
434776	434856	-0.994750	-1	80
434856	434976	-3.649938	-2	120
434976	435586	-6.985857	-3	610
435586	435816	-3.385442	-2	230
435816	438246	-0.467040	-1	2430
438246	438636	2.438098	1	390
438636	439636	6.337386	2	1000
439636	439866	2.556122	1	230
439866	439966	-0.837232	-1	100
439966	440106	-3.447514	-2	140
440106	440826	-6.024863	-3	720
440826	441026	-3.537001	-2	200
441026	441176	-0.995947	-1	150
441176	441346	0.549491	1	170
441346	441486	-1.001833	-1	140
441486	441756	-3.533883	-2	270
441756	442756	-5.598732	-3	1000
442756	443196	-3.444679	-2	440
443196	443566	-1.047356	-1	370
443566	444226	0.598495	1	660
444226	445506	-1.024428	-1	1280
