380566	380916	1.478892	1	350
380916	381446	-1.118540	-1	530
381446	386146	1.960039	1	4700
386146	386766	-0.887034	-1	620
386766	395126	1.548509	1	8360
395126	395686	-0.453764	-1	560
395686	396856	2.228679	1	1170
396856	397066	-1.059329	-1	210
397066	397456	-2.594588	-2	390
397456	397856	-0.986119	-1	400
397856	399006	0.359951	1	1150
399006	399616	-0.192776	-1	610
399616	403066	1.531978	1	3450
403066	405626	7.895980	2	2560
405626	405926	2.160226	1	300
405926	406536	-0.353533	-1	610
406536	406866	-3.494134	-2	330
406866	407726	-5.543744	-3	860
407726	408016	-3.440931	-2	290
408016	408186	-0.934910	-1	170
408186	410506	1.720213	1	2320
410506	411916	5.578358	2	1410
411916	412096	2.148559	1	180
412096	412256	-1.190917	-1	160
412256	412556	-2.929603	-2	300
412556	412736	-1.033876	-1	180
412736	418256	3.634707	1	5520
418256	419496	6.591405	2	1240
419496	420726	2.075223	1	1230
420726	421406	4.952922	2	680
421406	422596	2.299914	1	1190
422596	428636	7.116540	2	6040
428636	428906	2.062423	1	270
428906	429036	-0.984206	-1	130
429036	429956	-4.066642	-2	920
429956	434076	-7.553071	-3	4120
434076	434206	-3.599816	-2	130
434206	434306	-1.049214	-1	100
434306	434816	2.639122	1	510
434816	434916	-0.992749	-1	100
434916	435046	-3.552950	-2	130
435046	435626	-6.774886	-3	580
435626	435876	-3.501008	-2	250
435876	438256	-0.501041	-1	2380
438256	438636	2.013919	1	380
438636	439696	6.072010	2	1060
439696	439926	2.034351	1	230
439926	440036	-0.975143	-1	110
440036	440196	-3.452832	-2	160
440196	440856	-6.039098	-3	660
440856	441096	-3.520327	-2	240
441096	441536	-0.793404	-1	440
441536	441846	-3.574231	-2	310
441846	442766	-5.643312	-3	920
442766	443286	-3.470078	-2	520
443286	443656	-0.839192	-1	370
443656	444246	0.526097	1	590
444246	445506	-1.022672	-1	1260
