380584	380914	1.456633	1	330
380914	381454	-1.043283	-1	540
381454	386154	2.107661	1	4700
386154	386784	-0.842271	-1	630
386784	395124	1.550357	1	8340
395124	395694	-0.425712	-1	570
395694	396864	2.200515	1	1170
396864	397084	-1.078200	-1	220
397084	397454	-2.582702	-2	370
397454	397874	-1.003772	-1	420
397874	399024	0.359291	1	1150
399024	399604	-0.194913	-1	580
399604	403104	1.547466	1	3500
403104	405604	7.966506	2	2500
405604	405944	2.359092	1	340
405944	406544	-0.379486	-1	600
406544	406884	-3.514877	-2	340
406884	407714	-5.555770	-3	830
407714	408024	-3.497377	-2	310
408024	408194	-0.976840	-1	170
408194	410584	1.799819	1	2390
410584	411894	5.634221	2	1310
411894	412114	2.302946	1	220
412114	412264	-1.099991	-1	150
412264	412564	-2.839473	-2	300
412564	412754	-1.041951	-1	190
412754	418304	3.101300	1	5550
418304	419474	6.696444	2	1170
419474	422664	2.938148	1	3190
422664	428604	7.158265	2	5940
428604	428914	2.306322	1	310
428914	429044	-0.927124	-1	130
429044	429954	-4.060693	-2	910
429954	434084	-7.543746	-3	4130
434084	434214	-3.485189	-2	130
434214	434304	-1.104220	-1	90
434304	434834	2.405522	1	530
434834	434924	-1.129677	-1	90
434924	435054	-3.464712	-2	130
435054	435634	-6.711059	-3	580
435634	435894	-3.450391	-2	260
435894	438254	-0.501721	-1	2360
438254	438684	2.222372	1	430
438684	439664	6.170851	2	980
439664	439934	2.306940	1	270
439934	440044	-0.935483	-1	110
440044	440214	-3.458611	-2	170
440214	440864	-6.031446	-3	650
440864	441114	-3.427186	-2	250
441114	441544	-0.860980	-1	430
441544	441854	-3.552242	-2	310
441854	442764	-5.643939	-3	910
442764	443284	-3.524537	-2	520
443284	443674	-0.848681	-1	390
443674	444244	0.519834	1	570
444244	445504	-1.021069	-1	1260
