380678	380958	1.078781	1	280
380958	381508	-0.780508	-1	550
381508	386218	1.801726	1	4710
386218	386828	-0.734056	-1	610
386828	395188	1.538270	1	8360
395188	395698	-0.388502	-1	510
395698	396918	1.998431	1	1220
396918	397158	-1.102657	-1	240
397158	397488	-2.456777	-2	330
397488	397968	-0.997497	-1	480
397968	399098	0.358814	1	1130
399098	399618	-0.177775	-1	520
399618	403078	1.484082	1	3460
403078	405718	7.699994	2	2640
405718	406038	1.938626	1	320
406038	406578	-0.489742	-1	540
406578	406968	-3.517887	-2	390
406968	407718	-5.543094	-3	750
407718	408058	-3.599634	-2	340
408058	408268	-1.038239	-1	210
408268	410508	1.672681	1	2240
410508	411958	5.395182	2	1450
411958	412198	1.630553	1	240
412198	412398	-1.136733	-1	200
412398	412628	-2.611567	-2	230
412628	412838	-1.059041	-1	210
412838	418298	2.749619	1	5460
418298	419568	6.608490	2	1270
419568	420658	2.190743	1	1090
420658	421468	4.691722	2	810
421468	422578	2.280721	1	1110
422578	428668	7.109116	2	6090
428668	428958	2.020527	1	290
428958	429118	-0.961927	-1	160
429118	429968	-4.072442	-2	850
429968	434098	-7.527496	-3	4130
434098	434268	-3.442407	-2	170
434268	434358	-1.003124	-1	90
434358	434858	1.963572	1	500
434858	434978	-0.970242	-1	120
434978	435128	-3.494887	-2	150
435128	435668	-6.509465	-3	540
435668	435968	-3.477756	-2	300
435968	438258	-0.519803	-1	2290
438258	438678	1.868457	1	420
438678	439728	5.888597	2	1050
439728	439988	1.981734	1	260
439988	440128	-1.077077	-1	140
440128	440298	-3.526491	-2	170
440298	440888	-5.957808	-3	590
440888	441178	-3.473627	-2	290
441178	441578	-1.194719	-1	400
441578	441928	-3.501750	-2	350
441928	442798	-5.637058	-3	870
442798	443338	-3.538162	-2	540
443338	443748	-0.812902	-1	410
443748	444268	0.444163	1	520
444268	445508	-1.017978	-1	1240
