380744	380984	0.833087	1	240
380984	381534	-0.599338	-1	550
381534	386264	1.069935	1	4730
386264	386864	-0.646287	-1	600
386864	396954	1.748387	1	10090
396954	398034	-1.395685	-1	1080
398034	403094	1.291016	1	5060
403094	405754	7.626256	2	2660
405754	406104	1.937597	1	350
406104	406594	-0.560541	-1	490
406594	407024	-3.480096	-2	430
407024	407724	-5.532439	-3	700
407724	408094	-3.581946	-2	370
408094	408324	-1.005358	-1	230
408324	410484	1.625902	1	2160
410484	411964	5.284411	2	1480
411964	412264	1.634178	1	300
412264	412464	-1.024676	-1	200
412464	412674	-2.442924	-2	210
412674	412894	-1.042192	-1	220
412894	418324	2.768350	1	5430
418324	419594	6.480752	2	1270
419594	420614	2.119863	1	1020
420614	421514	4.561265	2	900
421514	422614	2.330925	1	1100
422614	428694	7.096151	2	6080
428694	429004	1.870934	1	310
429004	429164	-1.025661	-1	160
429164	429974	-4.057499	-2	810
429974	434114	-7.506907	-3	4140
434114	434284	-3.531498	-2	170
434284	434404	-1.022401	-1	120
434404	434894	1.564808	1	490
434894	435014	-1.075265	-1	120
435014	435184	-3.531087	-2	170
435184	435694	-6.342912	-3	510
435694	436014	-3.497158	-2	320
436014	438254	-0.536869	-1	2240
438254	438714	1.833444	1	460
438714	439754	5.770982	2	1040
439754	440014	1.888376	1	260
440014	440154	-1.002299	-1	140
440154	440344	-3.399087	-2	190
440344	440894	-5.940674	-3	550
440894	441234	-3.470988	-2	340
441234	441604	-1.454471	-1	370
441604	441984	-3.508970	-2	380
441984	442804	-5.638936	-3	820
442804	443374	-3.585778	-2	570
443374	443784	-0.822925	-1	410
443784	444354	0.548238	1	570
444354	445504	-0.868948	-1	1150
