380724	380974	0.894708	1	250
380974	381524	-0.650258	-1	550
381524	386254	1.287787	1	4730
386254	386854	-0.672930	-1	600
386854	396944	1.488614	1	10090
396944	398014	-1.420224	-1	1070
398014	403154	1.464308	1	5140
403154	405684	7.820110	2	2530
405684	406084	2.242221	1	400
406084	406594	-0.561529	-1	510
406594	407014	-3.546384	-2	420
407014	407724	-5.539312	-3	710
407724	408084	-3.555363	-2	360
408084	408304	-1.010146	-1	220
408304	410624	1.788285	1	2320
410624	411914	5.472448	2	1290
411914	412244	1.977102	1	330
412244	412454	-1.106959	-1	210
412454	412654	-2.522979	-2	200
412654	412884	-1.028659	-1	230
412884	418364	2.779572	1	5480
418364	419524	6.743909	2	1160
419524	420884	2.612419	1	1360
420884	421414	4.894726	2	530
421414	422694	2.570335	1	1280
422694	428644	7.165132	2	5950
428644	428974	2.259348	1	330
428974	429144	-0.890978	-1	170
429144	429964	-4.045576	-2	820
429964	434114	-7.504572	-3	4150
434114	434274	-3.458171	-2	160
434274	434394	-0.985073	-1	120
434394	434874	1.708360	1	480
434874	434994	-0.918958	-1	120
434994	435174	-3.536386	-2	180
435174	435684	-6.404205	-3	510
435684	436004	-3.466742	-2	320
436004	438254	-0.528373	-1	2250
438254	438764	2.133340	1	510
438764	439704	5.986255	2	940
439704	440004	2.205685	1	300
440004	440144	-1.019877	-1	140
440144	440334	-3.474617	-2	190
440334	440884	-5.965705	-3	550
440884	441214	-3.504031	-2	330
441214	441604	-1.401161	-1	390
441604	441954	-3.502732	-2	350
441954	442814	-5.618390	-3	860
442814	443354	-3.556517	-2	540
443354	443774	-0.832925	-1	420
443774	444344	0.579088	1	570
444344	445504	-0.860623	-1	1160
