380685	380955	1.073535	1	270
380955	381505	-0.762738	-1	550
381505	386225	1.800371	1	4720
386225	386825	-0.738468	-1	600
386825	395185	1.537735	1	8360
395185	395695	-0.381878	-1	510
395695	396915	1.990703	1	1220
396915	397155	-1.037062	-1	240
397155	397495	-2.433812	-2	340
397495	397975	-0.986970	-1	480
397975	399105	0.358048	1	1130
399105	399605	-0.181614	-1	500
399605	403085	1.480669	1	3480
403085	405715	7.709310	2	2630
405715	406045	1.974868	1	330
406045	406575	-0.485958	-1	530
406575	406975	-3.499051	-2	400
406975	407725	-5.537619	-3	750
407725	408065	-3.556190	-2	340
408065	408275	-1.018377	-1	210
408275	410495	1.659514	1	2220
410495	411955	5.374419	2	1460
411955	412205	1.671329	1	250
412205	412385	-1.015650	-1	180
412385	412635	-2.560440	-2	250
412635	412845	-1.035671	-1	210
412845	418305	2.752825	1	5460
418305	419565	6.616756	2	1260
419565	420675	2.227171	1	1110
420675	421485	4.683756	2	810
421485	422585	2.272509	1	1100
422585	428685	7.101137	2	6100
428685	428965	1.892832	1	280
428965	429125	-0.991915	-1	160
429125	429965	-4.075323	-2	840
429965	434095	-7.525919	-3	4130
434095	434265	-3.533178	-2	170
434265	434365	-1.017892	-1	100
434365	434865	1.918531	1	500
434865	434975	-0.956316	-1	110
434975	435135	-3.458195	-2	160
435135	435675	-6.481925	-3	540
435675	435975	-3.443307	-2	300
435975	438255	-0.520494	-1	2280
438255	438685	1.864653	1	430
438685	439735	5.874784	2	1050
439735	439985	1.982073	1	250
439985	440125	-0.971346	-1	140
440125	440295	-3.403799	-2	170
440295	440885	-5.949765	-3	590
440885	441185	-3.480188	-2	300
441185	441575	-1.207746	-1	390
441575	441935	-3.485424	-2	360
441935	442795	-5.641711	-3	860
442795	443345	-3.543703	-2	550
443345	443755	-0.796654	-1	410
443755	444275	0.439933	1	520
444275	445505	-1.025567	-1	1230
