380733	380973	0.875638	1	240
380973	381533	-0.616083	-1	560
381533	386253	1.074355	1	4720
386253	386853	-0.658577	-1	600
386853	396943	1.748197	1	10090
396943	398023	-1.401040	-1	1080
398023	403153	1.463362	1	5130
403153	405683	7.812917	2	2530
405683	406093	2.265364	1	410
406093	406583	-0.536191	-1	490
406583	407003	-3.432358	-2	420
407003	407723	-5.524419	-3	720
407723	408083	-3.583491	-2	360
408083	408313	-1.023226	-1	230
408313	410603	1.763371	1	2290
410603	411913	5.448295	2	1310
411913	412253	1.973580	1	340
412253	412463	-1.102096	-1	210
412463	412663	-2.493855	-2	200
412663	412893	-0.999992	-1	230
412893	418373	2.785763	1	5480
418373	419533	6.726956	2	1160
419533	420853	2.564900	1	1320
420853	421413	4.861361	2	560
421413	422693	2.573081	1	1280
422693	428643	7.166831	2	5950
428643	428993	2.178570	1	350
428993	429153	-0.994680	-1	160
429153	429963	-4.048948	-2	810
429963	434113	-7.502859	-3	4150
434113	434273	-3.529142	-2	160
434273	434393	-1.096607	-1	120
434393	434893	1.586130	1	500
434893	435003	-1.081647	-1	110
435003	435173	-3.491716	-2	170
435173	435683	-6.374978	-3	510
435683	436003	-3.527592	-2	320
436003	438253	-0.534949	-1	2250
438253	438763	2.101745	1	510
438763	439703	5.968584	2	940
439703	440013	2.174195	1	310
440013	440153	-1.087343	-1	140
440153	440343	-3.532797	-2	190
440343	440903	-5.938632	-3	560
440903	441223	-3.415368	-2	320
441223	441603	-1.419638	-1	380
441603	441963	-3.486700	-2	360
441963	442813	-5.621445	-3	850
442813	443363	-3.556844	-2	550
443363	443783	-0.816183	-1	420
443783	444353	0.562117	1	570
444353	445503	-0.864858	-1	1150
