380693	380963	1.026647	1	270
380963	381513	-0.743937	-1	550
381513	386233	1.336446	1	4720
386233	386833	-0.727019	-1	600
386833	395193	1.537009	1	8360
395193	395703	-0.373478	-1	510
395703	396923	1.982060	1	1220
396923	397163	-1.064558	-1	240
397163	397493	-2.429105	-2	330
397493	397983	-0.996088	-1	490
397983	399103	0.360618	1	1120
399103	399603	-0.178732	-1	500
399603	403073	1.466709	1	3470
403073	405733	7.661899	2	2660
405733	406053	1.894545	1	320
406053	406583	-0.504917	-1	530
406583	406983	-3.524664	-2	400
406983	407723	-5.542735	-3	740
407723	408073	-3.549693	-2	350
408073	408283	-0.989364	-1	210
408283	410483	1.645949	1	2200
410483	411963	5.345938	2	1480
411963	412203	1.674421	1	240
412203	412403	-1.026295	-1	200
412403	412633	-2.577890	-2	230
412633	412853	-1.056444	-1	220
412853	418293	3.028994	1	5440
418293	419583	6.539508	2	1290
419583	420603	2.087344	1	1020
420603	421503	4.595224	2	900
421503	422573	2.235247	1	1070
422573	428683	7.095615	2	6110
428683	428973	1.893140	1	290
428973	429133	-1.028504	-1	160
429133	429963	-4.076881	-2	830
429963	434103	-7.517992	-3	4140
434103	434273	-3.453427	-2	170
434273	434373	-0.951268	-1	100
434373	434863	1.914757	1	490
434863	434983	-0.942376	-1	120
434983	435143	-3.504576	-2	160
435143	435673	-6.487611	-3	530
435673	435973	-3.509744	-2	300
435973	438263	-0.525159	-1	2290
438263	438673	1.818815	1	410
438673	439753	5.803624	2	1080
439753	439993	1.822558	1	240
439993	440133	-1.043065	-1	140
440133	440303	-3.462068	-2	170
440303	440893	-5.943646	-3	590
440893	441193	-3.443352	-2	300
441193	441593	-1.252216	-1	400
441593	441943	-3.553200	-2	350
441943	442793	-5.646080	-3	850
442793	443343	-3.574077	-2	550
443343	443773	-0.791458	-1	430
443773	444273	0.445296	1	500
444273	445503	-1.025261	-1	1230
