380706	380986	0.951350	1	280
380986	381516	-0.721757	-1	530
381516	386236	1.304280	1	4720
386236	386836	-0.702110	-1	600
386836	396926	1.491654	1	10090
396926	397986	-1.447051	-1	1060
397986	403196	1.138908	1	5210
403196	405646	7.936779	2	2450
405646	406066	2.400160	1	420
406066	406586	-0.539904	-1	520
406586	406996	-3.535997	-2	410
406996	407726	-5.536769	-3	730
407726	408076	-3.526064	-2	350
408076	408286	-1.022868	-1	210
408286	410776	1.972880	1	2490
410776	411886	5.616364	2	1110
411886	412226	2.203649	1	340
412226	412436	-1.144062	-1	210
412436	412646	-2.539004	-2	210
412646	412856	-1.068670	-1	210
412856	418406	2.785233	1	5550
418406	419486	6.933093	2	1080
419486	422756	3.023044	1	3270
422756	428596	7.216381	2	5840
428596	428966	2.522969	1	370
428966	429136	-0.924870	-1	170
429136	429966	-4.069907	-2	830
429966	434106	-7.513286	-3	4140
434106	434266	-3.497877	-2	160
434266	434386	-0.954803	-1	120
434386	434866	1.819008	1	480
434866	434996	-1.022940	-1	130
434996	435156	-3.637826	-2	160
435156	435676	-6.434569	-3	520
435676	435986	-3.486148	-2	310
435986	438246	-0.529219	-1	2260
438246	438786	2.266806	1	540
438786	439676	6.095703	2	890
439676	439996	2.378297	1	320
439996	440136	-1.001359	-1	140
440136	440326	-3.544974	-2	190
440326	440896	-5.950857	-3	570
440896	441206	-3.394624	-2	310
441206	441586	-1.302006	-1	380
441586	441956	-3.528329	-2	370
441956	442796	-5.646014	-3	840
442796	443346	-3.575936	-2	550
443346	445506	-0.642729	-1	2160
