380644	380934	1.228029	1	290
380934	381484	-0.858108	-1	550
381484	386194	1.891832	1	4710
386194	386814	-0.763894	-1	620
386814	395154	1.544611	1	8340
395154	395704	-0.383858	-1	550
395704	396894	2.084260	1	1190
396894	397114	-1.017424	-1	220
397114	397474	-2.475648	-2	360
397474	397934	-0.994179	-1	460
397934	399064	0.361491	1	1130
399064	399594	-0.187803	-1	530
399594	403174	1.574657	1	3580
403174	405604	8.010188	2	2430
405604	406004	2.494993	1	400
406004	406564	-0.456701	-1	560
406564	406934	-3.516047	-2	370
406934	407704	-5.552431	-3	770
407704	408044	-3.593667	-2	340
408044	408244	-0.986629	-1	200
408244	410734	1.958096	1	2490
410734	411884	5.664330	2	1150
411884	412154	2.373608	1	270
412154	412344	-1.025656	-1	190
412344	412604	-2.661451	-2	260
412604	412814	-1.011106	-1	210
412814	418374	2.773869	1	5560
418374	419464	7.032122	2	1090
419464	422754	3.017976	1	3290
422754	428584	7.237525	2	5830
428584	428934	2.541945	1	350
428934	429094	-0.948369	-1	160
429094	429954	-4.075498	-2	860
429954	434084	-7.532478	-3	4130
434084	434234	-3.611644	-2	150
434234	434344	-1.048961	-1	110
434344	434854	2.107673	1	510
434854	434954	-1.096358	-1	100
434954	435104	-3.536041	-2	150
435104	435654	-6.578776	-3	550
435654	435944	-3.434063	-2	290
435944	438254	-0.510155	-1	2310
438254	438754	2.381699	1	500
438754	439664	6.179266	2	910
439664	439964	2.454294	1	300
439964	440104	-0.992880	-1	140
440104	440274	-3.551098	-2	170
440274	440874	-5.964028	-3	600
440874	441154	-3.450741	-2	280
441154	441564	-1.086268	-1	410
441564	441904	-3.545554	-2	340
441904	442784	-5.643490	-3	880
442784	443314	-3.534268	-2	530
443314	443724	-0.813036	-1	410
443724	444264	0.468655	1	540
444264	445504	-1.025919	-1	1240
