380566	380916	1.479482	1	350
380916	381446	-1.118822	-1	530
381446	386146	1.960236	1	4700
386146	386766	-0.887179	-1	620
386766	395126	1.548517	1	8360
395126	395686	-0.453850	-1	560
395686	396856	2.228777	1	1170
396856	397066	-1.058980	-1	210
397066	397456	-2.594787	-2	390
397456	397856	-0.986310	-1	400
397856	399006	0.359953	1	1150
399006	399616	-0.192811	-1	610
399616	403056	1.524522	1	3440
403056	405646	7.851867	2	2590
405646	405926	2.022976	1	280
405926	406536	-0.353245	-1	610
406536	406866	-3.493748	-2	330
406866	407726	-5.543818	-3	860
407726	408016	-3.441676	-2	290
408016	408186	-0.935355	-1	170
408186	410506	1.720132	1	2320
410506	411916	5.578448	2	1410
411916	412096	2.150123	1	180
412096	412256	-1.190768	-1	160
412256	412556	-2.930140	-2	300
412556	412736	-1.034065	-1	180
412736	418256	3.595438	1	5520
418256	419496	6.591551	2	1240
419496	420726	2.075145	1	1230
420726	421406	4.953034	2	680
421406	422586	2.284683	1	1180
422586	428636	7.111554	2	6050
428636	428906	2.063468	1	270
428906	429036	-0.983623	-1	130
429036	429956	-4.066523	-2	920
429956	434076	-7.553099	-3	4120
434076	434206	-3.601502	-2	130
434206	434306	-1.050456	-1	100
434306	434816	2.639733	1	510
434816	434916	-0.991487	-1	100
434916	435046	-3.552153	-2	130
435046	435626	-6.775212	-3	580
435626	435876	-3.501559	-2	250
435876	438256	-0.501071	-1	2380
438256	438626	1.957641	1	370
438626	439706	6.035171	2	1080
439706	439926	1.942510	1	220
439926	440036	-0.974315	-1	110
440036	440196	-3.452366	-2	160
440196	440856	-6.039237	-3	660
440856	441096	-3.521152	-2	240
441096	441536	-0.792987	-1	440
441536	441846	-3.573892	-2	310
441846	442766	-5.643354	-3	920
442766	443286	-3.470394	-2	520
443286	443656	-0.839525	-1	370
443656	444246	0.526176	1	590
444246	445506	-1.022686	-1	1260
