380760	381000	0.743880	1	240
381000	381540	-0.569659	-1	540
381540	386270	1.065681	1	4730
386270	386870	-0.621397	-1	600
386870	396960	1.745575	1	10090
396960	398050	-1.372130	-1	1090
398050	403140	1.240998	1	5090
403140	405720	7.726149	2	2580
405720	406120	2.138883	1	400
406120	406610	-0.625751	-1	490
406610	407030	-3.503056	-2	420
407030	407720	-5.524328	-3	690
407720	408110	-3.555335	-2	390
408110	408330	-0.982020	-1	220
408330	410550	1.687689	1	2220
410550	411950	5.340801	2	1400
411950	412270	1.782459	1	320
412270	412490	-1.021150	-1	220
412490	412690	-2.420049	-2	200
412690	412900	-1.028465	-1	210
412900	418370	2.779813	1	5470
418370	419570	6.594763	2	1200
419570	420760	2.397437	1	1190
420760	421460	4.709312	2	700
421460	422660	2.482714	1	1200
422660	428670	7.127739	2	6010
428670	429000	2.096716	1	330
429000	429180	-0.998158	-1	180
429180	429970	-4.066856	-2	790
429970	434110	-7.502904	-3	4140
434110	434300	-3.474271	-2	190
434300	434410	-0.941499	-1	110
434410	434890	1.478049	1	480
434890	435020	-0.987377	-1	130
435020	435190	-3.480968	-2	170
435190	435690	-6.302080	-3	500
435690	436030	-3.513433	-2	340
436030	438260	-0.533949	-1	2230
438260	438760	2.029717	1	500
438760	439730	5.863454	2	970
439730	440020	2.062609	1	290
440020	440160	-0.993885	-1	140
440160	440360	-3.444633	-2	200
440360	440900	-5.932421	-3	540
440900	441230	-3.516281	-2	330
441230	441620	-1.553954	-1	390
441620	441990	-3.535778	-2	370
441990	442810	-5.628367	-3	820
442810	443380	-3.581561	-2	570
443380	443800	-0.814089	-1	420
443800	444360	0.529688	1	560
444360	445510	-0.866392	-1	1150
