380694	380954	1.025589	1	260
380954	381514	-0.713347	-1	560
381514	386224	1.321541	1	4710
386224	386834	-0.705590	-1	610
386834	395194	1.536566	1	8360
395194	395694	-0.375851	-1	500
395694	396914	1.975706	1	1220
396914	397154	-0.990976	-1	240
397154	397484	-2.413483	-2	330
397484	397984	-1.010345	-1	500
397984	403154	1.247531	1	5170
403154	405664	7.868196	2	2510
405664	406054	2.278676	1	390
406054	406574	-0.494462	-1	520
406574	406984	-3.500283	-2	410
406984	407724	-5.539413	-3	740
407724	408074	-3.518442	-2	350
408074	408284	-0.971433	-1	210
408284	410604	1.781172	1	2320
410604	411914	5.492123	2	1310
411914	412214	1.987818	1	300
412214	412394	-0.994205	-1	180
412394	412644	-2.518835	-2	250
412644	412854	-1.002959	-1	210
412854	418354	2.770262	1	5500
418354	419514	6.800992	2	1160
419514	420884	2.610180	1	1370
420884	421394	4.958437	2	510
421394	422684	2.560899	1	1290
422684	428624	7.178157	2	5940
428624	428964	2.314029	1	340
428964	429134	-0.992013	-1	170
429134	429964	-4.084067	-2	830
429964	434094	-7.522669	-3	4130
434094	434264	-3.559332	-2	170
434264	434374	-0.980978	-1	110
434374	434864	1.871770	1	490
434864	434974	-0.903056	-1	110
434974	435144	-3.452092	-2	170
435144	435674	-6.461581	-3	530
435674	435984	-3.438594	-2	310
435984	438254	-0.519994	-1	2270
438254	438754	2.186403	1	500
438754	439694	6.043593	2	940
439694	439984	2.294915	1	290
439984	440124	-0.924473	-1	140
440124	440304	-3.396858	-2	180
440304	440884	-5.950296	-3	580
440884	441194	-3.459071	-2	310
441194	441594	-1.283429	-1	400
441594	441944	-3.572887	-2	350
441944	442794	-5.641883	-3	850
442794	443344	-3.561001	-2	550
443344	443764	-0.799885	-1	420
443764	444274	0.431773	1	510
444274	445504	-1.023243	-1	1230
