380531	380891	1.612945	1	360
380891	381421	-1.708849	-1	530
381421	386121	1.442031	1	4700
386121	386751	-0.917464	-1	630
386751	395101	1.553516	1	8350
395101	395671	-0.474125	-1	570
395671	396841	2.274423	1	1170
396841	397041	-1.096114	-1	200
397041	397441	-2.632222	-2	400
397441	397821	-0.989991	-1	380
397821	398971	0.360633	1	1150
398971	399601	-0.196841	-1	630
399601	403131	1.606317	1	3530
403131	405551	8.110612	2	2420
405551	405891	2.569765	1	340
405891	406521	-0.319465	-1	630
406521	406831	-3.470737	-2	310
406831	407711	-5.555302	-3	880
407711	407981	-3.562838	-2	270
407981	408161	-1.012798	-1	180
408161	410761	2.044967	1	2600
410761	411861	5.844832	2	1100
411861	412081	2.633187	1	220
412081	412201	-1.191102	-1	120
412201	412531	-3.003066	-2	330
412531	412731	-0.884652	-1	200
412731	418311	3.118955	1	5580
418311	419431	6.856493	2	1120
419431	422711	2.876457	1	3280
422711	428571	7.200332	2	5860
428571	428891	2.465482	1	320
428891	429011	-1.027932	-1	120
429011	429931	-4.043825	-2	920
429931	434071	-7.543955	-3	4140
434071	434201	-3.410735	-2	130
434201	434291	-0.829932	-1	90
434291	434801	2.840311	1	510
434801	434891	-0.954228	-1	90
434891	435021	-3.574347	-2	130
435021	435611	-6.847402	-3	590
435611	435861	-3.410307	-2	250
435861	438241	-0.486081	-1	2380
438241	438681	2.368886	1	440
438681	439631	6.299563	2	950
439631	439911	2.521777	1	280
439911	440011	-1.010384	-1	100
440011	440161	-3.407240	-2	150
440161	440851	-6.019748	-3	690
440851	441061	-3.532900	-2	210
441061	441511	-0.674493	-1	450
441511	441801	-3.470543	-2	290
441801	442761	-5.620210	-3	960
442761	443251	-3.466675	-2	490
443251	443611	-0.947024	-1	360
443611	444251	0.526006	1	640
444251	445511	-1.029814	-1	1260
