380518	380898	1.599800	1	380
380898	381418	-1.902300	-1	520
381418	386108	1.137943	1	4690
386108	386748	-0.919542	-1	640
386748	395098	1.554651	1	8350
395098	395668	-0.483559	-1	570
395668	396818	2.089345	1	1150
396818	397028	-1.042782	-1	210
397028	397448	-2.619988	-2	420
397448	397808	-0.964956	-1	360
397808	398958	0.360994	1	1150
398958	399588	-0.201712	-1	630
399588	403098	1.576754	1	3510
403098	405568	8.055281	2	2470
405568	405878	2.422576	1	310
405878	406518	-0.309598	-1	640
406518	406818	-3.460554	-2	300
406818	407708	-5.555635	-3	890
407708	407988	-3.505063	-2	280
407988	408138	-1.019363	-1	150
408138	410588	1.823932	1	2450
410588	411888	5.737967	2	1300
411888	412078	2.263223	1	190
412078	412178	-1.187878	-1	100
412178	412528	-3.014093	-2	350
412528	412738	-0.777878	-1	210
412738	418278	2.736186	1	5540
418278	419438	6.810588	2	1160
419438	422658	2.834316	1	3220
422658	428588	7.173717	2	5930
428588	428878	2.391473	1	290
428878	428998	-0.937445	-1	120
428998	429828	-4.059245	-2	830
429828	434068	-7.524899	-3	4240
434068	434188	-3.528561	-2	120
434188	434278	-0.998127	-1	90
434278	434798	2.878807	1	520
434798	434888	-1.042588	-1	90
434888	435008	-3.546396	-2	120
435008	435608	-6.862146	-3	600
435608	435858	-3.368127	-2	250
435858	438258	-0.477698	-1	2400
438258	438648	2.313712	1	390
438648	439648	6.254149	2	1000
439648	439898	2.437419	1	250
439898	440008	-0.975103	-1	110
440008	440148	-3.423600	-2	140
440148	440838	-6.036342	-3	690
440838	441068	-3.500118	-2	230
441068	441518	-0.621526	-1	450
441518	441798	-3.565340	-2	280
441798	442748	-5.628014	-3	950
442748	443238	-3.513095	-2	490
443238	443608	-0.961288	-1	370
443608	444248	0.542328	1	640
444248	445508	-1.032388	-1	1260
