379952	380406	30	454
380406	382906	80	2500
382906	385406	80	2500
385406	387906	80	2500
387906	390406	80	2500
390406	392906	80	2500
392906	395406	80	2500
395406	397906	80	2500
397906	400406	80	2500
400406	402906	80	2500
402906	405406	80	2500
405406	407906	80	2500
407906	410406	80	2500
410406	412906	80	2500
412906	415406	80	2500
415406	417906	80	2500
417906	420406	80	2500
420406	422906	80	2500
422906	425406	80	2500
425406	427906	80	2500
427906	430406	80	2500
430406	432906	80	2500
432906	435406	80	2500
435406	437906	80	2500
437906	440406	80	2500
440406	442906	80	2500
442906	445406	80	2500
445406	447851	80	2445
447851	448456	75	605
448456	449257	70	801
449257	449891	65	634
449891	452391	80	2500
452391	453462	80	1071
453462	456096	73	2634
456096	458596	80	2500
458596	461096	80	2500
461096	463596	80	2500
463596	466096	80	2500
466096	468596	80	2500
468596	470561	80	1965
470561	471745	73	1184
471745	473411	80	1666
473411	474445	63	1034
474445	475232	80	787
475232	476295	73	1063
476295	476716	78	421
476716	476774	80	58
476774	477564	78	790
477564	480178	73	2614
480178	482678	80	2500
482678	485178	80	2500
485178	487678	80	2500
487678	490178	80	2500
490178	492678	80	2500
492678	495178	80	2500
495178	497678	80	2500
497678	498875	80	1197
498875	501375	78	2500
501375	503875	78	2500
503875	507294	78	3419
507294	509019	80	1725
509019	509566	60	547
509566	512066	80	2500
512066	514566	80	2500
514566	517066	80	2500
517066	519566	80	2500
519566	522066	80	2500
522066	524566	80	2500
524566	527066	80	2500
527066	529566	80	2500
529566	532066	80	2500
532066	534566	80	2500
534566	536154	80	1588
536154	536788	70	634
536788	539288	80	2500
539288	541554	80	2266
541554	542218	55	664
542218	544718	80	2500
544718	547218	80	2500
547218	549718	80	2500
549718	552218	80	2500
552218	554718	80	2500
554718	557218	80	2500
557218	559718	80	2500
559718	562218	80	2500
562218	564718	80	2500
564718	567218	80	2500
567218	569718	80	2500
569718	572218	80	2500
572218	574718	80	2500
574718	577218	80	2500
577218	579718	80	2500
579718	582218	80	2500
582218	584718	80	2500
584718	587218	80	2500
587218	589718	80	2500
589718	592218	80	2500
592218	594718	80	2500
594718	597218	80	2500
597218	599718	80	2500
599718	602218	80	2500
602218	604718	80	2500
604718	607218	80	2500
607218	609718	80	2500
609718	612218	80	2500
612218	614718	80	2500
614718	617218	80	2500
617218	618522	80	1304
618522	618914	60	392
618914	619999	80	1085
619999	620728	45	729
620728	623228	80	2500
623228	625728	80	2500
625728	627951	80	2223
627951	629018	70	1067
629018	629815	45	797
