380470	380870	1.750154	0	400
380870	381390	-2.107918	-1	520
381390	386080	1.149783	1	4690
386080	386730	-0.967522	-1	650
386730	395090	1.557437	1	8360
395090	395670	-0.513176	-1	580
395670	396790	2.191071	1	1120
396790	397740	-1.780579	0	950
397740	398910	0.356049	1	1170
398910	399570	-0.206979	-1	660
399570	403130	1.552065	1	3560
403130	405510	8.206399	2	2380
405510	405830	2.720395	0	320
405830	406510	-0.291763	-1	680
406510	406780	-3.535119	0	270
406780	407700	-5.566737	-3	920
407700	408110	-2.593335	0	410
408110	411300	2.642081	1	3190
411300	411850	6.404375	2	550
411850	412730	-1.006833	0	880
412730	418290	2.756426	1	5560
418290	419390	6.961175	2	1100
419390	422730	2.898558	1	3340
422730	428550	7.223789	2	5820
428550	428960	1.729358	0	410
428960	429810	-4.041043	-2	850
429810	434060	-7.586671	-3	4250
434060	434260	-2.297471	0	200
434260	434780	3.167582	1	520
434780	434960	-2.384105	0	180
434960	435590	-6.904315	-3	630
435590	435820	-3.356018	0	230
435820	438260	-0.462954	-1	2440
438260	438660	2.669027	0	400
438660	439610	6.387046	2	950
439610	440110	0.309874	0	500
440110	440830	-6.020464	-3	720
440830	441750	-1.968973	0	920
441750	442750	-5.597239	-3	1000
442750	443560	-2.398156	0	810
443560	444240	0.571360	1	680
444240	445510	-1.032362	-1	1270
