380480	380870	1.749618	0	390
380870	381400	-2.025708	-1	530
381400	386090	1.147652	1	4690
386090	386730	-0.971275	-1	640
386730	395090	1.556479	1	8360
395090	395670	-0.505777	-1	580
395670	396790	2.182326	1	1120
396790	397770	-1.721783	0	980
397770	398920	0.361962	1	1150
398920	399570	-0.206545	-1	650
399570	403110	1.524369	1	3540
403110	405530	8.150826	2	2420
405530	405840	2.588518	0	310
405840	406500	-0.263409	-1	660
406500	406780	-3.414899	0	280
406780	407710	-5.554411	-3	930
407710	408110	-2.594728	0	400
408110	410660	1.933819	1	2550
410660	411860	5.851761	2	1200
411860	412730	-1.033424	0	870
412730	418280	2.746896	1	5550
418280	419410	6.906593	2	1130
419410	422690	2.859212	1	3280
422690	428550	7.208075	2	5860
428550	428970	1.716149	0	420
428970	429810	-4.048036	-2	840
429810	434050	-7.528564	-3	4240
434050	434260	-2.523198	0	210
434260	434790	3.038303	1	530
434790	434970	-2.479275	0	180
434970	435590	-6.902095	-3	620
435590	435830	-3.378109	0	240
435830	438240	-0.468971	-1	2410
438240	438650	2.408270	0	410
438650	439630	6.337564	2	980
439630	440120	0.120862	0	490
440120	440830	-6.026507	-3	710
440830	441770	-2.049802	0	940
441770	442750	-5.610710	-3	980
442750	443570	-2.400516	0	820
443570	444240	0.567835	1	670
444240	445510	-1.031489	-1	1270
