380682	380962	1.010978	0	280
380962	381502	-0.769262	-1	540
381502	386222	1.332311	1	4720
386222	386822	-0.734047	-1	600
386822	395182	1.537620	1	8360
395182	395702	-0.373636	-1	520
395702	396922	1.989788	1	1220
396922	397972	-1.473792	0	1050
397972	403182	1.135234	1	5210
403182	405622	7.967148	2	2440
405622	406042	2.477067	0	420
406042	406572	-0.493250	-1	530
406572	406972	-3.512782	0	400
406972	407722	-5.539195	-3	750
407722	408272	-2.565488	0	550
408272	410762	1.972647	1	2490
410762	411892	5.630441	2	1130
411892	412842	-0.385357	0	950
412842	418392	2.782840	1	5550
418392	419482	6.957115	2	1090
419482	422762	3.022404	1	3280
422762	428582	7.232184	2	5820
428582	429122	1.475312	0	540
429122	429952	-4.068204	-2	830
429952	434092	-7.518626	-3	4140
434092	434362	-2.549882	0	270
434362	434862	1.898273	1	500
434862	435132	-2.476060	0	270
435132	435662	-6.499121	-3	530
435662	435972	-3.473499	0	310
435972	438262	-0.516124	-1	2290
438262	438782	2.414164	1	520
438782	439662	6.153297	2	880
439662	440292	0.112200	0	630
440292	440882	-5.942600	-3	590
440882	441932	-2.636617	0	1050
441932	442792	-5.638399	-3	860
442792	443332	-3.557733	-2	540
443332	443752	-0.815066	0	420
443752	444262	0.443816	1	510
444262	445512	-1.009820	-1	1250
