380510	380890	1.637584	0	380
380890	381410	-1.858504	-1	520
381410	386110	1.449451	1	4700
386110	386740	-0.946186	-1	630
386740	395090	1.555410	1	8350
395090	395670	-0.482237	-1	580
395670	396820	2.097083	1	1150
396820	397800	-1.705130	0	980
397800	398950	0.361132	1	1150
398950	399590	-0.199943	-1	640
399590	403120	1.604386	1	3530
403120	405550	8.114476	2	2430
405550	405870	2.516180	0	320
405870	406520	-0.316431	-1	650
406520	406810	-3.489378	0	290
406810	407710	-5.554671	-3	900
407710	408140	-2.565442	0	430
408140	410660	1.928282	1	2520
410660	411870	5.804142	2	1210
411870	412730	-0.987415	0	860
412730	418300	2.746299	1	5570
418300	419420	6.883493	2	1120
419420	422710	2.876205	1	3290
422710	428570	7.205875	2	5860
428570	428990	1.564954	0	420
428990	429830	-4.063615	-2	840
429830	434070	-7.524346	-3	4240
434070	434280	-2.314490	0	210
434280	434790	2.960657	1	510
434790	435000	-2.392394	0	210
435000	435600	-6.875818	-3	600
435600	435850	-3.408840	0	250
435850	438260	-0.474566	-1	2410
438260	438660	2.448929	0	400
438660	439630	6.303780	2	970
439630	440140	0.199087	0	510
440140	440840	-6.020676	-3	700
440840	441790	-2.128485	0	950
441790	442750	-5.622846	-3	960
442750	443600	-2.406651	0	850
443600	444240	0.551822	1	640
444240	445510	-1.023526	-1	1270
