380676	380956	1.049252	0	280
380956	381496	-0.787678	-1	540
381496	386216	1.792688	1	4720
386216	386816	-0.744408	-1	600
386816	395186	1.536333	1	8370
395186	395696	-0.385199	-1	510
395696	396916	1.996833	1	1220
396916	397966	-1.478539	0	1050
397966	403176	1.132275	1	5210
403176	405616	7.971718	2	2440
405616	406036	2.491964	0	420
406036	406576	-0.505230	-1	540
406576	406966	-3.536358	0	390
406966	407726	-5.533643	-3	760
407726	408266	-2.550477	0	540
408266	410756	1.966398	1	2490
410756	411876	5.649446	2	1120
411876	412836	-0.325088	0	960
412836	418396	2.782679	1	5560
418396	419466	7.012126	2	1070
419466	422766	3.031844	1	3300
422766	428586	7.232166	2	5820
428586	429116	1.455721	0	530
429116	429956	-4.071001	-2	840
429956	434096	-7.519993	-3	4140
434096	434356	-2.522179	0	260
434356	434856	1.934339	1	500
434856	435126	-2.429027	0	270
435126	435666	-6.491349	-3	540
435666	435966	-3.447427	0	300
435966	438256	-0.518125	-1	2290
438256	438776	2.380955	1	520
438776	439666	6.153411	2	890
439666	440286	0.086676	0	620
440286	440886	-5.934028	-3	600
440886	441926	-2.609967	0	1040
441926	442796	-5.634684	-3	870
442796	443326	-3.550212	-2	530
443326	443746	-0.824520	0	420
443746	444256	0.453234	1	510
444256	445506	-1.009943	-1	1250
