380756	380996	0.761584	0	240
380996	381546	-0.566862	-1	550
381546	386266	1.068606	1	4720
386266	386866	-0.625293	-1	600
386866	396956	1.746158	1	10090
396956	398046	-1.374330	-1	1090
398046	403146	1.329194	1	5100
403146	405716	7.741045	2	2570
405716	407036	-0.724153	0	1320
407036	407726	-5.527329	-3	690
407726	408336	-2.561440	0	610
408336	410586	1.734817	1	2250
410586	411926	5.400043	2	1340
411926	412896	-0.278521	0	970
412896	418376	2.779738	1	5480
418376	419546	6.666279	2	1170
419546	420826	2.522274	1	1280
420826	421436	4.781997	2	610
421436	422666	2.524284	1	1230
422666	428656	7.137546	2	5990
428656	429186	1.033898	0	530
429186	429976	-4.096302	-2	790
429976	434106	-7.510223	-3	4130
434106	435196	-0.747681	0	1090
435196	435696	-6.316567	-3	500
435696	436026	-3.482986	0	330
436026	438256	-0.536147	-1	2230
438256	438776	2.094523	1	520
438776	439716	5.926536	2	940
439716	440356	-0.259037	0	640
440356	440896	-5.941533	-3	540
440896	441986	-2.816667	0	1090
441986	442806	-5.630291	-3	820
442806	443376	-3.594343	-2	570
443376	443806	-0.800095	0	430
443806	444356	0.545626	1	550
444356	445506	-0.865668	-1	1150
