380706	380956	0.981378	0	250
380956	381516	-0.679317	-1	560
381516	386236	1.298241	1	4720
386236	386836	-0.695667	-1	600
386836	396936	1.489719	1	10100
396936	397496	-1.848320	0	560
397496	397996	-0.989740	-1	500
397996	403156	1.356835	1	5160
403156	405656	7.870220	2	2500
405656	406066	2.343338	0	410
406066	406576	-0.515334	-1	510
406576	406986	-3.469057	0	410
406986	407716	-5.533242	-3	730
407716	408286	-2.622344	0	570
408286	410636	1.808982	1	2350
410636	411916	5.498918	2	1280
411916	412866	-0.416025	0	950
412866	418366	2.777381	1	5500
418366	419516	6.797158	2	1150
419516	422696	2.976629	1	3180
422696	428626	7.178014	2	5930
428626	429136	1.236202	0	510
429136	429956	-4.058157	-2	820
429956	434106	-7.508576	-3	4150
434106	434376	-2.473535	0	270
434376	434876	1.750442	1	500
434876	435146	-2.468066	0	270
435146	435676	-6.412688	-3	530
435676	435986	-3.475947	0	310
435986	438256	-0.526382	-1	2270
438256	438756	2.177873	1	500
438756	439686	6.034839	2	930
439686	440326	-0.170700	0	640
440326	440876	-5.986701	-3	550
440876	441946	-2.714243	0	1070
441946	442796	-5.635859	-3	850
442796	443346	-3.572509	-2	550
443346	445506	-0.641743	-1	2160
