380765	381005	0.720824	0	240
381005	381545	-0.553858	-1	540
381545	386275	1.063613	1	4730
386275	386875	-0.608764	-1	600
386875	396965	1.744301	1	10090
396965	398055	-1.366564	-1	1090
398055	403125	1.311580	1	5070
403125	405735	7.680216	2	2610
405735	407035	-0.761712	0	1300
407035	407725	-5.518865	-3	690
407725	408335	-2.597199	0	610
408335	410555	1.692447	1	2220
410555	411945	5.344652	2	1390
411945	412905	-0.333535	0	960
412905	418365	2.779909	1	5460
418365	419565	6.585320	2	1200
419565	420745	2.386674	1	1180
420745	421475	4.678444	2	730
421475	422645	2.447537	1	1170
422645	428675	7.115168	2	6030
428675	429185	0.966388	0	510
429185	429975	-4.077845	-2	790
429975	434115	-7.502008	-3	4140
434115	435195	-0.728891	0	1080
435195	435695	-6.276151	-3	500
435695	436035	-3.487117	0	340
436035	438255	-0.536344	-1	2220
438255	438745	1.939085	0	490
438745	439735	5.818871	2	990
439735	440365	-0.412334	0	630
440365	440905	-5.924119	-3	540
440905	441995	-2.828621	0	1090
441995	442815	-5.624328	-3	820
442815	443385	-3.564482	-2	570
443385	443805	-0.799295	0	420
443805	444345	0.540826	1	540
444345	445505	-0.857523	-1	1160
