380758	380998	0.757094	0	240
380998	381538	-0.575728	-1	540
381538	386268	1.065986	1	4730
386268	386868	-0.622998	-1	600
386868	396958	1.745837	1	10090
396958	398048	-1.373081	-1	1090
398048	403128	1.233566	1	5080
403128	405728	7.699822	2	2600
405728	407028	-0.734259	0	1300
407028	407718	-5.525825	-3	690
407718	408328	-2.637977	0	610
408328	410568	1.705702	1	2240
410568	411948	5.364725	2	1380
411948	412898	-0.374894	0	950
412898	418358	2.775227	1	5460
418358	419568	6.583045	2	1210
419568	420758	2.393559	1	1190
420758	421468	4.703175	2	710
421468	422658	2.467665	1	1190
422658	428668	7.127865	2	6010
428668	429178	1.023188	0	510
429178	429968	-4.062428	-2	790
429968	434108	-7.504515	-3	4140
434108	435188	-0.708629	0	1080
435188	435688	-6.314180	-3	500
435688	436028	-3.521609	0	340
436028	438258	-0.535782	-1	2230
438258	438758	2.016922	1	500
438758	439738	5.854526	2	980
439738	440358	-0.416252	0	620
440358	440898	-5.942766	-3	540
440898	441988	-2.817281	0	1090
441988	442808	-5.628935	-3	820
442808	443378	-3.588353	-2	570
443378	443798	-0.817118	0	420
443798	444358	0.531211	1	560
444358	445508	-0.866129	-1	1150
