380765	380995	0.757461	0	230
380995	381545	-0.545290	-1	550
381545	386275	1.063981	1	4730
386275	386865	-0.622304	-1	590
386865	396955	1.742790	1	10090
396955	398055	-1.355788	-1	1100
398055	403135	1.238941	1	5080
403135	405725	7.708220	2	2590
405725	407035	-0.716289	0	1310
407035	407725	-5.519581	-3	690
407725	408345	-2.564803	0	620
408345	410545	1.686012	1	2200
410545	411945	5.338594	2	1400
411945	412905	-0.332536	0	960
412905	418365	2.778652	1	5460
418365	419565	6.589229	2	1200
419565	420755	2.397449	1	1190
420755	421465	4.695968	2	710
421465	422655	2.475068	1	1190
422655	428665	7.125181	2	6010
428665	429185	1.040161	0	520
429185	429965	-4.061976	-2	780
429965	434115	-7.496069	-3	4150
434115	435195	-0.726090	0	1080
435195	435695	-6.284623	-3	500
435695	436025	-3.540252	0	330
436025	438255	-0.543416	-1	2230
438255	438755	1.969844	1	500
438755	439735	5.839087	2	980
439735	440365	-0.394444	0	630
440365	440895	-5.945319	-3	530
440895	441995	-2.847322	0	1100
441995	442815	-5.624609	-3	820
442815	443385	-3.569549	-2	570
443385	443805	-0.802907	0	420
443805	444355	0.532458	1	550
444355	445505	-0.866417	-1	1150
