380601	380921	1.410050	0	320
380921	381461	-1.004956	-1	540
381461	386171	2.048235	1	4710
386171	386791	-0.836077	-1	620
386791	395141	1.547196	1	8350
395141	395701	-0.424088	-1	560
395701	396871	2.181857	1	1170
396871	397891	-1.574579	0	1020
397891	399031	0.361552	1	1140
399031	399611	-0.189239	-1	580
399611	403081	1.521208	1	3470
403081	405651	7.856884	2	2570
405651	405961	2.109719	0	310
405961	406541	-0.368455	-1	580
406541	406891	-3.435345	0	350
406891	407721	-5.542710	-3	830
407721	408211	-2.570364	0	490
408211	410521	1.721316	1	2310
410521	411931	5.525771	2	1410
411931	412771	-0.960451	0	840
412771	418281	2.730844	1	5510
418281	419511	6.558757	2	1230
419511	420741	2.340571	1	1230
420741	421421	4.910820	2	680
421421	422591	2.299489	1	1170
422591	428641	7.102861	2	6050
428641	429071	1.002937	0	430
429071	429951	-4.084436	-2	880
429951	434081	-7.541128	-3	4130
434081	434321	-2.546903	0	240
434321	434831	2.411812	1	510
434831	435071	-2.435410	0	240
435071	435641	-6.688484	-3	570
435641	435911	-3.442662	0	270
435911	438261	-0.501093	-1	2350
438261	438651	1.993668	0	390
438651	439701	6.020774	2	1050
439701	440231	-0.407194	0	530
440231	440871	-6.025985	-3	640
440871	441861	-2.373394	0	990
441861	442781	-5.633549	-3	920
442781	443291	-3.509880	-2	510
443291	443681	-0.866008	0	390
443681	444261	0.490211	1	580
444261	445511	-1.026420	-1	1250
