380541	380901	1.574984	0	360
380901	381441	-1.663874	-1	540
381441	386131	1.442917	1	4690
386131	386751	-0.919173	-1	620
386751	395101	1.552588	1	8350
395101	395681	-0.458526	-1	580
395681	396851	2.260908	1	1170
396851	397831	-1.675830	0	980
397831	398981	0.360483	1	1150
398981	399601	-0.197316	-1	620
399601	403081	1.551903	1	3480
403081	405601	7.972033	2	2520
405601	405901	2.248912	0	300
405901	406531	-0.338986	-1	630
406531	406841	-3.499054	0	310
406841	407711	-5.555996	-3	870
407711	408161	-2.608629	0	450
408161	410551	1.776617	1	2390
410551	411901	5.663469	2	1350
411901	412731	-1.066548	0	830
412731	418271	2.724248	1	5540
418271	419471	6.703450	2	1200
419471	420821	2.247121	1	1350
420821	421351	5.192025	2	530
421351	422641	2.433846	1	1290
422641	428611	7.153470	2	5970
428611	429021	1.210755	0	410
429021	429941	-4.059626	-2	920
429941	434071	-7.549712	-3	4130
434071	434291	-2.465998	0	220
434291	434811	2.733143	1	520
434811	435031	-2.573098	0	220
435031	435611	-6.851511	-3	580
435611	435861	-3.492304	0	250
435861	438261	-0.490146	-1	2400
438261	438641	2.178007	0	380
438641	439681	6.148894	2	1040
439681	440171	-0.262451	0	490
440171	440861	-6.012115	-3	690
440861	441821	-2.201309	0	960
441821	442771	-5.626309	-3	950
442771	443631	-2.351140	0	860
443631	444241	0.540326	1	610
444241	445511	-1.020551	-1	1270
