380763	381003	0.713066	0	240
381003	381543	-0.549501	-1	540
381543	386283	1.061215	1	4740
386283	386873	-0.619176	-1	590
386873	396953	1.744565	1	10080
396953	398053	-1.353938	-1	1100
398053	403173	1.350132	1	5120
403173	405693	7.801672	2	2520
405693	407043	-0.639434	0	1350
407043	407733	-5.521843	-3	690
407733	408333	-2.558628	0	600
408333	410623	1.772642	1	2290
410623	411903	5.430584	2	1280
411903	412923	-0.141116	0	1020
412923	418393	2.799006	1	5470
418393	419533	6.703995	2	1140
419533	420883	2.626437	1	1350
420883	421413	4.830410	2	530
421413	422713	2.628967	1	1300
422713	428633	7.169356	2	5920
428633	429173	1.268321	0	540
429173	429973	-4.048434	-2	800
429973	434103	-7.507395	-3	4130
434103	436023	-2.678751	0	1920
436023	438243	-0.545187	-1	2220
438243	438803	2.158606	1	560
438803	439703	5.969569	2	900
439703	440363	-0.199340	0	660
440363	440893	-5.933553	-3	530
440893	441993	-2.845951	0	1100
441993	442813	-5.624295	-3	820
442813	443373	-3.591512	-2	560
443373	443793	-0.847832	0	420
443793	444353	0.519932	1	560
444353	445503	-0.865944	-1	1150
