380466	380866	1.771631	0	400
380866	381396	-2.106670	-1	530
381396	386076	1.153301	1	4680
386076	386726	-0.974041	-1	650
386726	395086	1.557908	1	8360
395086	395656	-0.525531	-1	570
395656	396786	2.176279	1	1130
396786	397756	-1.746873	0	970
397756	398906	0.362315	1	1150
398906	399556	-0.211792	-1	650
399556	403106	1.523500	1	3550
403106	405516	8.174093	2	2410
405516	405826	2.646985	0	310
405826	406506	-0.280853	-1	680
406506	406786	-3.581993	0	280
406786	407706	-5.567881	-3	920
407706	408096	-2.622618	0	390
408096	411236	2.925978	1	3140
411236	411856	6.288155	2	620
411856	412736	-1.062281	0	880
412736	418266	2.749322	1	5530
418266	419406	6.911387	2	1140
419406	422696	2.860639	1	3290
422696	428546	7.214635	2	5850
428546	428956	1.773819	0	410
428956	429816	-4.044810	-2	860
429816	434056	-7.594701	-3	4240
434056	434246	-2.488183	0	190
434246	434776	3.140142	1	530
434776	434976	-2.587862	0	200
434976	435586	-6.985857	-3	610
435586	435816	-3.385442	0	230
435816	438246	-0.467040	-1	2430
438246	438636	2.438098	0	390
438636	439636	6.337386	2	1000
439636	440106	0.045815	0	470
440106	440826	-6.024863	-3	720
440826	441756	-1.997617	0	930
441756	442756	-5.598732	-3	1000
442756	443566	-2.349606	0	810
443566	444226	0.598495	1	660
444226	445506	-1.024428	-1	1280
