380753	380993	0.847802	0	240
380993	381543	-0.570394	-1	550
381543	386263	1.068857	1	4720
386263	386863	-0.627684	-1	600
386863	396953	1.662666	1	10090
396953	398043	-1.374821	-1	1090
398043	403163	1.111129	1	5120
403163	405713	7.770758	2	2550
405713	407023	-0.678372	0	1310
407023	407723	-5.523825	-3	700
407723	408323	-2.621449	0	600
408323	410613	1.759929	1	2290
410613	411923	5.423246	2	1310
411923	412893	-0.272344	0	970
412893	418383	2.781579	1	5490
418383	419543	6.688536	2	1160
419543	420863	2.576079	1	1320
420863	421433	4.818526	2	570
421433	422683	2.549917	1	1250
422683	428643	7.154305	2	5960
428643	429173	1.179974	0	530
429173	429973	-4.065512	-2	800
429973	434113	-7.504441	-3	4140
434113	435183	-0.665184	0	1070
435183	435693	-6.296476	-3	510
435693	436023	-3.496374	0	330
436023	438263	-0.534434	-1	2240
438263	438773	2.119723	1	510
438773	439703	5.945073	2	930
439703	440353	-0.163540	0	650
440353	440903	-5.927506	-3	550
440903	441983	-2.792125	0	1080
441983	442813	-5.624094	-3	830
442813	443373	-3.575648	-2	560
443373	443793	-0.825150	0	420
443793	444343	0.547694	1	550
444343	445503	-0.860324	-1	1160
