380499	380879	1.693767	0	380
380879	381409	-1.859817	-1	530
381409	386099	1.456899	1	4690
386099	386739	-0.943435	-1	640
386739	395099	1.554508	1	8360
395099	395669	-0.497619	-1	570
395669	396809	2.124670	1	1140
396809	397789	-1.710498	0	980
397789	398939	0.361434	1	1150
398939	399579	-0.204483	-1	640
399579	403119	1.527443	1	3540
403119	405539	8.134337	2	2420
405539	405859	2.582181	0	320
405859	406519	-0.314141	-1	660
406519	406799	-3.489983	0	280
406799	407709	-5.553548	-3	910
407709	408129	-2.584321	0	420
408129	410709	1.989581	1	2580
410709	411859	5.854641	2	1150
411859	412729	-0.952616	0	870
412729	418289	2.744492	1	5560
418289	419409	6.895683	2	1120
419409	422699	2.873091	1	3290
422699	428559	7.206207	2	5860
428559	428989	1.598676	0	430
428989	429829	-4.075534	-2	840
429829	434069	-7.527631	-3	4240
434069	434269	-2.354981	0	200
434269	434789	2.991082	1	520
434789	434989	-2.408544	0	200
434989	435589	-6.915934	-3	600
435589	435839	-3.466484	0	250
435839	438259	-0.473423	-1	2420
438259	438659	2.490830	0	400
438659	439629	6.319363	2	970
439629	440139	0.117627	0	510
440139	440839	-6.035453	-3	700
440839	441779	-2.081037	0	940
441779	442749	-5.616382	-3	970
442749	443589	-2.404295	0	840
443589	444239	0.558722	1	650
444239	445509	-1.028948	-1	1270
