380531	380891	1.612945	0	360
380891	381421	-1.708849	-1	530
381421	386121	1.442031	1	4700
386121	386751	-0.917464	-1	630
386751	395101	1.553516	1	8350
395101	395671	-0.474125	-1	570
395671	396841	2.274423	1	1170
396841	397821	-1.681947	0	980
397821	398971	0.360633	1	1150
398971	399601	-0.196841	-1	630
399601	403131	1.606317	1	3530
403131	405551	8.110612	2	2420
405551	405891	2.569765	0	340
405891	406521	-0.319465	-1	630
406521	406831	-3.470737	0	310
406831	407711	-5.555302	-3	880
407711	408161	-2.542822	0	450
408161	410761	2.044967	1	2600
410761	411861	5.844832	2	1100
411861	412731	-0.840889	0	870
412731	418311	3.118955	1	5580
418311	419431	6.856493	2	1120
419431	422711	2.876457	1	3280
422711	428571	7.200332	2	5860
428571	429011	1.512733	0	440
429011	429931	-4.043825	-2	920
429931	434071	-7.543955	-3	4140
434071	434291	-2.354952	0	220
434291	434801	2.840311	1	510
434801	435021	-2.502480	0	220
435021	435611	-6.847402	-3	590
435611	435861	-3.410307	0	250
435861	438241	-0.486081	-1	2380
438241	438681	2.368886	0	440
438681	439631	6.299563	2	950
439631	440161	0.177308	0	530
440161	440851	-6.019748	-3	690
440851	441801	-2.159883	0	950
441801	442761	-5.620210	-3	960
442761	443611	-2.399529	0	850
443611	444251	0.526006	1	640
444251	445511	-1.029814	-1	1260
