380517	380887	1.654255	0	370
380887	381427	-1.836468	-1	540
381427	386117	1.138607	1	4690
386117	386747	-0.937496	-1	630
386747	395097	1.554797	1	8350
395097	395667	-0.484402	-1	570
395667	396817	2.090674	1	1150
396817	397807	-1.684686	0	990
397807	398957	0.361048	1	1150
398957	399587	-0.202359	-1	630
399587	403087	1.566263	1	3500
403087	405577	8.030467	2	2490
405577	405877	2.350546	0	300
405877	406517	-0.303361	-1	640
406517	406817	-3.453619	0	300
406817	407707	-5.556706	-3	890
407707	408147	-2.593296	0	440
408147	410567	1.807717	1	2420
410567	411887	5.724805	2	1320
411887	412737	-1.065122	0	850
412737	418267	2.732479	1	5530
418267	419457	6.757902	2	1190
419457	422637	2.811083	1	3180
422637	428597	7.162260	2	5960
428597	428997	1.361502	0	400
428997	429827	-4.059660	-2	830
429827	434067	-7.525251	-3	4240
434067	434277	-2.468218	0	210
434277	434797	2.886630	1	520
434797	435007	-2.454749	0	210
435007	435607	-6.866246	-3	600
435607	435847	-3.433875	0	240
435847	438257	-0.483654	-1	2410
438257	438637	2.239769	0	380
438637	439667	6.211133	2	1030
439667	440147	-0.137292	0	480
440147	440847	-6.022357	-3	700
440847	441797	-2.136997	0	950
441797	442757	-5.623511	-3	960
442757	443597	-2.419306	0	840
443597	444247	0.537537	1	650
444247	445507	-1.032600	-1	1260
