380637	380947	1.199497	0	310
380947	381477	-0.908854	-1	530
381477	386197	1.933358	1	4720
386197	386807	-0.790572	-1	610
386807	395157	1.543626	1	8350
395157	395697	-0.401245	-1	540
395697	396887	2.095237	1	1190
396887	397927	-1.517976	0	1040
397927	399067	0.358979	1	1140
399067	399607	-0.187645	-1	540
399607	403157	1.567076	1	3550
403157	405617	7.976477	2	2460
405617	405997	2.417428	0	380
405997	406557	-0.432039	-1	560
406557	406937	-3.521162	0	380
406937	407717	-5.548202	-3	780
407717	408237	-2.590647	0	520
408237	410687	1.902292	1	2450
410687	411897	5.638416	2	1210
411897	412807	-0.598961	0	910
412807	418357	2.765386	1	5550
418357	419467	6.727826	2	1110
419467	422727	2.987520	1	3260
422727	428597	7.224317	2	5870
428597	429087	1.392123	0	490
429087	429947	-4.059638	-2	860
429947	434087	-7.528236	-3	4140
434087	434337	-2.542452	0	250
434337	434847	2.163676	1	510
434847	435097	-2.476682	0	250
435097	435647	-6.611876	-3	550
435647	435937	-3.471132	0	290
435937	438257	-0.510107	-1	2320
438257	438737	2.330311	0	480
438737	439667	6.154484	2	930
439667	440257	-0.085990	0	590
440257	440867	-6.025078	-3	610
440867	441887	-2.504254	0	1020
441887	442787	-5.631881	-3	900
442787	443317	-3.508714	-2	530
443317	443717	-0.805445	0	400
443717	444247	0.487243	1	530
444247	445507	-1.010388	-1	1260
