380714	380964	0.967190	0	250
380964	381514	-0.686804	-1	550
381514	386254	1.293380	1	4740
386254	386844	-0.704993	-1	590
386844	396944	1.489192	1	10100
396944	397494	-1.849752	0	550
397494	398004	-1.004144	-1	510
398004	399114	0.361454	1	1110
399114	399614	-0.168327	-1	500
399614	403084	1.980868	1	3470
403084	405724	7.676259	2	2640
405724	406074	1.998913	0	350
406074	406584	-0.520897	-1	510
406584	407004	-3.513349	0	420
407004	407724	-5.541517	-3	720
407724	408304	-2.562156	0	580
408304	410514	1.672777	1	2210
410514	411964	5.348511	2	1450
411964	412874	-0.615409	0	910
412874	418324	2.765043	1	5450
418324	419574	6.581838	2	1250
419574	420674	2.228077	1	1100
420674	421484	4.661752	2	810
421484	422604	2.329647	1	1120
422604	428684	7.103494	2	6080
428684	429144	0.892179	0	460
429144	429964	-4.064861	-2	820
429964	434114	-7.507610	-3	4150
434114	434384	-2.454043	0	270
434384	434884	1.732616	1	500
434884	435154	-2.482680	0	270
435154	435684	-6.405226	-3	530
435684	435994	-3.470060	0	310
435994	438254	-0.527873	-1	2260
438254	438704	1.872528	0	450
438704	439734	5.851606	2	1030
439734	440324	-0.416508	0	590
440324	440894	-5.951859	-3	570
440894	441954	-2.701754	0	1060
441954	442794	-5.641711	-3	840
442794	443364	-3.562619	-2	570
443364	445504	-0.639324	-1	2140
