380644	380934	1.228029	0	290
380934	381484	-0.858108	-1	550
381484	386194	1.891832	1	4710
386194	386814	-0.763894	-1	620
386814	395154	1.544611	1	8340
395154	395704	-0.383858	-1	550
395704	396894	2.084260	1	1190
396894	397934	-1.511913	0	1040
397934	399064	0.361491	1	1130
399064	399594	-0.187803	-1	530
399594	403174	1.574657	1	3580
403174	405604	8.010188	2	2430
405604	406004	2.494993	0	400
406004	406564	-0.456701	-1	560
406564	406934	-3.516047	0	370
406934	407704	-5.552431	-3	770
407704	408244	-2.628098	0	540
408244	410734	1.958096	1	2490
410734	411884	5.664330	2	1150
411884	412814	-0.492806	0	930
412814	418374	2.773869	1	5560
418374	419464	7.032122	2	1090
419464	422754	3.017976	1	3290
422754	428584	7.237525	2	5830
428584	429094	1.446944	0	510
429094	429954	-4.075498	-2	860
429954	434084	-7.532478	-3	4130
434084	434344	-2.527432	0	260
434344	434854	2.107673	1	510
434854	435104	-2.560168	0	250
435104	435654	-6.578776	-3	550
435654	435944	-3.434063	0	290
435944	438254	-0.510155	-1	2310
438254	438754	2.381699	1	500
438754	439664	6.179266	2	910
439664	440274	-0.010495	0	610
440274	440874	-5.964028	-3	600
440874	441904	-2.540840	0	1030
441904	442784	-5.643490	-3	880
442784	443314	-3.534268	-2	530
443314	443724	-0.813036	0	410
443724	444264	0.468655	1	540
444264	445504	-1.025919	-1	1240
