380743	380993	0.788398	0	250
380993	381533	-0.604848	-1	540
381533	386253	1.071245	1	4720
386253	386863	-0.629762	-1	610
386863	396953	1.747999	1	10090
396953	398033	-1.393245	-1	1080
398033	403183	1.487009	1	5150
403183	405673	7.856531	2	2490
405673	406103	2.351990	0	430
406103	406603	-0.600718	-1	500
406603	407023	-3.525782	0	420
407023	407723	-5.529734	-3	700
407723	408323	-2.579447	0	600
408323	410703	1.875339	1	2380
410703	411903	5.515888	2	1200
411903	412893	-0.208498	0	990
412893	418393	2.788426	1	5500
418393	419523	6.764206	2	1130
419523	422733	3.002688	1	3210
422733	428623	7.188541	2	5890
428623	429173	1.240932	0	550
429173	429963	-4.076229	-2	790
429963	434113	-7.500411	-3	4150
434113	435183	-0.643718	0	1070
435183	435693	-6.335359	-3	510
435693	436013	-3.483721	0	320
436013	438253	-0.535720	-1	2240
438253	438803	2.247421	1	550
438803	439693	6.026377	2	890
439693	440343	-0.090862	0	650
440343	440903	-5.919219	-3	560
440903	441973	-2.757118	0	1070
441973	442813	-5.622327	-3	840
442813	443363	-3.579171	-2	550
443363	443793	-0.822307	0	430
443793	444353	0.554567	1	560
444353	445503	-0.867205	-1	1150
