380752	381002	0.756286	0	250
381002	381542	-0.590241	-1	540
381542	386272	1.067629	1	4730
386272	386862	-0.643715	-1	590
386862	396962	1.746736	1	10100
396962	398042	-1.390205	-1	1080
398042	403142	1.331069	1	5100
403142	405732	7.717917	2	2590
405732	407022	-0.749472	0	1290
407022	407722	-5.525435	-3	700
407722	408332	-2.586892	0	610
408332	410562	1.708934	1	2230
410562	411942	5.366885	2	1380
411942	412892	-0.362743	0	950
412892	418352	2.772715	1	5460
418352	419562	6.590284	2	1210
419562	420772	2.420289	1	1210
420772	421452	4.734875	2	680
421452	422652	2.475802	1	1200
422652	428672	7.125306	2	6020
428672	429172	1.007488	0	500
429172	429972	-4.064647	-2	800
429972	434112	-7.504985	-3	4140
434112	435182	-0.661108	0	1070
435182	435692	-6.304104	-3	510
435692	436022	-3.502949	0	330
436022	438262	-0.534398	-1	2240
438262	438752	2.019740	0	490
438752	439732	5.862787	2	980
439732	440352	-0.361761	0	620
440352	440902	-5.929985	-3	550
440902	441982	-2.789481	0	1080
441982	442812	-5.624831	-3	830
442812	443372	-3.582518	-2	560
443372	443792	-0.830805	0	420
443792	444362	0.531453	1	570
444362	445512	-0.866842	-1	1150
