380727	380987	0.841826	0	260
380987	381527	-0.655410	-1	540
381527	386247	1.076263	1	4720
386247	386857	-0.657371	-1	610
386857	396937	1.751341	1	10080
396937	397507	-1.782520	0	570
397507	398017	-0.983569	-1	510
398017	403117	1.319781	1	5100
403117	405717	7.721538	2	2600
405717	406087	2.061227	0	370
406087	406597	-0.577259	-1	510
406597	407007	-3.522603	0	410
407007	407717	-5.534881	-3	710
407717	408307	-2.612407	0	590
408307	410547	1.700370	1	2240
410547	411937	5.388850	2	1390
411937	412887	-0.435398	0	950
412887	418337	2.773376	1	5450
418337	419557	6.616567	2	1220
419557	420767	2.405027	1	1210
420767	421457	4.751315	2	690
421457	422627	2.412940	1	1170
422627	428667	7.120553	2	6040
428667	429157	0.973184	0	490
429157	429967	-4.077807	-2	810
429967	434107	-7.510410	-3	4140
434107	435167	-0.566719	0	1060
435167	435687	-6.371819	-3	520
435687	435997	-3.495033	0	310
435997	438257	-0.533976	-1	2260
438257	438737	2.020387	0	480
438737	439727	5.894106	2	990
439727	440337	-0.401044	0	610
440337	440897	-5.943168	-3	560
440897	441967	-2.739713	0	1070
441967	442807	-5.632825	-3	840
442807	443357	-3.571262	-2	550
443357	443777	-0.823522	0	420
443777	444357	0.564075	1	580
444357	445507	-0.866043	-1	1150
