380676	380956	1.094733	0	280
380956	381506	-0.791237	-1	550
381506	386216	1.606000	1	4710
386216	386826	-0.742135	-1	610
386826	395186	1.538632	1	8360
395186	395696	-0.391101	-1	510
395696	396916	2.002711	1	1220
396916	397966	-1.483712	0	1050
397966	399096	0.358929	1	1130
399096	399616	-0.178643	-1	520
399616	403086	1.490079	1	3470
403086	405716	7.717326	2	2630
405716	406036	1.928266	0	320
406036	406576	-0.483892	-1	540
406576	406966	-3.515262	0	390
406966	407726	-5.538236	-3	760
407726	408266	-2.587148	0	540
408266	410506	1.672986	1	2240
410506	411956	5.397990	2	1450
411956	412836	-0.750381	0	880
412836	418296	3.065833	1	5460
418296	419566	6.615420	2	1270
419566	420666	2.204378	1	1100
420666	421466	4.703372	2	800
421466	422576	2.277861	1	1110
422576	428666	7.109079	2	6090
428666	429116	0.975418	0	450
429116	429966	-4.074140	-2	850
429966	434096	-7.527791	-3	4130
434096	434356	-2.605981	0	260
434356	434856	1.973886	1	500
434856	435126	-2.373099	0	270
435126	435666	-6.514579	-3	540
435666	435966	-3.477555	0	300
435966	438256	-0.519840	-1	2290
438256	438676	1.852577	0	420
438676	439736	5.876996	2	1060
439736	440286	-0.398288	0	550
440286	440886	-5.945092	-3	600
440886	441926	-2.603643	0	1040
441926	442796	-5.638749	-3	870
442796	443336	-3.541689	-2	540
443336	443746	-0.812810	0	410
443746	444276	0.441250	1	530
444276	445506	-1.027335	-1	1230
