380683	380963	1.055884	0	280
380963	381503	-0.782696	-1	540
381503	386223	1.801196	1	4720
386223	386823	-0.739955	-1	600
386823	395183	1.537824	1	8360
395183	395703	-0.375564	-1	520
395703	396923	1.992462	1	1220
396923	397973	-1.476836	0	1050
397973	399103	0.358281	1	1130
399103	399603	-0.183053	-1	500
399603	403073	1.470751	1	3470
403073	405733	7.668906	2	2660
405733	406043	1.865821	0	310
406043	406573	-0.472562	-1	530
406573	406973	-3.489561	0	400
406973	407723	-5.543502	-3	750
407723	408273	-2.602692	0	550
408273	410483	1.648695	1	2210
410483	411963	5.354861	2	1480
411963	412843	-0.747425	0	880
412843	418283	2.748195	1	5440
418283	419583	6.532631	2	1300
419583	420603	2.085289	1	1020
420603	421493	4.610480	2	890
421493	422573	2.239694	1	1080
422573	428683	7.098248	2	6110
428683	429123	0.864515	0	440
429123	429963	-4.071880	-2	840
429963	434103	-7.519875	-3	4140
434103	434363	-2.543709	0	260
434363	434863	1.933379	1	500
434863	435133	-2.425318	0	270
435133	435673	-6.487188	-3	540
435673	435973	-3.454126	0	300
435973	438253	-0.520674	-1	2280
438253	438663	1.754508	0	410
438663	439743	5.819911	2	1080
439743	440293	-0.444883	0	550
440293	440883	-5.951831	-3	590
440883	441933	-2.632956	0	1050
441933	442793	-5.642793	-3	860
442793	443343	-3.550994	-2	550
443343	443753	-0.803323	0	410
443753	444273	0.441297	1	520
444273	445503	-1.027392	-1	1230
