380668	380948	1.138181	0	280
380948	381498	-0.807685	-1	550
381498	386208	1.841157	1	4710
386208	386818	-0.749374	-1	610
386818	395178	1.539150	1	8360
395178	395698	-0.389226	-1	520
395698	396908	2.026361	1	1210
396908	397958	-1.486749	0	1050
397958	399088	0.359834	1	1130
399088	399608	-0.183058	-1	520
399608	403098	1.499578	1	3490
403098	405698	7.765182	2	2600
405698	406028	2.016539	0	330
406028	406568	-0.460167	-1	540
406568	406958	-3.489797	0	390
406958	407718	-5.544836	-3	760
407718	408258	-2.626389	0	540
408258	410518	1.687240	1	2260
410518	411938	5.435842	2	1420
411938	412828	-0.691001	0	890
412828	418308	2.749429	1	5480
418308	419548	6.693069	2	1240
419548	420738	2.333727	1	1190
420738	421448	4.801448	2	710
421448	422608	2.345100	1	1160
422608	428658	7.131906	2	6050
428658	429108	1.034914	0	450
429108	429968	-4.072873	-2	860
429968	434098	-7.529741	-3	4130
434098	434358	-2.505241	0	260
434358	434858	2.034469	1	500
434858	435118	-2.417297	0	260
435118	435658	-6.543408	-3	540
435658	435958	-3.507433	0	300
435958	438258	-0.518945	-1	2300
438258	438688	1.953106	0	430
438688	439718	5.945755	2	1030
439718	440288	-0.336548	0	570
440288	440878	-5.969952	-3	590
440878	441918	-2.591053	0	1040
441918	442798	-5.634251	-3	880
442798	443328	-3.535692	-2	530
443328	443748	-0.808370	0	420
443748	444268	0.458224	1	520
444268	445508	-1.021444	-1	1240
