380572	380912	1.492767	0	340
380912	381452	-1.085702	-1	540
381452	386152	1.949531	1	4700
386152	386772	-0.877570	-1	620
386772	395122	1.549804	1	8350
395122	395682	-0.449145	-1	560
395682	396862	2.202140	1	1180
396862	397862	-1.625168	0	1000
397862	399012	0.359825	1	1150
399012	399622	-0.190668	-1	610
399622	403072	1.535429	1	3450
403072	405632	7.892966	2	2560
405632	405932	2.133197	0	300
405932	406532	-0.341658	-1	600
406532	406872	-3.470417	0	340
406872	407712	-5.556534	-3	840
407712	408192	-2.580767	0	480
408192	410522	1.736858	1	2330
410522	411922	5.576858	2	1400
411922	412742	-1.063950	0	820
412742	418272	2.721677	1	5530
418272	419492	6.624472	2	1220
419492	420752	2.368781	1	1260
420752	421402	4.984369	2	650
421402	422602	2.318157	1	1200
422602	428642	7.115038	2	6040
428642	429032	1.094582	0	390
429032	429942	-4.036125	-2	910
429942	434082	-7.539960	-3	4140
434082	434312	-2.388724	0	230
434312	434822	2.603634	1	510
434822	435052	-2.510563	0	230
435052	435632	-6.759237	-3	580
435632	435882	-3.457748	0	250
435882	438262	-0.499192	-1	2380
438262	438642	2.062031	0	380
438642	439692	6.076619	2	1050
439692	440202	-0.351628	0	510
440202	440862	-6.031432	-3	660
440862	441842	-2.301165	0	980
441842	442762	-5.641771	-3	920
442762	443282	-3.504965	-2	520
443282	443652	-0.873986	0	370
443652	444242	0.518115	1	590
444242	445512	-1.015921	-1	1270
