380676	380956	1.095720	0	280
380956	381506	-0.791629	-1	550
381506	386216	1.606109	1	4710
386216	386826	-0.742352	-1	610
386826	395186	1.538643	1	8360
395186	395696	-0.391229	-1	510
395696	396916	2.002839	1	1220
396916	397966	-1.483824	0	1050
397966	399096	0.358942	1	1130
399096	399616	-0.178709	-1	520
399616	403086	1.489967	1	3470
403086	405716	7.717431	2	2630
405716	406036	1.928689	0	320
406036	406576	-0.483430	-1	540
406576	406966	-3.514804	0	390
406966	407726	-5.538337	-3	760
407726	408266	-2.587943	0	540
408266	410506	1.672873	1	2240
410506	411956	5.398134	2	1450
411956	412836	-0.750268	0	880
412836	418296	2.748324	1	5460
418296	419566	6.615633	2	1270
419566	420656	2.188504	1	1090
420656	421466	4.693816	2	810
421466	422576	2.277741	1	1110
422576	428686	7.098606	2	6110
428686	429116	0.840444	0	430
429116	429966	-4.073969	-2	850
429966	434096	-7.527828	-3	4130
434096	434356	-2.607800	0	260
434356	434856	1.974743	1	500
434856	435126	-2.371886	0	270
435126	435666	-6.515085	-3	540
435666	435966	-3.478208	0	300
435966	438256	-0.519877	-1	2290
438256	438676	1.851603	0	420
438676	439736	5.877210	2	1060
439736	440286	-0.397152	0	550
440286	440886	-5.945331	-3	600
440886	441926	-2.603506	0	1040
441926	442796	-5.638838	-3	870
442796	443336	-3.542134	-2	540
443336	443746	-0.813168	0	410
443746	444276	0.441387	1	530
444276	445506	-1.027367	-1	1230
