380735	380985	0.843285	0	250
380985	381535	-0.623964	-1	550
381535	386255	1.074465	1	4720
386255	386855	-0.658640	-1	600
386855	396945	1.748063	1	10090
396945	398025	-1.401442	-1	1080
398025	403095	1.418911	1	5070
403095	405745	7.644871	2	2650
405745	407005	-0.814577	0	1260
407005	407725	-5.520318	-3	720
407725	408315	-2.583424	0	590
408315	410505	1.652318	1	2190
410505	411955	5.322299	2	1450
411955	412895	-0.485177	0	940
412895	418325	2.771791	1	5430
418325	419575	6.540891	2	1250
419575	420645	2.197337	1	1070
420645	421495	4.606331	2	850
421495	422615	2.350236	1	1120
422615	428685	7.102057	2	6070
428685	429155	0.932656	0	470
429155	429965	-4.051410	-2	810
429965	434105	-7.508853	-3	4140
434105	435175	-0.625939	0	1070
435175	435685	-6.366391	-3	510
435685	436005	-3.517096	0	320
436005	438255	-0.535591	-1	2250
438255	438715	1.878380	0	460
438715	439745	5.806519	2	1030
439745	440345	-0.522138	0	600
440345	440895	-5.954360	-3	550
440895	441965	-2.749354	0	1070
441965	442805	-5.627406	-3	840
442805	443365	-3.575815	-2	560
443365	443775	-0.832743	0	410
443775	444355	0.551623	1	580
444355	445505	-0.867813	-1	1150
