380583	380923	1.430288	0	340
380923	381463	-1.050222	-1	540
381463	386163	1.881067	1	4700
386163	386773	-0.874343	-1	610
386773	395133	1.546782	1	8360
395133	395683	-0.444746	-1	550
395683	396863	2.185607	1	1180
396863	397873	-1.600634	0	1010
397873	399023	0.359372	1	1150
399023	399613	-0.192650	-1	590
399613	403063	1.518138	1	3450
403063	405653	7.841086	2	2590
405653	405943	2.034070	0	290
405943	406533	-0.343971	-1	590
406533	406883	-3.459894	0	350
406883	407723	-5.549660	-3	840
407723	408203	-2.519582	0	480
408203	410513	1.723435	1	2310
410513	411923	5.550607	2	1410
411923	412753	-1.005216	0	830
412753	418263	2.721226	1	5510
418263	419513	6.546941	2	1250
419513	420713	2.287797	1	1200
420713	421413	4.905724	2	700
421413	422583	2.284969	1	1170
422583	428643	7.102422	2	6060
428643	429043	1.080053	0	400
429043	429943	-4.041285	-2	900
429943	434083	-7.538133	-3	4140
434083	434313	-2.471878	0	230
434313	434823	2.524838	1	510
434823	435053	-2.370541	0	230
435053	435633	-6.717692	-3	580
435633	435893	-3.475873	0	260
435893	438263	-0.500595	-1	2370
438263	438633	1.968280	0	370
438633	439703	6.018507	2	1070
439703	440213	-0.426834	0	510
440213	440863	-6.033880	-3	650
440863	441853	-2.350072	0	990
441853	442783	-5.631965	-3	930
442783	443283	-3.478346	-2	500
443283	443663	-0.880007	0	380
443663	444243	0.512641	1	580
444243	445503	-1.020756	-1	1260
