380524	380904	1.579019	0	380
380904	381424	-1.813926	-1	520
381424	386124	1.445073	1	4700
386124	386754	-0.927799	-1	630
386754	395104	1.554132	1	8350
395104	395684	-0.470618	-1	580
395684	396814	2.121228	1	1130
396814	397814	-1.664034	0	1000
397814	398964	0.360847	1	1150
398964	399584	-0.203365	-1	620
399584	403084	1.557371	1	3500
403084	405584	8.013199	2	2500
405584	405884	2.312844	0	300
405884	406514	-0.293049	-1	630
406514	406824	-3.436954	0	310
406824	407704	-5.561377	-3	880
407704	408144	-2.656369	0	440
408144	410544	1.772593	1	2400
410544	411884	5.693312	2	1340
411884	412734	-1.019975	0	850
412734	418264	2.727426	1	5530
418264	419454	6.746904	2	1190
419454	420824	2.261818	1	1370
420824	421344	5.234782	2	520
421344	422634	2.424142	1	1290
422634	428594	7.158453	2	5960
428594	429004	1.365632	0	410
429004	429934	-4.041372	-2	930
429934	434064	-7.552199	-3	4130
434064	434274	-2.575925	0	210
434274	434804	2.794398	1	530
434804	435014	-2.559245	0	210
435014	435604	-6.878058	-3	590
435604	435854	-3.447720	0	250
435854	438254	-0.484210	-1	2400
438254	438634	2.173378	0	380
438634	439664	6.196552	2	1030
439664	440154	-0.109103	0	490
440154	440844	-6.028625	-3	690
440844	441794	-2.146883	0	950
441794	442764	-5.615522	-3	970
442764	443614	-2.363997	0	850
443614	444244	0.548217	1	630
444244	445504	-1.035057	-1	1260
