380501	380881	1.694240	0	380
380881	381411	-1.864532	-1	530
381411	386101	1.457138	1	4690
386101	386741	-0.943649	-1	640
386741	395101	1.554438	1	8360
395101	395671	-0.498805	-1	570
395671	396811	2.125590	1	1140
396811	397791	-1.711492	0	980
397791	398941	0.361411	1	1150
398941	399581	-0.203806	-1	640
399581	403081	1.489385	1	3500
403081	405571	8.043368	2	2490
405571	405861	2.333844	0	290
405861	406511	-0.287309	-1	650
406511	406801	-3.444453	0	290
406801	407711	-5.555916	-3	910
407711	408131	-2.580078	0	420
408131	410571	1.818488	1	2440
410571	411891	5.742109	2	1320
411891	412731	-1.162984	0	840
412731	418261	2.733081	1	5530
418261	419441	6.796501	2	1180
419441	422651	2.821644	1	3210
422651	428581	7.179128	2	5930
428581	428981	1.510407	0	400
428981	429821	-4.045759	-2	840
429821	434061	-7.526567	-3	4240
434061	434271	-2.464027	0	210
434271	434791	2.979986	1	520
434791	434991	-2.425892	0	200
434991	435601	-6.880829	-3	610
435601	435841	-3.393766	0	240
435841	438261	-0.473897	-1	2420
438261	438631	2.305690	0	370
438631	439661	6.234783	2	1030
439661	440141	-0.190028	0	480
440141	440841	-6.030584	-3	700
440841	441781	-2.080233	0	940
441781	442751	-5.617715	-3	970
442751	443591	-2.404450	0	840
443591	444241	0.558464	1	650
444241	445511	-1.028058	-1	1270
