380631	380941	1.263624	0	310
380941	381481	-0.925948	-1	540
381481	386191	1.957330	1	4710
386191	386801	-0.806626	-1	610
386801	395161	1.542616	1	8360
395161	395701	-0.411343	-1	540
395701	396881	2.125075	1	1180
396881	397921	-1.525758	0	1040
397921	399061	0.359605	1	1140
399061	399611	-0.187454	-1	550
399611	403091	1.513881	1	3480
403091	405671	7.821033	2	2580
405671	405991	2.064623	0	320
405991	406561	-0.430948	-1	570
406561	406921	-3.496827	0	360
406921	407721	-5.543682	-3	800
407721	408231	-2.593526	0	510
408231	410531	1.719377	1	2300
410531	411931	5.497548	2	1400
411931	412801	-0.814528	0	870
412801	418291	3.043907	1	5490
418291	419521	6.514405	2	1230
419521	420771	2.384872	1	1250
420771	421421	4.910150	2	650
421421	422611	2.354328	1	1190
422611	428651	7.148291	2	6040
428651	429081	1.041469	0	430
429081	429951	-4.060545	-2	870
429951	434091	-7.529890	-3	4140
434091	434341	-2.457038	0	250
434341	434841	2.263085	1	500
434841	435091	-2.402193	0	250
435091	435651	-6.613438	-3	560
435651	435931	-3.460347	0	280
435931	438261	-0.508777	-1	2330
438261	438671	2.001896	0	410
438671	439701	6.001187	2	1030
439701	440241	-0.238853	0	540
440241	440871	-6.003212	-3	630
440871	441891	-2.491125	0	1020
441891	442781	-5.643992	-3	890
442781	443311	-3.531394	-2	530
443311	443701	-0.847574	0	390
443701	444261	0.471337	1	560
444261	445511	-1.020720	-1	1250
