380442	381382	-0.008600	0	940
381382	386062	2.534306	1	4680
386062	386712	-1.002635	-1	650
386712	395082	1.558417	1	8370
395082	395652	-0.545047	-1	570
395652	396772	2.216639	1	1120
396772	397732	-1.774984	0	960
397732	398882	0.363067	1	1150
398882	399542	-0.215748	-1	660
399542	403112	1.536189	1	3570
403112	405502	8.216200	2	2390
405502	405802	2.716174	0	300
405802	406492	-0.246329	-1	690
406492	406762	-3.521855	0	270
406762	407712	-5.565685	-3	950
407712	408092	-2.477755	0	380
408092	411322	2.609692	1	3230
411322	411842	6.493140	2	520
411842	412732	-1.053370	0	890
412732	418272	2.759630	1	5540
418272	419392	6.964611	2	1120
419392	422712	2.875593	1	3320
422712	428552	7.222837	2	5840
428552	428952	1.611608	0	400
428952	429802	-4.060268	-2	850
429802	434052	-7.593011	-3	4250
434052	434232	-2.525290	0	180
434232	434762	3.278158	1	530
434762	434952	-2.452694	0	190
434952	435582	-6.983961	-3	630
435582	435802	-3.332112	0	220
435802	438242	-0.457821	-1	2440
438242	438642	2.583731	0	400
438642	439612	6.405073	2	970
439612	440082	0.318706	0	470
440082	440832	-5.990233	-3	750
440832	441732	-1.855499	0	900
441732	442732	-5.596287	-3	1000
442732	443542	-2.425014	0	810
443542	444232	0.603438	1	690
444232	445512	-1.030056	-1	1280
