380492	380882	1.685016	0	390
380882	381402	-1.934771	-1	520
381402	386102	1.452121	1	4700
386102	386732	-0.967960	-1	630
386732	395092	1.555164	1	8360
395092	395672	-0.495448	-1	580
395672	396802	2.151050	1	1130
396802	397782	-1.715196	0	980
397782	398932	0.361618	1	1150
398932	399572	-0.205774	-1	640
399572	403132	1.541804	1	3560
403132	405512	8.189030	2	2380
405512	405852	2.767882	0	340
405852	406512	-0.295126	-1	660
406512	406792	-3.468087	0	280
406792	407712	-5.552680	-3	920
407712	408122	-2.566745	0	410
408122	410842	2.148044	1	2720
410842	411842	5.961673	2	1000
411842	412732	-0.855567	0	890
412732	418312	3.157394	1	5580
418312	419392	6.963931	2	1080
419392	422742	2.912990	1	3350
422742	428552	7.223850	2	5810
428552	428992	1.577147	0	440
428992	429812	-4.078514	-2	820
429812	434062	-7.521342	-3	4250
434062	434262	-2.448928	0	200
434262	434792	2.957616	1	530
434792	434982	-2.453912	0	190
434982	435592	-6.900062	-3	610
435592	435832	-3.435029	0	240
435832	438242	-0.477066	-1	2410
438242	438672	2.510108	0	430
438672	439612	6.366235	2	940
439612	440132	0.288205	0	520
440132	440842	-6.018936	-3	710
440842	441772	-2.037784	0	930
441772	442752	-5.611131	-3	980
442752	443582	-2.393615	0	830
443582	444242	0.558629	1	660
444242	445512	-1.029240	-1	1270
