380639	380939	1.249002	0	300
380939	381479	-0.902965	-1	540
381479	386189	1.930260	1	4710
386189	386809	-0.781224	-1	620
386809	395169	1.541854	1	8360
395169	395699	-0.411430	-1	530
395699	396889	2.097018	1	1190
396889	397929	-1.520347	0	1040
397929	399069	0.359204	1	1140
399069	399619	-0.184738	-1	550
399619	403099	1.519721	1	3480
403099	405669	7.828427	2	2570
405669	405999	2.107124	0	330
405999	406559	-0.428688	-1	560
406559	406929	-3.479679	0	370
406929	407719	-5.542914	-3	790
407719	408239	-2.597634	0	520
408239	410539	1.725569	1	2300
410539	411929	5.496971	2	1390
411929	412809	-0.763974	0	880
412809	418299	2.745524	1	5490
418299	419519	6.521765	2	1220
419519	420759	2.374426	1	1240
420759	421429	4.877939	2	670
421429	422609	2.349059	1	1180
422609	428649	7.145470	2	6040
428649	429089	1.051333	0	440
429089	429959	-4.071096	-2	870
429959	434099	-7.528975	-3	4140
434099	434349	-2.367449	0	250
434349	434849	2.219527	1	500
434849	435099	-2.469901	0	250
435099	435649	-6.614961	-3	550
435649	435939	-3.481264	0	290
435939	438259	-0.509553	-1	2320
438259	438679	2.003776	0	420
438679	439709	5.985929	2	1030
439709	440249	-0.302605	0	540
440249	440869	-6.013031	-3	620
440869	441899	-2.528928	0	1030
441899	442789	-5.639218	-3	890
442789	443319	-3.510380	-2	530
443319	443719	-0.809881	0	400
443719	444259	0.476676	1	540
444259	445509	-1.018182	-1	1250
