380528	380898	1.592865	0	370
380898	381428	-1.752410	-1	530
381428	386128	1.443232	1	4700
386128	386758	-0.921604	-1	630
386758	395098	1.555590	1	8340
395098	395688	-0.458327	-1	590
395688	396838	2.316965	1	1150
396838	397818	-1.683747	0	980
397818	398968	0.360771	1	1150
398968	399588	-0.201951	-1	620
399588	403088	1.561293	1	3500
403088	405578	8.022013	2	2490
405578	405888	2.370965	0	310
405888	406518	-0.308855	-1	630
406518	406828	-3.452185	0	310
406828	407708	-5.556952	-3	880
407708	408148	-2.628570	0	440
408148	410578	1.809839	1	2430
410578	411888	5.717808	2	1310
411888	412738	-1.027801	0	850
412738	418268	2.730326	1	5530
418268	419448	6.759727	2	1180
419448	422658	2.832659	1	3210
422658	428598	7.168736	2	5940
428598	429008	1.323205	0	410
429008	429938	-4.046246	-2	930
429938	434068	-7.552625	-3	4130
434068	434278	-2.531061	0	210
434278	434808	2.767054	1	530
434808	435018	-2.564214	0	210
435018	435608	-6.865964	-3	590
435608	435858	-3.439014	0	250
435858	438258	-0.484685	-1	2400
438258	438648	2.269538	0	390
438648	439658	6.222585	2	1010
439658	440158	-0.054458	0	500
440158	440848	-6.031740	-3	690
440848	441808	-2.183581	0	960
441808	442768	-5.620641	-3	960
442768	443618	-2.355628	0	850
443618	444248	0.537289	1	630
444248	445508	-1.029936	-1	1260
