380572	380912	1.496336	0	340
380912	381452	-1.087340	-1	540
381452	386152	1.950697	1	4700
386152	386772	-0.878441	-1	620
386772	395122	1.549842	1	8350
395122	395682	-0.449592	-1	560
395682	396862	2.202697	1	1180
396862	397862	-1.625653	0	1000
397862	399012	0.359839	1	1150
399012	399622	-0.190896	-1	610
399622	403052	1.520235	1	3430
403052	405652	7.834627	2	2600
405652	405932	1.996027	0	280
405932	406532	-0.339950	-1	600
406532	406872	-3.468029	0	340
406872	407722	-5.550350	-3	850
407722	408192	-2.533220	0	470
408192	410492	1.706008	1	2300
410492	411932	5.535214	2	1440
411932	412742	-1.126151	0	810
412742	418262	3.623181	1	5520
418262	419512	6.565085	2	1250
419512	420732	2.310972	1	1220
420732	421412	4.946969	2	680
421412	422582	2.272143	1	1170
422582	428642	7.105138	2	6060
428642	429032	1.100117	0	390
429032	429942	-4.035378	-2	910
429942	434082	-7.540145	-3	4140
434082	434312	-2.397759	0	230
434312	434822	2.607647	1	510
434822	435052	-2.504524	0	230
435052	435632	-6.761367	-3	580
435632	435882	-3.461061	0	250
435882	438262	-0.499402	-1	2380
438262	438622	1.945643	0	360
438622	439702	6.021619	2	1080
439702	440202	-0.434161	0	500
440202	440862	-6.032422	-3	660
440862	441842	-2.300619	0	980
441842	442772	-5.635145	-3	930
442772	443282	-3.477597	-2	510
443282	443652	-0.876062	0	370
443652	444242	0.518591	1	590
444242	445512	-1.015979	-1	1270
