380470	380870	1.752263	0	400
380870	381390	-2.108249	-1	520
381390	386080	1.149877	1	4690
386080	386730	-0.968077	-1	650
386730	395090	1.557463	1	8360
395090	395670	-0.513518	-1	580
395670	396790	2.191461	1	1120
396790	397740	-1.780882	0	950
397740	398910	0.356062	1	1170
398910	399570	-0.207127	-1	660
399570	403120	1.540956	1	3550
403120	405520	8.182565	2	2400
405520	405830	2.640826	0	310
405830	406510	-0.290647	-1	680
406510	406780	-3.533185	0	270
406780	407700	-5.566933	-3	920
407700	408110	-2.596498	0	410
408110	410800	2.112996	1	2690
410800	411850	5.967592	2	1050
411850	412730	-1.005799	0	880
412730	418280	2.751424	1	5550
418280	419400	6.932945	2	1120
419400	422710	2.876431	1	3310
422710	428550	7.217315	2	5840
428550	428960	1.734272	0	410
428960	429810	-4.040493	-2	850
429810	434060	-7.586784	-3	4250
434060	434260	-2.304926	0	200
434260	434780	3.170351	1	520
434780	434970	-2.516866	0	190
434970	435590	-6.936308	-3	620
435590	435820	-3.358694	0	230
435820	438260	-0.463117	-1	2440
438260	438650	2.597810	0	390
438650	439610	6.375999	2	960
439610	440110	0.315018	0	500
440110	440830	-6.020954	-3	720
440830	441750	-1.968626	0	920
441750	442750	-5.597376	-3	1000
442750	443560	-2.399709	0	810
443560	444240	0.571706	1	680
444240	445510	-1.032426	-1	1270
