380518	380898	1.599800	0	380
380898	381418	-1.902300	-1	520
381418	386108	1.137943	1	4690
386108	386748	-0.919542	-1	640
386748	395098	1.554651	1	8350
395098	395668	-0.483559	-1	570
395668	396818	2.089345	1	1150
396818	397808	-1.683599	0	990
397808	398958	0.360994	1	1150
398958	399588	-0.201712	-1	630
399588	403098	1.576754	1	3510
403098	405568	8.055281	2	2470
405568	405878	2.422576	0	310
405878	406518	-0.309598	-1	640
406518	406818	-3.460554	0	300
406818	407708	-5.555635	-3	890
407708	408138	-2.637958	0	430
408138	410588	1.823932	1	2450
410588	411888	5.737967	2	1300
411888	412738	-1.067132	0	850
412738	418278	2.736186	1	5540
418278	419438	6.810588	2	1160
419438	422658	2.834316	1	3220
422658	428588	7.173717	2	5930
428588	428998	1.417155	0	410
428998	429828	-4.059245	-2	830
429828	434068	-7.524899	-3	4240
434068	434278	-2.444089	0	210
434278	434798	2.878807	1	520
434798	435008	-2.473336	0	210
435008	435608	-6.862146	-3	600
435608	435858	-3.368127	0	250
435858	438258	-0.477698	-1	2400
438258	438648	2.313712	0	390
438648	439648	6.254149	2	1000
439648	440148	0.045579	0	500
440148	440838	-6.036342	-3	690
440838	441798	-2.169801	0	960
441798	442748	-5.628014	-3	950
442748	443608	-2.415225	0	860
443608	444248	0.542328	1	640
444248	445508	-1.032388	-1	1260
