380683	380963	1.053015	0	280
380963	381503	-0.781527	-1	540
381503	386223	1.800861	1	4720
386223	386823	-0.739299	-1	600
386823	395183	1.537795	1	8360
395183	395703	-0.375166	-1	520
395703	396923	1.992065	1	1220
396923	397973	-1.476492	0	1050
397973	399103	0.358237	1	1130
399103	399603	-0.182852	-1	500
399603	403083	1.477861	1	3480
403083	405713	7.712862	2	2630
405713	406043	1.979868	0	330
406043	406573	-0.473891	-1	530
406573	406973	-3.490919	0	400
406973	407723	-5.543249	-3	750
407723	408273	-2.600362	0	550
408273	410493	1.658630	1	2220
410493	411963	5.365129	2	1470
411963	412843	-0.747706	0	880
412843	418303	2.752275	1	5460
418303	419563	6.618922	2	1260
419563	420643	2.180134	1	1080
420643	421483	4.659270	2	840
421483	422583	2.268076	1	1100
422583	428683	7.103639	2	6100
428683	429123	0.861352	0	440
429123	429963	-4.072390	-2	840
429963	434093	-7.525867	-3	4130
434093	434363	-2.629419	0	270
434363	434863	1.930714	1	500
434863	435133	-2.428843	0	270
435133	435673	-6.485639	-3	540
435673	435973	-3.452224	0	300
435973	438253	-0.520565	-1	2280
438253	438683	1.852465	0	430
438683	439733	5.876941	2	1050
439733	440293	-0.372323	0	560
440293	440883	-5.951094	-3	590
440883	441933	-2.633307	0	1050
441933	442793	-5.642535	-3	860
442793	443343	-3.549653	-2	550
443343	443753	-0.802289	0	410
443753	444273	0.440890	1	520
444273	445503	-1.027317	-1	1230
