380757	380997	0.753945	0	240
380997	381537	-0.573054	-1	540
381537	386277	1.063528	1	4740
386277	386867	-0.632291	-1	590
386867	396967	1.745585	1	10100
396967	398047	-1.385159	-1	1080
398047	403157	1.337674	1	5110
403157	405707	7.766695	2	2550
405707	407027	-0.656184	0	1320
407027	407727	-5.518703	-3	700
407727	408337	-2.555948	0	610
408337	410607	1.758928	1	2270
410607	411917	5.421512	2	1310
411917	412897	-0.230665	0	980
412897	418387	2.783154	1	5490
418387	419537	6.702707	2	1150
419537	420857	2.578776	1	1320
420857	421427	4.812127	2	570
421427	422697	2.582408	1	1270
422697	428637	7.160306	2	5940
428637	429177	1.207738	0	540
429177	429967	-4.060907	-2	790
429967	434107	-7.503662	-3	4140
434107	435187	-0.712187	0	1080
435187	435697	-6.282804	-3	510
435697	436027	-3.479375	0	330
436027	438257	-0.536061	-1	2230
438257	438787	2.144377	1	530
438787	439707	5.957150	2	920
439707	440357	-0.195565	0	650
440357	440897	-5.939580	-3	540
440897	441987	-2.819168	0	1090
441987	442807	-5.628980	-3	820
442807	443377	-3.591038	-2	570
443377	443797	-0.818325	0	420
443797	444357	0.533887	1	560
444357	445507	-0.865477	-1	1150
