380466	380866	1.770768	0	400
380866	381396	-2.106531	-1	530
381396	386076	1.153260	1	4680
386076	386726	-0.973814	-1	650
386726	395086	1.557897	1	8360
395086	395656	-0.525408	-1	570
395656	396786	2.176131	1	1130
396786	397756	-1.746752	0	970
397756	398906	0.362309	1	1150
398906	399556	-0.211740	-1	650
399556	403106	1.523666	1	3550
403106	405516	8.173962	2	2410
405516	405826	2.645980	0	310
405826	406506	-0.281309	-1	680
406506	406786	-3.582758	0	280
406786	407706	-5.567778	-3	920
407706	408096	-2.621326	0	390
408096	410756	2.054330	1	2660
410756	411856	5.943768	2	1100
411856	412736	-1.062678	0	880
412736	418276	2.753802	1	5540
418276	419406	6.926599	2	1130
419406	422696	2.860690	1	3290
422696	428546	7.214628	2	5850
428546	428956	1.771826	0	410
428956	429816	-4.045028	-2	860
429816	434056	-7.594664	-3	4240
434056	434246	-2.485093	0	190
434246	434776	3.139168	1	530
434776	434976	-2.589880	0	200
434976	435586	-6.985335	-3	610
435586	435816	-3.384346	0	230
435816	438246	-0.466993	-1	2430
438246	438646	2.507530	0	400
438646	439616	6.373472	2	970
439616	440106	0.253068	0	490
440106	440826	-6.024700	-3	720
440826	441756	-1.997762	0	930
441756	442756	-5.598676	-3	1000
442756	443566	-2.348991	0	810
443566	444226	0.598387	1	660
444226	445506	-1.024413	-1	1280
