380759	381009	0.747680	0	250
381009	381539	-0.564943	-1	530
381539	386279	1.061757	1	4740
386279	386869	-0.622500	-1	590
386869	396959	1.482432	1	10090
396959	398049	-1.367680	-1	1090
398049	403189	1.366132	1	5140
403189	405679	7.841094	2	2490
405679	407039	-0.596637	0	1360
407039	407719	-5.528712	-3	680
407719	408329	-2.604589	0	610
408329	410709	1.874147	1	2380
410709	411899	5.502135	2	1190
411899	412909	-0.140776	0	1010
412909	418409	2.799255	1	5500
418409	419519	6.766914	2	1110
419519	422739	3.014675	1	3220
422739	428629	7.182304	2	5890
428629	429169	1.279360	0	540
429169	429969	-4.042480	-2	800
429969	434109	-7.502660	-3	4140
434109	436029	-2.662536	0	1920
436029	438239	-0.537846	-1	2210
438239	438809	2.190215	1	570
438809	439689	6.006520	2	880
439689	440359	-0.112536	0	670
440359	440899	-5.927046	-3	540
440899	441999	-2.844717	0	1100
441999	442809	-5.630727	-3	810
442809	443369	-3.595774	-2	560
443369	443799	-0.830845	0	430
443799	444349	0.532291	1	550
444349	445509	-0.857353	-1	1160
