380544	380904	1.560760	0	360
380904	381434	-1.728294	-1	530
381434	386134	1.129435	1	4700
386134	386764	-0.900042	-1	630
386764	395104	1.554108	1	8340
395104	395674	-0.461129	-1	570
395674	396844	2.255378	1	1170
396844	397834	-1.656521	0	990
397834	398984	0.360429	1	1150
398984	399604	-0.196666	-1	620
399604	403074	1.545128	1	3470
403074	405604	7.956020	2	2530
405604	405904	2.241010	0	300
405904	406524	-0.318297	-1	620
406524	406844	-3.463763	0	320
406844	407704	-5.561327	-3	860
407704	408164	-2.642552	0	460
408164	410524	1.746035	1	2360
410524	411914	5.621551	2	1390
411914	412734	-1.135202	0	820
412734	418264	2.722437	1	5530
418264	419474	6.680223	2	1210
419474	420784	2.183663	1	1310
420784	421374	5.104422	2	590
421374	422614	2.359277	1	1240
422614	428624	7.134255	2	6010
428624	429024	1.104069	0	400
429024	429944	-4.063930	-2	920
429944	434074	-7.549506	-3	4130
434074	434294	-2.436007	0	220
434294	434814	2.720856	1	520
434814	435024	-2.490886	0	210
435024	435614	-6.810113	-3	590
435614	435864	-3.479622	0	250
435864	438254	-0.492740	-1	2390
438254	438634	2.085833	0	380
438634	439674	6.145194	2	1040
439674	440174	-0.197064	0	500
440174	440854	-6.026198	-3	680
440854	441824	-2.237432	0	970
441824	442764	-5.633130	-3	940
442764	443264	-3.468085	-2	500
443264	443624	-0.919385	0	360
443624	444244	0.529893	1	620
444244	445504	-1.029281	-1	1260
