380760	381000	0.743880	0	240
381000	381540	-0.569659	-1	540
381540	386270	1.065681	1	4730
386270	386870	-0.621397	-1	600
386870	396960	1.745575	1	10090
396960	398050	-1.372130	-1	1090
398050	403140	1.240998	1	5090
403140	405720	7.726149	2	2580
405720	407030	-0.704082	0	1310
407030	407720	-5.524328	-3	690
407720	408330	-2.627254	0	610
408330	410550	1.687689	1	2220
410550	411950	5.340801	2	1400
411950	412900	-0.372899	0	950
412900	418370	2.779813	1	5470
418370	419570	6.594763	2	1200
419570	420760	2.397437	1	1190
420760	421460	4.709312	2	700
421460	422660	2.482714	1	1200
422660	428670	7.127739	2	6010
428670	429180	1.004408	0	510
429180	429970	-4.066856	-2	790
429970	434110	-7.502904	-3	4140
434110	435190	-0.716978	0	1080
435190	435690	-6.302080	-3	500
435690	436030	-3.513433	0	340
436030	438260	-0.533949	-1	2230
438260	438760	2.029717	1	500
438760	439730	5.863454	2	970
439730	440360	-0.364943	0	630
440360	440900	-5.932421	-3	540
440900	441990	-2.820782	0	1090
441990	442810	-5.628367	-3	820
442810	443380	-3.581561	-2	570
443380	443800	-0.814089	0	420
443800	444360	0.529688	1	560
444360	445510	-0.866392	-1	1150
