380748	380988	0.804467	0	240
380988	381538	-0.586217	-1	550
381538	386268	1.068242	1	4730
386268	386868	-0.635733	-1	600
386868	396948	1.747601	1	10080
396948	398038	-1.378346	-1	1090
398038	403098	1.419708	1	5060
403098	405738	7.649725	2	2640
405738	407028	-0.809153	0	1290
407028	407718	-5.532639	-3	690
407718	408328	-2.602434	0	610
408328	410518	1.661313	1	2190
410518	411948	5.330507	2	1430
411948	412898	-0.408578	0	950
412898	418338	2.773655	1	5440
418338	419588	6.514751	2	1250
419588	420668	2.221297	1	1080
420668	421498	4.613219	2	830
421498	422628	2.377039	1	1130
422628	428688	7.105062	2	6060
428688	429168	0.904599	0	480
429168	429968	-4.057380	-2	800
429968	434108	-7.506080	-3	4140
434108	435188	-0.692595	0	1080
435188	435688	-6.343824	-3	500
435688	436018	-3.515150	0	330
436018	438258	-0.535386	-1	2240
438258	438728	1.919082	0	470
438728	439738	5.818583	2	1010
439738	440348	-0.412907	0	610
440348	440898	-5.933870	-3	550
440898	441988	-2.806091	0	1090
441988	442808	-5.634626	-3	820
442808	443368	-3.592073	-2	560
443368	443788	-0.836472	0	420
443788	444348	0.546284	1	560
444348	445508	-0.859569	-1	1160
