380525	380895	1.600782	0	370
380895	381425	-1.768133	-1	530
381425	386115	1.443436	1	4690
386115	386745	-0.918616	-1	630
386745	395095	1.553707	1	8350
395095	395675	-0.465696	-1	580
395675	396825	2.316513	1	1150
396825	397815	-1.664178	0	990
397815	398965	0.360814	1	1150
398965	399585	-0.201235	-1	620
399585	403145	1.617579	1	3560
403145	405535	8.153378	2	2390
405535	405885	2.659045	0	350
405885	406515	-0.304775	-1	630
406515	406835	-3.506976	0	320
406835	407715	-5.556448	-3	880
407715	408145	-2.575391	0	430
408145	411285	2.600008	1	3140
411285	411855	6.267759	2	570
411855	412735	-0.819450	0	880
412735	418315	2.748466	1	5580
418315	419405	6.914391	2	1090
419405	422745	2.916228	1	3340
422745	428545	7.220042	2	5800
428545	429005	1.722259	0	460
429005	429935	-4.044389	-2	930
429935	434055	-7.557210	-3	4120
434055	434275	-2.645741	0	220
434275	434795	2.806700	1	520
434795	435015	-2.444426	0	220
435015	435605	-6.857462	-3	590
435605	435845	-3.502069	0	240
435845	438245	-0.492472	-1	2400
438245	438695	2.506327	0	450
438695	439615	6.346651	2	920
439615	440165	0.231961	0	550
440165	440845	-6.039235	-3	680
440845	441805	-2.185849	0	960
441805	442755	-5.627665	-3	950
442755	443255	-3.451686	-2	500
443255	443605	-0.931256	0	350
443605	444235	0.544469	1	630
444235	445505	-1.023482	-1	1270
