380757	380997	0.736806	0	240
380997	381537	-0.565894	-1	540
381537	386267	1.064898	1	4730
386267	386867	-0.615962	-1	600
386867	396957	1.745280	1	10090
396957	398047	-1.369549	-1	1090
398047	403187	1.276561	1	5140
403187	405667	7.857052	2	2480
405667	407027	-0.519469	0	1360
407027	407727	-5.516421	-3	700
407727	408327	-2.577823	0	600
408327	410757	1.930016	1	2430
410757	411887	5.552658	2	1130
411887	412897	-0.094994	0	1010
412897	418407	2.792387	1	5510
418407	419517	6.776381	2	1110
419517	422747	3.017717	1	3230
422747	428617	7.191453	2	5870
428617	429177	1.299565	0	560
429177	429977	-4.079881	-2	800
429977	434107	-7.509248	-3	4130
434107	435187	-0.716533	0	1080
435187	435697	-6.271503	-3	510
435697	436027	-3.461187	0	330
436027	438247	-0.536605	-1	2220
438247	438817	2.260721	1	570
438817	439677	6.049000	2	860
439677	440357	-0.023721	0	680
440357	440887	-5.948434	-3	530
440887	441987	-2.839713	0	1100
441987	442807	-5.628466	-3	820
442807	443377	-3.575924	-2	570
443377	443797	-0.806611	0	420
443797	444347	0.539425	1	550
444347	445507	-0.857831	-1	1160
