380668	380958	1.107116	0	290
380958	381498	-0.826231	-1	540
381498	386218	1.842122	1	4720
386218	386828	-0.752473	-1	610
386828	395178	1.541153	1	8350
395178	395698	-0.391430	-1	520
395698	396908	2.028059	1	1210
396908	397958	-1.487982	0	1050
397958	399088	0.359872	1	1130
399088	399618	-0.179455	-1	530
399618	403058	1.475237	1	3440
403058	405718	7.678004	2	2660
405718	406028	1.903448	0	310
406028	406578	-0.485063	-1	550
406578	406958	-3.524960	0	380
406958	407718	-5.544791	-3	760
407718	408258	-2.633956	0	540
408258	410468	1.636777	1	2210
410468	411958	5.365680	2	1490
411958	412828	-0.798271	0	870
412828	418268	2.740971	1	5440
418268	419578	6.541423	2	1310
419578	420578	2.041610	1	1000
420578	421498	4.589905	2	920
421498	422558	2.199284	1	1060
422558	428688	7.090194	2	6130
428688	429108	0.838957	0	420
429108	429968	-4.070255	-2	860
429968	434098	-7.529795	-3	4130
434098	435128	-0.301364	0	1030
435128	435668	-6.549332	-3	540
435668	435958	-3.463009	0	290
435958	438258	-0.519139	-1	2300
438258	438648	1.752105	0	390
438648	439748	5.814808	2	1100
439748	440288	-0.563671	0	540
440288	440888	-5.955204	-3	600
440888	441918	-2.568361	0	1030
441918	442798	-5.634143	-3	880
442798	443328	-3.539051	-2	530
443328	443748	-0.810891	0	420
443748	444258	0.467913	1	510
444258	445508	-1.013717	-1	1250
