380753	380993	0.853514	0	240
380993	381543	-0.572912	-1	550
381543	386263	1.069113	1	4720
386263	386863	-0.629130	-1	600
386863	396953	1.662782	1	10090
396953	398043	-1.375524	-1	1090
398043	403133	1.091969	1	5090
403133	405723	7.717202	2	2590
405723	407023	-0.713233	0	1300
407023	407723	-5.524343	-3	700
407723	408323	-2.626173	0	600
408323	410553	1.690718	1	2230
410553	411933	5.367184	2	1380
411933	412893	-0.318947	0	960
412893	418363	2.775686	1	5470
418363	419553	6.628803	2	1190
419553	420803	2.477748	1	1250
420803	421463	4.748085	2	660
421463	422653	2.463255	1	1190
422653	428673	7.125617	2	6020
428673	429173	1.002230	0	500
429173	429973	-4.064363	-2	800
429973	434113	-7.504695	-3	4140
434113	435183	-0.663382	0	1070
435183	435693	-6.299987	-3	510
435693	436023	-3.500223	0	330
436023	438263	-0.534698	-1	2240
438263	438763	2.070733	1	500
438763	439723	5.895592	2	960
439723	440353	-0.299096	0	630
440353	440903	-5.929447	-3	550
440903	441983	-2.791333	0	1080
441983	442813	-5.624749	-3	830
442813	443373	-3.578518	-2	560
443373	443793	-0.827322	0	420
443793	444363	0.529323	1	570
444363	445503	-0.875591	-1	1140
