380671	380951	1.118264	0	280
380951	381501	-0.801846	-1	550
381501	386211	1.829739	1	4710
386211	386821	-0.746676	-1	610
386821	395181	1.539005	1	8360
395181	395711	-0.381145	-1	530
395711	396911	2.040950	1	1200
396911	397961	-1.485356	0	1050
397961	399091	0.359281	1	1130
399091	399611	-0.180767	-1	520
399611	403081	1.487164	1	3470
403081	405701	7.734554	2	2620
405701	406031	2.005695	0	330
406031	406571	-0.469107	-1	540
406571	406961	-3.501857	0	390
406961	407721	-5.544110	-3	760
407721	408261	-2.608666	0	540
408261	410491	1.661584	1	2230
410491	411951	5.388483	2	1460
411951	412831	-0.743819	0	880
412831	418301	2.749521	1	5470
418301	419561	6.641281	2	1260
419561	420641	2.173757	1	1080
420641	421471	4.677833	2	830
421471	422581	2.272240	1	1110
422581	428681	7.106097	2	6100
428681	429111	0.868697	0	430
429111	429961	-4.067783	-2	850
429961	434091	-7.527957	-3	4130
434091	434361	-2.567430	0	270
434361	434871	1.967705	1	510
434871	435121	-2.536538	0	250
435121	435661	-6.530623	-3	540
435661	435961	-3.491796	0	300
435961	438261	-0.517040	-1	2300
438261	438681	1.925316	0	420
438681	439731	5.900001	2	1050
439731	440291	-0.444497	0	560
440291	440881	-5.962760	-3	590
440881	441921	-2.592942	0	1040
441921	442791	-5.641534	-3	870
442791	443331	-3.552264	-2	540
443331	443751	-0.800920	0	420
443751	444271	0.456664	1	520
444271	445511	-1.021307	-1	1240
