380784	381024	0.637286	0	240
381024	381554	-0.515647	-1	530
381554	386294	1.056718	1	4740
386294	386874	-0.603327	-1	580
386874	396974	1.737496	1	10100
396974	398074	-1.343408	-1	1100
398074	403124	1.084138	1	5050
403124	405764	7.627389	2	2640
405764	407054	-0.843810	0	1290
407054	407734	-5.516666	-3	680
407734	408344	-2.603554	0	610
408344	410534	1.654726	1	2190
410534	411954	5.298420	2	1420
411954	412924	-0.299824	0	970
412924	418364	3.811356	1	5440
418364	419594	6.490492	2	1230
419594	420684	2.258189	1	1090
420684	421504	4.596924	2	820
421504	422644	2.423528	1	1140
422644	428694	7.169143	2	6050
428694	429194	0.916308	0	500
429194	429974	-4.052432	-2	780
429974	434124	-7.491825	-3	4150
434124	436044	-2.670609	0	1920
436044	438254	-0.544854	-1	2210
438254	438744	1.867804	0	490
438744	439744	5.764786	2	1000
439744	440384	-0.467937	0	640
440384	440894	-5.951748	-3	510
440894	442014	-2.907737	0	1120
442014	442824	-5.620594	-3	810
442824	443394	-3.568787	-2	570
443394	443814	-0.819466	0	420
443814	444354	0.510106	1	540
444354	445504	-0.865697	-1	1150
