380675	380955	1.099423	0	280
380955	381505	-0.786355	-1	550
381505	386215	1.605936	1	4710
386215	386825	-0.738571	-1	610
386825	395185	1.538511	1	8360
395185	395695	-0.389559	-1	510
395695	396915	2.001242	1	1220
396915	397965	-1.482070	0	1050
397965	399095	0.359216	1	1130
399095	399615	-0.180444	-1	520
399615	403065	1.475713	1	3450
403065	405715	7.686137	2	2650
405715	406035	1.955900	0	320
406035	406575	-0.481669	-1	540
406575	406965	-3.501992	0	390
406965	407725	-5.537296	-3	760
407725	408265	-2.599109	0	540
408265	410465	1.631589	1	2200
410465	411955	5.353673	2	1490
411955	412835	-0.741731	0	880
412835	418285	2.745849	1	5450
418285	419575	6.568573	2	1290
419575	420595	2.081715	1	1020
420595	421495	4.601244	2	900
421495	422565	2.221937	1	1070
422565	428685	7.092690	2	6120
428685	429115	0.858190	0	430
429115	429965	-4.067741	-2	850
429965	434095	-7.528406	-3	4130
434095	434355	-2.640226	0	260
434355	434865	1.958834	1	510
434865	435125	-2.456408	0	260
435125	435665	-6.523930	-3	540
435665	435965	-3.487248	0	300
435965	438255	-0.519939	-1	2290
438255	438665	1.797547	0	410
438665	439745	5.835828	2	1080
439745	440295	-0.533601	0	550
440295	440885	-5.962204	-3	590
440885	441925	-2.600613	0	1040
441925	442795	-5.640301	-3	870
442795	443335	-3.549056	-2	540
443335	443745	-0.819443	0	410
443745	444275	0.444147	1	530
444275	445505	-1.027721	-1	1230
