380563	380913	1.492689	0	350
380913	381453	-1.101866	-1	540
381453	386143	2.225851	1	4690
386143	386763	-0.886985	-1	620
386763	395113	1.550438	1	8350
395113	395693	-0.437784	-1	580
395693	396853	2.249130	1	1160
396853	397853	-1.628348	0	1000
397853	399003	0.360002	1	1150
399003	399613	-0.193075	-1	610
399613	403093	1.554329	1	3480
403093	405613	7.955125	2	2520
405613	405923	2.235283	0	310
405923	406543	-0.374307	-1	620
406543	406863	-3.527182	0	320
406863	407713	-5.556509	-3	850
407713	408183	-2.578137	0	470
408183	410573	1.796452	1	2390
410573	411903	5.652013	2	1330
411903	412733	-0.989680	0	830
412733	418283	2.723404	1	5550
418283	419473	6.689792	2	1190
419473	420853	2.313399	1	1380
420853	421363	5.182064	2	510
421363	422643	2.436372	1	1280
422643	428613	7.150572	2	5970
428613	429043	1.162125	0	430
429043	429953	-4.086562	-2	910
429953	434073	-7.552989	-3	4120
434073	434303	-2.500820	0	230
434303	434813	2.643499	1	510
434813	435053	-2.542675	0	240
435053	435623	-6.807372	-3	570
435623	435873	-3.504233	0	250
435873	438263	-0.498282	-1	2390
438263	438653	2.170666	0	390
438653	439683	6.127866	2	1030
439683	440193	-0.279775	0	510
440193	440863	-6.023505	-3	670
440863	441833	-2.262532	0	970
441833	442763	-5.636255	-3	930
442763	443283	-3.472714	-2	520
443283	443653	-0.840863	0	370
443653	444243	0.527662	1	590
444243	445503	-1.024458	-1	1260
