380627	380927	1.322491	0	300
380927	381477	-0.913542	-1	550
381477	386187	1.985283	1	4710
386187	386797	-0.809837	-1	610
386797	395157	1.542888	1	8360
395157	395697	-0.412734	-1	540
395697	396887	2.110522	1	1190
396887	397917	-1.541946	0	1030
397917	399057	0.360062	1	1140
399057	399607	-0.189765	-1	550
399607	403087	1.512033	1	3480
403087	405657	7.837308	2	2570
405657	405987	2.140527	0	330
405987	406557	-0.421614	-1	570
406557	406917	-3.485543	0	360
406917	407727	-5.537570	-3	810
407727	408227	-2.564568	0	500
408227	410517	1.703761	1	2290
410517	411927	5.497308	2	1410
411927	412797	-0.816222	0	870
412797	418297	2.741235	1	5500
418297	419507	6.562497	2	1210
419507	420757	2.380523	1	1250
420757	421427	4.890371	2	670
421427	422607	2.339478	1	1180
422607	428637	7.153056	2	6030
428637	429077	1.137287	0	440
429077	429957	-4.062287	-2	880
429957	434087	-7.536851	-3	4130
434087	434337	-2.505268	0	250
434337	434847	2.244903	1	510
434847	435087	-2.467408	0	240
435087	435647	-6.627326	-3	560
435647	435927	-3.478547	0	280
435927	438257	-0.510419	-1	2330
438257	438667	1.975533	0	410
438667	439707	5.995431	2	1040
439707	440247	-0.379122	0	540
440247	440867	-6.027921	-3	620
440867	441887	-2.489269	0	1020
441887	442777	-5.645057	-3	890
442777	443307	-3.544481	-2	530
443307	443717	-0.811114	0	410
443717	444257	0.495300	1	540
444257	445507	-1.021395	-1	1250
