380491	380871	1.736797	0	380
380871	381401	-1.880217	-1	530
381401	386091	1.456981	1	4690
386091	386731	-0.955582	-1	640
386731	395091	1.555346	1	8360
395091	395671	-0.496707	-1	580
395671	396801	2.151459	1	1130
396801	397781	-1.715128	0	980
397781	398931	0.361688	1	1150
398931	399581	-0.203085	-1	650
399581	403111	1.524458	1	3530
403111	405531	8.141476	2	2420
405531	405851	2.613847	0	320
405851	406511	-0.291742	-1	660
406511	406791	-3.462175	0	280
406791	407711	-5.553972	-3	920
407711	408121	-2.577468	0	410
408121	410711	1.993767	1	2590
410711	411861	5.868011	2	1150
411861	412731	-0.997108	0	870
412731	418281	2.744393	1	5550
418281	419411	6.891365	2	1130
419411	422701	2.869621	1	3290
422701	428561	7.206385	2	5860
428561	428981	1.597843	0	420
428981	429811	-4.052768	-2	830
429811	434061	-7.521194	-3	4250
434061	434271	-2.376973	0	210
434271	434791	3.030694	1	520
434791	434981	-2.441311	0	190
434981	435591	-6.904948	-3	610
435591	435841	-3.391741	0	250
435841	438241	-0.471067	-1	2400
438241	438661	2.433250	0	420
438661	439631	6.332810	2	970
439631	440131	0.105787	0	500
440131	440831	-6.037202	-3	700
440831	441761	-2.039915	0	930
441761	442751	-5.604908	-3	990
442751	443581	-2.397216	0	830
443581	444241	0.562306	1	660
444241	445511	-1.029833	-1	1270
