380607	380927	1.367180	0	320
380927	381467	-0.991547	-1	540
381467	386177	1.780029	1	4710
386177	386797	-0.827260	-1	620
386797	395137	1.548472	1	8340
395137	395697	-0.417923	-1	560
395697	396877	2.156221	1	1180
396877	397897	-1.570869	0	1020
397897	399037	0.361402	1	1140
399037	399617	-0.187923	-1	580
399617	403067	1.511626	1	3450
403067	405667	7.808807	2	2600
405667	405967	2.011961	0	300
405967	406547	-0.389442	-1	580
406547	406897	-3.461131	0	350
406897	407717	-5.545191	-3	820
407717	408207	-2.632368	0	490
408207	410477	1.668890	1	2270
410477	411947	5.462135	2	1470
411947	412777	-1.031671	0	830
412777	418267	2.729521	1	5490
418267	419517	6.514120	2	1250
419517	420667	2.228449	1	1150
420667	421437	4.799462	2	770
421437	422567	2.244330	1	1130
422567	428657	7.083652	2	6090
428657	429077	0.874843	0	420
429077	429957	-4.095765	-2	880
429957	434087	-7.540747	-3	4130
434087	434317	-2.585722	0	230
434317	434837	2.337434	1	520
434837	435067	-2.382924	0	230
435067	435637	-6.670374	-3	570
435637	435917	-3.472110	0	280
435917	438257	-0.502967	-1	2340
438257	438637	1.887032	0	380
438637	439717	5.958589	2	1080
439717	440237	-0.557800	0	520
440237	440867	-6.042405	-3	630
440867	441867	-2.408546	0	1000
441867	442777	-5.639447	-3	910
442777	443297	-3.524153	-2	520
443297	443697	-0.832305	0	400
443697	444257	0.502450	1	560
444257	445507	-1.022131	-1	1250
