380778	381008	0.699491	0	230
381008	381558	-0.511457	-1	550
381558	386288	1.060403	1	4730
386288	386868	-0.611029	-1	580
386868	396968	1.738345	1	10100
396968	398068	-1.346670	-1	1100
398068	403128	1.087246	1	5060
403128	405748	7.657704	2	2620
405748	407048	-0.787517	0	1300
407048	407728	-5.517304	-3	680
407728	408348	-2.592114	0	620
408348	410538	1.666749	1	2190
410538	411948	5.314266	2	1410
411948	412288	1.804258	0	340
412288	412918	-1.426238	-1	630
412918	418358	2.780124	1	5440
418358	419578	6.522107	2	1220
419578	420718	2.334282	1	1140
420718	421488	4.635320	2	770
421488	422648	2.445230	1	1160
422648	428688	7.106955	2	6040
428688	429198	0.903943	0	510
429198	429968	-4.067043	-2	770
429968	434118	-7.493503	-3	4150
434118	435208	-0.792902	0	1090
435208	435708	-6.229854	-3	500
435708	436038	-3.497659	0	330
436038	438258	-0.544484	-1	2220
438258	438758	1.958178	1	500
438758	439738	5.812443	2	980
439738	440378	-0.417409	0	640
440378	440898	-5.947148	-3	520
440898	442008	-2.882286	0	1110
442008	442818	-5.622172	-3	810
442818	443388	-3.587162	-2	570
443388	443818	-0.812765	0	430
443818	444358	0.517071	1	540
444358	445508	-0.865253	-1	1150
