380765	380995	0.753552	0	230
380995	381545	-0.543390	-1	550
381545	386275	1.063784	1	4730
386275	386865	-0.621168	-1	590
386865	396955	1.742695	1	10090
396955	398055	-1.355265	-1	1100
398055	403105	1.221844	1	5050
403105	405755	7.623951	2	2650
405755	407035	-0.829943	0	1280
407035	407725	-5.519103	-3	690
407725	408345	-2.561210	0	620
408345	410505	1.644125	1	2160
410505	411955	5.291237	2	1450
411955	412905	-0.378787	0	950
412905	418335	2.772308	1	5430
418335	419595	6.463737	2	1260
419595	420645	2.184463	1	1050
420645	421505	4.576353	2	860
421505	422625	2.379639	1	1120
422625	428695	7.094383	2	6070
428695	429185	0.851334	0	490
429185	429965	-4.062848	-2	780
429965	434105	-7.501913	-3	4140
434105	435195	-0.766659	0	1090
435195	435695	-6.281871	-3	500
435695	436025	-3.537268	0	330
436025	438255	-0.543234	-1	2230
438255	438725	1.846770	0	470
438725	439745	5.764935	2	1020
439745	440365	-0.470614	0	620
440365	440895	-5.943876	-3	530
440895	441995	-2.847933	0	1100
441995	442805	-5.631817	-3	810
442805	443385	-3.591990	-2	580
443385	443805	-0.801272	0	420
443805	444355	0.531679	1	550
444355	445505	-0.866214	-1	1150
