380489	380879	1.707644	0	390
380879	381409	-1.928700	-1	530
381409	386099	1.461037	1	4690
386099	386729	-0.974573	-1	630
386729	395089	1.555574	1	8360
395089	395669	-0.498053	-1	580
395669	396809	2.135176	1	1140
396809	397779	-1.734483	0	970
397779	398929	0.361735	1	1150
398929	399579	-0.204559	-1	650
399579	403099	1.512102	1	3520
403099	405549	8.105355	2	2450
405549	405849	2.469178	0	300
405849	406509	-0.285115	-1	660
406509	406789	-3.447884	0	280
406789	407709	-5.556033	-3	920
407709	408119	-2.596117	0	410
408119	410579	1.831051	1	2460
410579	411879	5.771211	2	1300
411879	412729	-1.128622	0	850
412729	418269	2.739091	1	5540
418269	419429	6.844119	2	1160
419429	422669	2.836658	1	3240
422669	428579	7.188800	2	5910
428579	428979	1.464833	0	400
428979	429819	-4.059278	-2	840
429819	434059	-7.529083	-3	4240
434059	434269	-2.405341	0	210
434269	434789	3.061437	1	520
434789	434979	-2.431826	0	190
434979	435589	-6.917618	-3	610
435589	435839	-3.400310	0	250
435839	438259	-0.466522	-1	2420
438259	438639	2.404779	0	380
438639	439649	6.281442	2	1010
439649	440129	-0.067943	0	480
440129	440829	-6.043164	-3	700
440829	441759	-2.032478	0	930
441759	442749	-5.604696	-3	990
442749	443579	-2.407094	0	830
443579	444249	0.555299	1	670
444249	445509	-1.037753	-1	1260
