380766	380996	0.754193	0	230
380996	381546	-0.542264	-1	550
381546	386276	1.063630	1	4730
386276	386866	-0.620154	-1	590
386866	396956	1.742525	1	10090
396956	398056	-1.354797	-1	1100
398056	403126	1.233190	1	5070
403126	405746	7.665866	2	2620
405746	407036	-0.791534	0	1290
407036	407726	-5.519730	-3	690
407726	408346	-2.562408	0	620
408346	410536	1.676050	1	2190
410536	411946	5.327400	2	1410
411946	412906	-0.329636	0	960
412906	418356	2.776793	1	5450
418356	419566	6.565735	2	1210
419566	420716	2.341176	1	1150
420716	421486	4.647326	2	770
421486	422646	2.433541	1	1160
422646	428686	7.110611	2	6040
428686	429186	0.916476	0	500
429186	429966	-4.061753	-2	780
429966	434116	-7.496133	-3	4150
434116	435196	-0.728195	0	1080
435196	435696	-6.279472	-3	500
435696	436026	-3.541495	0	330
436026	438256	-0.543742	-1	2230
438256	438756	1.973393	1	500
438756	439736	5.836903	2	980
439736	440366	-0.397605	0	630
440366	440896	-5.947311	-3	530
440896	441996	-2.847829	0	1100
441996	442816	-5.624170	-3	820
442816	443386	-3.569669	-2	570
443386	443806	-0.806231	0	420
443806	444356	0.529430	1	550
444356	445506	-0.864588	-1	1150
