380523	380893	1.616992	0	370
380893	381413	-1.785481	-1	520
381413	386113	1.444424	1	4700
386113	386743	-0.926276	-1	630
386743	395103	1.552194	1	8360
395103	395673	-0.477809	-1	570
395673	396823	2.083699	1	1150
396823	397813	-1.680089	0	990
397813	398963	0.360821	1	1150
398963	399593	-0.200147	-1	630
399593	403113	1.590012	1	3520
403113	405563	8.079323	2	2450
405563	405883	2.459215	0	320
405883	406523	-0.321882	-1	640
406523	406823	-3.486711	0	300
406823	407713	-5.556084	-3	890
407713	408153	-2.540668	0	440
408153	410613	1.865375	1	2460
410613	411873	5.756159	2	1260
411873	412733	-0.953945	0	860
412733	418293	2.739517	1	5560
418293	419443	6.818060	2	1150
419443	422683	2.847962	1	3240
422683	428583	7.187554	2	5900
428583	429003	1.438230	0	420
429003	429933	-4.040256	-2	930
429933	434063	-7.552032	-3	4130
434063	434283	-2.470637	0	220
434283	434793	2.899427	1	510
434793	435013	-2.434382	0	220
435013	435603	-6.872878	-3	590
435603	435853	-3.450756	0	250
435853	438263	-0.481631	-1	2410
438263	438663	2.420665	0	400
438663	439653	6.259193	2	990
439653	440153	-0.023960	0	500
440153	440843	-6.027469	-3	690
440843	441793	-2.144086	0	950
441793	442753	-5.622128	-3	960
442753	443603	-2.423880	0	850
443603	444243	0.537365	1	640
444243	445503	-1.032023	-1	1260
