380676	380956	1.096989	0	280
380956	381506	-0.792132	-1	550
381506	386216	1.606250	1	4710
386216	386826	-0.742632	-1	610
386826	395186	1.538656	1	8360
395186	395696	-0.391393	-1	510
395696	396916	2.003002	1	1220
396916	397966	-1.483969	0	1050
397966	399096	0.358960	1	1130
399096	399616	-0.178795	-1	520
399616	403076	1.482986	1	3460
403076	405716	7.702940	2	2640
405716	406036	1.929234	0	320
406036	406576	-0.482834	-1	540
406576	406966	-3.514216	0	390
406966	407726	-5.538465	-3	760
407726	408266	-2.588968	0	540
408266	410496	1.662792	1	2230
410496	411956	5.387980	2	1460
411956	412836	-0.750121	0	880
412836	418296	2.748228	1	5460
418296	419566	6.615916	2	1270
419566	420626	2.142355	1	1060
420626	421476	4.653414	2	850
421476	422576	2.262926	1	1100
422576	428686	7.098636	2	6110
428686	429116	0.841824	0	430
429116	429966	-4.073748	-2	850
429966	434096	-7.527873	-3	4130
434096	434356	-2.610138	0	260
434356	434856	1.975848	1	500
434856	435126	-2.370327	0	270
435126	435666	-6.515735	-3	540
435666	435966	-3.479049	0	300
435966	438256	-0.519925	-1	2290
438256	438676	1.850350	0	420
438676	439736	5.877478	2	1060
439736	440286	-0.395689	0	550
440286	440886	-5.945638	-3	600
440886	441926	-2.603330	0	1040
441926	442796	-5.638953	-3	870
442796	443336	-3.542709	-2	540
443336	443746	-0.813628	0	410
443746	444276	0.441562	1	530
444276	445506	-1.027407	-1	1230
