380756	380996	0.767329	0	240
380996	381546	-0.569678	-1	550
381546	386266	1.068892	1	4720
386266	386866	-0.626909	-1	600
386866	396956	1.746298	1	10090
396956	398046	-1.375115	-1	1090
398046	403126	1.313340	1	5080
403126	405736	7.686949	2	2610
405736	407036	-0.795954	0	1300
407036	407726	-5.528043	-3	690
407726	408336	-2.566694	0	610
408336	410546	1.689059	1	2210
410546	411946	5.349846	2	1400
411946	412896	-0.371554	0	950
412896	418366	2.776534	1	5470
418366	419566	6.606670	2	1200
419566	420756	2.392584	1	1190
420756	421476	4.695556	2	720
421476	422646	2.438743	1	1170
422646	428676	7.118060	2	6030
428676	429186	0.918254	0	510
429186	429976	-4.095052	-2	790
429976	434106	-7.510477	-3	4130
434106	435196	-0.745806	0	1090
435196	435696	-6.320643	-3	500
435696	436026	-3.487276	0	330
436026	438256	-0.536405	-1	2230
438256	438746	1.958740	0	490
438746	439736	5.840557	2	990
439736	440356	-0.394066	0	620
440356	440896	-5.943569	-3	540
440896	441986	-2.815764	0	1090
441986	442806	-5.630999	-3	820
442806	443376	-3.597569	-2	570
443376	443806	-0.802495	0	430
443806	444356	0.546779	1	550
444356	445506	-0.865965	-1	1150
