380753	380993	0.850955	0	240
380993	381543	-0.573246	-1	550
381543	386263	1.069020	1	4720
386263	386863	-0.627815	-1	600
386863	396953	1.483854	1	10090
396953	398033	-1.387767	-1	1080
398033	403163	1.342191	1	5130
403163	405703	7.784525	2	2540
405703	407023	-0.642659	0	1320
407023	407723	-5.523154	-3	700
407723	408333	-2.577562	0	610
408333	410593	1.743760	1	2260
410593	411933	5.400710	2	1340
411933	412903	-0.314849	0	970
412903	418383	2.786367	1	5480
418383	419553	6.669042	2	1170
419553	420843	2.534824	1	1290
420843	421423	4.810200	2	580
421423	422683	2.563654	1	1260
422683	428663	7.143953	2	5980
428663	429173	1.050923	0	510
429173	429973	-4.065483	-2	800
429973	434113	-7.504872	-3	4140
434113	435183	-0.663489	0	1070
435183	435693	-6.295743	-3	510
435693	436023	-3.498130	0	330
436023	438243	-0.538827	-1	2220
438243	438773	2.039731	1	530
438773	439703	5.944860	2	930
439703	440353	-0.165589	0	650
440353	440903	-5.923071	-3	550
440903	441983	-2.792925	0	1080
441983	442803	-5.634205	-3	820
442803	443373	-3.602779	-2	570
443373	443803	-0.807652	0	430
443803	444353	0.548500	1	550
444353	445503	-0.865765	-1	1150
