380750	381000	0.762826	0	250
381000	381540	-0.592204	-1	540
381540	386270	1.067975	1	4730
386270	386870	-0.635338	-1	600
386870	396960	1.747239	1	10090
396960	398040	-1.391121	-1	1080
398040	403140	1.330445	1	5100
403140	405720	7.732157	2	2580
405720	407020	-0.706164	0	1300
407020	407720	-5.523947	-3	700
407720	408330	-2.596538	0	610
408330	410560	1.707579	1	2230
410560	411930	5.376696	2	1370
411930	412900	-0.310098	0	970
412900	418360	2.779573	1	5460
418360	419550	6.632936	2	1190
419550	420800	2.478261	1	1250
420800	421450	4.758696	2	650
421450	422650	2.474772	1	1200
422650	428670	7.125955	2	6020
428670	429170	1.020718	0	500
429170	429970	-4.060312	-2	800
429970	434110	-7.504900	-3	4140
434110	435190	-0.698905	0	1080
435190	435690	-6.335145	-3	500
435690	436020	-3.511923	0	330
436020	438260	-0.534426	-1	2240
438260	438750	2.008785	0	490
438750	439720	5.882324	2	970
439720	440350	-0.276012	0	630
440350	440900	-5.927567	-3	550
440900	441980	-2.786484	0	1080
441980	442810	-5.625592	-3	830
442810	443370	-3.588771	-2	560
443370	443790	-0.834609	0	420
443790	444360	0.533606	1	570
444360	445510	-0.866483	-1	1150
