380454	380874	1.744958	0	420
380874	381384	-2.269923	-1	510
381384	386074	1.152988	1	4690
386074	386714	-1.001077	-1	640
386714	395084	1.557044	1	8370
395084	395654	-0.532052	-1	570
395654	396774	2.203374	1	1120
396774	397744	-1.749879	0	970
397744	398894	0.362663	1	1150
398894	399564	-0.208238	-1	670
399564	403124	1.551632	1	3560
403124	405504	8.220453	2	2380
405504	405814	2.719538	0	310
405814	406504	-0.274589	-1	690
406504	406774	-3.583545	0	270
406774	407704	-5.571714	-3	930
407704	408094	-2.576929	0	390
408094	411314	2.657126	1	3220
411314	411844	6.475710	2	530
411844	412734	-1.021668	0	890
412734	418284	2.761835	1	5550
418284	419394	6.965878	2	1110
419394	422724	2.886979	1	3330
422724	428554	7.224432	2	5830
428554	428944	1.738968	0	390
428944	429804	-4.023933	-2	860
429804	434054	-7.590065	-3	4250
434054	434254	-2.316421	0	200
434254	434774	3.257576	1	520
434774	434964	-2.575070	0	190
434964	435584	-6.980230	-3	620
435584	435814	-3.331508	0	230
435814	438244	-0.459507	-1	2430
438244	438654	2.617855	0	410
438654	439614	6.399291	2	960
439614	440094	0.279557	0	480
440094	440824	-6.012713	-3	730
440824	441744	-1.947063	0	920
441744	442744	-5.597527	-3	1000
442744	443554	-2.389324	0	810
443554	444234	0.595118	1	680
444234	445504	-1.034484	-1	1270
