380755	381005	0.740174	0	250
381005	381545	-0.582677	-1	540
381545	386275	1.066982	1	4730
386275	386865	-0.640165	-1	590
386865	396965	1.746297	1	10100
396965	398045	-1.388358	-1	1080
398045	403135	1.238435	1	5090
403135	405715	7.728777	2	2580
405715	407025	-0.689909	0	1310
407025	407725	-5.519487	-3	700
407725	408325	-2.610203	0	600
408325	410565	1.704222	1	2240
410565	411945	5.368646	2	1380
411945	412895	-0.373709	0	950
412895	418365	2.776631	1	5470
418365	419555	6.629033	2	1190
419555	420785	2.449851	1	1230
420785	421455	4.737153	2	670
421455	422655	2.479711	1	1200
422655	428665	7.128428	2	6010
428665	429175	1.039364	0	510
429175	429965	-4.059494	-2	790
429965	434105	-7.504617	-3	4140
434105	435185	-0.704915	0	1080
435185	435695	-6.297168	-3	510
435695	436025	-3.485193	0	330
436025	438255	-0.535788	-1	2230
438255	438755	2.002734	1	500
438755	439725	5.876901	2	970
439725	440355	-0.325019	0	630
440355	440905	-5.926257	-3	550
440905	441985	-2.793745	0	1080
441985	442805	-5.632119	-3	820
442805	443375	-3.596824	-2	570
443375	443795	-0.820826	0	420
443795	444355	0.538234	1	560
444355	445505	-0.865419	-1	1150
