380501	380881	1.694082	0	380
380881	381411	-1.864488	-1	530
381411	386101	1.457128	1	4690
386101	386741	-0.943609	-1	640
386741	395101	1.554436	1	8360
395101	395671	-0.498782	-1	570
395671	396811	2.125562	1	1140
396811	397791	-1.711470	0	980
397791	398941	0.361410	1	1150
398941	399581	-0.203795	-1	640
399581	403091	1.498532	1	3510
403091	405571	8.056869	2	2480
405571	405861	2.333697	0	290
405861	406511	-0.287389	-1	650
406511	406801	-3.444588	0	290
406801	407711	-5.555900	-3	910
407711	408131	-2.579863	0	420
408131	410571	1.818519	1	2440
410571	411891	5.742070	2	1320
411891	412731	-1.163031	0	840
412731	418261	2.733102	1	5530
418261	419441	6.796461	2	1180
419441	422651	2.821655	1	3210
422651	428581	7.179124	2	5930
428581	428981	1.510085	0	400
428981	429821	-4.045797	-2	840
429821	434061	-7.526561	-3	4240
434061	434271	-2.463516	0	210
434271	434791	2.979795	1	520
434791	434991	-2.426236	0	200
434991	435601	-6.880734	-3	610
435601	435841	-3.393584	0	240
435841	438261	-0.473886	-1	2420
438261	438631	2.305938	0	370
438631	439661	6.234749	2	1030
439661	440141	-0.190351	0	480
440141	440841	-6.030540	-3	700
440841	441781	-2.080259	0	940
441781	442751	-5.617704	-3	970
442751	443591	-2.404343	0	840
443591	444241	0.558438	1	650
444241	445511	-1.028054	-1	1270
