380537	380907	1.554949	0	370
380907	381427	-1.730045	-1	520
381427	386127	1.436920	1	4700
386127	386757	-0.910567	-1	630
386757	395097	1.554810	1	8340
395097	395677	-0.460782	-1	580
395677	396837	2.285943	1	1160
396837	397827	-1.661391	0	990
397827	398977	0.360568	1	1150
398977	399597	-0.199243	-1	620
399597	403077	1.548748	1	3480
403077	405607	7.959706	2	2530
405607	405897	2.211059	0	290
405897	406527	-0.326966	-1	630
406527	406847	-3.519793	0	320
406847	407707	-5.563191	-3	860
407707	408157	-2.642980	0	450
408157	410537	1.759898	1	2380
410537	411907	5.654506	2	1370
411907	412737	-1.112767	0	830
412737	418257	2.722833	1	5520
418257	419477	6.671577	2	1220
419477	420797	2.192018	1	1320
420797	421377	5.123982	2	580
421377	422607	2.340625	1	1230
422607	428627	7.129523	2	6020
428627	429017	1.103885	0	390
429017	429937	-4.049080	-2	920
429937	434077	-7.545222	-3	4140
434077	434287	-2.401322	0	210
434287	434807	2.770425	1	520
434807	435017	-2.431192	0	210
435017	435617	-6.806396	-3	600
435617	435857	-3.447533	0	240
435857	438257	-0.490596	-1	2400
438257	438627	2.085780	0	370
438627	439677	6.141144	2	1050
439677	440167	-0.214345	0	490
440167	440847	-6.035452	-3	680
440847	441817	-2.223859	0	970
441817	442767	-5.625808	-3	950
442767	443627	-2.372808	0	860
443627	444247	0.536313	1	620
444247	445507	-1.028081	-1	1260
