380676	380956	1.098859	0	280
380956	381506	-0.792874	-1	550
381506	386216	1.606456	1	4710
386216	386826	-0.743043	-1	610
386826	395186	1.538675	1	8360
395186	395696	-0.391636	-1	510
395696	396916	2.003243	1	1220
396916	397966	-1.484181	0	1050
397966	399096	0.358986	1	1130
399096	399616	-0.178920	-1	520
399616	403066	1.475958	1	3450
403066	405716	7.688536	2	2650
405716	406036	1.930036	0	320
406036	406576	-0.481957	-1	540
406576	406966	-3.513349	0	390
406966	407726	-5.538652	-3	760
407726	408266	-2.590476	0	540
408266	410476	1.642859	1	2210
410476	411956	5.367348	2	1480
411956	412836	-0.749906	0	880
412836	418296	2.748088	1	5460
418296	419566	6.616330	2	1270
419566	420616	2.126134	1	1050
420616	421476	4.643917	2	860
421476	422576	2.262684	1	1100
422576	428686	7.098690	2	6110
428686	429116	0.843855	0	430
429116	429966	-4.073423	-2	850
429966	434096	-7.527944	-3	4130
434096	434356	-2.613583	0	260
434356	434856	1.977474	1	500
434856	435126	-2.368028	0	270
435126	435666	-6.516690	-3	540
435666	435966	-3.480289	0	300
435966	438256	-0.519996	-1	2290
438256	438666	1.800841	0	410
438666	439746	5.839708	2	1080
439746	440286	-0.471763	0	540
440286	440886	-5.946096	-3	600
440886	441926	-2.603070	0	1040
441926	442796	-5.639118	-3	870
442796	443336	-3.543552	-2	540
443336	443746	-0.814306	0	410
443746	444276	0.441820	1	530
444276	445506	-1.027468	-1	1230
