380574	380914	1.484520	0	340
380914	381454	-1.078617	-1	540
381454	386154	1.908698	1	4700
386154	386774	-0.867057	-1	620
386774	395114	1.551077	1	8340
395114	395694	-0.426300	-1	580
395694	396864	2.212709	1	1170
396864	397864	-1.618991	0	1000
397864	399014	0.359785	1	1150
399014	399624	-0.191133	-1	610
399624	403114	1.569815	1	3490
403114	405604	7.991922	2	2490
405604	405934	2.314296	0	330
405934	406544	-0.372761	-1	610
406544	406874	-3.530457	0	330
406874	407714	-5.555781	-3	840
407714	408184	-2.615791	0	470
408184	410574	1.788691	1	2390
410574	411894	5.648205	2	1320
411894	412744	-0.882149	0	850
412744	418294	2.729766	1	5550
418294	419474	6.694951	2	1180
419474	422654	2.929315	1	3180
422654	428604	7.155450	2	5950
428604	429044	1.294731	0	440
429044	429944	-4.064232	-2	900
429944	434074	-7.546045	-3	4130
434074	434314	-2.483649	0	240
434314	434824	2.607039	1	510
434824	435054	-2.553843	0	230
435054	435624	-6.784524	-3	570
435624	435884	-3.503634	0	260
435884	438264	-0.498098	-1	2380
438264	438674	2.264804	0	410
438674	439664	6.173879	2	990
439664	440204	-0.127986	0	540
440204	440864	-6.031330	-3	660
440864	441844	-2.313296	0	980
441844	442764	-5.639045	-3	920
442764	443284	-3.494876	-2	520
443284	443664	-0.842661	0	380
443664	444244	0.523116	1	580
444244	445504	-1.024135	-1	1260
