380668	380948	1.146424	0	280
380948	381498	-0.810737	-1	550
381498	386208	1.842119	1	4710
386208	386818	-0.751087	-1	610
386818	395178	1.539229	1	8360
395178	395698	-0.390240	-1	520
395698	396908	2.027388	1	1210
396908	397958	-1.487632	0	1050
397958	399088	0.359935	1	1130
399088	399608	-0.183558	-1	520
399608	403068	1.477572	1	3460
403068	405708	7.707903	2	2640
405708	406028	1.960483	0	320
406028	406568	-0.456482	-1	540
406568	406958	-3.485966	0	390
406958	407718	-5.545538	-3	760
407718	408258	-2.632993	0	540
408258	410478	1.646340	1	2220
410478	411958	5.375657	2	1480
411958	412828	-0.796850	0	870
412828	418288	2.744453	1	5460
418288	419558	6.629867	2	1270
419558	420628	2.153123	1	1070
420628	421478	4.658949	2	850
421478	422568	2.242018	1	1090
422568	428678	7.100918	2	6110
428678	429108	0.907071	0	430
429108	429968	-4.071470	-2	860
429968	434098	-7.530057	-3	4130
434098	434358	-2.520102	0	260
434358	434858	2.041680	1	500
434858	435118	-2.407340	0	260
435118	435668	-6.519351	-3	550
435668	435958	-3.461427	0	290
435958	438258	-0.519264	-1	2300
438258	438668	1.847864	0	410
438668	439738	5.872168	2	1070
439738	440288	-0.482044	0	550
440288	440878	-5.971813	-3	590
440878	441918	-2.590038	0	1040
441918	442798	-5.635020	-3	880
442798	443328	-3.539368	-2	530
443328	443748	-0.811314	0	420
443748	444268	0.459406	1	520
444268	445508	-1.021659	-1	1240
