380676	380956	1.097157	0	280
380956	381506	-0.792199	-1	550
381506	386216	1.606268	1	4710
386216	386826	-0.742669	-1	610
386826	395186	1.538657	1	8360
395186	395696	-0.391415	-1	510
395696	396916	2.003023	1	1220
396916	397966	-1.483988	0	1050
397966	399096	0.358962	1	1130
399096	399616	-0.178806	-1	520
399616	403076	1.482967	1	3460
403076	405716	7.702955	2	2640
405716	406036	1.929306	0	320
406036	406576	-0.482755	-1	540
406576	406966	-3.514138	0	390
406966	407726	-5.538481	-3	760
407726	408266	-2.589103	0	540
408266	410496	1.662773	1	2230
410496	411956	5.388001	2	1460
411956	412836	-0.750102	0	880
412836	418296	2.748215	1	5460
418296	419566	6.615953	2	1270
419566	420626	2.142334	1	1060
420626	421476	4.653427	2	850
421476	422576	2.262904	1	1100
422576	428686	7.098641	2	6110
428686	429116	0.842005	0	430
429116	429966	-4.073718	-2	850
429966	434096	-7.527881	-3	4130
434096	434356	-2.610447	0	260
434356	434856	1.975994	1	500
434856	435126	-2.370121	0	270
435126	435666	-6.515824	-3	540
435666	435966	-3.479160	0	300
435966	438256	-0.519932	-1	2290
438256	438676	1.850184	0	420
438676	439736	5.877517	2	1060
439736	440286	-0.395495	0	550
440286	440886	-5.945680	-3	600
440886	441926	-2.603307	0	1040
441926	442796	-5.638968	-3	870
442796	443336	-3.542786	-2	540
443336	443746	-0.813688	0	410
443746	444276	0.441585	1	530
444276	445506	-1.027412	-1	1230
