380507	380877	1.704463	0	370
380877	381417	-1.869458	-1	540
381417	386107	1.140815	1	4690
386107	386737	-0.948674	-1	630
386737	395097	1.553830	1	8360
395097	395677	-0.483330	-1	580
395677	396817	2.117467	1	1140
396817	397797	-1.706298	0	980
397797	398947	0.361251	1	1150
398947	399587	-0.202247	-1	640
399587	403107	1.591760	1	3520
403107	405557	8.091522	2	2450
405557	405867	2.462637	0	310
405867	406517	-0.304555	-1	650
406517	406807	-3.470563	0	290
406807	407707	-5.556736	-3	900
407707	408137	-2.596643	0	430
408137	410587	1.835810	1	2450
410587	411877	5.760019	2	1290
411877	412737	-1.039975	0	860
412737	418277	2.739160	1	5540
418277	419427	6.843593	2	1150
419427	422677	2.848005	1	3250
422677	428587	7.184850	2	5910
428587	428997	1.368926	0	410
428997	429817	-4.070958	-2	820
429817	434067	-7.520662	-3	4250
434067	434277	-2.367091	0	210
434277	434797	2.953175	1	520
434797	434997	-2.488403	0	200
434997	435597	-6.901213	-3	600
435597	435847	-3.422298	0	250
435847	438257	-0.476085	-1	2410
438257	438647	2.354239	0	390
438647	439647	6.273156	2	1000
439647	440147	-0.049978	0	500
440147	440847	-6.030558	-3	700
440847	441777	-2.059472	0	930
441777	442757	-5.611068	-3	980
442757	443597	-2.385496	0	840
443597	444247	0.552654	1	650
444247	445507	-1.035233	-1	1260
