380668	380948	1.108641	0	280
380948	381498	-0.796588	-1	550
381498	386208	1.833072	1	4710
386208	386818	-0.742522	-1	610
386818	395178	1.538905	1	8360
395178	395698	-0.386441	-1	520
395698	396908	2.022078	1	1210
396908	397958	-1.482890	0	1050
397958	399088	0.359543	1	1130
399088	399598	-0.184717	-1	510
399598	403148	1.538722	1	3550
403148	405638	7.913539	2	2490
405638	406028	2.360822	0	390
406028	406568	-0.473522	-1	540
406568	406958	-3.501400	0	390
406958	407728	-5.534036	-3	770
407728	408258	-2.560701	0	530
408258	410628	1.814487	1	2370
410628	411908	5.547487	2	1280
411908	412828	-0.528189	0	920
412828	418358	2.766239	1	5530
418358	419498	6.891665	2	1140
419498	422698	2.974310	1	3200
422698	428618	7.193495	2	5920
428618	429108	1.270571	0	490
429108	429958	-4.063916	-2	850
429958	434098	-7.522337	-3	4140
434098	434358	-2.465939	0	260
434358	434858	2.003787	1	500
434858	435128	-2.525171	0	270
435128	435668	-6.528756	-3	540
435668	435958	-3.445982	0	290
435958	438258	-0.517913	-1	2300
438258	438748	2.270429	0	490
438748	439678	6.108659	2	930
439678	440288	-0.053111	0	610
440288	440878	-5.962211	-3	590
440878	441918	-2.595337	0	1040
441918	442798	-5.632003	-3	880
442798	443328	-3.524902	-2	530
443328	443748	-0.800390	0	420
443748	444258	0.461445	1	510
444258	445508	-1.011894	-1	1250
