380482	380882	1.700410	0	400
380882	381402	-2.002898	-1	520
381402	386092	1.460190	1	4690
386092	386732	-0.968130	-1	640
386732	395082	1.558090	1	8350
395082	395672	-0.495277	-1	590
395672	396792	2.179724	1	1120
396792	397772	-1.720008	0	980
397772	398922	0.361909	1	1150
398922	399562	-0.209981	-1	640
399562	403102	1.511131	1	3540
403102	405542	8.123724	2	2440
405542	405842	2.507176	0	300
405842	406512	-0.292345	-1	670
406512	406802	-3.574821	0	290
406802	407712	-5.566261	-3	910
407712	408112	-2.586396	0	400
408112	410642	1.910374	1	2530
410642	411862	5.836754	2	1220
411862	412732	-1.035440	0	870
412732	418262	2.739471	1	5530
418262	419422	6.854196	2	1160
419422	422672	2.839826	1	3250
422672	428572	7.193949	2	5900
428572	428972	1.534584	0	400
428972	429812	-4.046898	-2	840
429812	434052	-7.529064	-3	4240
434052	434252	-2.646959	0	200
434252	434782	3.037788	1	530
434782	434982	-2.467609	0	200
434982	435592	-6.938287	-3	610
435592	435822	-3.434421	0	230
435822	438242	-0.476326	-1	2420
438242	438632	2.286312	0	390
438632	439632	6.307189	2	1000
439632	440122	0.114252	0	490
440122	440832	-6.029754	-3	710
440832	441772	-2.053229	0	940
441772	442752	-5.611113	-3	980
442752	443582	-2.370873	0	830
443582	444232	0.583479	1	650
444232	445512	-1.022568	-1	1280
