380470	380870	1.753171	0	400
380870	381390	-2.108390	-1	520
381390	386080	1.149918	1	4690
386080	386730	-0.968317	-1	650
386730	395090	1.557475	1	8360
395090	395670	-0.513665	-1	580
395670	396790	2.191628	1	1120
396790	397740	-1.781013	0	950
397740	398910	0.356068	1	1170
398910	399570	-0.207191	-1	660
399570	403120	1.540778	1	3550
403120	405520	8.182706	2	2400
405520	405830	2.641891	0	310
405830	406510	-0.290166	-1	680
406510	406780	-3.532350	0	270
406780	407700	-5.567017	-3	920
407700	408110	-2.597857	0	410
408110	410790	2.101167	1	2680
410790	411850	5.960839	2	1060
411850	412730	-1.005355	0	880
412730	418280	2.751303	1	5550
418280	419400	6.933152	2	1120
419400	422710	2.876379	1	3310
422710	428550	7.217320	2	5840
428550	428960	1.736387	0	410
428960	429810	-4.040256	-2	850
429810	434060	-7.586825	-3	4250
434060	434260	-2.308136	0	200
434260	434780	3.171542	1	520
434780	434970	-2.514695	0	190
434970	435590	-6.936873	-3	620
435590	435820	-3.359847	0	230
435820	438260	-0.463187	-1	2440
438260	438650	2.596325	0	390
438650	439610	6.376058	2	960
439610	440110	0.317232	0	500
440110	440830	-6.021163	-3	720
440830	441750	-1.968477	0	920
441750	442750	-5.597435	-3	1000
442750	443560	-2.400378	0	810
443560	444240	0.571855	1	680
444240	445510	-1.032453	-1	1270
