380672	380952	1.112219	0	280
380952	381502	-0.802432	-1	550
381502	386212	1.837502	1	4710
386212	386822	-0.748420	-1	610
386822	395182	1.539049	1	8360
395182	395692	-0.397332	-1	510
395692	396912	2.008123	1	1220
396912	397962	-1.486315	0	1050
397962	399082	0.362552	1	1120
399082	399612	-0.177393	-1	530
399612	403092	1.494917	1	3480
403092	405692	7.763726	2	2600
405692	406032	2.054190	0	340
406032	406572	-0.471367	-1	540
406572	406962	-3.508335	0	390
406962	407722	-5.543565	-3	760
407722	408262	-2.601903	0	540
408262	410522	1.692785	1	2260
410522	411942	5.429402	2	1420
411942	412832	-0.694413	0	890
412832	418302	3.148514	1	5470
418302	419552	6.662447	2	1250
419552	420742	2.338571	1	1190
420742	421452	4.798273	2	710
421452	422602	2.330892	1	1150
422602	428662	7.126716	2	6060
428662	429112	0.994846	0	450
429112	429962	-4.069945	-2	850
429962	434092	-7.528251	-3	4130
434092	434362	-2.552609	0	270
434362	434862	2.006558	1	500
434862	435122	-2.445491	0	260
435122	435662	-6.533323	-3	540
435662	435952	-3.537474	0	290
435952	438262	-0.523478	-1	2310
438262	438692	1.979145	0	430
438692	439732	5.917521	2	1040
439732	440282	-0.371382	0	550
440282	440882	-5.946210	-3	600
440882	441922	-2.594581	0	1040
441922	442792	-5.641874	-3	870
442792	443332	-3.548936	-2	540
443332	443742	-0.818513	0	410
443742	444262	0.454368	1	520
444262	445512	-1.012488	-1	1250
