380529	380889	1.623931	0	360
380889	381429	-1.693390	-1	540
381429	386119	1.443327	1	4690
386119	386759	-0.904602	-1	640
386759	395099	1.555461	1	8340
395099	395669	-0.474233	-1	570
395669	396839	2.275464	1	1170
396839	397819	-1.682442	0	980
397819	398969	0.360726	1	1150
398969	399589	-0.201333	-1	620
399589	403109	1.580918	1	3520
403109	405559	8.072953	2	2450
405559	405889	2.513674	0	330
405889	406519	-0.313588	-1	630
406519	406829	-3.460589	0	310
406829	407709	-5.554883	-3	880
407709	408149	-2.617873	0	440
408149	410609	1.850986	1	2460
410609	411879	5.737645	2	1270
411879	412729	-0.970442	0	850
412729	418299	2.738225	1	5570
418299	419439	6.824217	2	1140
419439	422679	2.851647	1	3240
422679	428579	7.185131	2	5900
428579	429009	1.463982	0	430
429009	429939	-4.049561	-2	930
429939	434069	-7.551946	-3	4130
434069	434279	-2.502431	0	210
434279	434809	2.754147	1	530
434809	435019	-2.589909	0	210
435019	435609	-6.856638	-3	590
435609	435859	-3.426907	0	250
435859	438259	-0.482852	-1	2400
438259	438669	2.399873	0	410
438669	439649	6.259804	2	980
439649	440159	0.021335	0	510
440159	440839	-6.042185	-3	680
440839	441809	-2.215062	0	970
441809	442759	-5.626942	-3	950
442759	443619	-2.381678	0	860
443619	444249	0.535706	1	630
444249	445509	-1.029194	-1	1260
