380536	380896	1.578333	0	360
380896	381426	-1.684520	-1	530
381426	386126	1.439725	1	4700
386126	386756	-0.908461	-1	630
386756	395096	1.554772	1	8340
395096	395676	-0.459889	-1	580
395676	396836	2.285268	1	1160
396836	397826	-1.660839	0	990
397826	398976	0.360509	1	1150
398976	399596	-0.198396	-1	620
399596	403136	1.606534	1	3540
403136	405556	8.105150	2	2420
405556	405896	2.547200	0	340
405896	406526	-0.336561	-1	630
406526	406836	-3.490502	0	310
406836	407706	-5.556665	-3	870
407706	408156	-2.620224	0	450
408156	410706	1.969992	1	2550
410706	411876	5.793184	2	1170
411876	412736	-0.920905	0	860
412736	418316	2.746455	1	5580
418316	419426	6.866692	2	1110
419426	422716	2.885110	1	3290
422716	428566	7.202383	2	5850
428566	429016	1.542072	0	450
429016	429936	-4.054480	-2	920
429936	434066	-7.550546	-3	4130
434066	434286	-2.489149	0	220
434286	434816	2.700959	1	530
434816	435016	-2.562837	0	200
435016	435616	-6.798616	-3	600
435616	435866	-3.379106	0	250
435866	438256	-0.485128	-1	2390
438256	438686	2.468136	0	430
438686	439636	6.292969	2	950
439636	440166	0.122924	0	530
440166	440856	-6.017962	-3	690
440856	441816	-2.197438	0	960
441816	442766	-5.627213	-3	950
442766	443616	-2.382768	0	850
443616	444246	0.529290	1	630
444246	445506	-1.028816	-1	1260
