380748	380988	0.783310	0	240
380988	381538	-0.580147	-1	550
381538	386258	1.069865	1	4720
386258	386858	-0.633251	-1	600
386858	396948	1.747146	1	10090
396948	398038	-1.377030	-1	1090
398038	403228	1.304907	1	5190
403228	405638	7.952653	2	2410
405638	407028	-0.442631	0	1390
407028	407718	-5.532633	-3	690
407718	408328	-2.581001	0	610
408328	410848	2.044863	1	2520
410848	411868	5.636307	2	1020
411868	412888	-0.030849	0	1020
412888	418438	2.801128	1	5550
418438	419478	6.930443	2	1040
419478	422808	3.068665	1	3330
422808	428598	7.226784	2	5790
428598	429168	1.429107	0	570
429168	429968	-4.064043	-2	800
429968	434108	-7.505787	-3	4140
434108	435188	-0.695285	0	1080
435188	435688	-6.337641	-3	500
435688	436018	-3.496803	0	330
436018	438248	-0.536199	-1	2230
438248	438838	2.379004	1	590
438838	439658	6.126252	2	820
439658	440348	0.128794	0	690
440348	440898	-5.932601	-3	550
440898	441978	-2.789257	0	1080
441978	442808	-5.624247	-3	830
442808	443368	-3.577586	-2	560
443368	443788	-0.824435	0	420
443788	444358	0.533834	1	570
444358	445508	-0.866777	-1	1150
