380720	380990	0.928667	0	270
380990	381530	-0.685095	-1	540
381530	386240	1.299971	1	4710
386240	386840	-0.686559	-1	600
386840	396940	1.488463	1	10100
396940	398010	-1.427275	-1	1070
398010	403080	1.287362	1	5070
403080	405740	7.643356	2	2660
405740	406080	1.927571	0	340
406080	406590	-0.541514	-1	510
406590	407000	-3.491142	0	410
407000	407720	-5.536623	-3	720
407720	408300	-2.623801	0	580
408300	410480	1.631009	1	2180
410480	411970	5.300677	2	1490
411970	412880	-0.616955	0	910
412880	418300	2.762438	1	5420
418300	419590	6.486585	2	1290
419590	420600	2.089906	1	1010
420600	421510	4.568825	2	910
421510	422590	2.275984	1	1080
422590	428690	7.092090	2	6100
428690	429150	0.855168	0	460
429150	429970	-4.076361	-2	820
429970	434110	-7.512157	-3	4140
434110	435160	-0.503137	0	1050
435160	435680	-6.413543	-3	520
435680	436000	-3.492434	0	320
436000	438260	-0.526025	-1	2260
438260	438690	1.814011	0	430
438690	439750	5.783292	2	1060
439750	440330	-0.539869	0	580
440330	440890	-5.956336	-3	560
440890	441960	-2.726163	0	1070
441960	442810	-5.630716	-3	850
442810	443360	-3.547721	-2	550
443360	445510	-0.644842	-1	2150
