380600	380930	1.368573	0	330
380930	381470	-1.007403	-1	540
381470	386170	1.830910	1	4700
386170	386780	-0.852067	-1	610
386780	395140	1.545478	1	8360
395140	395700	-0.425424	-1	560
395700	396880	2.165310	1	1180
396880	397890	-1.591282	0	1010
397890	399030	0.361533	1	1140
399030	399600	-0.192844	-1	570
399600	403070	1.509486	1	3470
403070	405650	7.842477	2	2580
405650	405960	2.109203	0	310
405960	406550	-0.395573	-1	590
406550	406900	-3.519559	0	350
406900	407720	-5.549919	-3	820
407720	408200	-2.626613	0	480
408200	410510	1.703753	1	2310
410510	411930	5.517087	2	1420
411930	412770	-0.961039	0	840
412770	418270	2.728336	1	5500
418270	419510	6.540686	2	1240
419510	420740	2.340900	1	1230
420740	421410	4.923611	2	670
421410	422600	2.328238	1	1190
422600	428640	7.108702	2	6040
428640	429070	1.005699	0	430
429070	429960	-4.095742	-2	890
429960	434080	-7.546769	-3	4120
434080	434320	-2.556189	0	240
434320	434840	2.367384	1	520
434840	435080	-2.647251	0	240
435080	435640	-6.717725	-3	560
435640	435900	-3.497778	0	260
435900	438260	-0.507389	-1	2360
438260	438650	1.989543	0	390
438650	439700	6.023111	2	1050
439700	440230	-0.407052	0	530
440230	440870	-6.026857	-3	640
440870	441860	-2.370933	0	990
441860	442780	-5.632860	-3	920
442780	443300	-3.484184	-2	520
443300	443690	-0.816210	0	390
443690	444250	0.510232	1	560
444250	445510	-1.017809	-1	1260
