380779	381019	0.659738	0	240
381019	381549	-0.530046	-1	530
381549	386289	1.058326	1	4740
386289	386879	-0.602680	-1	590
386879	396969	1.740518	1	10090
396969	398069	-1.347548	-1	1100
398069	403109	1.225511	1	5040
403109	405769	7.601254	2	2660
405769	407059	-0.900665	0	1290
407059	407729	-5.525213	-3	670
407729	408339	-2.623554	0	610
408339	410509	1.630590	1	2170
410509	411969	5.265491	2	1460
411969	412919	-0.386224	0	950
412919	418349	2.779362	1	5430
418349	419599	6.458638	2	1250
419599	420629	2.160350	1	1030
420629	421519	4.544540	2	890
421519	422629	2.379119	1	1110
422629	428709	7.086312	2	6080
428709	429189	0.824814	0	480
429189	429979	-4.056339	-2	790
429979	434119	-7.499957	-3	4140
434119	436039	-2.671711	0	1920
436039	438259	-0.542004	-1	2220
438259	438729	1.838724	0	470
438729	439759	5.717655	2	1030
439759	440379	-0.575831	0	620
440379	440899	-5.947444	-3	520
440899	442009	-2.882479	0	1110
442009	442819	-5.623631	-3	810
442819	443389	-3.581963	-2	570
443389	443809	-0.826519	0	420
443809	444359	0.507559	1	550
444359	445509	-0.865164	-1	1150
