380774	381024	0.719159	0	250
381024	381554	-0.539852	-1	530
381554	386284	1.060581	1	4730
386284	386884	-0.589185	-1	600
386884	396974	1.480010	1	10090
396974	398064	-1.357927	-1	1090
398064	403114	1.078748	1	5050
403114	405754	7.635019	2	2640
405754	407054	-0.843870	0	1300
407054	407724	-5.532641	-3	670
407724	408344	-2.613043	0	620
408344	410534	1.661426	1	2190
410534	411954	5.310344	2	1420
411954	412284	1.782681	0	330
412284	412914	-1.440874	-1	630
412914	418344	3.793467	1	5430
418344	419594	6.470665	2	1250
419594	420644	2.187157	1	1050
420644	421504	4.577683	2	860
421504	422644	2.408925	1	1140
422644	428694	7.104915	2	6050
428694	429184	0.928498	0	490
429184	429974	-4.047409	-2	790
429974	434114	-7.500817	-3	4140
434114	436044	-2.672449	0	1930
436044	438264	-0.534456	-1	2220
438264	438744	1.917667	0	480
438744	439754	5.768259	2	1010
439754	440374	-0.512282	0	620
440374	440894	-5.949523	-3	520
440894	442004	-2.869848	0	1110
442004	442814	-5.627935	-3	810
442814	443384	-3.598023	-2	570
443384	443814	-0.818337	0	430
443814	444354	0.521480	1	540
444354	445504	-0.865207	-1	1150
