380766	380996	0.735915	0	230
380996	381546	-0.533387	-1	550
381546	386276	1.062711	1	4730
386276	386866	-0.614846	-1	590
386866	396956	1.742087	1	10090
396956	398056	-1.352351	-1	1100
398056	403196	1.280654	1	5140
403196	405676	7.850560	2	2480
405676	407036	-0.537462	0	1360
407036	407726	-5.517489	-3	690
407726	408346	-2.545604	0	620
408346	410746	1.919714	1	2400
410746	411906	5.522299	2	1160
411906	412906	-0.148710	0	1000
412906	418416	2.795618	1	5510
418416	419506	6.799244	2	1090
419506	422756	4.406501	1	3250
422756	428626	7.189485	2	5870
428626	429176	1.315134	0	550
429176	429966	-4.039698	-2	790
429966	434106	-7.501347	-3	4140
434106	435196	-0.773412	0	1090
435196	435696	-6.266619	-3	500
435696	436026	-3.527531	0	330
436026	438256	-0.542890	-1	2230
438256	438826	2.290339	1	570
438826	439686	6.033448	2	860
439686	440366	-0.071514	0	680
440366	440896	-5.940601	-3	530
440896	441996	-2.850688	0	1100
441996	442806	-5.629550	-3	810
442806	443376	-3.611694	-2	570
443376	443806	-0.826491	0	430
443806	444356	0.525795	1	550
444356	445506	-0.863644	-1	1150
