380470	380870	1.751854	0	400
380870	381390	-2.108183	-1	520
381390	386080	1.149859	1	4690
386080	386730	-0.967969	-1	650
386730	395090	1.557458	1	8360
395090	395670	-0.513451	-1	580
395670	396790	2.191385	1	1120
396790	397740	-1.780824	0	950
397740	398910	0.356059	1	1170
398910	399570	-0.207099	-1	660
399570	403120	1.541036	1	3550
403120	405510	8.194695	2	2390
405510	405830	2.722450	0	320
405830	406510	-0.290863	-1	680
406510	406780	-3.533558	0	270
406780	407700	-5.566895	-3	920
407700	408110	-2.595884	0	410
408110	411280	2.624900	1	3170
411280	411850	6.366904	2	570
411850	412730	-1.005999	0	880
412730	418280	2.751479	1	5550
418280	419400	6.932850	2	1120
419400	422720	2.883676	1	3320
422720	428550	7.220644	2	5830
428550	428960	1.733320	0	410
428960	429810	-4.040600	-2	850
429810	434060	-7.586757	-3	4250
434060	434260	-2.303481	0	200
434260	434780	3.169813	1	520
434780	434960	-2.379939	0	180
434960	435590	-6.905322	-3	630
435590	435820	-3.358176	0	230
435820	438260	-0.463085	-1	2440
438260	438650	2.598479	0	390
438650	439610	6.375967	2	960
439610	440110	0.314020	0	500
440110	440830	-6.020861	-3	720
440830	441750	-1.968693	0	920
441750	442750	-5.597349	-3	1000
442750	443560	-2.399408	0	810
443560	444240	0.571639	1	680
444240	445510	-1.032413	-1	1270
