380481	380871	1.741653	0	390
380871	381401	-2.031221	-1	530
381401	386081	1.149524	1	4680
386081	386721	-0.968401	-1	640
386721	395081	1.556309	1	8360
395081	395671	-0.495710	-1	590
395671	396791	2.180500	1	1120
396791	397771	-1.720424	0	980
397771	398921	0.361871	1	1150
398921	399571	-0.206563	-1	650
399571	403111	1.526254	1	3540
403111	405531	8.149693	2	2420
405531	405841	2.574271	0	310
405841	406501	-0.267774	-1	660
406501	406781	-3.425258	0	280
406781	407711	-5.554442	-3	930
407711	408111	-2.580265	0	400
408111	410701	1.986896	1	2590
410701	411861	5.877221	2	1160
411861	412731	-1.040379	0	870
412731	418281	2.749366	1	5550
418281	419411	6.904432	2	1130
419411	422691	2.859471	1	3280
422691	428551	7.212067	2	5860
428551	428971	1.695352	0	420
428971	429811	-4.049168	-2	840
429811	434051	-7.528721	-3	4240
434051	434261	-2.524146	0	210
434261	434791	3.038493	1	530
434791	434971	-2.478717	0	180
434971	435591	-6.902251	-3	620
435591	435831	-3.378439	0	240
435831	438241	-0.468814	-1	2410
438241	438651	2.429790	0	410
438651	439631	6.336060	2	980
439631	440121	0.091612	0	490
440121	440831	-6.028952	-3	710
440831	441771	-2.051069	0	940
441771	442751	-5.611703	-3	980
442751	443571	-2.399841	0	820
443571	444241	0.566091	1	670
444241	445511	-1.028573	-1	1270
