380458	381388	-0.022599	0	930
381388	386078	2.500827	1	4690
386078	386718	-0.998323	-1	640
386718	395078	1.558633	1	8360
395078	395658	-0.522337	-1	580
395658	396778	2.201874	1	1120
396778	397728	-1.786405	0	950
397728	398898	0.356417	1	1170
398898	399558	-0.211649	-1	660
399558	403118	1.541775	1	3560
403118	405508	8.204061	2	2390
405508	405818	2.693613	0	310
405818	406498	-0.262950	-1	680
406498	406768	-3.491520	0	270
406768	407708	-5.561266	-3	940
407708	408098	-2.548366	0	390
408098	411288	2.633083	1	3190
411288	411848	6.412632	2	560
411848	412738	-1.031379	0	890
412738	418278	2.759058	1	5540
418278	419388	6.962552	2	1110
419388	422718	2.887824	1	3330
422718	428548	7.222517	2	5830
428548	428958	1.683812	0	410
428958	429808	-4.055074	-2	850
429808	434048	-7.596947	-3	4240
434048	434248	-2.504150	0	200
434248	434778	3.197956	1	530
434778	434968	-2.645053	0	190
434968	435588	-6.978325	-3	620
435588	435808	-3.358266	0	220
435808	438258	-0.463059	-1	2450
438258	438648	2.644645	0	390
438648	439618	6.384965	2	970
439618	440098	0.234996	0	480
440098	440828	-6.017425	-3	730
440828	441738	-1.916767	0	910
441738	442738	-5.596551	-3	1000
442738	443558	-2.404457	0	820
443558	444238	0.590103	1	680
444238	445508	-1.034511	-1	1270
