380535	380895	1.596675	0	360
380895	381435	-1.779296	-1	540
381435	386125	1.134027	1	4690
386125	386755	-0.912066	-1	630
386755	395095	1.554932	1	8340
395095	395685	-0.452956	-1	590
395685	396845	2.287480	1	1160
396845	397825	-1.679117	0	980
397825	398975	0.360601	1	1150
398975	399595	-0.199599	-1	620
399595	403085	1.557904	1	3490
403085	405585	8.002733	2	2500
405585	405895	2.339399	0	310
405895	406535	-0.354898	-1	640
406535	406835	-3.528691	0	300
406835	407705	-5.557379	-3	870
407705	408155	-2.639858	0	450
408155	410565	1.794599	1	2410
410565	411885	5.696631	2	1320
411885	412735	-0.980620	0	850
412735	418265	2.725828	1	5530
418265	419465	6.712475	2	1200
419465	420835	2.275265	1	1370
420835	421335	5.239993	2	500
421335	422645	2.463917	1	1310
422645	428595	7.162410	2	5950
428595	429015	1.338972	0	420
429015	429935	-4.050007	-2	920
429935	434065	-7.550812	-3	4130
434065	434285	-2.553452	0	220
434285	434805	2.776575	1	520
434805	435025	-2.531287	0	220
435025	435615	-6.837306	-3	590
435615	435855	-3.460809	0	240
435855	438255	-0.491762	-1	2400
438255	438645	2.196319	0	390
438645	439665	6.195457	2	1020
439665	440165	-0.120193	0	500
440165	440855	-6.021292	-3	690
440855	441815	-2.195316	0	960
441815	442765	-5.627831	-3	950
442765	443625	-2.366369	0	860
443625	444245	0.540887	1	620
444245	445505	-1.028801	-1	1260
