380470	380870	1.755457	0	400
380870	381390	-2.108746	-1	520
381390	386080	1.150020	1	4690
386080	386730	-0.968919	-1	650
386730	395090	1.557503	1	8360
395090	395670	-0.514036	-1	580
395670	396790	2.192051	1	1120
396790	397740	-1.781342	0	950
397740	398910	0.356082	1	1170
398910	399570	-0.207352	-1	660
399570	403110	1.530017	1	3540
403110	405530	8.157849	2	2420
405530	405830	2.563619	0	300
405830	406510	-0.288957	-1	680
406510	406780	-3.530252	0	270
406780	407700	-5.567231	-3	920
407700	408110	-2.601286	0	410
408110	410740	2.041543	1	2630
410740	411860	5.920447	2	1120
411860	412730	-1.074753	0	870
412730	418270	2.746613	1	5540
418270	419410	6.902514	2	1140
419410	422680	2.848649	1	3270
422680	428550	7.206695	2	5870
428550	428960	1.741714	0	410
428960	429810	-4.039658	-2	850
429810	434060	-7.586940	-3	4250
434060	434260	-2.316216	0	200
434260	434780	3.174542	1	520
434780	434980	-2.633740	0	200
434980	435590	-6.970086	-3	610
435590	435820	-3.362749	0	230
435820	438260	-0.463363	-1	2440
438260	438640	2.525913	0	380
438640	439630	6.339452	2	990
439630	440110	0.120372	0	480
440110	440830	-6.021694	-3	720
440830	441750	-1.968100	0	920
441750	442750	-5.597586	-3	1000
442750	443560	-2.402061	0	810
443560	444240	0.572230	1	680
444240	445510	-1.032522	-1	1270
