380761	380991	0.772255	0	230
380991	381551	-0.549184	-1	560
381551	386271	1.067795	1	4720
386271	386871	-0.619637	-1	600
386871	396961	1.745451	1	10090
396961	398051	-1.372140	-1	1090
398051	403121	1.308210	1	5070
403121	405731	7.684494	2	2610
405731	407041	-0.775262	0	1310
407041	407731	-5.526312	-3	690
407731	408341	-2.542151	0	610
408341	410531	1.672289	1	2190
410531	411941	5.330919	2	1410
411941	412911	-0.320242	0	970
412911	418361	2.781863	1	5450
418361	419571	6.574018	2	1210
419571	420711	2.323276	1	1140
420711	421471	4.665131	2	760
421471	422641	2.437583	1	1170
422641	428681	7.112254	2	6040
428681	429171	1.000280	0	490
429171	429971	-4.042756	-2	800
429971	434121	-7.496845	-3	4150
434121	435201	-0.719558	0	1080
435201	435701	-6.296626	-3	500
435701	436031	-3.463941	0	330
436031	438261	-0.534587	-1	2230
438261	438751	1.982803	0	490
438751	439731	5.844471	2	980
439731	440361	-0.357233	0	630
440361	440891	-5.944778	-3	530
440891	442001	-2.855540	0	1110
442001	442811	-5.635973	-3	810
442811	443381	-3.583622	-2	570
443381	443801	-0.814638	0	420
443801	444351	0.537320	1	550
444351	445511	-0.856896	-1	1160
