380666	380956	1.116751	0	290
380956	381496	-0.830493	-1	540
381496	386206	1.844359	1	4710
386206	386816	-0.754084	-1	610
386816	395186	1.537584	1	8370
395186	395696	-0.400430	-1	510
395696	396906	2.029582	1	1210
396906	397956	-1.488695	0	1050
397956	399086	0.360129	1	1130
399086	399606	-0.184483	-1	520
399606	403066	1.476522	1	3460
403066	405706	7.708403	2	2640
405706	406026	1.970973	0	320
406026	406566	-0.452224	-1	540
406566	406956	-3.480158	0	390
406956	407716	-5.544168	-3	760
407716	408256	-2.643774	0	540
408256	410476	1.644035	1	2220
410476	411956	5.378550	2	1480
411956	412826	-0.794925	0	870
412826	418286	2.743237	1	5460
418286	419556	6.632654	2	1270
419556	420616	2.138200	1	1060
420616	421476	4.649495	2	860
421476	422566	2.240530	1	1090
422566	428676	7.100757	2	6110
428676	429106	0.922501	0	430
429106	429966	-4.065937	-2	860
429966	434096	-7.530007	-3	4130
434096	434356	-2.558272	0	260
434356	434856	2.054309	1	500
434856	435116	-2.386353	0	260
435116	435666	-6.524292	-3	550
435666	435956	-3.473904	0	290
435956	438256	-0.519748	-1	2300
438256	438666	1.830873	0	410
438666	439746	5.856253	2	1080
439746	440286	-0.536845	0	540
440286	440886	-5.957355	-3	600
440886	441916	-2.565755	0	1030
441916	442796	-5.637291	-3	880
442796	443336	-3.518705	-2	540
443336	443746	-0.786538	0	410
443746	444276	0.454774	1	530
444276	445506	-1.029620	-1	1230
