380648	380938	1.242301	0	290
380938	381488	-0.867500	-1	550
381488	386198	1.902926	1	4710
386198	386808	-0.784691	-1	610
386808	395168	1.541194	1	8360
395168	395708	-0.396216	-1	540
395708	396898	2.088177	1	1190
396898	397938	-1.516686	0	1040
397938	399078	0.358446	1	1140
399078	399618	-0.184463	-1	540
399618	403068	1.491193	1	3450
403068	405698	7.737680	2	2630
405698	406008	1.947760	0	310
406008	406558	-0.423300	-1	550
406558	406938	-3.467865	0	380
406938	407718	-5.545249	-3	780
407718	408248	-2.598442	0	530
408248	410478	1.658011	1	2230
410478	411948	5.412824	2	1470
411948	412808	-0.842265	0	860
412808	418278	2.736638	1	5470
418278	419548	6.670013	2	1270
419548	420688	2.246660	1	1140
420688	421468	4.749382	2	780
421468	422568	2.237589	1	1100
422568	428668	7.111937	2	6100
428668	429098	0.914989	0	430
429098	429948	-4.064034	-2	850
429948	434098	-7.521303	-3	4150
434098	434348	-2.463531	0	250
434348	434858	2.119759	1	510
434858	435108	-2.528919	0	250
435108	435658	-6.588096	-3	550
435658	435938	-3.496954	0	280
435938	438258	-0.518343	-1	2320
438258	438658	1.857455	0	400
438658	439728	5.915257	2	1070
439728	440278	-0.471603	0	550
440278	440888	-5.956855	-3	610
440888	441908	-2.517134	0	1020
441908	442798	-5.635652	-3	890
442798	443328	-3.484922	-2	530
443328	443718	-0.812565	0	390
443718	444258	0.466123	1	540
444258	445508	-1.017154	-1	1250
