380515	380885	1.658288	0	370
380885	381425	-1.837937	-1	540
381425	386115	1.138990	1	4690
386115	386745	-0.939223	-1	630
386745	395105	1.553054	1	8360
395105	395675	-0.485501	-1	570
395675	396825	2.091856	1	1150
396825	397805	-1.702364	0	980
397805	398955	0.361090	1	1150
398955	399585	-0.202659	-1	630
399585	403085	1.565859	1	3500
403085	405575	8.030643	2	2490
405575	405875	2.357402	0	300
405875	406515	-0.301320	-1	640
406515	406815	-3.449174	0	300
406815	407705	-5.556672	-3	890
407705	408145	-2.601298	0	440
408145	410565	1.806225	1	2420
410565	411885	5.724972	2	1320
411885	412735	-1.060543	0	850
412735	418265	2.731539	1	5530
418265	419455	6.758265	2	1190
419455	422645	2.816711	1	3190
422645	428595	7.165863	2	5950
428595	428995	1.374061	0	400
428995	429825	-4.056899	-2	830
429825	434065	-7.524918	-3	4240
434065	434275	-2.494755	0	210
434275	434795	2.894166	1	520
434795	435005	-2.439080	0	210
435005	435605	-6.869842	-3	600
435605	435845	-3.443812	0	240
435845	438255	-0.484117	-1	2410
438255	438645	2.285473	0	390
438645	439665	6.227826	2	1020
439665	440145	-0.114876	0	480
440145	440845	-6.021001	-3	700
440845	441795	-2.135284	0	950
441795	442755	-5.623401	-3	960
442755	443605	-2.395666	0	850
443605	444245	0.550633	1	640
444245	445505	-1.032390	-1	1260
