380460	380870	1.756328	0	410
380870	381390	-2.083134	-1	520
381390	386070	1.468403	1	4680
386070	386710	-0.995094	-1	640
386710	395090	1.554690	1	8380
395090	395660	-0.529842	-1	570
395660	396780	2.200039	1	1120
396780	397750	-1.748711	0	970
397750	398900	0.362514	1	1150
398900	399560	-0.210253	-1	660
399560	403110	1.532517	1	3550
403110	405520	8.177423	2	2410
405520	405820	2.607605	0	300
405820	406510	-0.292644	-1	690
406510	406780	-3.603871	0	270
406780	407710	-5.565878	-3	930
407710	408100	-2.539832	0	390
408100	411270	2.618003	1	3170
411270	411860	6.343297	2	590
411860	412730	-1.114992	0	870
412730	418270	2.750933	1	5540
418270	419400	6.928138	2	1130
419400	422700	2.866502	1	3300
422700	428550	7.216083	2	5850
428550	428950	1.756081	0	400
428950	429810	-4.033917	-2	860
429810	434050	-7.594749	-3	4240
434050	434250	-2.478788	0	200
434250	434780	3.172549	1	530
434780	434960	-2.524653	0	180
434960	435590	-6.937274	-3	630
435590	435820	-3.293200	0	230
435820	438240	-0.459435	-1	2420
438240	438640	2.456867	0	400
438640	439610	6.378219	2	970
439610	440100	0.323653	0	490
440100	440830	-6.010042	-3	730
440830	441750	-1.952494	0	920
441750	442750	-5.597703	-3	1000
442750	443560	-2.368191	0	810
443560	444230	0.596136	1	670
444230	445510	-1.026573	-1	1280
