380650	380940	1.222259	0	290
380940	381490	-0.854957	-1	550
381490	386200	1.878361	1	4710
386200	386810	-0.778215	-1	610
386810	395170	1.540913	1	8360
395170	395700	-0.401149	-1	530
395700	396900	2.066279	1	1200
396900	397940	-1.513457	0	1040
397940	399080	0.357998	1	1140
399080	399620	-0.182219	-1	540
399620	403080	1.499735	1	3460
403080	405690	7.763174	2	2610
405690	406010	2.018384	0	320
406010	406560	-0.431098	-1	550
406560	406940	-3.472681	0	380
406940	407720	-5.542042	-3	780
407720	408250	-2.586262	0	530
408250	410510	1.690945	1	2260
410510	411940	5.445986	2	1430
411940	412810	-0.781108	0	870
412810	418300	2.743527	1	5490
418300	419550	6.702324	2	1250
419550	420700	2.267252	1	1150
420700	421450	4.778653	2	750
421450	422600	2.312634	1	1150
422600	428670	7.128314	2	6070
428670	429100	0.896299	0	430
429100	429950	-4.063710	-2	850
429950	434090	-7.525609	-3	4140
434090	434350	-2.549556	0	260
434350	434850	2.137496	1	500
434850	435110	-2.436346	0	260
435110	435660	-6.575747	-3	550
435660	435940	-3.494339	0	280
435940	438260	-0.516790	-1	2320
438260	438680	1.975369	0	420
438680	439720	5.958631	2	1040
439720	440280	-0.407055	0	560
440280	440890	-5.947497	-3	610
440890	441900	-2.495578	0	1010
441900	442790	-5.635705	-3	890
442790	443320	-3.538488	-2	530
443320	443720	-0.840122	0	400
443720	444260	0.462631	1	540
444260	445510	-1.015391	-1	1250
