380470	380870	1.753570	0	400
380870	381390	-2.108453	-1	520
381390	386080	1.149936	1	4690
386080	386730	-0.968422	-1	650
386730	395090	1.557480	1	8360
395090	395670	-0.513730	-1	580
395670	396790	2.191702	1	1120
396790	397740	-1.781071	0	950
397740	398910	0.356070	1	1170
398910	399570	-0.207219	-1	660
399570	403110	1.530380	1	3540
403110	405520	8.170368	2	2410
405520	405830	2.642359	0	310
405830	406510	-0.289955	-1	680
406510	406780	-3.531985	0	270
406780	407700	-5.567056	-3	920
407700	408110	-2.598457	0	410
408110	411250	2.599964	1	3140
411250	411850	6.309337	2	600
411850	412730	-1.005159	0	880
412730	418270	2.746862	1	5540
418270	419400	6.917735	2	1130
419400	422710	2.876358	1	3310
422710	428550	7.217332	2	5840
428550	428960	1.737318	0	410
428960	429810	-4.040149	-2	850
429810	434060	-7.586847	-3	4250
434060	434260	-2.309546	0	200
434260	434780	3.172067	1	520
434780	434970	-2.513742	0	190
434970	435590	-6.937127	-3	620
435590	435820	-3.360353	0	230
435820	438260	-0.463218	-1	2440
438260	438650	2.595671	0	390
438650	439610	6.376087	2	960
439610	440110	0.318205	0	500
440110	440830	-6.021255	-3	720
440830	441750	-1.968411	0	920
441750	442750	-5.597465	-3	1000
442750	443560	-2.400671	0	810
443560	444240	0.571921	1	680
444240	445510	-1.032465	-1	1270
