380522	380892	1.632533	0	370
380892	381422	-1.783745	-1	530
381422	386112	1.446566	1	4690
386112	386742	-0.930853	-1	630
386742	395102	1.552488	1	8360
395102	395672	-0.482914	-1	570
395672	396822	2.087702	1	1150
396822	397812	-1.682593	0	990
397812	398962	0.360879	1	1150
398962	399592	-0.200636	-1	630
399592	403082	1.560649	1	3490
403082	405582	8.015088	2	2500
405582	405882	2.315990	0	300
405882	406522	-0.313713	-1	640
406522	406822	-3.480792	0	300
406822	407712	-5.556842	-3	890
407712	408152	-2.557484	0	440
408152	410552	1.791026	1	2400
410552	411892	5.696421	2	1340
411892	412732	-1.082067	0	840
412732	418262	2.727253	1	5530
418262	419452	6.748469	2	1190
419452	420832	2.279820	1	1380
420832	421342	5.255137	2	510
421342	422642	2.434594	1	1300
422642	428602	7.161532	2	5960
428602	429002	1.302994	0	400
429002	429942	-4.047167	-2	940
429942	434072	-7.552269	-3	4130
434072	434282	-2.384091	0	210
434282	434792	2.909192	1	510
434792	435012	-2.403531	0	220
435012	435612	-6.847989	-3	600
435612	435852	-3.401927	0	240
435852	438262	-0.482133	-1	2410
438262	438632	2.217406	0	370
438632	439662	6.200350	2	1030
439662	440152	-0.094506	0	490
440152	440842	-6.030842	-3	690
440842	441792	-2.142919	0	950
441792	442762	-5.616006	-3	970
442762	443602	-2.401229	0	840
443602	444242	0.540768	1	640
444242	445512	-1.024658	-1	1270
