380767	380997	0.737399	0	230
380997	381547	-0.536761	-1	550
381547	386277	1.063062	1	4730
386277	386867	-0.616419	-1	590
386867	396957	1.742188	1	10090
396957	398057	-1.353004	-1	1100
398057	403167	1.259661	1	5110
403167	405717	7.760415	2	2550
405717	407037	-0.689458	0	1320
407037	407727	-5.518727	-3	690
407727	408347	-2.547579	0	620
408347	410607	1.757615	1	2260
410607	411927	5.401321	2	1320
411927	412907	-0.243399	0	980
412907	418387	2.785815	1	5480
418387	419547	6.664456	2	1160
419547	420857	2.570642	1	1310
420857	421427	4.798601	2	570
421427	422697	2.589769	1	1270
422697	428657	7.148938	2	5960
428657	429187	1.076431	0	530
429187	429967	-4.065891	-2	780
429967	434107	-7.501878	-3	4140
434107	435197	-0.768666	0	1090
435197	435697	-6.276214	-3	500
435697	436027	-3.527549	0	330
436027	438257	-0.542479	-1	2230
438257	438777	2.076581	1	520
438777	439717	5.903094	2	940
439717	440367	-0.281053	0	650
440367	440897	-5.942018	-3	530
440897	441997	-2.849339	0	1100
441997	442807	-5.631883	-3	810
442807	443387	-3.584451	-2	580
443387	443807	-0.795542	0	420
443807	444357	0.527451	1	550
444357	445507	-0.866212	-1	1150
