380470	380870	1.755329	0	400
380870	381390	-2.108727	-1	520
381390	386080	1.150015	1	4690
386080	386730	-0.968885	-1	650
386730	395090	1.557501	1	8360
395090	395670	-0.514015	-1	580
395670	396790	2.192028	1	1120
396790	397740	-1.781324	0	950
397740	398910	0.356081	1	1170
398910	399570	-0.207343	-1	660
399570	403110	1.530041	1	3540
403110	405530	8.157834	2	2420
405530	405830	2.563474	0	300
405830	406510	-0.289025	-1	680
406510	406780	-3.530370	0	270
406780	407700	-5.567219	-3	920
407700	408110	-2.601094	0	410
408110	410740	2.041569	1	2630
410740	411860	5.920415	2	1120
411860	412730	-1.074809	0	870
412730	418270	2.746630	1	5540
418270	419410	6.902483	2	1140
419410	422680	2.848657	1	3270
422680	428550	7.206694	2	5870
428550	428960	1.741415	0	410
428960	429810	-4.039689	-2	850
429810	434060	-7.586934	-3	4250
434060	434260	-2.315764	0	200
434260	434780	3.174375	1	520
434780	434980	-2.634038	0	200
434980	435590	-6.970005	-3	610
435590	435820	-3.362586	0	230
435820	438260	-0.463354	-1	2440
438260	438640	2.526125	0	380
438640	439630	6.339434	2	990
439630	440110	0.120071	0	480
440110	440830	-6.021663	-3	720
440830	441750	-1.968121	0	920
441750	442750	-5.597578	-3	1000
442750	443560	-2.401967	0	810
443560	444240	0.572209	1	680
444240	445510	-1.032518	-1	1270
