380470	380870	1.754651	0	400
380870	381390	-2.108620	-1	520
381390	386080	1.149984	1	4690
386080	386730	-0.968707	-1	650
386730	395090	1.557492	1	8360
395090	395670	-0.513905	-1	580
395670	396790	2.191902	1	1120
396790	397740	-1.781226	0	950
397740	398910	0.356077	1	1170
398910	399570	-0.207296	-1	660
399570	403110	1.530172	1	3540
403110	405520	8.170530	2	2410
405520	405830	2.643627	0	310
405830	406510	-0.289383	-1	680
406510	406780	-3.530991	0	270
406780	407700	-5.567156	-3	920
407700	408110	-2.600078	0	410
408110	410790	2.100860	1	2680
410790	411860	5.953350	2	1070
411860	412730	-1.075104	0	870
412730	418270	2.746721	1	5540
418270	419410	6.902318	2	1140
419410	422690	2.855488	1	3280
422690	428550	7.210321	2	5860
428550	428960	1.739838	0	410
428960	429810	-4.039866	-2	850
429810	434060	-7.586901	-3	4250
434060	434260	-2.313370	0	200
434260	434780	3.173485	1	520
434780	434970	-2.511158	0	190
434970	435590	-6.937799	-3	620
435590	435820	-3.361727	0	230
435820	438260	-0.463302	-1	2440
438260	438640	2.527246	0	380
438640	439630	6.339332	2	990
439630	440110	0.118475	0	480
440110	440830	-6.021506	-3	720
440830	441750	-1.968232	0	920
441750	442750	-5.597532	-3	1000
442750	443560	-2.401468	0	810
443560	444240	0.572098	1	680
444240	445510	-1.032498	-1	1270
