380528	380898	1.589557	0	370
380898	381428	-1.820830	-1	530
381428	386128	1.133031	1	4700
386128	386748	-0.934682	-1	620
386748	395098	1.553693	1	8350
395098	395678	-0.465968	-1	580
395678	396838	2.295959	1	1160
396838	397818	-1.682754	0	980
397818	398968	0.360782	1	1150
398968	399598	-0.198196	-1	630
399598	403108	1.584008	1	3510
403108	405568	8.060866	2	2460
405568	405888	2.452092	0	320
405888	406528	-0.335395	-1	640
406528	406828	-3.501809	0	300
406828	407708	-5.555759	-3	880
407708	408148	-2.627764	0	440
408148	410588	1.822516	1	2440
410588	411888	5.720946	2	1300
411888	412738	-1.024884	0	850
412738	418288	2.737210	1	5550
418288	419438	6.811861	2	1150
419438	422678	2.850509	1	3240
422678	428588	7.180017	2	5910
428588	429008	1.400217	0	420
429008	429938	-4.045219	-2	930
429938	434068	-7.551818	-3	4130
434068	434288	-2.410278	0	220
434288	434798	2.868937	1	510
434798	435018	-2.468403	0	220
435018	435608	-6.857730	-3	590
435608	435858	-3.434726	0	250
435858	438258	-0.484406	-1	2400
438258	438658	2.329844	0	400
438658	439648	6.252985	2	990
439648	440158	0.038878	0	510
440158	440838	-6.042844	-3	680
440838	441808	-2.213190	0	970
441808	442758	-5.626915	-3	950
442758	443608	-2.412838	0	850
443608	444248	0.528078	1	640
444248	445508	-1.030806	-1	1260
