380750	381000	0.759807	0	250
381000	381540	-0.590712	-1	540
381540	386270	1.067829	1	4730
386270	386870	-0.634483	-1	600
386870	396960	1.747167	1	10090
396960	398040	-1.390702	-1	1080
398040	403150	1.338548	1	5110
403150	405720	7.745230	2	2570
405720	407020	-0.707874	0	1300
407020	407720	-5.523642	-3	700
407720	408330	-2.593777	0	610
408330	410590	1.741794	1	2260
410590	411930	5.401485	2	1340
411930	412900	-0.310777	0	970
412900	418370	2.782459	1	5470
418370	419550	6.652769	2	1180
419550	420840	2.535347	1	1290
420840	421440	4.797045	2	600
421440	422670	2.517835	1	1230
422670	428650	7.145324	2	5980
428650	429170	1.139886	0	520
429170	429970	-4.060989	-2	800
429970	434110	-7.504750	-3	4140
434110	435190	-0.699978	0	1080
435190	435690	-6.332989	-3	500
435690	436020	-3.509650	0	330
436020	438260	-0.534268	-1	2240
438260	438760	2.055992	1	500
438760	439720	5.898947	2	960
439720	440350	-0.280159	0	630
440350	440900	-5.926432	-3	550
440900	441980	-2.786955	0	1080
441980	442810	-5.625210	-3	830
442810	443370	-3.587081	-2	560
443370	443790	-0.833333	0	420
443790	444360	0.532992	1	570
444360	445510	-0.866326	-1	1150
