380683	380953	1.089566	0	270
380953	381503	-0.760321	-1	550
381503	386223	1.802441	1	4720
386223	386833	-0.726588	-1	610
386833	395183	1.539627	1	8350
395183	395703	-0.374496	-1	520
395703	396913	2.008452	1	1210
396913	397973	-1.462108	0	1060
397973	403073	1.062504	1	5100
403073	405723	7.682466	2	2650
405723	406043	1.930044	0	320
406043	406573	-0.474485	-1	530
406573	406973	-3.489213	0	400
406973	407723	-5.541266	-3	750
407723	408273	-2.601104	0	550
408273	410483	1.648800	1	2210
410483	411963	5.357091	2	1480
411963	412843	-0.749242	0	880
412843	418293	2.750426	1	5450
418293	419563	6.596817	2	1270
419563	420613	2.134279	1	1050
420613	421493	4.614584	2	880
421493	422573	2.239908	1	1080
422573	428693	7.092580	2	6120
428693	429123	0.793267	0	430
429123	429963	-4.072066	-2	840
429963	434103	-7.520063	-3	4140
434103	435143	-0.383567	0	1040
435143	435673	-6.514644	-3	530
435673	435973	-3.439116	0	300
435973	438253	-0.519085	-1	2280
438253	438673	1.809674	0	420
438673	439743	5.838236	2	1070
439743	440303	-0.535531	0	560
440303	440893	-5.947676	-3	590
440893	441933	-2.605796	0	1040
441933	442793	-5.644077	-3	860
442793	443343	-3.551624	-2	550
443343	443753	-0.804548	0	410
443753	444273	0.438722	1	520
444273	445503	-1.025979	-1	1230
