380757	380997	0.757224	0	240
380997	381547	-0.566519	-1	550
381547	386267	1.068453	1	4720
386267	386867	-0.623870	-1	600
386867	396957	1.745959	1	10090
396957	398047	-1.373352	-1	1090
398047	403147	1.329692	1	5100
403147	405707	7.754858	2	2560
405707	407027	-0.659993	0	1320
407027	407717	-5.526366	-3	690
407717	408337	-2.594654	0	620
408337	410587	1.737120	1	2250
410587	411927	5.398850	2	1340
411927	412897	-0.281170	0	970
412897	418377	2.780519	1	5480
418377	419547	6.665365	2	1170
419547	420837	2.535444	1	1290
420837	421437	4.791371	2	600
421437	422677	2.538276	1	1240
422677	428657	7.142333	2	5980
428657	429177	1.084793	0	520
429177	429967	-4.064078	-2	790
429967	434107	-7.504677	-3	4140
434107	435197	-0.746234	0	1090
435197	435697	-6.318049	-3	500
435697	436027	-3.473430	0	330
436027	438257	-0.535113	-1	2230
438257	438777	2.103932	1	520
438777	439717	5.925646	2	940
439717	440357	-0.275489	0	640
440357	440897	-5.944986	-3	540
440897	441987	-2.816055	0	1090
441987	442807	-5.631511	-3	820
442807	443377	-3.589552	-2	570
443377	443807	-0.796324	0	430
443807	444357	0.545510	1	550
444357	445507	-0.866074	-1	1150
