380482	380872	1.744029	0	390
380872	381402	-2.030942	-1	530
381402	386092	1.147187	1	4690
386092	386722	-0.984454	-1	630
386722	395082	1.556263	1	8360
395082	395672	-0.496103	-1	590
395672	396802	2.161638	1	1130
396802	397772	-1.738738	0	970
397772	398922	0.361886	1	1150
398922	399572	-0.206403	-1	650
399572	403092	1.506061	1	3520
403092	405542	8.111249	2	2450
405542	405842	2.497414	0	300
405842	406502	-0.266527	-1	660
406502	406782	-3.422950	0	280
406782	407712	-5.554713	-3	930
407712	408112	-2.581862	0	400
408112	410622	1.887156	1	2510
410622	411872	5.818104	2	1250
411872	412732	-1.109030	0	860
412732	418272	2.744503	1	5540
418272	419422	6.872362	2	1150
419422	422682	2.846312	1	3260
422682	428572	7.199473	2	5890
428572	428972	1.531205	0	400
428972	429812	-4.049838	-2	840
429812	434052	-7.528906	-3	4240
434052	434262	-2.517891	0	210
434262	434792	3.034533	1	530
434792	434972	-2.473027	0	180
434972	435592	-6.901997	-3	620
435592	435832	-3.377734	0	240
435832	438262	-0.465738	-1	2430
438262	438632	2.418009	0	370
438632	439632	6.309001	2	1000
439632	440122	0.097251	0	490
440122	440832	-6.027591	-3	710
440832	441772	-2.054656	0	940
441772	442752	-5.611724	-3	980
442752	443572	-2.398361	0	820
443572	444242	0.564336	1	670
444242	445512	-1.029477	-1	1270
