380470	380870	1.751166	0	400
380870	381390	-2.108076	-1	520
381390	386080	1.149828	1	4690
386080	386730	-0.967788	-1	650
386730	395090	1.557450	1	8360
395090	395670	-0.513340	-1	580
395670	396790	2.191258	1	1120
396790	397740	-1.780725	0	950
397740	398910	0.356055	1	1170
398910	399570	-0.207050	-1	660
399570	403120	1.541170	1	3550
403120	405510	8.194592	2	2390
405510	405830	2.721619	0	320
405830	406510	-0.291227	-1	680
406510	406780	-3.534190	0	270
406780	407700	-5.566830	-3	920
407700	408110	-2.594853	0	410
408110	411290	2.633407	1	3180
411290	411850	6.385836	2	560
411850	412730	-1.006336	0	880
412730	418280	2.751572	1	5550
418280	419400	6.932693	2	1120
419400	422720	2.883717	1	3320
422720	428550	7.220634	2	5830
428550	428960	1.731717	0	410
428960	429810	-4.040778	-2	850
429810	434060	-7.586723	-3	4250
434060	434260	-2.301051	0	200
434260	434780	3.168911	1	520
434780	434960	-2.381623	0	180
434960	435590	-6.904914	-3	630
435590	435820	-3.357303	0	230
435820	438260	-0.463032	-1	2440
438260	438660	2.667391	0	400
438660	439610	6.387128	2	950
439610	440110	0.312344	0	500
440110	440830	-6.020702	-3	720
440830	441750	-1.968807	0	920
441750	442750	-5.597303	-3	1000
442750	443560	-2.398902	0	810
443560	444240	0.571527	1	680
444240	445510	-1.032393	-1	1270
