380579	380919	1.451904	0	340
380919	381449	-1.090678	-1	530
381449	386149	1.893588	1	4700
386149	386779	-0.857230	-1	630
386779	395129	1.549309	1	8350
395129	395699	-0.436450	-1	570
395699	396869	2.212432	1	1170
396869	397869	-1.621299	0	1000
397869	399019	0.359670	1	1150
399019	399609	-0.195583	-1	590
399609	403059	1.516781	1	3450
403059	405649	7.844521	2	2590
405649	405939	2.031425	0	290
405939	406539	-0.362211	-1	600
406539	406879	-3.496983	0	340
406879	407719	-5.551273	-3	840
407719	408189	-2.593631	0	470
408189	410499	1.705118	1	2310
410499	411929	5.535315	2	1430
411929	412749	-1.068792	0	820
412749	418259	3.606005	1	5510
418259	419519	6.532825	2	1260
419519	420739	2.316676	1	1220
420739	421419	4.938334	2	680
421419	422579	2.264463	1	1160
422579	428649	7.097995	2	6070
428649	429049	0.954938	0	400
429049	429949	-4.071105	-2	900
429949	434079	-7.546007	-3	4130
434079	434309	-2.510156	0	230
434309	434829	2.517384	1	520
434829	435059	-2.570709	0	230
435059	435629	-6.771559	-3	570
435629	435889	-3.482189	0	260
435889	438259	-0.499201	-1	2370
438259	438639	1.999698	0	380
438639	439699	6.045966	2	1060
439699	440209	-0.412355	0	510
440209	440869	-6.026530	-3	660
440869	441839	-2.287636	0	970
441839	442769	-5.632117	-3	930
442769	443279	-3.513162	-2	510
443279	443659	-0.886180	0	380
443659	444239	0.517591	1	580
444239	445509	-1.013631	-1	1270
