380594	380924	1.394791	0	330
380924	381454	-1.033238	-1	530
381454	386164	1.831609	1	4710
386164	386784	-0.840335	-1	620
386784	395134	1.547468	1	8350
395134	395694	-0.424823	-1	560
395694	396864	2.186315	1	1170
396864	397884	-1.575303	0	1020
397884	399034	0.358775	1	1150
399034	399594	-0.198299	-1	560
399594	403124	1.555148	1	3530
403124	405614	7.972317	2	2490
405614	405954	2.317030	0	340
405954	406544	-0.383153	-1	590
406544	406884	-3.464280	0	340
406884	407704	-5.553294	-3	820
407704	408204	-2.640555	0	500
408204	410604	1.819494	1	2400
410604	411904	5.629700	2	1300
411904	412764	-0.838095	0	860
412764	418314	2.740483	1	5550
418314	419464	6.718779	2	1150
419464	422684	2.955396	1	3220
422684	428594	7.168616	2	5910
428594	429064	1.327394	0	470
429064	429944	-4.077224	-2	880
429944	434084	-7.535522	-3	4140
434084	434314	-2.487386	0	230
434314	434824	2.441307	1	510
434824	435064	-2.416408	0	240
435064	435634	-6.701499	-3	570
435634	435904	-3.456791	0	270
435904	438254	-0.501984	-1	2350
438254	438694	2.239617	0	440
438694	439674	6.152177	2	980
439674	440224	-0.208982	0	550
440224	440864	-6.032315	-3	640
440864	441854	-2.365615	0	990
441854	442774	-5.634163	-3	920
442774	443284	-3.523234	-2	510
443284	443674	-0.872790	0	390
443674	444244	0.506711	1	570
444244	445504	-1.019713	-1	1260
