380512	380882	1.679609	0	370
380882	381422	-1.789219	-1	540
381422	386112	1.453540	1	4690
386112	386742	-0.944119	-1	630
386742	395102	1.553395	1	8360
395102	395672	-0.490045	-1	570
395672	396822	2.096070	1	1150
396822	397802	-1.704593	0	980
397802	398952	0.361128	1	1150
398952	399592	-0.200775	-1	640
399592	403082	1.567719	1	3490
403082	405572	8.034707	2	2490
405572	405872	2.363407	0	300
405872	406522	-0.316871	-1	650
406522	406812	-3.492873	0	290
406812	407712	-5.555456	-3	900
407712	408142	-2.559765	0	430
408142	410562	1.805118	1	2420
410562	411892	5.719093	2	1330
411892	412732	-1.125160	0	840
412732	418272	2.734252	1	5540
418272	419442	6.798381	2	1170
419442	422652	2.825770	1	3210
422652	428582	7.176448	2	5930
428582	428992	1.475685	0	410
428992	429832	-4.064889	-2	840
429832	434062	-7.531302	-3	4230
434062	434282	-2.419873	0	220
434282	434792	2.978983	1	510
434792	435002	-2.425326	0	210
435002	435602	-6.884599	-3	600
435602	435842	-3.452474	0	240
435842	438262	-0.480854	-1	2420
438262	438642	2.330327	0	380
438642	439662	6.232620	2	1020
439662	440142	-0.100058	0	480
440142	440842	-6.021620	-3	700
440842	441782	-2.096185	0	940
441782	442752	-5.617137	-3	970
442752	443602	-2.401165	0	850
443602	444242	0.552865	1	640
444242	445512	-1.025684	-1	1270
