380589	380919	1.437715	0	330
380919	381459	-1.039793	-1	540
381459	386159	1.861665	1	4700
386159	386779	-0.854813	-1	620
386779	395129	1.548365	1	8350
395129	395689	-0.435304	-1	560
395689	396869	2.180504	1	1180
396869	397879	-1.599239	0	1010
397879	399029	0.359280	1	1150
399029	399609	-0.195476	-1	580
399609	403049	1.503853	1	3440
403049	405659	7.806747	2	2610
405659	405949	2.014181	0	290
405949	406539	-0.361581	-1	590
406539	406879	-3.435040	0	340
406879	407719	-5.543952	-3	840
407719	408199	-2.593027	0	480
408199	410479	1.681834	1	2280
410479	411939	5.490542	2	1460
411939	412759	-1.073886	0	820
412759	418249	2.720254	1	5490
418249	419529	6.477059	2	1280
419529	420669	2.205399	1	1140
420669	421449	4.800399	2	780
421449	422549	2.185413	1	1100
422549	428669	7.069438	2	6120
428669	429059	0.813320	0	390
429059	429949	-4.074546	-2	890
429949	434079	-7.544604	-3	4130
434079	434309	-2.611569	0	230
434309	434829	2.462716	1	520
434829	435059	-2.441172	0	230
435059	435629	-6.737823	-3	570
435629	435899	-3.498681	0	270
435899	438259	-0.500577	-1	2360
438259	438629	1.903120	0	370
438629	439719	5.969819	2	1090
439719	440219	-0.569144	0	500
440219	440869	-6.032295	-3	650
440869	441849	-2.327349	0	980
441849	442779	-5.630388	-3	930
442779	443289	-3.488376	-2	510
443289	443669	-0.867329	0	380
443669	444259	0.497851	1	590
444259	445509	-1.028299	-1	1250
