380489	380879	1.706609	0	390
380879	381399	-1.944210	-1	520
381399	386099	1.456919	1	4700
386099	386729	-0.974300	-1	630
386729	395089	1.555562	1	8360
395089	395669	-0.497904	-1	580
395669	396809	2.134989	1	1140
396809	397779	-1.734328	0	970
397779	398929	0.361729	1	1150
398929	399579	-0.204493	-1	650
399579	403099	1.512288	1	3520
403099	405549	8.105199	2	2450
405549	405849	2.468126	0	300
405849	406509	-0.285645	-1	660
406509	406789	-3.448801	0	280
406789	407709	-5.555922	-3	920
407709	408119	-2.594662	0	410
408119	410579	1.831260	1	2460
410579	411879	5.770979	2	1300
411879	412729	-1.128974	0	850
412729	418269	2.739221	1	5540
418269	419429	6.843847	2	1160
419429	422669	2.836730	1	3240
422669	428569	7.192771	2	5900
428569	428979	1.544969	0	410
428979	429819	-4.059530	-2	840
429819	434059	-7.529044	-3	4240
434059	434269	-2.401904	0	210
434269	434789	3.060222	1	520
434789	434979	-2.434155	0	190
434979	435589	-6.917058	-3	610
435589	435839	-3.399075	0	250
435839	438259	-0.466447	-1	2420
438259	438639	2.406421	0	380
438639	439649	6.281225	2	1010
439649	440129	-0.070158	0	480
440129	440829	-6.042979	-3	700
440829	441759	-2.032628	0	930
441759	442749	-5.604630	-3	990
442749	443579	-2.406369	0	830
443579	444249	0.555113	1	670
444249	445509	-1.037714	-1	1260
