380683	380953	1.092630	0	270
380953	381503	-0.766912	-1	550
381503	386223	1.342017	1	4720
386223	386833	-0.727957	-1	610
386833	395183	1.539673	1	8350
395183	395693	-0.382412	-1	510
395693	396923	1.976415	1	1230
396923	397973	-1.477082	0	1050
397973	399103	0.358342	1	1130
399103	399613	-0.179096	-1	510
399613	403063	1.468470	1	3450
403063	405723	7.668416	2	2660
405723	406043	1.927413	0	320
406043	406573	-0.473381	-1	530
406573	406973	-3.488915	0	400
406973	407723	-5.541413	-3	750
407723	408273	-2.602469	0	550
408273	410463	1.628259	1	2190
410463	411953	5.344090	2	1490
411953	412843	-0.696065	0	890
412843	418293	2.749874	1	5450
418293	419573	6.576163	2	1280
419573	420613	2.116820	1	1040
420613	421493	4.617664	2	880
421493	422583	2.255512	1	1090
422583	428683	7.102821	2	6100
428683	429123	0.867771	0	440
429123	429963	-4.071103	-2	840
429963	434103	-7.520385	-3	4140
434103	434373	-2.441251	0	270
434373	434873	1.933502	1	500
434873	435133	-2.514543	0	260
435133	435673	-6.490871	-3	540
435673	435973	-3.452218	0	300
435973	438253	-0.520410	-1	2280
438253	438673	1.802307	0	420
438673	439743	5.839011	2	1070
439743	440303	-0.526039	0	560
440303	440883	-5.968983	-3	580
440883	441933	-2.632082	0	1050
441933	442793	-5.643187	-3	860
442793	443343	-3.550504	-2	550
443343	443763	-0.782807	0	420
443763	444273	0.451041	1	510
444273	445503	-1.028321	-1	1230
