380494	380884	1.677129	0	390
380884	381404	-1.934315	-1	520
381404	386104	1.454445	1	4700
386104	386734	-0.965102	-1	630
386734	395094	1.554959	1	8360
395094	395674	-0.491120	-1	580
395674	396804	2.147495	1	1130
396804	397784	-1.712804	0	980
397784	398934	0.361525	1	1150
398934	399574	-0.205089	-1	640
399574	403154	1.565181	1	3580
403154	405514	8.212623	2	2360
405514	405854	2.747834	0	340
405854	406514	-0.299825	-1	660
406514	406794	-3.478954	0	280
406794	407704	-5.559772	-3	910
407704	408124	-2.606379	0	420
408124	410844	2.150983	1	2720
410844	411844	5.961524	2	1000
411844	412734	-0.864765	0	890
412734	418304	2.755152	1	5570
418304	419394	6.949528	2	1090
419394	422744	2.913736	1	3350
422744	428554	7.222821	2	5810
428554	428984	1.641026	0	430
428984	429814	-4.061779	-2	830
429814	434064	-7.521118	-3	4250
434064	434264	-2.399718	0	200
434264	434794	2.948100	1	530
434794	434984	-2.510514	0	190
434984	435594	-6.891076	-3	610
435594	435834	-3.415794	0	240
435834	438244	-0.476728	-1	2410
438244	438674	2.531232	0	430
438674	439614	6.366780	2	940
439614	440134	0.253781	0	520
440134	440844	-6.017461	-3	710
440844	441774	-2.043916	0	930
441774	442754	-5.609940	-3	980
442754	443584	-2.385112	0	830
443584	444244	0.558450	1	660
444244	445504	-1.037902	-1	1260
