380682	380952	1.068098	0	270
380952	381502	-0.765149	-1	550
381502	386222	1.341815	1	4720
386222	386832	-0.727163	-1	610
386832	395182	1.539689	1	8350
395182	395692	-0.383518	-1	510
395692	396912	1.992702	1	1220
396912	397972	-1.462753	0	1060
397972	403162	1.119606	1	5190
403162	405642	7.917846	2	2480
405642	406042	2.369620	0	400
406042	406572	-0.484846	-1	530
406572	406972	-3.505309	0	400
406972	407722	-5.541677	-3	750
407722	408272	-2.577971	0	550
408272	410682	1.875066	1	2410
410682	411902	5.573233	2	1220
411902	412842	-0.435217	0	940
412842	418372	2.773654	1	5530
418372	419492	6.905229	2	1120
419492	422722	2.993553	1	3230
422722	428612	7.203512	2	5890
428612	429122	1.297544	0	510
429122	429962	-4.077184	-2	840
429962	434092	-7.525188	-3	4130
434092	435132	-0.388404	0	1040
435132	435662	-6.507564	-3	530
435662	435972	-3.484665	0	310
435972	438262	-0.516942	-1	2290
438262	438762	2.301534	1	500
438762	439672	6.112938	2	910
439672	440292	0.058510	0	620
440292	440882	-5.947108	-3	590
440882	441932	-2.635048	0	1050
441932	442792	-5.640916	-3	860
442792	443332	-3.567037	-2	540
443332	443762	-0.801526	0	430
443762	444262	0.456237	1	500
444262	445512	-1.010016	-1	1250
