380741	380991	0.792993	0	250
380991	381531	-0.612661	-1	540
381531	386261	1.069960	1	4730
386261	386861	-0.645536	-1	600
386861	396951	1.748524	1	10090
396951	398031	-1.395274	-1	1080
398031	403161	1.345818	1	5130
403161	405681	7.818983	2	2520
405681	407031	-0.644505	0	1350
407031	407721	-5.539145	-3	690
407721	408311	-2.623021	0	590
408311	410641	1.799230	1	2330
410641	411921	5.456265	2	1280
411921	412901	-0.304434	0	980
412901	418381	2.790395	1	5480
418381	419531	6.728154	2	1150
419531	420891	2.625962	1	1360
420891	421401	4.881409	2	510
421401	422701	2.611390	1	1300
422701	428641	7.165628	2	5940
428641	429161	1.177845	0	520
429161	429971	-4.066254	-2	810
429971	434111	-7.506366	-3	4140
434111	435181	-0.643488	0	1070
435181	435691	-6.335454	-3	510
435691	436011	-3.480849	0	320
436011	438261	-0.532145	-1	2250
438261	438781	2.199560	1	520
438781	439701	5.982656	2	920
439701	440341	-0.165348	0	640
440341	440891	-5.935019	-3	550
440891	441971	-2.777316	0	1080
441971	442811	-5.622293	-3	840
442811	443361	-3.576729	-2	550
443361	443781	-0.840434	0	420
443781	444351	0.547707	1	570
444351	445511	-0.859742	-1	1160
