380687	380967	1.021479	0	280
380967	381507	-0.771523	-1	540
381507	386227	1.781812	1	4720
386227	386837	-0.722425	-1	610
386837	395187	1.539388	1	8350
395187	395707	-0.372879	-1	520
395707	396927	1.987843	1	1220
396927	397977	-1.474490	0	1050
397977	399097	0.361185	1	1120
399097	399597	-0.181246	-1	500
399597	403087	1.477858	1	3490
403087	405717	7.707795	2	2630
405717	406047	1.969885	0	330
406047	406577	-0.492312	-1	530
406577	406967	-3.467707	0	390
406967	407717	-5.536684	-3	750
407717	408277	-2.616674	0	560
408277	410497	1.659940	1	2220
410497	411947	5.383009	2	1450
411947	412847	-0.649394	0	900
412847	418307	3.167310	1	5460
418307	419567	6.612469	2	1260
419567	420647	2.181673	1	1080
420647	421477	4.663993	2	830
421477	422597	2.303898	1	1120
422597	428677	7.110642	2	6080
428677	429117	0.963294	0	440
429117	429967	-4.053635	-2	850
429967	434107	-7.519426	-3	4140
434107	434367	-2.489895	0	260
434367	434867	1.904361	1	500
434867	435137	-2.452021	0	270
435137	435667	-6.500693	-3	530
435667	435977	-3.488497	0	310
435977	438257	-0.520259	-1	2280
438257	438687	1.880206	0	430
438687	439737	5.871228	2	1050
439737	440307	-0.490414	0	570
440307	440887	-5.967732	-3	580
440887	441937	-2.643291	0	1050
441937	442797	-5.639990	-3	860
442797	443337	-3.566312	-2	540
443337	443767	-0.803832	0	430
443767	444267	0.453904	1	500
444267	445507	-1.016575	-1	1240
