380469	380869	1.761802	0	400
380869	381389	-2.112085	-1	520
381389	386079	1.150238	1	4690
386079	386729	-0.970686	-1	650
386729	395089	1.557590	1	8360
395089	395669	-0.513940	-1	580
395669	396789	2.192758	1	1120
396789	397759	-1.745302	0	970
397759	398909	0.362283	1	1150
398909	399559	-0.210938	-1	650
399559	403099	1.514697	1	3540
403099	405529	8.146165	2	2430
405529	405829	2.568099	0	300
405829	406509	-0.286255	-1	680
406509	406789	-3.579738	0	280
406789	407709	-5.566525	-3	920
407709	408099	-2.615782	0	390
408099	410619	1.885763	1	2520
410619	411859	5.840931	2	1240
411859	412729	-1.068341	0	870
412729	418269	2.745968	1	5540
418269	419429	6.869854	2	1160
419429	422679	2.836377	1	3250
422679	428569	7.200267	2	5890
428569	428959	1.590619	0	390
428959	429809	-4.036521	-2	850
429809	434049	-7.594134	-3	4240
434049	434249	-2.592318	0	200
434249	434779	3.121501	1	530
434779	434979	-2.600103	0	200
434979	435589	-6.974189	-3	610
435589	435819	-3.377272	0	230
435819	438259	-0.464122	-1	2440
438259	438639	2.510104	0	380
438639	439629	6.340934	2	990
439629	440109	0.138939	0	480
440109	440829	-6.027056	-3	720
440829	441759	-1.999514	0	930
441759	442749	-5.604249	-3	990
442749	443569	-2.377090	0	820
443569	444229	0.590172	1	660
444229	445509	-1.023940	-1	1280
