380733	380993	0.884185	0	260
380993	381533	-0.640041	-1	540
381533	386253	1.074795	1	4720
386253	386853	-0.660923	-1	600
386853	396953	1.485792	1	10100
396953	398023	-1.414704	-1	1070
398023	403103	1.306329	1	5080
403103	405733	7.676495	2	2630
405733	406093	2.003272	0	360
406093	406593	-0.558689	-1	500
406593	407023	-3.534118	0	430
407023	407723	-5.540596	-3	700
407723	408303	-2.636930	0	580
408303	410523	1.664489	1	2220
410523	411943	5.354505	2	1420
411943	412893	-0.438056	0	950
412893	418333	2.773774	1	5440
418333	419563	6.585941	2	1230
419563	420703	2.303303	1	1140
420703	421483	4.670756	2	780
421483	422613	2.358457	1	1130
422613	428683	7.105725	2	6070
428683	429153	0.939896	0	470
429153	429973	-4.059129	-2	820
429973	434113	-7.509207	-3	4140
434113	435183	-0.618856	0	1070
435183	435693	-6.382710	-3	510
435693	436003	-3.478915	0	310
436003	438263	-0.532526	-1	2260
438263	438713	1.910439	0	450
438713	439733	5.830542	2	1020
439733	440343	-0.440231	0	610
440343	440903	-5.938376	-3	560
440903	441963	-2.721935	0	1060
441963	442813	-5.622034	-3	850
442813	443363	-3.557357	-2	550
443363	443783	-0.816495	0	420
443783	444343	0.574203	1	560
444343	445503	-0.860799	-1	1160
