380470	380870	1.753337	0	400
380870	381390	-2.108415	-1	520
381390	386080	1.149926	1	4690
386080	386730	-0.968361	-1	650
386730	395090	1.557477	1	8360
395090	395670	-0.513692	-1	580
395670	396790	2.191659	1	1120
396790	397740	-1.781037	0	950
397740	398910	0.356069	1	1170
398910	399570	-0.207203	-1	660
399570	403110	1.530424	1	3540
403110	405520	8.170332	2	2410
405520	405830	2.642087	0	310
405830	406510	-0.290078	-1	680
406510	406780	-3.532198	0	270
406780	407700	-5.567034	-3	920
407700	408110	-2.598108	0	410
408110	411270	2.616383	1	3160
411270	411850	6.347919	2	580
411850	412730	-1.005274	0	880
412730	418280	2.751280	1	5550
418280	419400	6.933189	2	1120
419400	422710	2.876370	1	3310
422710	428550	7.217325	2	5840
428550	428960	1.736775	0	410
428960	429810	-4.040211	-2	850
429810	434060	-7.586831	-3	4250
434060	434260	-2.308724	0	200
434260	434780	3.171761	1	520
434780	434970	-2.514298	0	190
434970	435590	-6.936978	-3	620
435590	435820	-3.360059	0	230
435820	438260	-0.463200	-1	2440
438260	438650	2.596053	0	390
438650	439610	6.376071	2	960
439610	440110	0.317638	0	500
440110	440830	-6.021202	-3	720
440830	441750	-1.968449	0	920
441750	442750	-5.597447	-3	1000
442750	443560	-2.400500	0	810
443560	444240	0.571882	1	680
444240	445510	-1.032458	-1	1270
