380598	380928	1.386893	0	330
380928	381468	-1.015326	-1	540
381468	386168	1.833649	1	4700
386168	386788	-0.842062	-1	620
386788	395138	1.547548	1	8350
395138	395698	-0.427543	-1	560
395698	396878	2.168854	1	1180
396878	397888	-1.593191	0	1010
397888	399038	0.358836	1	1150
399038	399618	-0.191670	-1	580
399618	403058	1.509434	1	3440
403058	405678	7.785813	2	2620
405678	405958	1.914282	0	280
405958	406548	-0.386085	-1	590
406548	406898	-3.512057	0	350
406898	407718	-5.552105	-3	820
407718	408198	-2.642515	0	480
408198	410478	1.670001	1	2280
410478	411948	5.472445	2	1470
411948	412768	-1.084774	0	820
412768	418258	3.621372	1	5490
418258	419538	6.467226	2	1280
419538	420688	2.222526	1	1150
420688	421458	4.802926	2	770
421458	422558	2.193619	1	1100
422558	428668	7.072635	2	6110
428668	429068	0.809180	0	400
429068	429958	-4.090775	-2	890
429958	434078	-7.548649	-3	4120
434078	434318	-2.590885	0	240
434318	434838	2.401365	1	520
434838	435078	-2.624623	0	240
435078	435638	-6.738351	-3	560
435638	435908	-3.454579	0	270
435908	438258	-0.502361	-1	2350
438258	438628	1.866363	0	370
438628	439718	5.958888	2	1090
439718	440228	-0.564505	0	510
440228	440868	-6.037652	-3	640
440868	441858	-2.367283	0	990
441858	442778	-5.634453	-3	920
442778	443298	-3.490106	-2	520
443298	443688	-0.821527	0	390
443688	444258	0.503429	1	570
444258	445508	-1.027171	-1	1250
