380737	380987	0.819067	0	250
380987	381527	-0.629946	-1	540
381527	386257	1.071846	1	4730
386257	386857	-0.656622	-1	600
386857	396947	1.749668	1	10090
396947	398027	-1.400377	-1	1080
398027	403157	1.342951	1	5130
403157	405697	7.795848	2	2540
405697	406097	2.200143	0	400
406097	406597	-0.581126	-1	500
406597	407027	-3.549144	0	430
407027	407727	-5.535233	-3	700
407727	408307	-2.608571	0	580
408307	410627	1.780841	1	2320
410627	411917	5.461851	2	1290
411917	412897	-0.303192	0	980
412897	418377	2.786492	1	5480
418377	419527	6.743273	2	1150
419527	420857	2.578869	1	1330
420857	421417	4.848548	2	560
421417	422697	2.579650	1	1280
422697	428637	7.166421	2	5940
428637	429157	1.217746	0	520
429157	429977	-4.068823	-2	820
429977	434107	-7.515388	-3	4130
434107	435177	-0.622265	0	1070
435177	435687	-6.372826	-3	510
435687	436007	-3.500197	0	320
436007	438257	-0.533648	-1	2250
438257	438777	2.168633	1	520
438777	439707	5.980605	2	930
439707	440337	-0.191089	0	630
440337	440887	-5.952924	-3	550
440887	441967	-2.769818	0	1080
441967	442807	-5.628156	-3	840
442807	443367	-3.566680	-2	560
443367	443777	-0.824361	0	410
443777	444347	0.558243	1	570
444347	445507	-0.859180	-1	1160
