380516	380886	1.655533	0	370
380886	381426	-1.834481	-1	540
381426	386116	1.138847	1	4690
386116	386746	-0.939074	-1	630
386746	395096	1.554895	1	8350
395096	395676	-0.477023	-1	580
395676	396816	2.110356	1	1140
396816	397806	-1.685455	0	990
397806	398956	0.361053	1	1150
398956	399586	-0.202426	-1	630
399586	403086	1.566010	1	3500
403086	405576	8.029984	2	2490
405576	405876	2.358656	0	300
405876	406516	-0.302805	-1	640
406516	406816	-3.448031	0	300
406816	407706	-5.556817	-3	890
407706	408146	-2.598782	0	440
408146	410566	1.806852	1	2420
410566	411886	5.723794	2	1320
411886	412736	-1.060364	0	850
412736	418256	3.646752	1	5520
418256	419456	6.738314	2	1200
419456	422636	2.811434	1	3180
422636	428596	7.162040	2	5960
428596	428996	1.370190	0	400
428996	429826	-4.057313	-2	830
429826	434066	-7.525144	-3	4240
434066	434276	-2.485407	0	210
434276	434796	2.889055	1	520
434796	435006	-2.436241	0	210
435006	435606	-6.868977	-3	600
435606	435846	-3.441803	0	240
435846	438256	-0.484293	-1	2410
438256	438636	2.232685	0	380
438636	439666	6.210815	2	1030
439666	440146	-0.123518	0	480
440146	440846	-6.023598	-3	700
440846	441796	-2.136741	0	950
441796	442756	-5.623331	-3	960
442756	443596	-2.423087	0	840
443596	444246	0.540787	1	650
444246	445506	-1.032537	-1	1260
