380662	380952	1.150685	0	290
380952	381492	-0.846639	-1	540
381492	386212	1.850473	1	4720
386212	386822	-0.764839	-1	610
386822	395172	1.541841	1	8350
395172	395702	-0.391892	-1	530
395702	396902	2.054590	1	1200
396902	397952	-1.493540	0	1050
397952	399082	0.360182	1	1130
399082	399602	-0.184790	-1	520
399602	403082	1.487039	1	3480
403082	405702	7.742996	2	2620
405702	406022	1.967994	0	320
406022	406572	-0.464685	-1	550
406572	406952	-3.511891	0	380
406952	407722	-5.543820	-3	770
407722	408252	-2.617507	0	530
408252	410492	1.662762	1	2240
410492	411962	5.392877	2	1470
411962	412822	-0.847551	0	860
412822	418292	2.744191	1	5470
418292	419562	6.641163	2	1270
419562	420702	2.257181	1	1140
420702	421462	4.759097	2	760
421462	422582	2.277496	1	1120
422582	428672	7.114234	2	6090
428672	429102	0.944055	0	430
429102	429962	-4.062772	-2	860
429962	434092	-7.529975	-3	4130
434092	434362	-2.488123	0	270
434362	434862	2.062074	1	500
434862	435122	-2.544945	0	260
435122	435662	-6.562699	-3	540
435662	435952	-3.487286	0	290
435952	438262	-0.517268	-1	2310
438262	438672	1.902757	0	410
438672	439732	5.903836	2	1060
439732	440292	-0.517727	0	560
440292	440882	-5.971741	-3	590
440882	441912	-2.558583	0	1030
441912	442792	-5.637529	-3	880
442792	443322	-3.555497	-2	530
443322	443732	-0.841573	0	410
443732	444262	0.457895	1	530
444262	445512	-1.014797	-1	1250
