380771	381011	0.678351	0	240
381011	381551	-0.530383	-1	540
381551	386281	1.061866	1	4730
386281	386871	-0.609816	-1	590
386871	396961	1.739618	1	10090
396961	398061	-1.350490	-1	1100
398061	403141	1.096774	1	5080
403141	405731	7.702207	2	2590
405731	407051	-0.769422	0	1320
407051	407731	-5.522426	-3	680
407731	408341	-2.568482	0	610
408341	410551	1.685707	1	2210
410551	411941	5.335415	2	1390
411941	412291	1.777496	0	350
412291	412921	-2.142824	-1	630
412921	418371	2.788746	1	5450
418371	419571	6.568605	2	1200
419571	420761	2.406876	1	1190
420761	421471	4.687672	2	710
421471	422661	2.481207	1	1190
422661	428671	7.124207	2	6010
428671	429191	0.986601	0	520
429191	429971	-4.071249	-2	780
429971	434121	-7.493351	-3	4150
434121	435201	-0.747066	0	1080
435201	435701	-6.245461	-3	500
435701	436031	-3.514397	0	330
436031	438261	-0.541287	-1	2230
438261	438771	2.060302	1	510
438771	439731	5.853574	2	960
439731	440371	-0.386256	0	640
440371	440911	-5.906240	-3	540
440911	442011	-2.856463	0	1100
442011	442811	-5.633492	-3	800
442811	443381	-3.599006	-2	570
443381	443811	-0.819630	0	430
443811	444351	0.526234	1	540
444351	445511	-0.857980	-1	1160
