380522	380902	1.588877	0	380
380902	381422	-1.902470	-1	520
381422	386122	1.135459	1	4700
386122	386752	-0.933674	-1	630
386752	395102	1.554493	1	8350
395102	395682	-0.474145	-1	580
395682	396822	2.106712	1	1140
396822	397812	-1.683608	0	990
397812	398962	0.360905	1	1150
398962	399582	-0.203297	-1	620
399582	403082	1.555758	1	3500
403082	405592	8.000700	2	2510
405592	405882	2.247532	0	290
405882	406522	-0.314140	-1	640
406522	406822	-3.475884	0	300
406822	407712	-5.556017	-3	890
407712	408142	-2.619103	0	430
408142	410562	1.793287	1	2420
410562	411892	5.707230	2	1330
411892	412732	-1.082775	0	840
412732	418262	2.726969	1	5530
418262	419452	6.750422	2	1190
419452	422642	2.818585	1	3190
422642	428602	7.161323	2	5960
428602	429002	1.310474	0	400
429002	429942	-4.047102	-2	940
429942	434062	-7.557957	-3	4120
434062	434272	-2.620404	0	210
434272	434802	2.790831	1	530
434802	435012	-2.513429	0	210
435012	435602	-6.875835	-3	590
435602	435862	-3.412006	0	260
435862	438262	-0.476414	-1	2400
438262	438632	2.212524	0	370
438632	439662	6.200883	2	1030
439662	440152	-0.089011	0	490
440152	440842	-6.030103	-3	690
440842	441802	-2.172411	0	960
441802	442762	-5.621684	-3	960
442762	443612	-2.373020	0	850
443612	444242	0.547098	1	630
444242	445512	-1.024849	-1	1270
