380688	380958	1.053413	0	270
380958	381508	-0.755364	-1	550
381508	386228	1.802655	1	4720
386228	386828	-0.733052	-1	600
386828	395188	1.537459	1	8360
395188	395698	-0.379246	-1	510
395698	396918	1.986723	1	1220
396918	397978	-1.459774	0	1060
397978	399108	0.357825	1	1130
399108	399608	-0.180758	-1	500
399608	403088	1.482608	1	3480
403088	405708	7.722176	2	2620
405708	406048	2.021171	0	340
406048	406578	-0.493729	-1	530
406578	406978	-3.511456	0	400
406978	407718	-5.543624	-3	740
407718	408278	-2.612662	0	560
408278	410508	1.671289	1	2230
410508	411948	5.392468	2	1440
411948	412848	-0.651557	0	900
412848	418308	2.754604	1	5460
418308	419548	6.653351	2	1240
419548	420688	2.274188	1	1140
420688	421468	4.710652	2	780
421468	422598	2.318141	1	1130
422598	428668	7.116308	2	6070
428668	429128	0.955758	0	460
429128	429958	-4.070728	-2	830
429958	434098	-7.519853	-3	4140
434098	434368	-2.559340	0	270
434368	434868	1.903043	1	500
434868	435138	-2.472225	0	270
435138	435678	-6.471366	-3	540
435678	435978	-3.425629	0	300
435978	438258	-0.520103	-1	2280
438258	438698	1.936870	0	440
438698	439738	5.887224	2	1040
439738	440298	-0.423240	0	560
440298	440888	-5.950216	-3	590
440888	441938	-2.640491	0	1050
441938	442798	-5.639832	-3	860
442798	443348	-3.532427	-2	550
443348	443758	-0.791508	0	410
443758	444278	0.432073	1	520
444278	445508	-1.024757	-1	1230
