380575	380915	1.473411	0	340
380915	381455	-1.073617	-1	540
381455	386155	1.896395	1	4700
386155	386775	-0.872546	-1	620
386775	395125	1.549459	1	8350
395125	395695	-0.437091	-1	570
395695	396855	2.234663	1	1160
396855	397865	-1.606641	0	1010
397865	399015	0.359815	1	1150
399015	399615	-0.192789	-1	600
399615	403055	1.518357	1	3440
403055	405655	7.830946	2	2600
405655	405935	1.990855	0	280
405935	406545	-0.377888	-1	610
406545	406875	-3.518551	0	330
406875	407725	-5.545819	-3	850
407725	408195	-2.519605	0	470
408195	410495	1.707774	1	2300
410495	411925	5.541705	2	1430
411925	412745	-1.063426	0	820
412745	418255	3.128856	1	5510
418255	419525	6.519651	2	1270
419525	420725	2.284957	1	1200
420725	421425	4.912936	2	700
421425	422575	2.248670	1	1150
422575	428655	7.091912	2	6080
428655	429045	0.927236	0	390
429045	429955	-4.072958	-2	910
429955	434085	-7.545851	-3	4130
434085	434305	-2.460634	0	220
434305	434835	2.482254	1	530
434835	435055	-2.638413	0	220
435055	435635	-6.747904	-3	580
435635	435885	-3.448598	0	250
435885	438255	-0.501716	-1	2370
438255	438635	1.966675	0	380
438635	439705	6.035269	2	1070
439705	440205	-0.452178	0	500
440205	440855	-6.045608	-3	650
440855	441835	-2.309867	0	980
441835	442775	-5.627072	-3	940
442775	443285	-3.472291	-2	510
443285	443665	-0.848654	0	380
443665	444245	0.526403	1	580
444245	445505	-1.022429	-1	1260
