380466	380866	1.769825	0	400
380866	381396	-2.106377	-1	530
381396	386076	1.153215	1	4680
386076	386726	-0.973565	-1	650
386726	395086	1.557886	1	8360
395086	395656	-0.525273	-1	570
395656	396786	2.175968	1	1130
396786	397756	-1.746619	0	970
397756	398906	0.362303	1	1150
398906	399556	-0.211682	-1	650
399556	403126	1.544659	1	3570
403126	405516	8.198383	2	2390
405516	405826	2.644880	0	310
405826	406506	-0.281808	-1	680
406506	406786	-3.583598	0	280
406786	407706	-5.567665	-3	920
407706	408096	-2.619912	0	390
408096	410786	2.089918	1	2690
410786	411856	5.963630	2	1070
411856	412736	-1.063112	0	880
412736	418276	2.753919	1	5540
418276	419396	6.941648	2	1120
419396	422706	2.874904	1	3310
422706	428546	7.218077	2	5840
428546	428956	1.769643	0	410
428956	429816	-4.045268	-2	860
429816	434056	-7.594627	-3	4240
434056	434246	-2.481710	0	190
434246	434776	3.138103	1	530
434776	434976	-2.592086	0	200
434976	435586	-6.984762	-3	610
435586	435816	-3.383147	0	230
435816	438246	-0.466943	-1	2430
438246	438646	2.509086	0	400
438646	439616	6.373413	2	970
439616	440106	0.250812	0	490
440106	440826	-6.024520	-3	720
440826	441756	-1.997919	0	930
441756	442756	-5.598610	-3	1000
442756	443566	-2.348318	0	810
443566	444226	0.598270	1	660
444226	445506	-1.024396	-1	1280
