380693	380963	1.026647	0	270
380963	381513	-0.743937	-1	550
381513	386233	1.336446	1	4720
386233	386833	-0.727019	-1	600
386833	395193	1.537009	1	8360
395193	395703	-0.373478	-1	510
395703	396923	1.982060	1	1220
396923	397983	-1.457718	0	1060
397983	399103	0.360618	1	1120
399103	399603	-0.178732	-1	500
399603	403073	1.466709	1	3470
403073	405733	7.661899	2	2660
405733	406053	1.894545	0	320
406053	406583	-0.504917	-1	530
406583	406983	-3.524664	0	400
406983	407723	-5.542735	-3	740
407723	408283	-2.589570	0	560
408283	410483	1.645949	1	2200
410483	411963	5.345938	2	1480
411963	412853	-0.706439	0	890
412853	418293	3.028994	1	5440
418293	419583	6.539508	2	1290
419583	420603	2.087344	1	1020
420603	421503	4.595224	2	900
421503	422573	2.235247	1	1070
422573	428683	7.095615	2	6110
428683	429133	0.854333	0	450
429133	429963	-4.076881	-2	830
429963	434103	-7.517992	-3	4140
434103	435143	-0.401727	0	1040
435143	435673	-6.487611	-3	530
435673	435973	-3.509744	0	300
435973	438263	-0.525159	-1	2290
438263	438673	1.818815	0	410
438673	439753	5.803624	2	1080
439753	440303	-0.540303	0	550
440303	440893	-5.943646	-3	590
440893	441943	-2.645250	0	1050
441943	442793	-5.646080	-3	850
442793	443343	-3.574077	-2	550
443343	443773	-0.791458	0	430
443773	444273	0.445296	1	500
444273	445503	-1.025261	-1	1230
