380568	380918	1.453849	0	350
380918	381448	-1.106694	-1	530
381448	386138	2.167864	1	4690
386138	386768	-0.865058	-1	630
386768	395118	1.550040	1	8350
395118	395688	-0.442176	-1	570
395688	396858	2.222706	1	1170
396858	397858	-1.624467	0	1000
397858	399008	0.359876	1	1150
399008	399618	-0.191607	-1	610
399618	403108	1.568334	1	3490
403108	405598	7.991040	2	2490
405598	405928	2.348329	0	330
405928	406528	-0.339258	-1	600
406528	406868	-3.463931	0	340
406868	407708	-5.556894	-3	840
407708	408188	-2.588931	0	480
408188	410578	1.801725	1	2390
410578	411898	5.653752	2	1320
411898	412738	-0.935805	0	840
412738	418298	2.729286	1	5560
418298	419448	6.757843	2	1150
419448	422668	2.853665	1	3220
422668	428598	7.164815	2	5930
428598	429038	1.333819	0	440
429038	429938	-4.054129	-2	900
429938	434078	-7.540156	-3	4140
434078	434308	-2.415804	0	230
434308	434818	2.621216	1	510
434818	435048	-2.504909	0	230
435048	435628	-6.764091	-3	580
435628	435878	-3.468143	0	250
435878	438258	-0.499473	-1	2380
438258	438668	2.219490	0	410
438668	439658	6.185394	2	990
439658	440198	-0.067970	0	540
440198	440858	-6.035487	-3	660
440858	441848	-2.327200	0	990
441848	442768	-5.639643	-3	920
442768	443278	-3.482680	-2	510
443278	443658	-0.854751	0	380
443658	444248	0.520735	1	590
444248	445508	-1.022771	-1	1260
