380841	381051	0.479885	0	210
381051	381651	-0.328660	-1	600
381651	386331	1.054349	1	4680
386331	386901	-0.512882	-1	570
386901	397001	1.508819	1	10100
397001	398131	-1.267784	-1	1130
398131	403141	1.252994	1	5010
403141	405781	7.582909	2	2640
405781	407121	-0.903778	0	1340
407121	407731	-5.519186	-3	610
407731	408391	-2.597628	0	660
408391	410531	1.632616	1	2140
410531	411961	5.224543	2	1430
411961	412351	1.732380	0	390
412351	412981	-1.286903	-1	630
412981	418381	2.804883	1	5400
418381	419601	6.396269	2	1220
419601	420671	2.272934	1	1070
420671	421521	4.524942	2	850
421521	422681	2.509280	1	1160
422681	428701	7.217721	2	6020
428701	429241	0.887939	0	540
429241	429981	-4.054720	-2	740
429981	434121	-7.482887	-3	4140
434121	436091	-2.715240	0	1970
436091	438241	-0.556722	-1	2150
438241	438791	1.895722	1	550
438791	439741	5.726884	2	950
439741	440201	1.086598	0	460
440201	442061	-6.879209	-2	1860
442061	442821	-5.615626	-3	760
442821	443421	-3.619744	-2	600
443421	443861	-0.813223	0	440
443861	444361	0.446511	1	500
444361	445511	-0.860492	-1	1150
