380617	380937	1.300210	0	320
380937	381467	-0.975698	-1	530
381467	386177	2.005380	1	4710
386177	386797	-0.812953	-1	620
386797	395147	1.545703	1	8350
395147	395697	-0.416451	-1	550
395697	396887	2.124256	1	1190
396887	397907	-1.563429	0	1020
397907	399047	0.360707	1	1140
399047	399607	-0.190733	-1	560
399607	403097	1.525447	1	3490
403097	405637	7.886773	2	2540
405637	405977	2.234681	0	340
405977	406547	-0.393792	-1	570
406547	406917	-3.496277	0	370
406917	407707	-5.556714	-3	790
407707	408217	-2.664809	0	510
408217	410547	1.739207	1	2330
410547	411927	5.536734	2	1380
411927	412787	-0.864632	0	860
412787	418297	2.739395	1	5510
418297	419487	6.613997	2	1190
419487	420797	2.462127	1	1310
420797	421397	4.983608	2	600
421397	422627	2.406526	1	1230
422627	428627	7.170931	2	6000
428627	429077	1.146657	0	450
429077	429957	-4.079972	-2	880
429957	434087	-7.538688	-3	4130
434087	434327	-2.530348	0	240
434327	434837	2.317274	1	510
434837	435087	-2.512463	0	250
435087	435637	-6.688373	-3	550
435637	435917	-3.520290	0	280
435917	438257	-0.509201	-1	2340
438257	438687	2.121273	0	430
438687	439697	6.066349	2	1010
439697	440247	-0.393176	0	550
440247	440867	-6.037545	-3	620
440867	441877	-2.451670	0	1010
441877	442787	-5.633993	-3	910
442787	443307	-3.486594	-2	520
443307	443697	-0.824891	0	390
443697	444247	0.500153	1	550
444247	445507	-1.015300	-1	1260
