380779	381009	0.682741	0	230
381009	381549	-0.515641	-1	540
381549	386289	1.058403	1	4740
386289	386879	-0.603512	-1	590
386879	396969	1.738448	1	10090
396969	398069	-1.348374	-1	1100
398069	403089	1.066203	1	5020
403089	405789	7.541586	2	2700
405789	407059	-0.966721	0	1270
407059	407729	-5.524100	-3	670
407729	408349	-2.584280	0	620
408349	410459	1.586541	1	2110
410459	411979	5.199378	2	1520
411979	412289	1.630186	0	310
412289	412929	-1.403756	-1	640
412929	418319	2.778625	1	5390
418319	419619	6.348885	2	1300
419619	420579	2.045783	1	960
420579	421559	4.471247	2	980
421559	422609	2.304501	1	1050
422609	428719	7.068135	2	6110
428719	429199	0.711032	0	480
429199	429979	-4.078257	-2	780
429979	434119	-7.500329	-3	4140
434119	435209	-0.787916	0	1090
435209	435709	-6.238437	-3	500
435709	436049	-3.448164	0	340
436049	438259	-0.535376	-1	2210
438259	438709	1.753012	0	450
438709	439769	5.654822	2	1060
439769	440379	-0.630534	0	610
440379	440909	-5.927678	-3	530
440909	441999	-2.846219	0	1090
441999	442819	-5.613244	-3	820
442819	443379	-3.608938	-2	560
443379	443809	-0.855303	0	430
443809	444349	0.511649	1	540
444349	445509	-0.857857	-1	1160
