380470	380870	1.752025	0	400
380870	381390	-2.108210	-1	520
381390	386080	1.149867	1	4690
386080	386730	-0.968015	-1	650
386730	395090	1.557460	1	8360
395090	395670	-0.513479	-1	580
395670	396790	2.191417	1	1120
396790	397740	-1.780849	0	950
397740	398910	0.356060	1	1170
398910	399570	-0.207111	-1	660
399570	403120	1.541002	1	3550
403120	405510	8.194720	2	2390
405510	405830	2.722656	0	320
405830	406510	-0.290773	-1	680
406510	406780	-3.533402	0	270
406780	407700	-5.566911	-3	920
407700	408110	-2.596140	0	410
408110	411280	2.624873	1	3170
411280	411850	6.366954	2	570
411850	412730	-1.005916	0	880
412730	418280	2.751456	1	5550
418280	419400	6.932889	2	1120
419400	422710	2.876445	1	3310
422710	428550	7.217311	2	5840
428550	428960	1.733717	0	410
428960	429810	-4.040556	-2	850
429810	434060	-7.586767	-3	4250
434060	434260	-2.304085	0	200
434260	434780	3.170038	1	520
434780	434970	-2.517435	0	190
434970	435590	-6.936158	-3	620
435590	435820	-3.358393	0	230
435820	438260	-0.463098	-1	2440
438260	438650	2.598200	0	390
438650	439610	6.375978	2	960
439610	440110	0.314437	0	500
440110	440830	-6.020898	-3	720
440830	441750	-1.968665	0	920
441750	442750	-5.597361	-3	1000
442750	443560	-2.399534	0	810
443560	444240	0.571667	1	680
444240	445510	-1.032418	-1	1270
