380672	380952	1.110227	0	280
380952	381502	-0.801680	-1	550
381502	386212	1.837265	1	4710
386212	386822	-0.748003	-1	610
386822	395182	1.539030	1	8360
395182	395692	-0.397105	-1	510
395692	396912	2.007887	1	1220
396912	397962	-1.486101	0	1050
397962	399082	0.362528	1	1120
399082	399612	-0.177268	-1	530
399612	403092	1.495138	1	3480
403092	405692	7.763530	2	2600
405692	406032	2.053283	0	340
406032	406572	-0.472259	-1	540
406572	406962	-3.509259	0	390
406962	407722	-5.543395	-3	760
407722	408262	-2.600308	0	540
408262	410532	1.703429	1	2270
410532	411942	5.438864	2	1410
411942	412832	-0.694691	0	890
412832	418302	2.749972	1	5470
418302	419552	6.662003	2	1250
419552	420752	2.353099	1	1200
420752	421452	4.808658	2	700
421452	422612	2.346132	1	1160
422612	428652	7.136820	2	6040
428652	429112	1.059262	0	460
429112	429962	-4.070292	-2	850
429962	434092	-7.528175	-3	4130
434092	434362	-2.548974	0	270
434362	434862	2.004697	1	500
434862	435122	-2.447901	0	260
435122	435662	-6.532303	-3	540
435662	435952	-3.536132	0	290
435952	438262	-0.523389	-1	2310
438262	438692	1.981065	0	430
438692	439712	5.954289	2	1020
439712	440282	-0.219570	0	570
440282	440882	-5.945723	-3	600
440882	441922	-2.594827	0	1040
441922	442792	-5.641697	-3	870
442792	443332	-3.548038	-2	540
443332	443742	-0.817790	0	410
443742	444262	0.454116	1	520
444262	445512	-1.012448	-1	1250
