380753	381003	0.748827	0	250
381003	381543	-0.580699	-1	540
381543	386273	1.066474	1	4730
386273	386863	-0.636636	-1	590
386863	396963	1.746080	1	10100
396963	398043	-1.386837	-1	1080
398043	403143	1.331548	1	5100
403143	405713	7.744222	2	2570
405713	407023	-0.675718	0	1310
407023	407723	-5.523757	-3	700
407723	408333	-2.582190	0	610
408333	410563	1.709328	1	2230
410563	411933	5.373594	2	1370
411933	412903	-0.311854	0	970
412903	418373	2.783492	1	5470
418373	419553	6.646509	2	1180
419553	420813	2.493441	1	1260
420813	421443	4.771862	2	630
421443	422663	2.506399	1	1220
422663	428653	7.139445	2	5990
428653	429173	1.123552	0	520
429173	429973	-4.064508	-2	800
429973	434113	-7.504324	-3	4140
434113	435193	-0.705735	0	1080
435193	435693	-6.320457	-3	500
435693	436023	-3.501190	0	330
436023	438253	-0.537043	-1	2230
438253	438763	2.030351	1	510
438763	439723	5.893105	2	960
439723	440353	-0.298425	0	630
440353	440903	-5.921263	-3	550
440903	441983	-2.791992	0	1080
441983	442813	-5.624272	-3	830
442813	443373	-3.579930	-2	560
443373	443793	-0.828725	0	420
443793	444363	0.528829	1	570
444363	445503	-0.874728	-1	1140
