380683	380963	1.052640	0	280
380963	381503	-0.781373	-1	540
381503	386223	1.800818	1	4720
386223	386823	-0.739213	-1	600
386823	395183	1.537791	1	8360
395183	395703	-0.375114	-1	520
395703	396923	1.992013	1	1220
396923	397973	-1.476447	0	1050
397973	399103	0.358231	1	1130
399103	399603	-0.182826	-1	500
399603	403083	1.477903	1	3480
403083	405713	7.712824	2	2630
405713	406043	1.979701	0	330
406043	406573	-0.474065	-1	530
406573	406973	-3.491098	0	400
406973	407723	-5.543215	-3	750
407723	408273	-2.600056	0	550
408273	410493	1.658673	1	2220
410493	411963	5.365071	2	1470
411963	412843	-0.747741	0	880
412843	418303	2.752304	1	5460
418303	419563	6.618837	2	1260
419563	420643	2.180179	1	1080
420643	421483	4.659231	2	840
421483	422583	2.268123	1	1100
422583	428683	7.103633	2	6100
428683	429123	0.860936	0	440
429123	429963	-4.072458	-2	840
429963	434093	-7.525849	-3	4130
434093	434363	-2.628717	0	270
434363	434863	1.930365	1	500
434863	435133	-2.429306	0	270
435133	435673	-6.485437	-3	540
435673	435973	-3.451976	0	300
435973	438253	-0.520550	-1	2280
438253	438683	1.852841	0	430
438683	439733	5.876859	2	1050
439733	440293	-0.372764	0	560
440293	440883	-5.950999	-3	590
440883	441933	-2.633353	0	1050
441933	442793	-5.642498	-3	860
442793	443343	-3.549477	-2	550
443343	443753	-0.802154	0	410
443753	444273	0.440836	1	520
444273	445503	-1.027307	-1	1230
