380757	380997	0.761039	0	240
380997	381537	-0.576492	-1	540
381537	386277	1.063875	1	4740
386277	386867	-0.634369	-1	590
386867	396967	1.745760	1	10100
396967	398047	-1.386183	-1	1080
398047	403127	1.313731	1	5080
403127	405737	7.686031	2	2610
405737	407027	-0.765114	0	1290
407027	407727	-5.519557	-3	700
407727	408337	-2.562435	0	610
408337	410567	1.712204	1	2230
410567	411947	5.363904	2	1380
411947	412897	-0.369507	0	950
412897	418357	2.774512	1	5460
418357	419567	6.582989	2	1210
419567	420787	2.437256	1	1220
420787	421457	4.735552	2	670
421457	422657	2.482009	1	1200
422657	428667	7.127366	2	6010
428667	429177	1.033444	0	510
429177	429967	-4.059343	-2	790
429967	434107	-7.503969	-3	4140
434107	435187	-0.709899	0	1080
435187	435697	-6.287634	-3	510
435697	436027	-3.484678	0	330
436027	438257	-0.536392	-1	2230
438257	438757	2.007757	1	500
438757	439737	5.854800	2	980
439737	440357	-0.399233	0	620
440357	440897	-5.942094	-3	540
440897	441987	-2.818055	0	1090
441987	442807	-5.629849	-3	820
442807	443377	-3.595024	-2	570
443377	443797	-0.821303	0	420
443797	444357	0.535255	1	560
444357	445507	-0.865845	-1	1150
