380541	380901	1.577976	0	360
380901	381441	-1.665179	-1	540
381441	386131	1.443120	1	4690
386131	386751	-0.919915	-1	620
386751	395101	1.552617	1	8350
395101	395681	-0.458916	-1	580
395681	396851	2.261427	1	1170
396851	397831	-1.676279	0	980
397831	398981	0.360497	1	1150
398981	399601	-0.197508	-1	620
399601	403071	1.543316	1	3470
403071	405601	7.958205	2	2530
405601	405901	2.251248	0	300
405901	406531	-0.337491	-1	630
406531	406841	-3.496871	0	310
406841	407711	-5.556283	-3	870
407711	408161	-2.612249	0	450
408161	410521	1.742980	1	2360
410521	411901	5.636196	2	1380
411901	412731	-1.065732	0	830
412731	418261	3.653529	1	5530
418261	419481	6.665313	2	1220
419481	420781	2.166261	1	1300
420781	421371	5.108040	2	590
421371	422611	2.354437	1	1240
422611	428621	7.135005	2	6010
428621	429021	1.138722	0	400
429021	429941	-4.058989	-2	920
429941	434071	-7.549860	-3	4130
434071	434291	-2.474443	0	220
434291	434811	2.736585	1	520
434811	435031	-2.567566	0	220
435031	435611	-6.853322	-3	580
435611	435861	-3.495411	0	250
435861	438261	-0.490338	-1	2400
438261	438631	2.116235	0	370
438631	439681	6.132030	2	1050
439681	440171	-0.257120	0	490
440171	440861	-6.012977	-3	690
440861	441821	-2.200775	0	960
441821	442771	-5.626558	-3	950
442771	443631	-2.352951	0	860
443631	444241	0.540776	1	610
444241	445511	-1.020610	-1	1270
