380753	380993	0.777645	0	240
380993	381543	-0.569839	-1	550
381543	386273	1.066585	1	4730
386273	386863	-0.637732	-1	590
386863	396953	1.746385	1	10090
396953	398043	-1.374593	-1	1090
398043	403153	1.461054	1	5110
403153	405713	7.756963	2	2560
405713	407033	-0.709293	0	1320
407033	407723	-5.530490	-3	690
407723	408333	-2.580972	0	610
408333	410573	1.720989	1	2240
410573	411933	5.382416	2	1360
411933	412263	1.898975	0	330
412263	412903	-1.453389	-1	640
412903	418373	2.783921	1	5470
418373	419543	6.666556	2	1170
419543	420823	2.522157	1	1280
420823	421433	4.787297	2	610
421433	422673	2.534461	1	1240
422673	428653	7.144695	2	5980
428653	429183	1.061354	0	530
429183	429983	-4.102114	-2	800
429983	434103	-7.516163	-3	4120
434103	435193	-0.746251	0	1090
435193	435693	-6.320274	-3	500
435693	436023	-3.501229	0	330
436023	438253	-0.536824	-1	2230
438253	438773	2.077358	1	520
438773	439713	5.926472	2	940
439713	440353	-0.229523	0	640
440353	440893	-5.938710	-3	540
440893	441993	-2.832072	0	1100
441993	442813	-5.631938	-3	820
442813	443373	-3.579734	-2	560
443373	443803	-0.809386	0	430
443803	444353	0.547807	1	550
444353	445503	-0.866298	-1	1150
