380701	380971	0.973760	0	270
380971	381511	-0.737464	-1	540
381511	386241	1.322472	1	4730
386241	386831	-0.727037	-1	590
386831	395201	1.534514	1	8370
395201	395701	-0.375894	-1	500
395701	396931	1.957291	1	1230
396931	397991	-1.452229	0	1060
397991	403091	1.071615	1	5100
403091	405711	7.714418	2	2620
405711	406061	2.032182	0	350
406061	406591	-0.534850	-1	530
406591	406991	-3.552479	0	400
406991	407721	-5.543053	-3	730
407721	408291	-2.587518	0	570
408291	410491	1.653826	1	2200
410491	411961	5.343967	2	1470
411961	412861	-0.658747	0	900
412861	418311	2.759610	1	5450
418311	419561	6.606654	2	1250
419561	420671	2.238075	1	1110
420671	421481	4.673269	2	810
421481	422601	2.312549	1	1120
422601	428681	7.108842	2	6080
428681	429141	0.855712	0	460
429141	429961	-4.082295	-2	820
429961	434111	-7.510209	-3	4150
434111	434371	-2.496494	0	260
434371	434871	1.809876	1	500
434871	435151	-2.480778	0	280
435151	435671	-6.478350	-3	520
435671	435981	-3.516759	0	310
435981	438261	-0.525142	-1	2280
438261	438701	1.927130	0	440
438701	439731	5.877737	2	1030
439731	440311	-0.385925	0	580
440311	440881	-5.963854	-3	570
440881	441951	-2.700827	0	1070
441951	442791	-5.648109	-3	840
442791	443351	-3.573249	-2	560
443351	443771	-0.793487	0	420
443771	444271	0.435239	1	500
444271	445511	-1.014575	-1	1240
