380503	380893	1.641634	0	390
380893	381413	-1.993672	-1	520
381413	386103	1.141914	1	4690
386103	386743	-0.940473	-1	640
386743	395093	1.556053	1	8350
395093	395673	-0.485439	-1	580
395673	396803	2.140188	1	1130
396803	397793	-1.691639	0	990
397793	398943	0.361354	1	1150
398943	399573	-0.206928	-1	630
399573	403083	1.486827	1	3510
403083	405563	8.056135	2	2480
405563	405863	2.398279	0	300
405863	406523	-0.318481	-1	660
406523	406803	-3.508464	0	280
406803	407713	-5.555143	-3	910
407713	408133	-2.561532	0	420
408133	410553	1.796215	1	2420
410553	411893	5.725317	2	1340
411893	412733	-1.168940	0	840
412733	418263	3.438820	1	5530
418263	419443	6.795916	2	1180
419443	422653	2.821770	1	3210
422653	428583	7.179442	2	5930
428583	428993	1.400382	0	410
428993	429823	-4.073424	-2	830
429823	434063	-7.527056	-3	4240
434063	434263	-2.541821	0	200
434263	434793	2.923071	1	530
434793	434993	-2.469788	0	200
434993	435603	-6.879540	-3	610
435603	435833	-3.432249	0	230
435833	438263	-0.480172	-1	2430
438263	438623	2.257488	0	360
438623	439663	6.218982	2	1040
439663	440143	-0.213019	0	480
440143	440843	-6.030944	-3	700
440843	441773	-2.048696	0	930
441773	442753	-5.611059	-3	980
442753	443583	-2.425046	0	830
443583	444243	0.547787	1	660
444243	445503	-1.036319	-1	1260
