380574	380914	1.479894	0	340
380914	381454	-1.074911	-1	540
381454	386154	2.158723	1	4700
386154	386774	-0.873675	-1	620
386774	395124	1.549531	1	8350
395124	395694	-0.437205	-1	570
395694	396854	2.235188	1	1160
396854	397864	-1.606298	0	1010
397864	399014	0.359787	1	1150
399014	399614	-0.192625	-1	600
399614	403084	1.540129	1	3470
403084	405624	7.920374	2	2540
405624	405934	2.191848	0	310
405934	406544	-0.374060	-1	610
406544	406874	-3.523534	0	330
406874	407724	-5.548941	-3	850
407724	408194	-2.515340	0	470
408194	410544	1.761179	1	2350
410544	411914	5.602902	2	1370
411914	412744	-1.004733	0	830
412744	418274	2.722697	1	5530
418274	419494	6.619966	2	1220
419494	420794	2.424368	1	1300
420794	421384	5.061741	2	590
421384	422624	2.384289	1	1240
422624	428624	7.132859	2	6000
428624	429044	1.144891	0	420
429044	429954	-4.073375	-2	910
429954	434084	-7.545313	-3	4130
434084	434304	-2.452715	0	220
434304	434814	2.577200	1	510
434814	435054	-2.430484	0	240
435054	435624	-6.775655	-3	570
435624	435884	-3.504115	0	260
435884	438254	-0.501015	-1	2370
438254	438654	2.084948	0	400
438654	439694	6.089799	2	1040
439694	440204	-0.373865	0	510
440204	440854	-6.042896	-3	650
440854	441844	-2.335861	0	990
441844	442764	-5.639810	-3	920
442764	443284	-3.498979	-2	520
443284	443664	-0.845545	0	380
443664	444244	0.525957	1	580
444244	445504	-1.023880	-1	1260
