380680	380960	1.064558	0	280
380960	381500	-0.795571	-1	540
381500	386220	1.806969	1	4720
386220	386820	-0.747722	-1	600
386820	395180	1.538320	1	8360
395180	395700	-0.382064	-1	520
395700	396920	1.998882	1	1220
396920	397970	-1.480805	0	1050
397970	399090	0.361791	1	1120
399090	399620	-0.173639	-1	530
399620	403080	1.485922	1	3460
403080	405710	7.714653	2	2630
405710	406040	1.974571	0	330
406040	406570	-0.468134	-1	530
406570	406970	-3.493975	0	400
406970	407720	-5.543184	-3	750
407720	408270	-2.606473	0	550
408270	410490	1.658196	1	2220
410490	411960	5.370727	2	1470
411960	412840	-0.752420	0	880
412840	418300	2.751726	1	5460
418300	419560	6.626794	2	1260
419560	420640	2.177836	1	1080
420640	421480	4.662760	2	840
421480	422580	2.264056	1	1100
422580	428680	7.104748	2	6100
428680	429120	0.867411	0	440
429120	429970	-4.080624	-2	850
429970	434090	-7.532444	-3	4120
434090	434360	-2.659246	0	270
434360	434860	1.956472	1	500
434860	435130	-2.410373	0	270
435130	435670	-6.504674	-3	540
435670	435960	-3.508077	0	290
435960	438260	-0.523707	-1	2300
438260	438680	1.886100	0	420
438680	439730	5.883659	2	1050
439730	440290	-0.363544	0	560
440290	440890	-5.937863	-3	600
440890	441930	-2.605215	0	1040
441930	442790	-5.645133	-3	860
442790	443340	-3.555789	-2	550
443340	443750	-0.804678	0	410
443750	444270	0.444205	1	520
444270	445510	-1.017610	-1	1240
