380669	380949	1.136864	0	280
380949	381499	-0.804817	-1	550
381499	386209	1.840935	1	4710
386209	386819	-0.749837	-1	610
386819	395179	1.539167	1	8360
395179	395699	-0.390417	-1	520
395699	396909	2.026594	1	1210
396909	397959	-1.487105	0	1050
397959	399089	0.359922	1	1130
399089	399609	-0.182902	-1	520
399609	403079	1.484806	1	3470
403079	405709	7.721233	2	2630
405709	406029	1.965147	0	320
406029	406569	-0.460949	-1	540
406569	406959	-3.486454	0	390
406959	407719	-5.542610	-3	760
407719	408259	-2.629973	0	540
408259	410489	1.657901	1	2230
410489	411959	5.381413	2	1470
411959	412829	-0.792205	0	870
412829	418289	2.745675	1	5460
418289	419559	6.622703	2	1270
419559	420629	2.158608	1	1070
420629	421479	4.655656	2	850
421479	422579	2.257592	1	1100
422579	428679	7.106423	2	6100
428679	429109	0.900695	0	430
429109	429959	-4.059948	-2	850
429959	434089	-7.529757	-3	4130
434089	434359	-2.600217	0	270
434359	434859	2.030195	1	500
434859	435119	-2.408569	0	260
435119	435669	-6.514834	-3	550
435669	435959	-3.458483	0	290
435959	438259	-0.517514	-1	2300
438259	438669	1.853030	0	410
438669	439729	5.883737	2	1060
439729	440289	-0.409916	0	560
440289	440879	-5.969882	-3	590
440879	441919	-2.590776	0	1040
441919	442799	-5.634867	-3	880
442799	443339	-3.509432	-2	540
443339	443749	-0.782828	0	410
443749	444269	0.457560	1	520
444269	445509	-1.021089	-1	1240
