380772	381012	0.678949	0	240
381012	381552	-0.529363	-1	540
381552	386282	1.061516	1	4730
386282	386872	-0.608289	-1	590
386872	396962	1.741230	1	10090
396962	398062	-1.349742	-1	1100
398062	403122	1.233301	1	5060
403122	405732	7.674692	2	2610
405732	407052	-0.776529	0	1320
407052	407732	-5.521868	-3	680
407732	408342	-2.562030	0	610
408342	410542	1.677772	1	2200
410542	411952	5.315007	2	1410
411952	412282	1.767527	0	330
412282	412922	-1.415669	-1	640
412922	418362	2.787309	1	5440
418362	419562	6.567819	2	1200
419562	420732	2.379227	1	1170
420732	421482	4.655777	2	750
421482	422652	2.452494	1	1170
422652	428672	7.120140	2	6020
428672	429192	0.976102	0	520
429192	429982	-4.086240	-2	790
429982	434122	-7.499791	-3	4140
434122	436032	-2.662231	0	1910
436032	438252	-0.543608	-1	2220
438252	438762	1.985898	1	510
438762	439742	5.816712	2	980
439742	440372	-0.470992	0	630
440372	440902	-5.928420	-3	530
440902	442002	-2.854574	0	1100
442002	442812	-5.625377	-3	810
442812	443382	-3.594448	-2	570
443382	443802	-0.834647	0	420
443802	444352	0.514167	1	550
444352	445512	-0.857512	-1	1160
