380481	380871	1.743858	0	390
380871	381401	-2.031600	-1	530
381401	386091	1.147174	1	4690
386091	386721	-0.984326	-1	630
386721	395081	1.556332	1	8360
395081	395671	-0.496027	-1	590
395671	396801	2.161599	1	1130
396801	397771	-1.738472	0	970
397771	398921	0.361884	1	1150
398921	399571	-0.206713	-1	650
399571	403091	1.506167	1	3520
403091	405541	8.111213	2	2450
405541	405841	2.497140	0	300
405841	406501	-0.266656	-1	660
406501	406781	-3.423187	0	280
406781	407711	-5.554684	-3	930
407711	408111	-2.583484	0	400
408111	410621	1.888193	1	2510
410621	411871	5.818549	2	1250
411871	412731	-1.109130	0	860
412731	418271	2.744962	1	5540
418271	419421	6.872293	2	1150
419421	422681	2.846069	1	3260
422681	428571	7.201086	2	5890
428571	428971	1.532105	0	400
428971	429811	-4.048604	-2	840
429811	434051	-7.528804	-3	4240
434051	434261	-2.531931	0	210
434261	434791	3.041329	1	530
434791	434971	-2.473559	0	180
434971	435591	-6.903561	-3	620
435591	435831	-3.381180	0	240
435831	438261	-0.465117	-1	2430
438261	438631	2.418437	0	370
438631	439631	6.309668	2	1000
439631	440121	0.096669	0	490
440121	440831	-6.029462	-3	710
440831	441771	-2.050724	0	940
441771	442751	-5.611854	-3	980
442751	443571	-2.401442	0	820
443571	444241	0.566452	1	670
444241	445511	-1.028634	-1	1270
