380484	380874	1.731677	0	390
380874	381394	-1.952489	-1	520
381394	386094	1.458256	1	4700
386094	386724	-0.977603	-1	630
386724	395084	1.555905	1	8360
395084	395674	-0.491570	-1	590
395674	396804	2.156724	1	1130
396804	397774	-1.735391	0	970
397774	398924	0.361834	1	1150
398924	399574	-0.206663	-1	650
399574	403114	1.528081	1	3540
403114	405534	8.147811	2	2420
405534	405844	2.568628	0	310
405844	406504	-0.271533	-1	660
406504	406784	-3.434493	0	280
406784	407704	-5.560058	-3	920
407704	408114	-2.622649	0	410
408114	410634	1.902634	1	2520
410634	411864	5.826687	2	1230
411864	412734	-1.044551	0	870
412734	418274	2.745200	1	5540
418274	419424	6.869775	2	1150
419424	422684	2.846539	1	3260
422684	428574	7.197217	2	5890
428574	428974	1.503813	0	400
428974	429814	-4.053499	-2	840
429814	434054	-7.529006	-3	4240
434054	434264	-2.479840	0	210
434264	434794	3.035824	1	530
434794	434974	-2.515681	0	180
434974	435594	-6.904305	-3	620
435594	435834	-3.353063	0	240
435834	438254	-0.467056	-1	2420
438254	438644	2.441805	0	390
438644	439634	6.320761	2	990
439634	440124	0.070996	0	490
440124	440834	-6.027503	-3	710
440834	441774	-2.056068	0	940
441774	442754	-5.610940	-3	980
442754	443574	-2.390259	0	820
443574	444244	0.565493	1	670
444244	445504	-1.038884	-1	1260
