380678	380958	1.078781	0	280
380958	381508	-0.780508	-1	550
381508	386218	1.801726	1	4710
386218	386828	-0.734056	-1	610
386828	395188	1.538270	1	8360
395188	395698	-0.388502	-1	510
395698	396918	1.998431	1	1220
396918	397968	-1.480165	0	1050
397968	399098	0.358814	1	1130
399098	399618	-0.177775	-1	520
399618	403078	1.484082	1	3460
403078	405718	7.699994	2	2640
405718	406038	1.938626	0	320
406038	406578	-0.489742	-1	540
406578	406968	-3.517887	0	390
406968	407718	-5.543094	-3	750
407718	408268	-2.621647	0	550
408268	410508	1.672681	1	2240
410508	411958	5.395182	2	1450
411958	412838	-0.748947	0	880
412838	418298	2.749619	1	5460
418298	419568	6.608490	2	1270
419568	420658	2.190743	1	1090
420658	421468	4.691722	2	810
421468	422578	2.280721	1	1110
422578	428668	7.109116	2	6090
428668	429118	0.960099	0	450
429118	429968	-4.072442	-2	850
429968	434098	-7.527496	-3	4130
434098	434358	-2.598040	0	260
434358	434858	1.963572	1	500
434858	435128	-2.372822	0	270
435128	435668	-6.509465	-3	540
435668	435968	-3.477756	0	300
435968	438258	-0.519803	-1	2290
438258	438678	1.868457	0	420
438678	439728	5.888597	2	1050
439728	440298	-0.412357	0	570
440298	440888	-5.957808	-3	590
440888	441928	-2.606589	0	1040
441928	442798	-5.637058	-3	870
442798	443338	-3.538162	-2	540
443338	443748	-0.812902	0	410
443748	444268	0.444163	1	520
444268	445508	-1.017978	-1	1240
