380579	380919	1.445217	0	340
380919	381459	-1.063993	-1	540
381459	386159	2.135023	1	4700
386159	386769	-0.879570	-1	610
386769	395119	1.549099	1	8350
395119	395689	-0.434237	-1	570
395689	396869	2.190528	1	1180
396869	397869	-1.618531	0	1000
397869	399019	0.359663	1	1150
399019	399609	-0.194424	-1	590
399609	403099	1.548744	1	3490
403099	405619	7.944045	2	2520
405619	405939	2.232644	0	320
405939	406539	-0.365440	-1	600
406539	406879	-3.500838	0	340
406879	407709	-5.558530	-3	830
407709	408199	-2.579984	0	490
408199	410569	1.789574	1	2370
410569	411909	5.618731	2	1340
411909	412749	-0.944876	0	840
412749	418289	2.728850	1	5540
418289	419479	6.668438	2	1190
419479	420829	2.500216	1	1350
420829	421369	5.117698	2	540
421369	422639	2.435181	1	1270
422639	428609	7.145354	2	5970
428609	429039	1.318652	0	430
429039	429939	-4.039624	-2	900
429939	434079	-7.539057	-3	4140
434079	434309	-2.481752	0	230
434309	434819	2.550810	1	510
434819	435049	-2.372034	0	230
435049	435629	-6.731145	-3	580
435629	435889	-3.475746	0	260
435889	438259	-0.499075	-1	2370
438259	438669	2.175582	0	410
438669	439679	6.130299	2	1010
439679	440209	-0.245330	0	530
440209	440859	-6.041256	-3	650
440859	441849	-2.342034	0	990
441849	442769	-5.638557	-3	920
442769	443279	-3.509681	-2	510
443279	443659	-0.881874	0	380
443659	444249	0.508943	1	590
444249	445509	-1.022029	-1	1260
