380680	380960	1.062940	0	280
380960	381500	-0.794929	-1	540
381500	386220	1.806789	1	4720
386220	386820	-0.747370	-1	600
386820	395180	1.538305	1	8360
395180	395700	-0.381865	-1	520
395700	396920	1.998672	1	1220
396920	397970	-1.480621	0	1050
397970	399090	0.361768	1	1120
399090	399620	-0.173527	-1	530
399620	403080	1.486100	1	3460
403080	405700	7.728949	2	2620
405700	406040	2.031327	0	340
406040	406570	-0.468883	-1	530
406570	406970	-3.494737	0	400
406970	407720	-5.543042	-3	750
407720	408270	-2.605160	0	550
408270	410510	1.678578	1	2240
410510	411960	5.390481	2	1450
411960	412840	-0.752576	0	880
412840	418300	3.064887	1	5460
418300	419560	6.626422	2	1260
419560	420670	2.223875	1	1110
420670	421470	4.701838	2	800
421470	422580	2.278891	1	1110
422580	428670	7.109953	2	6090
428670	429120	0.933275	0	450
429120	429970	-4.080916	-2	850
429970	434090	-7.532379	-3	4120
434090	434360	-2.656229	0	270
434360	434860	1.954964	1	500
434860	435130	-2.412362	0	270
435130	435670	-6.503798	-3	540
435670	435960	-3.506987	0	290
435960	438260	-0.523633	-1	2300
438260	438680	1.887702	0	420
438680	439730	5.883301	2	1050
439730	440290	-0.365439	0	560
440290	440890	-5.937423	-3	600
440890	441930	-2.605438	0	1040
441930	442790	-5.644983	-3	860
442790	443340	-3.555034	-2	550
443340	443750	-0.804095	0	410
443750	444270	0.443974	1	520
444270	445510	-1.017568	-1	1240
