380512	380882	1.680503	0	370
380882	381422	-1.789493	-1	540
381422	386112	1.453601	1	4690
386112	386742	-0.944349	-1	630
386742	395102	1.553406	1	8360
395102	395672	-0.490169	-1	570
395672	396822	2.096224	1	1150
396822	397802	-1.704724	0	980
397802	398952	0.361132	1	1150
398952	399592	-0.200836	-1	640
399592	403082	1.567573	1	3490
403082	405572	8.034831	2	2490
405572	405872	2.364228	0	300
405872	406522	-0.316413	-1	650
406522	406812	-3.492140	0	290
406812	407712	-5.555548	-3	900
407712	408142	-2.560947	0	430
408142	410562	1.804950	1	2420
410562	411892	5.719286	2	1330
411892	412732	-1.124889	0	840
412732	418272	2.734144	1	5540
418272	419452	6.780446	2	1180
419452	422652	2.819994	1	3200
422652	428602	7.168000	2	5950
428602	428992	1.314384	0	390
428992	429832	-4.064664	-2	840
429832	434062	-7.531339	-3	4230
434062	434282	-2.422682	0	220
434282	434792	2.980076	1	510
434792	435002	-2.423424	0	210
435002	435602	-6.885136	-3	600
435602	435842	-3.453499	0	240
435842	438262	-0.480916	-1	2420
438262	438642	2.328966	0	380
438642	439662	6.232817	2	1020
439662	440142	-0.098252	0	480
440142	440842	-6.021836	-3	700
440842	441782	-2.096043	0	940
441782	442752	-5.617192	-3	970
442752	443602	-2.401765	0	850
443602	444242	0.553007	1	640
444242	445512	-1.025705	-1	1270
