380515	380885	1.655823	0	370
380885	381425	-1.837057	-1	540
381425	386115	1.138871	1	4690
386115	386745	-0.938576	-1	630
386745	395095	1.554886	1	8350
395095	395675	-0.476761	-1	580
395675	396825	2.091410	1	1150
396825	397805	-1.701998	0	980
397805	398955	0.361078	1	1150
398955	399585	-0.202509	-1	630
399585	403095	1.575168	1	3510
403095	405565	8.057251	2	2470
405565	405875	2.431232	0	310
405875	406515	-0.302560	-1	640
406515	406815	-3.451133	0	300
406815	407705	-5.556425	-3	890
407705	408145	-2.598143	0	440
408145	410565	1.806656	1	2420
410565	411885	5.724539	2	1320
411885	412735	-1.061360	0	850
412735	418275	2.735200	1	5540
418275	419435	6.812487	2	1160
419435	422655	2.833848	1	3220
422655	428585	7.174318	2	5930
428585	428995	1.449811	0	410
428995	429825	-4.057475	-2	830
429825	434065	-7.524820	-3	4240
434065	434275	-2.487323	0	210
434275	434795	2.891477	1	520
434795	435005	-2.444054	0	210
435005	435605	-6.868436	-3	600
435605	435845	-3.441130	0	240
435845	438255	-0.483976	-1	2410
438255	438645	2.289083	0	390
438645	439645	6.257810	2	1000
439645	440145	0.073280	0	500
440145	440845	-6.020437	-3	700
440845	441795	-2.135717	0	950
441795	442755	-5.623243	-3	960
442755	443605	-2.394098	0	850
443605	444245	0.550262	1	640
444245	445505	-1.032310	-1	1260
