380693	380953	1.016876	0	260
380953	381513	-0.709001	-1	560
381513	386223	1.320860	1	4710
386223	386833	-0.703098	-1	610
386833	395193	1.536461	1	8360
395193	395693	-0.373109	-1	500
395693	396923	1.958537	1	1230
396923	397983	-1.451147	0	1060
397983	399093	0.362833	1	1110
399093	399603	-0.170616	-1	510
399603	403173	1.550858	1	3570
403173	405623	7.945558	2	2450
405623	406053	2.492996	0	430
406053	406573	-0.498914	-1	520
406573	406973	-3.476307	0	400
406973	407723	-5.529984	-3	750
407723	408273	-2.594371	0	550
408273	410733	1.926950	1	2460
410733	411883	5.608675	2	1150
411883	412853	-0.297440	0	970
412853	418393	2.785479	1	5540
418393	419483	6.937064	2	1090
419483	422743	3.013853	1	3260
422743	428593	7.217756	2	5850
428593	429123	1.446983	0	530
429123	429953	-4.049822	-2	830
429953	434093	-7.515923	-3	4140
434093	435133	-0.417304	0	1040
435133	435673	-6.430260	-3	540
435673	435973	-3.470935	0	300
435973	438253	-0.524847	-1	2280
438253	438783	2.345339	1	530
438783	439673	6.118043	2	890
439673	440313	-0.073369	0	640
440313	440873	-5.975148	-3	560
440873	441943	-2.694960	0	1070
441943	442793	-5.641905	-3	850
442793	443343	-3.550121	-2	550
443343	443763	-0.793422	0	420
443763	444273	0.429351	1	510
444273	445503	-1.023770	-1	1230
