380684	380954	1.078819	0	270
380954	381504	-0.768372	-1	550
381504	386224	1.801353	1	4720
386224	386824	-0.738811	-1	600
386824	395184	1.537762	1	8360
395184	395704	-0.374789	-1	520
395704	396914	2.007885	1	1210
396914	397974	-1.462460	0	1060
397974	399094	0.361466	1	1120
399094	399604	-0.179038	-1	510
399604	403084	1.479427	1	3480
403084	405704	7.726418	2	2620
405704	406044	2.026181	0	340
406044	406574	-0.479393	-1	530
406574	406974	-3.503167	0	400
406974	407724	-5.541539	-3	750
407724	408274	-2.585272	0	550
408274	410504	1.670529	1	2230
410504	411964	5.374226	2	1460
411964	412844	-0.752865	0	880
412844	418314	3.100265	1	5470
418314	419564	6.640170	2	1250
419564	420684	2.239662	1	1120
420684	421464	4.717306	2	780
421464	422594	2.314519	1	1130
422594	428664	7.117592	2	6070
428664	429124	0.978203	0	460
429124	429964	-4.077063	-2	840
429964	434094	-7.525823	-3	4130
434094	434364	-2.612308	0	270
434364	434864	1.931478	1	500
434864	435134	-2.442485	0	270
435134	435674	-6.489216	-3	540
435674	435964	-3.490961	0	290
435964	438254	-0.526317	-1	2290
438254	438694	1.912003	0	440
438694	439734	5.894356	2	1040
439734	440294	-0.392936	0	560
440294	440884	-5.950883	-3	590
440884	441934	-2.636181	0	1050
441934	442794	-5.642962	-3	860
442794	443344	-3.543240	-2	550
443344	443754	-0.796324	0	410
443754	444274	0.441441	1	520
444274	445504	-1.027081	-1	1230
