380610	380930	1.332246	0	320
380930	381470	-0.971905	-1	540
381470	386170	2.024695	1	4700
386170	386800	-0.806183	-1	630
386800	395140	1.548037	1	8340
395140	395700	-0.413859	-1	560
395700	396870	2.167530	1	1170
396870	397900	-1.551309	0	1030
397900	399040	0.360804	1	1140
399040	399590	-0.195110	-1	550
399590	403110	1.533147	1	3520
403110	405630	7.918180	2	2520
405630	405970	2.260468	0	340
405970	406550	-0.404826	-1	580
406550	406900	-3.475904	0	350
406900	407720	-5.541851	-3	820
407720	408210	-2.603160	0	490
408210	410580	1.781036	1	2370
410580	411900	5.591323	2	1320
411900	412780	-0.735130	0	880
412780	418310	2.743245	1	5530
418310	419480	6.657863	2	1170
419480	420870	2.574807	1	1390
420870	421370	5.108224	2	500
421370	422670	2.506155	1	1300
422670	428610	7.153556	2	5940
428610	429060	1.335919	0	450
429060	429950	-4.047892	-2	890
429950	434080	-7.538471	-3	4130
434080	434320	-2.607510	0	240
434320	434830	2.340909	1	510
434830	435070	-2.351810	0	240
435070	435640	-6.643042	-3	570
435640	435920	-3.440658	0	280
435920	438260	-0.500693	-1	2340
438260	438690	2.184809	0	430
438690	439680	6.107099	2	990
439680	440240	-0.260152	0	560
440240	440870	-6.027064	-3	630
440870	441870	-2.413209	0	1000
441870	442780	-5.635643	-3	910
442780	443300	-3.501682	-2	520
443300	443700	-0.815342	0	400
443700	444250	0.502868	1	550
444250	445510	-1.015869	-1	1260
