380507	380887	1.656847	0	380
380887	381417	-1.846141	-1	530
381417	386107	1.454595	1	4690
386107	386737	-0.949924	-1	630
386737	395097	1.553824	1	8360
395097	395667	-0.491028	-1	570
395667	396817	2.099271	1	1150
396817	397797	-1.706966	0	980
397797	398947	0.361258	1	1150
398947	399587	-0.202229	-1	640
399587	403077	1.565032	1	3490
403077	405577	8.023337	2	2500
405577	405867	2.311658	0	290
405867	406517	-0.306182	-1	650
406517	406807	-3.468809	0	290
406807	407707	-5.556992	-3	900
407707	408137	-2.594439	0	430
408137	410577	1.823783	1	2440
410577	411887	5.743839	2	1310
411887	412737	-1.105554	0	850
412737	418267	2.735673	1	5530
418267	419437	6.807975	2	1170
419437	422657	2.830184	1	3220
422657	428587	7.177365	2	5930
428587	428987	1.451685	0	400
428987	429827	-4.055871	-2	840
429827	434067	-7.527095	-3	4240
434067	434277	-2.364742	0	210
434277	434787	3.007988	1	510
434787	434997	-2.376619	0	210
434997	435607	-6.864120	-3	610
435607	435847	-3.357823	0	240
435847	438257	-0.476120	-1	2410
438257	438637	2.290066	0	380
438637	439647	6.259317	2	1010
439647	440147	-0.050699	0	500
440147	440847	-6.032100	-3	700
440847	441787	-2.089475	0	940
441787	442757	-5.618130	-3	970
442757	443597	-2.387630	0	840
443597	444247	0.551720	1	650
444247	445507	-1.033836	-1	1260
