380497	380887	1.667300	0	390
380887	381407	-2.015948	-1	520
381407	386097	1.143390	1	4690
386097	386737	-0.947714	-1	640
386737	395097	1.554771	1	8360
395097	395667	-0.498596	-1	570
395667	396807	2.126256	1	1140
396807	397787	-1.711823	0	980
397787	398937	0.361524	1	1150
398937	399577	-0.206171	-1	640
399577	403097	1.505414	1	3520
403097	405557	8.085694	2	2460
405557	405857	2.433197	0	300
405857	406517	-0.306243	-1	660
406517	406797	-3.478929	0	280
406797	407707	-5.556547	-3	910
407707	408127	-2.603186	0	420
408127	410577	1.826190	1	2450
410577	411877	5.763556	2	1300
411877	412737	-1.076958	0	860
412737	418267	2.738640	1	5530
418267	419437	6.819949	2	1170
419437	422657	2.826210	1	3220
422657	428587	7.177458	2	5930
428587	428987	1.384531	0	400
428987	429817	-4.063915	-2	830
429817	434067	-7.522684	-3	4250
434067	434267	-2.389060	0	200
434267	434787	3.024513	1	520
434787	434987	-2.403335	0	200
434987	435597	-6.902232	-3	610
435597	435827	-3.464778	0	230
435827	438257	-0.481151	-1	2430
438257	438637	2.340867	0	380
438637	439647	6.275620	2	1010
439647	440137	-0.052004	0	490
440137	440847	-6.023431	-3	710
440847	441767	-2.011066	0	920
441767	442757	-5.605808	-3	990
442757	443587	-2.383165	0	830
443587	444247	0.557947	1	660
444247	445507	-1.037647	-1	1260
