380743	380973	0.861333	0	230
380973	381533	-0.587230	-1	560
381533	386263	1.069527	1	4730
386263	386853	-0.654911	-1	590
386853	396953	1.744377	1	10100
396953	398033	-1.394549	-1	1080
398033	403153	1.337088	1	5120
403153	405703	7.778426	2	2550
405703	407013	-0.649003	0	1310
407013	407723	-5.524867	-3	710
407723	408323	-2.584429	0	600
408323	410623	1.781449	1	2300
410623	411913	5.451419	2	1290
411913	412893	-0.258200	0	980
412893	418373	2.781447	1	5480
418373	419543	6.688576	2	1170
419543	420843	2.541502	1	1300
420843	421423	4.826498	2	580
421423	422683	2.554294	1	1260
422683	428643	7.156756	2	5960
428643	429163	1.184274	0	520
429163	429973	-4.062644	-2	810
429973	434113	-7.506511	-3	4140
434113	435173	-0.603704	0	1060
435173	435683	-6.334057	-3	510
435683	436013	-3.531792	0	330
436013	438263	-0.533811	-1	2250
438263	438773	2.149116	1	510
438773	439703	5.965737	2	930
439703	440343	-0.153511	0	640
440343	440903	-5.923428	-3	560
440903	441973	-2.757839	0	1070
441973	442813	-5.622187	-3	840
442813	443373	-3.552477	-2	560
443373	443783	-0.816002	0	410
443783	444353	0.544381	1	570
444353	445503	-0.867124	-1	1150
