380419	381369	-0.017023	0	950
381369	386049	1.485120	1	4680
386049	386699	-1.028528	-1	650
386699	395069	1.560848	1	8370
395069	395659	-0.542315	-1	590
395659	396769	2.256616	1	1110
396769	397709	-1.822889	0	940
397709	398859	0.363896	1	1150
398859	399539	-0.217119	-1	680
399539	403099	1.518051	1	3560
403099	405489	8.234127	2	2390
405489	405779	2.757976	0	290
405779	406489	-0.240892	-1	710
406489	406739	-3.540475	0	250
406739	407699	-5.572949	-3	960
407699	408069	-2.576600	0	370
408069	411309	2.600962	1	3240
411309	411849	6.490111	2	540
411849	412729	-1.196369	0	880
412729	418249	3.167941	1	5520
418249	419399	6.943656	2	1150
419399	422689	2.847114	1	3290
422689	428549	7.219511	2	5860
428549	428929	1.697473	0	380
428929	429799	-4.038038	-2	870
429799	434049	-7.599431	-3	4250
434049	434229	-2.389872	0	180
434229	434769	3.370373	1	540
434769	434939	-2.745273	0	170
434939	435569	-7.057684	-3	630
435569	435789	-3.338803	0	220
435789	437129	-0.737601	-1	1340
437129	437599	0.119486	1	470
437599	438239	-0.255678	-1	640
438239	438619	2.537843	0	380
438619	439609	6.039451	2	990
439609	440059	0.364443	0	450
440059	440819	-5.988304	-3	760
440819	441709	-1.781861	0	890
441709	442729	-5.580106	-3	1020
442729	443169	-3.473577	0	440
443169	443649	-1.140439	-1	480
443649	444229	0.441043	1	580
444229	445509	-1.033503	-1	1280
