380512	380882	1.678245	0	370
380882	381422	-1.788803	-1	540
381422	386112	1.453446	1	4690
386112	386742	-0.943767	-1	630
386742	395102	1.553381	1	8360
395102	395672	-0.489855	-1	570
395672	396822	2.095833	1	1150
396822	397802	-1.704394	0	980
397802	398952	0.361121	1	1150
398952	399592	-0.200682	-1	640
399592	403092	1.576870	1	3500
403092	405562	8.061512	2	2470
405562	405872	2.437889	0	310
405872	406522	-0.317572	-1	650
406522	406812	-3.493993	0	290
406812	407712	-5.555315	-3	900
407712	408142	-2.557954	0	430
408142	410572	1.817390	1	2430
410572	411872	5.741758	2	1300
411872	412732	-0.989568	0	860
412732	418272	2.734420	1	5540
418272	419442	6.798024	2	1170
419442	422662	2.831726	1	3220
422662	428582	7.180586	2	5920
428582	428992	1.472969	0	410
428992	429832	-4.065232	-2	840
429832	434062	-7.531238	-3	4230
434062	434282	-2.415576	0	220
434282	434792	2.977309	1	510
434792	435002	-2.428232	0	210
435002	435602	-6.883767	-3	600
435602	435842	-3.450905	0	240
435842	438262	-0.480760	-1	2420
438262	438652	2.393844	0	390
438652	439652	6.262703	2	1000
439652	440142	-0.004847	0	490
440142	440842	-6.021286	-3	700
440842	441782	-2.096401	0	940
441782	442752	-5.617050	-3	970
442752	443602	-2.400246	0	850
443602	444242	0.552647	1	640
444242	445512	-1.025651	-1	1270
