380678	380958	1.054891	0	280
380958	381498	-0.789489	-1	540
381498	386228	1.785343	1	4730
386228	386828	-0.742086	-1	600
386828	395178	1.539939	1	8350
395178	395688	-0.385558	-1	510
395688	396918	1.979430	1	1230
396918	397968	-1.478101	0	1050
397968	399098	0.358593	1	1130
399098	399608	-0.180965	-1	510
399608	403158	1.545795	1	3550
403158	405648	7.907404	2	2490
405648	406038	2.324061	0	390
406038	406578	-0.501260	-1	540
406578	406968	-3.532028	0	390
406968	407718	-5.542535	-3	750
407718	408268	-2.601998	0	550
408268	410658	1.847185	1	2390
410658	411898	5.567964	2	1240
411898	412838	-0.434740	0	940
412838	418358	2.767330	1	5520
418358	419498	6.876651	2	1140
419498	422718	2.986623	1	3220
422718	428608	7.203243	2	5890
428608	429118	1.334884	0	510
429118	429958	-4.071871	-2	840
429958	434088	-7.526958	-3	4130
434088	434358	-2.637951	0	270
434358	434868	1.914634	1	510
434868	435138	-2.614406	0	270
435138	435668	-6.525450	-3	530
435668	435968	-3.452463	0	300
435968	438258	-0.518340	-1	2290
438258	438758	2.278699	1	500
438758	439678	6.108804	2	920
439678	440298	-0.062585	0	620
440298	440878	-5.971617	-3	580
440878	441928	-2.631223	0	1050
441928	442788	-5.642810	-3	860
442788	443328	-3.579548	-2	540
443328	443758	-0.809967	0	430
443758	444268	0.450779	1	510
444268	445508	-1.017874	-1	1240
