380768	381008	0.705923	0	240
381008	381548	-0.546399	-1	540
381548	386278	1.063048	1	4730
386278	386878	-0.605422	-1	600
386878	396968	1.743914	1	10090
396968	398058	-1.365506	-1	1090
398058	403148	1.100953	1	5090
403148	405728	7.718787	2	2580
405728	407048	-0.758331	0	1320
407048	407728	-5.525871	-3	680
407728	408348	-2.546914	0	620
408348	410578	1.721848	1	2230
410578	411928	5.379223	2	1350
411928	412908	-0.244811	0	980
412908	418378	2.783049	1	5470
418378	419558	6.623441	2	1180
419558	420808	2.486583	1	1250
420808	421448	4.744961	2	640
421448	422668	2.520673	1	1220
422668	428668	7.129141	2	6000
428668	429178	1.075095	0	510
429178	429978	-4.051950	-2	800
429978	434118	-7.501869	-3	4140
434118	436038	-2.661352	0	1920
436038	438258	-0.536507	-1	2220
438258	438768	2.033703	1	510
438768	439718	5.886774	2	950
439718	440368	-0.283006	0	650
440368	440898	-5.943925	-3	530
440898	441998	-2.850227	0	1100
441998	442808	-5.629301	-3	810
442808	443378	-3.611063	-2	570
443378	443808	-0.825897	0	430
443808	444358	0.522216	1	550
444358	445508	-0.865133	-1	1150
