380596	380916	1.430709	0	320
380916	381456	-1.019014	-1	540
381456	386166	2.053173	1	4710
386166	386786	-0.843096	-1	620
386786	395136	1.547641	1	8350
395136	395706	-0.419844	-1	570
395706	396866	2.206664	1	1160
396866	397886	-1.577475	0	1020
397886	399036	0.358820	1	1150
399036	399606	-0.195123	-1	570
399606	403076	1.519790	1	3470
403076	405656	7.845363	2	2580
405656	405956	2.044723	0	300
405956	406556	-0.413772	-1	600
406556	406896	-3.553941	0	340
406896	407726	-5.545275	-3	830
407726	408196	-2.594803	0	470
408196	410526	1.721224	1	2330
410526	411916	5.557533	2	1390
411916	412766	-0.905542	0	850
412766	418276	2.728345	1	5510
418276	419516	6.550085	2	1240
419516	420776	2.380127	1	1260
420776	421416	4.963027	2	640
421416	422596	2.311892	1	1180
422596	428646	7.102899	2	6050
428646	429056	1.032673	0	410
429056	429946	-4.056625	-2	890
429946	434086	-7.536185	-3	4140
434086	434316	-2.492004	0	230
434316	434826	2.450028	1	510
434826	435066	-2.414765	0	240
435066	435636	-6.707545	-3	570
435636	435906	-3.455351	0	270
435906	438256	-0.502171	-1	2350
438256	438646	1.967328	0	390
438646	439696	6.036062	2	1050
439696	440226	-0.388335	0	530
440226	440856	-6.053656	-3	630
440856	441856	-2.394849	0	1000
441856	442776	-5.635437	-3	920
442776	443296	-3.492728	-2	520
443296	443676	-0.844671	0	380
443676	444246	0.508439	1	570
444246	445506	-1.018122	-1	1260
