380772	381012	0.738599	0	240
381012	381552	-0.534591	-1	540
381552	386282	1.062144	1	4730
386282	386872	-0.611134	-1	590
386872	396972	1.479524	1	10100
396972	398062	-1.363287	-1	1090
398062	403162	1.257565	1	5100
403162	405712	7.756975	2	2550
405712	407042	-0.667336	0	1330
407042	407722	-5.524500	-3	680
407722	408352	-2.562032	0	630
408352	410632	1.786031	1	2280
410632	411912	5.426533	2	1280
411912	412912	-0.156255	0	1000
412912	418392	2.789088	1	5480
418392	419532	6.694017	2	1140
419532	420882	2.628720	1	1350
420882	421422	4.814236	2	540
421422	422702	2.606528	1	1280
422702	428642	7.157593	2	5940
428642	429182	1.220702	0	540
429182	429982	-4.062871	-2	800
429982	434112	-7.505994	-3	4130
434112	436042	-2.671738	0	1930
436042	438262	-0.534780	-1	2220
438262	438802	2.186856	1	540
438802	439702	5.959722	2	900
439702	440372	-0.184753	0	670
440372	440902	-5.930653	-3	530
440902	442002	-2.856068	0	1100
442002	442812	-5.626972	-3	810
442812	443382	-3.595412	-2	570
443382	443802	-0.834938	0	420
443802	444352	0.515868	1	550
444352	445512	-0.857841	-1	1160
