380774	381014	0.746768	0	240
381014	381554	-0.537089	-1	540
381554	386284	1.061981	1	4730
386284	386874	-0.611444	-1	590
386874	396974	1.479577	1	10100
396974	398064	-1.363727	-1	1090
398064	403124	1.232277	1	5060
403124	405754	7.649337	2	2630
405754	407044	-0.817556	0	1290
407044	407724	-5.524377	-3	680
407724	408344	-2.603696	0	620
408344	410534	1.664613	1	2190
410534	411954	5.312455	2	1420
411954	412274	1.811956	0	320
412274	412914	-1.417110	-1	640
412914	418354	2.778603	1	5440
418354	419574	6.533149	2	1220
419574	420684	2.280519	1	1110
420684	421494	4.615884	2	810
421494	422644	2.426153	1	1150
422644	428684	7.108999	2	6040
428684	429184	0.979184	0	500
429184	429984	-4.062144	-2	800
429984	434124	-7.499823	-3	4140
434124	436044	-2.660200	0	1920
436044	438254	-0.537752	-1	2210
438254	438744	1.894786	0	490
438744	439744	5.786015	2	1000
439744	440374	-0.467045	0	630
440374	440894	-5.949862	-3	520
440894	442004	-2.878157	0	1110
442004	442824	-5.618890	-3	820
442824	443384	-3.572745	-2	560
443384	443804	-0.836027	0	420
443804	444354	0.515339	1	550
444354	445504	-0.865296	-1	1150
