380791	381021	0.604253	0	230
381021	381551	-0.476555	-1	530
381551	386291	1.052992	1	4740
386291	386881	-0.571445	-1	590
386881	396981	1.737187	1	10100
396981	398081	-1.333997	-1	1100
398081	403201	1.288094	1	5120
403201	405691	7.816048	2	2490
405691	407071	-0.613669	0	1380
407071	407721	-5.527365	-3	650
407721	408361	-2.576627	0	640
408361	410741	1.902282	1	2380
410741	411901	5.491037	2	1160
411901	412301	2.063309	0	400
412301	412941	-1.360658	-1	640
412941	418431	2.812934	1	5490
418431	419521	6.742697	2	1090
419521	422741	3.024924	1	3220
422741	428621	7.248246	2	5880
428621	429201	1.302771	0	580
429201	429981	-4.068095	-2	780
429981	434121	-7.493982	-3	4140
434121	436051	-2.676330	0	1930
436051	438241	-0.546776	-1	2190
438241	438841	2.235173	1	600
438841	439691	5.991640	2	850
439691	440381	-0.080314	0	690
440381	440901	-5.903704	-3	520
440901	442011	-2.903492	0	1110
442011	442821	-5.610189	-3	810
442821	443391	-3.582285	-2	570
443391	443831	-0.804458	0	440
443831	444351	0.506224	1	520
444351	445511	-0.854615	-1	1160
