380685	380955	1.049974	0	270
380955	381505	-0.753097	-1	550
381505	386225	1.340365	1	4720
386225	386835	-0.720285	-1	610
386835	395185	1.539289	1	8350
395185	395695	-0.378032	-1	510
395695	396915	1.987165	1	1220
396915	397975	-1.459262	0	1060
397975	403165	1.121556	1	5190
403165	405645	7.914378	2	2480
405645	406045	2.362821	0	400
406045	406575	-0.496209	-1	530
406575	406975	-3.512152	0	400
406975	407725	-5.535923	-3	750
407725	408275	-2.566326	0	550
408275	410655	1.842233	1	2380
410655	411905	5.549633	2	1250
411905	412845	-0.440591	0	940
412845	418365	2.771432	1	5520
418365	419505	6.861237	2	1140
419505	422715	2.984058	1	3210
422715	428615	7.197346	2	5900
428615	429125	1.281087	0	510
429125	429965	-4.080592	-2	840
429965	434095	-7.525449	-3	4130
434095	434375	-2.458852	0	280
434375	434875	1.900092	1	500
434875	435135	-2.566746	0	260
435135	435665	-6.502255	-3	530
435665	435975	-3.471614	0	310
435975	438255	-0.519404	-1	2280
438255	438755	2.225498	1	500
438755	439685	6.077912	2	930
439685	440295	-0.043242	0	610
440295	440885	-5.945954	-3	590
440885	441935	-2.640390	0	1050
441935	442795	-5.640188	-3	860
442795	443335	-3.559740	-2	540
443335	443765	-0.796796	0	430
443765	444265	0.454389	1	500
444265	445505	-1.017014	-1	1240
