380668	380948	1.129565	0	280
380948	381498	-0.804495	-1	550
381498	386208	1.824424	1	4710
386208	386818	-0.747582	-1	610
386818	395178	1.539067	1	8360
395178	395698	-0.388166	-1	520
395698	396908	2.025286	1	1210
396908	397958	-1.485825	0	1050
397958	399088	0.359729	1	1130
399088	399598	-0.186140	-1	510
399598	403098	1.496280	1	3500
403098	405678	7.792843	2	2580
405678	406028	2.130830	0	350
406028	406568	-0.464019	-1	540
406568	406958	-3.493804	0	390
406958	407718	-5.544101	-3	760
407718	408258	-2.619485	0	540
408258	410518	1.688198	1	2260
410518	411938	5.434793	2	1420
411938	412828	-0.692365	0	890
412828	418318	2.752547	1	5490
418318	419538	6.733590	2	1220
419538	420768	2.393022	1	1230
420768	421438	4.840925	2	670
421438	422618	2.375700	1	1180
422618	428648	7.141807	2	6030
428648	429108	1.091565	0	460
429108	429968	-4.074346	-2	860
429968	434098	-7.529416	-3	4130
434098	434358	-2.489707	0	260
434358	434858	2.026935	1	500
434858	435118	-2.427708	0	260
435118	435658	-6.539255	-3	540
435658	435958	-3.501723	0	300
435958	438258	-0.518611	-1	2300
438258	438698	2.009897	0	440
438698	439718	5.962242	2	1020
439718	440288	-0.346419	0	570
440288	440878	-5.968009	-3	590
440878	441918	-2.592112	0	1040
441918	442798	-5.633444	-3	880
442798	443328	-3.531848	-2	530
443328	443748	-0.805294	0	420
443748	444258	0.465965	1	510
444258	445508	-1.013056	-1	1250
