380672	380952	1.119726	0	280
380952	381502	-0.805261	-1	550
381502	386212	1.838392	1	4710
386212	386822	-0.749987	-1	610
386822	395182	1.539122	1	8360
395182	395692	-0.398189	-1	510
395692	396912	2.009018	1	1220
396912	397962	-1.487123	0	1050
397962	399082	0.362645	1	1120
399082	399612	-0.177864	-1	530
399612	403062	1.473291	1	3450
403062	405712	7.691620	2	2650
405712	406032	1.940451	0	320
406032	406572	-0.468011	-1	540
406572	406962	-3.504857	0	390
406962	407722	-5.544207	-3	760
407722	408262	-2.607912	0	540
408262	410462	1.631830	1	2200
410462	411952	5.358809	2	1490
411952	412832	-0.746399	0	880
412832	418282	2.745156	1	5450
418282	419572	6.577354	2	1290
419572	420602	2.093610	1	1030
420602	421492	4.619125	2	890
421492	422572	2.228153	1	1080
422572	428682	7.100578	2	6110
428682	429112	0.867970	0	430
429112	429962	-4.068643	-2	850
429962	434092	-7.528535	-3	4130
434092	434362	-2.566302	0	270
434362	434862	2.013568	1	500
434862	435122	-2.436416	0	260
435122	435662	-6.537173	-3	540
435662	435952	-3.542526	0	290
435952	438262	-0.523811	-1	2310
438262	438662	1.827739	0	400
438662	439742	5.843697	2	1080
439742	440282	-0.440475	0	540
440282	440882	-5.948053	-3	600
440882	441922	-2.593652	0	1040
441922	442792	-5.642524	-3	870
442792	443332	-3.552328	-2	540
443332	443742	-0.821236	0	410
443742	444272	0.446804	1	530
444272	445512	-1.020835	-1	1240
