380703	380953	0.994767	0	250
380953	381513	-0.681050	-1	560
381513	386233	1.303759	1	4720
386233	386833	-0.696793	-1	600
386833	395193	1.535444	1	8360
395193	395693	-0.363725	-1	500
395693	396933	1.930769	1	1240
396933	397993	-1.443719	0	1060
397993	403183	1.132654	1	5190
403183	405643	7.924048	2	2460
405643	406063	2.418661	0	420
406063	406573	-0.502603	-1	510
406573	406993	-3.492506	0	420
406993	407723	-5.536862	-3	730
407723	408293	-2.552478	0	570
408293	410703	1.896594	1	2410
410703	411903	5.556419	2	1200
411903	412863	-0.357139	0	960
412863	418383	2.783053	1	5520
418383	419493	6.876977	2	1110
419493	422733	3.006052	1	3240
422733	428613	7.202563	2	5880
428613	429143	1.260961	0	530
429143	429963	-4.086697	-2	820
429963	434093	-7.520576	-3	4130
434093	434373	-2.608365	0	280
434373	434873	1.772972	1	500
434873	435153	-2.535194	0	280
435153	435673	-6.453001	-3	520
435673	435983	-3.489506	0	310
435983	438253	-0.526288	-1	2270
438253	438773	2.255049	1	520
438773	439673	6.082451	2	900
439673	440323	-0.066492	0	650
440323	440883	-5.967267	-3	560
440883	441953	-2.707723	0	1070
441953	442793	-5.643644	-3	840
442793	443343	-3.580702	-2	550
443343	443773	-0.807336	0	430
443773	444273	0.427416	1	500
444273	445503	-1.022498	-1	1230
