380453	380863	1.794016	0	410
380863	381383	-2.185310	-1	520
381383	386063	1.155234	1	4680
386063	386713	-0.984956	-1	650
386713	395083	1.557046	1	8370
395083	395663	-0.522728	-1	580
395663	396783	2.203038	1	1120
396783	397743	-1.767405	0	960
397743	398893	0.362713	1	1150
398893	399553	-0.212003	-1	660
399553	403113	1.535883	1	3560
403113	405513	8.195576	2	2400
405513	405813	2.650270	0	300
405813	406493	-0.247757	-1	680
406493	406773	-3.515583	0	280
406773	407713	-5.565274	-3	940
407713	408103	-2.462200	0	390
408103	411313	2.662896	1	3210
411313	411843	6.476723	2	530
411843	412733	-1.015153	0	890
412733	418283	2.760397	1	5550
418283	419393	6.966218	2	1110
419393	422713	2.879127	1	3320
422713	428553	7.221140	2	5840
428553	428963	1.572969	0	410
428963	429803	-4.067226	-2	840
429803	434053	-7.590643	-3	4250
434053	434243	-2.465047	0	190
434243	434773	3.207748	1	530
434773	434953	-2.434068	0	180
434953	435583	-6.950973	-3	630
435583	435813	-3.341063	0	230
435813	438243	-0.459799	-1	2430
438243	438653	2.600345	0	410
438653	439613	6.400075	2	960
439613	440093	0.306512	0	480
440093	440833	-5.999679	-3	740
440833	441743	-1.912953	0	910
441743	442743	-5.597069	-3	1000
442743	443553	-2.391826	0	810
443553	444233	0.596166	1	680
444233	445503	-1.035545	-1	1270
