380533	380903	1.574905	0	370
380903	381433	-1.740532	-1	530
381433	386133	1.440736	1	4700
386133	386753	-0.927152	-1	620
386753	395103	1.553156	1	8350
395103	395683	-0.460974	-1	580
395683	396833	2.308444	1	1150
396833	397823	-1.661697	0	990
397823	398973	0.360671	1	1150
398973	399593	-0.199918	-1	620
399593	403083	1.554792	1	3490
403083	405593	7.992428	2	2510
405593	405893	2.277203	0	300
405893	406523	-0.316859	-1	630
406523	406833	-3.473243	0	310
406833	407713	-5.555535	-3	880
407713	408153	-2.600655	0	440
408153	410553	1.781535	1	2400
410553	411893	5.683098	2	1340
411893	412733	-1.045917	0	840
412733	418273	2.728613	1	5540
418273	419453	6.751984	2	1180
419453	420843	2.304267	1	1390
420843	421343	5.250511	2	500
421343	422643	2.443052	1	1300
422643	428603	7.160713	2	5960
428603	429013	1.276866	0	410
429013	429943	-4.054652	-2	930
429943	434063	-7.557003	-3	4120
434063	434283	-2.576497	0	220
434283	434813	2.729389	1	530
434813	435023	-2.609174	0	210
435023	435603	-6.879467	-3	580
435603	435863	-3.474572	0	260
435863	438263	-0.483514	-1	2400
438263	438643	2.241725	0	380
438643	439663	6.197586	2	1020
439663	440163	-0.102451	0	500
440163	440843	-6.036065	-3	680
440843	441803	-2.188415	0	960
441803	442763	-5.621859	-3	960
442763	443613	-2.400287	0	850
443613	444243	0.533670	1	630
444243	445503	-1.030547	-1	1260
