380582	380912	1.473791	0	330
380912	381452	-1.055711	-1	540
381452	386152	2.043401	1	4700
386152	386782	-0.849732	-1	630
386782	395122	1.550755	1	8340
395122	395702	-0.425333	-1	580
395702	396862	2.225764	1	1160
396862	397872	-1.601969	0	1010
397872	399022	0.359364	1	1150
399022	399602	-0.196902	-1	580
399602	403082	1.529185	1	3480
403082	405632	7.899198	2	2550
405632	405942	2.168444	0	310
405942	406542	-0.371163	-1	600
406542	406882	-3.506327	0	340
406882	407722	-5.549996	-3	840
407722	408192	-2.572435	0	470
408192	410522	1.728140	1	2330
410522	411912	5.571925	2	1390
411912	412752	-0.948100	0	840
412752	418282	2.727139	1	5530
418282	419492	6.626784	2	1210
419492	420772	2.402417	1	1280
420772	421392	5.009941	2	620
421392	422612	2.357974	1	1220
422612	428622	7.126908	2	6010
428622	429052	1.151418	0	430
429052	429952	-4.076994	-2	900
429952	434082	-7.544000	-3	4130
434082	434302	-2.578813	0	220
434302	434822	2.485130	1	520
434822	435062	-2.504024	0	240
435062	435632	-6.750266	-3	570
435632	435892	-3.467299	0	260
435892	438262	-0.499525	-1	2370
438262	438652	2.081584	0	390
438652	439692	6.075818	2	1040
439692	440212	-0.351429	0	520
440212	440862	-6.033212	-3	650
440862	441842	-2.317862	0	980
441842	442772	-5.630824	-3	930
442772	443292	-3.476319	-2	520
443292	443672	-0.827341	0	380
443672	444242	0.522819	1	570
444242	445512	-1.012942	-1	1270
