380751	380991	0.756652	0	240
380991	381531	-0.576681	-1	540
381531	386261	1.066299	1	4730
386261	386861	-0.624956	-1	600
386861	396951	1.744470	1	10090
396951	398041	-1.373424	-1	1090
398041	403211	1.386736	1	5170
403211	405651	7.911182	2	2440
405651	407021	-0.460942	0	1370
407021	407721	-5.520938	-3	700
407721	408321	-2.603786	0	600
408321	410811	1.994698	1	2490
410811	411891	5.587505	2	1080
411891	412901	-0.129224	0	1010
412901	418431	2.805550	1	5530
418431	419501	6.858690	2	1070
419501	422781	3.043297	1	3280
422781	428601	7.214391	2	5820
428601	429171	1.397219	0	570
429171	429971	-4.069890	-2	800
429971	434111	-7.503034	-3	4140
434111	435181	-0.674122	0	1070
435181	435691	-6.277964	-3	510
435691	436021	-3.484148	0	330
436021	438241	-0.537993	-1	2220
438241	438831	2.317140	1	590
438831	439671	6.081933	2	840
439671	440351	0.028393	0	680
440351	440891	-5.932785	-3	540
440891	441981	-2.815352	0	1090
441981	442811	-5.620201	-3	830
442811	443371	-3.567173	-2	560
443371	443791	-0.818374	0	420
443791	444351	0.536157	1	560
444351	445511	-0.857562	-1	1160
