380517	380887	1.650082	0	370
380887	381417	-1.786676	-1	530
381417	386117	1.450227	1	4700
386117	386747	-0.936204	-1	630
386747	395097	1.554734	1	8350
395097	395677	-0.474696	-1	580
395677	396817	2.107910	1	1140
396817	397807	-1.684156	0	990
397807	398957	0.361034	1	1150
398957	399587	-0.202381	-1	630
399587	403077	1.558365	1	3490
403077	405577	8.015854	2	2500
405577	405877	2.348715	0	300
405877	406527	-0.331872	-1	650
406527	406817	-3.508851	0	290
406817	407707	-5.556742	-3	890
407707	408137	-2.646015	0	430
408137	410557	1.789640	1	2420
410557	411887	5.713836	2	1330
411887	412737	-1.064931	0	850
412737	418267	2.732534	1	5530
418267	419447	6.775517	2	1180
419447	422637	2.817036	1	3190
422637	428597	7.161957	2	5960
428597	428997	1.350731	0	400
428997	429827	-4.060225	-2	830
429827	434067	-7.524983	-3	4240
434067	434277	-2.468263	0	210
434277	434797	2.890809	1	520
434797	435017	-2.592490	0	220
435017	435607	-6.893904	-3	590
435607	435847	-3.434497	0	240
435847	438257	-0.483616	-1	2410
438257	438637	2.245195	0	380
438637	439657	6.225477	2	1020
439657	440147	-0.043100	0	490
440147	440837	-6.036282	-3	690
440837	441797	-2.168449	0	960
441797	442757	-5.624296	-3	960
442757	443597	-2.417382	0	840
443597	444247	0.539684	1	650
444247	445507	-1.032862	-1	1260
