380603	380923	1.379116	0	320
380923	381463	-0.991072	-1	540
381463	386173	2.041512	1	4710
386173	386793	-0.828161	-1	620
386793	395143	1.546675	1	8350
395143	395693	-0.424331	-1	550
395693	396873	2.157105	1	1180
396873	397893	-1.570912	0	1020
397893	399033	0.361358	1	1140
399033	399603	-0.191341	-1	570
399603	403143	1.571790	1	3540
403143	405603	8.004764	2	2460
405603	405963	2.408730	0	360
405963	406543	-0.383884	-1	580
406543	406893	-3.454246	0	350
406893	407703	-5.554151	-3	810
407703	408213	-2.635020	0	510
408213	410673	1.902009	1	2460
410673	411883	5.679789	2	1210
411883	412773	-0.665042	0	890
412773	418333	2.749985	1	5560
418333	419453	6.757674	2	1120
419453	422723	2.984965	1	3270
422723	428583	7.188822	2	5860
428583	429053	1.532372	0	470
429053	429953	-4.046985	-2	900
429953	434083	-7.540382	-3	4130
434083	434313	-2.575981	0	230
434313	434833	2.338928	1	520
434833	435063	-2.392562	0	230
435063	435633	-6.670424	-3	570
435633	435913	-3.468508	0	280
435913	438253	-0.502108	-1	2340
438253	438713	2.307035	0	460
438713	439663	6.181430	2	950
439663	440233	-0.121905	0	570
440233	440873	-6.021509	-3	640
440873	441863	-2.375593	0	990
441863	442783	-5.631314	-3	920
442783	443293	-3.492564	-2	510
443293	443683	-0.850959	0	390
443683	444243	0.503695	1	560
444243	445503	-1.017681	-1	1260
