380477	380877	1.715986	0	400
380877	381397	-2.007187	-1	520
381397	386087	1.458557	1	4690
386087	386727	-0.972686	-1	640
386727	395087	1.556663	1	8360
395087	395657	-0.514609	-1	570
395657	396797	2.144454	1	1140
396797	397767	-1.739611	0	970
397767	398917	0.362072	1	1150
398917	399567	-0.208822	-1	650
399567	403117	1.533093	1	3550
403117	405517	8.176421	2	2400
405517	405837	2.686310	0	320
405837	406507	-0.283265	-1	670
406507	406797	-3.562891	0	290
406797	407707	-5.567416	-3	910
407707	408107	-2.611080	0	400
408107	411257	2.593632	1	3150
411257	411857	6.305384	2	600
411857	412737	-1.019156	0	880
412737	418287	2.753831	1	5550
418287	419407	6.927401	2	1120
419407	422697	2.864604	1	3290
422697	428547	7.210209	2	5850
428547	428967	1.742990	0	420
428967	429817	-4.051533	-2	850
429817	434057	-7.530832	-3	4240
434057	434257	-2.445276	0	200
434257	434777	3.138607	1	520
434777	434977	-2.459027	0	200
434977	435587	-6.953346	-3	610
435587	435817	-3.448972	0	230
435817	438247	-0.473886	-1	2430
438247	438657	2.517903	0	410
438657	439627	6.356295	2	970
439627	440117	0.154715	0	490
440117	440827	-6.035329	-3	710
440827	441767	-2.044004	0	940
441767	442757	-5.605004	-3	990
442757	443577	-2.349102	0	820
443577	444227	0.590740	1	650
444227	445507	-1.023347	-1	1280
