380525	380885	1.640256	0	360
380885	381425	-1.698628	-1	540
381425	386115	1.444710	1	4690
386115	386755	-0.909105	-1	640
386755	395095	1.555772	1	8340
395095	395675	-0.467717	-1	580
395675	396835	2.299623	1	1160
396835	397815	-1.683975	0	980
397815	398965	0.360793	1	1150
398965	399585	-0.202692	-1	620
399585	403115	1.588304	1	3530
403115	405565	8.075618	2	2450
405565	405885	2.452115	0	320
405885	406515	-0.306750	-1	630
406515	406825	-3.445800	0	310
406825	407705	-5.556069	-3	880
407705	408145	-2.638854	0	440
408145	410635	1.884247	1	2490
410635	411875	5.762300	2	1240
411875	412735	-0.954837	0	860
412735	418295	2.739877	1	5560
418295	419425	6.848714	2	1130
419425	422695	2.868298	1	3270
422695	428565	7.194798	2	5870
428565	429005	1.576625	0	440
429005	429935	-4.044465	-2	930
429935	434065	-7.551971	-3	4130
434065	434275	-2.542238	0	210
434275	434805	2.782001	1	530
434805	435015	-2.581148	0	210
435015	435605	-6.871532	-3	590
435605	435845	-3.495542	0	240
435845	438255	-0.489909	-1	2410
438255	438665	2.375562	0	410
438665	439635	6.284398	2	970
439635	440155	0.147765	0	520
440155	440845	-6.026843	-3	690
440845	441795	-2.150384	0	950
441795	442755	-5.622161	-3	960
442755	443615	-2.387598	0	860
443615	444245	0.545576	1	630
444245	445505	-1.032189	-1	1260
