380505	380885	1.666962	0	380
380885	381415	-1.856910	-1	530
381415	386105	1.455512	1	4690
386105	386735	-0.952619	-1	630
386735	395095	1.553981	1	8360
395095	395665	-0.492786	-1	570
395665	396815	2.101361	1	1150
396815	397795	-1.708272	0	980
397795	398945	0.361294	1	1150
398945	399585	-0.203083	-1	640
399585	403095	1.581692	1	3510
403095	405555	8.079766	2	2460
405555	405865	2.465166	0	310
405865	406515	-0.302571	-1	650
406515	406805	-3.465112	0	290
406805	407705	-5.556843	-3	900
407705	408135	-2.603857	0	430
408135	410575	1.821552	1	2440
410575	411875	5.755371	2	1300
411875	412735	-1.035804	0	860
412735	418265	2.734951	1	5530
418265	419435	6.809953	2	1170
419435	422665	2.835712	1	3230
422665	428585	7.181284	2	5920
428585	428985	1.466569	0	400
428985	429825	-4.053454	-2	840
429825	434065	-7.526740	-3	4240
434065	434275	-2.401517	0	210
434275	434785	3.020072	1	510
434785	434995	-2.363323	0	210
434995	435605	-6.868256	-3	610
435605	435845	-3.366962	0	240
435845	438255	-0.475993	-1	2410
438255	438645	2.340365	0	390
438645	439645	6.276474	2	1000
439645	440145	-0.036486	0	500
440145	440845	-6.030993	-3	700
440845	441785	-2.087404	0	940
441785	442755	-5.617739	-3	970
442755	443595	-2.391299	0	840
443595	444245	0.555378	1	650
444245	445505	-1.034287	-1	1260
