380733	380973	0.875638	0	240
380973	381533	-0.616083	-1	560
381533	386253	1.074355	1	4720
386253	386853	-0.658577	-1	600
386853	396943	1.748197	1	10090
396943	398023	-1.401040	-1	1080
398023	403153	1.463362	1	5130
403153	405683	7.812917	2	2530
405683	407003	-0.587519	0	1320
407003	407723	-5.524419	-3	720
407723	408313	-2.585422	0	590
408313	410603	1.763371	1	2290
410603	411913	5.448295	2	1310
411913	412893	-0.295094	0	980
412893	418373	2.785763	1	5480
418373	419533	6.726956	2	1160
419533	420853	2.564900	1	1320
420853	421413	4.861361	2	560
421413	422693	2.573081	1	1280
422693	428643	7.166831	2	5950
428643	429153	1.183040	0	510
429153	429963	-4.048948	-2	810
429963	434113	-7.502859	-3	4150
434113	434393	-2.486627	0	280
434393	434893	1.586130	1	500
434893	435173	-2.544903	0	280
435173	435683	-6.374978	-3	510
435683	436003	-3.527592	0	320
436003	438253	-0.534949	-1	2250
438253	438763	2.101745	1	510
438763	439703	5.968584	2	940
439703	440343	-0.233529	0	640
440343	440903	-5.938632	-3	560
440903	441963	-2.724144	0	1060
441963	442813	-5.621445	-3	850
442813	443363	-3.556844	-2	550
443363	443783	-0.816183	0	420
443783	444353	0.562117	1	570
444353	445503	-0.864858	-1	1150
