380632	380932	1.271665	0	300
380932	381472	-0.908098	-1	540
381472	386192	1.941177	1	4720
386192	386802	-0.797526	-1	610
386802	395152	1.544055	1	8350
395152	395692	-0.406009	-1	540
395692	396892	2.083827	1	1200
396892	397922	-1.536431	0	1030
397922	399062	0.359348	1	1140
399062	399592	-0.192303	-1	530
399592	403182	1.587572	1	3590
403182	405582	8.056169	2	2400
405582	405992	2.613844	0	410
405992	406552	-0.418182	-1	560
406552	406922	-3.469042	0	370
406922	407722	-5.539147	-3	800
407722	408232	-2.566477	0	510
408232	410912	2.166100	1	2680
410912	411872	5.800962	2	960
411872	412802	-0.468328	0	930
412802	418382	2.774592	1	5580
418382	419432	6.832973	2	1050
419432	422772	3.033694	1	3340
422772	428572	7.252166	2	5800
428572	429092	1.490162	0	520
429092	429942	-4.077362	-2	850
429942	434082	-7.528200	-3	4140
434082	434342	-2.497850	0	260
434342	434842	2.226186	1	500
434842	435102	-2.542737	0	260
435102	435642	-6.649382	-3	540
435642	435932	-3.494612	0	290
435932	438262	-0.508082	-1	2330
438262	438762	2.499054	1	500
438762	439652	6.215350	2	890
439652	440252	0.045131	0	600
440252	440872	-6.010753	-3	620
440872	441882	-2.471611	0	1010
441882	442782	-5.634223	-3	900
442782	443312	-3.518227	-2	530
443312	443712	-0.814195	0	400
443712	444262	0.473771	1	550
444262	445512	-1.019784	-1	1250
