380753	380993	0.780445	0	240
380993	381543	-0.571180	-1	550
381543	386273	1.066724	1	4730
386273	386863	-0.638535	-1	590
386863	396953	1.746451	1	10090
396953	398043	-1.374968	-1	1090
398043	403133	1.445307	1	5090
403133	405723	7.716472	2	2590
405723	407033	-0.745433	0	1310
407033	407723	-5.530776	-3	690
407723	408333	-2.583466	0	610
408333	410573	1.720544	1	2240
410573	411943	5.374375	2	1370
411943	412263	1.830545	0	320
412263	412903	-1.454565	-1	640
412903	418363	2.781007	1	5460
418363	419553	6.626145	2	1190
419553	420783	2.451403	1	1230
420783	421453	4.740905	2	670
421453	422663	2.491243	1	1210
422663	428663	7.135099	2	6000
428663	429183	1.003852	0	520
429183	429983	-4.101505	-2	800
429983	434103	-7.516289	-3	4120
434103	435193	-0.745358	0	1090
435193	435693	-6.322215	-3	500
435693	436023	-3.503282	0	330
436023	438253	-0.536948	-1	2230
438253	438753	1.987632	1	500
438753	439713	5.892134	2	960
439713	440353	-0.225743	0	640
440353	440893	-5.939685	-3	540
440893	441993	-2.831689	0	1100
441993	442813	-5.632302	-3	820
442813	443373	-3.581264	-2	560
443373	443803	-0.810534	0	430
443803	444353	0.548356	1	550
444353	445503	-0.866422	-1	1150
