380746	380996	0.774183	0	250
380996	381536	-0.603642	-1	540
381536	386256	1.071092	1	4720
386256	386866	-0.629646	-1	610
386866	396956	1.747886	1	10090
396956	398036	-1.393296	-1	1080
398036	403136	1.329949	1	5100
403136	405716	7.735198	2	2580
405716	406106	2.113910	0	390
406106	406606	-0.614299	-1	500
406606	407016	-3.507026	0	410
407016	407726	-5.518975	-3	710
407726	408326	-2.558277	0	600
408326	410576	1.727601	1	2250
410576	411926	5.403179	2	1350
411926	412896	-0.316058	0	970
412896	418366	2.780699	1	5470
418366	419546	6.664308	2	1180
419546	420826	2.514709	1	1280
420826	421436	4.798263	2	610
421436	422666	2.516857	1	1230
422666	428656	7.139999	2	5990
428656	429166	1.087632	0	510
429166	429966	-4.059686	-2	800
429966	434106	-7.505783	-3	4140
434106	435186	-0.692215	0	1080
435186	435686	-6.345116	-3	500
435686	436016	-3.512895	0	330
436016	438256	-0.535230	-1	2240
438256	438756	2.046901	1	500
438756	439716	5.910951	2	960
439716	440346	-0.267999	0	630
440346	440896	-5.935209	-3	550
440896	441976	-2.786504	0	1080
441976	442806	-5.627197	-3	830
442806	443366	-3.591780	-2	560
443366	443796	-0.813908	0	430
443796	444356	0.549788	1	560
444356	445506	-0.865353	-1	1150
