380681	380961	1.063471	0	280
380961	381511	-0.777057	-1	550
381511	386221	1.817481	1	4710
386221	386821	-0.745780	-1	600
386821	395181	1.538193	1	8360
395181	395701	-0.380208	-1	520
395701	396921	1.996969	1	1220
396921	397971	-1.479883	0	1050
397971	399091	0.361795	1	1120
399091	399621	-0.172991	-1	530
399621	403081	1.485696	1	3460
403081	405711	7.714097	2	2630
405711	406041	1.979100	0	330
406041	406571	-0.468586	-1	530
406571	406971	-3.491737	0	400
406971	407721	-5.543097	-3	750
407721	408271	-2.606067	0	550
408271	410511	1.678584	1	2240
410511	411961	5.387909	2	1450
411961	412841	-0.750895	0	880
412841	418301	3.031704	1	5460
418301	419561	6.624633	2	1260
419561	420671	2.223973	1	1110
420671	421471	4.698538	2	800
421471	422581	2.280914	1	1110
422581	428671	7.108685	2	6090
428671	429121	0.936036	0	450
429121	429961	-4.071424	-2	840
429961	434091	-7.526298	-3	4130
434091	434361	-2.641181	0	270
434361	434861	1.945096	1	500
434861	435131	-2.411620	0	270
435131	435671	-6.501299	-3	540
435671	435961	-3.502905	0	290
435961	438261	-0.524076	-1	2300
438261	438681	1.890521	0	420
438681	439731	5.880827	2	1050
439731	440291	-0.366635	0	560
440291	440881	-5.953529	-3	590
440881	441931	-2.629436	0	1050
441931	442791	-5.644531	-3	860
442791	443341	-3.551636	-2	550
443341	443751	-0.801712	0	410
443751	444271	0.443934	1	520
444271	445511	-1.019994	-1	1240
