380513	380883	1.677405	0	370
380883	381423	-1.783468	-1	540
381423	386113	1.452578	1	4690
386113	386743	-0.942031	-1	630
386743	395103	1.553223	1	8360
395103	395673	-0.486344	-1	570
395673	396823	2.093752	1	1150
396823	397803	-1.703391	0	980
397803	398953	0.361116	1	1150
398953	399593	-0.200280	-1	640
399593	403083	1.567687	1	3490
403083	405573	8.034119	2	2490
405573	405873	2.365236	0	300
405873	406523	-0.318022	-1	650
406523	406813	-3.491243	0	290
406813	407703	-5.560958	-3	890
407703	408143	-2.615364	0	440
408143	410563	1.805261	1	2420
410563	411893	5.718027	2	1330
411893	412733	-1.124856	0	840
412733	418263	2.731228	1	5530
418263	419453	6.760476	2	1190
419453	420843	2.288273	1	1390
420843	421343	5.281770	2	500
421343	422643	2.429578	1	1300
422643	428593	7.168618	2	5950
428593	428993	1.394013	0	400
428993	429823	-4.053590	-2	830
429823	434063	-7.525322	-3	4240
434063	434283	-2.415426	0	220
434283	434793	2.968899	1	510
434793	435003	-2.421151	0	210
435003	435603	-6.878448	-3	600
435603	435843	-3.455388	0	240
435843	438253	-0.483519	-1	2410
438253	438643	2.275685	0	390
438643	439663	6.229392	2	1020
439663	440143	-0.101490	0	480
440143	440843	-6.024436	-3	700
440843	441783	-2.099421	0	940
441783	442753	-5.617118	-3	970
442753	443603	-2.399344	0	850
443603	444243	0.552444	1	640
444243	445503	-1.034772	-1	1260
