380526	380886	1.639720	0	360
380886	381426	-1.700768	-1	540
381426	386116	1.444384	1	4690
386116	386756	-0.907514	-1	640
386756	395096	1.555674	1	8340
395096	395666	-0.476071	-1	570
395666	396836	2.279173	1	1170
396836	397816	-1.683453	0	980
397816	398966	0.360768	1	1150
398966	399586	-0.202592	-1	620
399586	403106	1.579037	1	3520
403106	405556	8.075081	2	2450
405556	405886	2.526204	0	330
405886	406516	-0.307105	-1	630
406516	406826	-3.447387	0	310
406826	407706	-5.556433	-3	880
407706	408146	-2.636402	0	440
408146	410606	1.847558	1	2460
410606	411876	5.746035	2	1270
411876	412736	-0.959773	0	860
412736	418296	2.740660	1	5560
418296	419436	6.832411	2	1140
419436	422686	2.855729	1	3250
422686	428586	7.184713	2	5900
428586	429006	1.416036	0	420
429006	429936	-4.044043	-2	930
429936	434066	-7.552097	-3	4130
434066	434276	-2.555480	0	210
434276	434806	2.780415	1	530
434806	435016	-2.574184	0	210
435016	435606	-6.867961	-3	590
435606	435856	-3.443462	0	250
435856	438256	-0.484175	-1	2400
438256	438666	2.382308	0	410
438666	439646	6.270207	2	980
439646	440156	0.044928	0	510
440156	440846	-6.030231	-3	690
440846	441796	-2.153813	0	950
441796	442756	-5.622786	-3	960
442756	443616	-2.388325	0	860
443616	444246	0.543650	1	630
444246	445506	-1.030942	-1	1260
