380453	380873	1.747252	0	420
380873	381383	-2.271832	-1	510
381383	386073	1.153093	1	4690
386073	386713	-1.001689	-1	640
386713	395083	1.557102	1	8370
395083	395653	-0.532367	-1	570
395653	396773	2.203775	1	1120
396773	397743	-1.749933	0	970
397743	398893	0.362679	1	1150
398893	399563	-0.209063	-1	670
399563	403113	1.540665	1	3550
403113	405503	8.208658	2	2390
405503	405813	2.722384	0	310
405813	406503	-0.273433	-1	690
406503	406773	-3.581435	0	270
406773	407703	-5.571937	-3	930
407703	408093	-2.584385	0	390
408093	410773	2.087110	1	2680
410773	411843	5.978307	2	1070
411843	412733	-1.020479	0	890
412733	418263	2.753062	1	5530
418263	419393	6.937239	2	1130
419393	422703	2.871333	1	3310
422703	428553	7.221383	2	5850
428553	428943	1.746951	0	390
428943	429803	-4.021233	-2	860
429803	434053	-7.591016	-3	4250
434053	434253	-2.340975	0	200
434253	434773	3.275313	1	520
434773	434963	-2.569431	0	190
434963	435583	-6.986779	-3	620
435583	435813	-3.338616	0	230
435813	438243	-0.459171	-1	2430
438243	438633	2.475654	0	390
438633	439613	6.378088	2	980
439613	440093	0.285255	0	480
440093	440833	-6.001984	-3	740
440833	441743	-1.906789	0	910
441743	442743	-5.598279	-3	1000
442743	443553	-2.392607	0	810
443553	444233	0.596096	1	680
444233	445503	-1.033645	-1	1270
