380804	381014	0.593537	0	210
381014	381584	-0.422200	-1	570
381584	386294	1.055700	1	4710
386294	386884	-0.548068	-1	590
386884	396984	1.515814	1	10100
396984	398094	-2.170713	-1	1110
398094	403224	1.151317	1	5130
403224	405674	7.856671	2	2450
405674	407084	-0.545748	0	1410
407084	407724	-5.524883	-3	640
407724	408364	-2.587024	0	640
408364	410844	2.010432	1	2480
410844	411884	5.566685	2	1040
411884	412324	2.094330	0	440
412324	412944	-1.375404	-1	620
412944	418454	2.819016	1	5510
418454	419494	6.815393	2	1040
419494	422804	3.075212	1	3310
422804	428604	7.337375	2	5800
428604	429214	1.376374	0	610
429214	429984	-4.079217	-2	770
429984	434124	-7.491374	-3	4140
434124	436054	-2.682526	0	1930
436054	438244	-0.553397	-1	2190
438244	438864	2.311247	1	620
438864	439684	6.017052	2	820
439684	440394	-0.063224	0	710
440394	440904	-5.902873	-3	510
440904	442024	-2.937050	-2	1120
442024	442814	-5.616866	-3	790
442814	443394	-3.614907	-2	580
443394	443834	-0.818226	0	440
443834	444364	0.477534	1	530
444364	445504	-0.870552	-1	1140
