380753	381003	0.729994	0	250
381003	381533	-0.581940	-1	530
381533	386263	1.065530	1	4730
386263	386863	-0.620678	-1	600
386863	396963	1.743350	1	10100
396963	398043	-1.384102	-1	1080
398043	403153	1.106411	1	5110
403153	405703	7.768945	2	2550
405703	407023	-0.648795	0	1320
407023	407723	-5.521849	-3	700
407723	408333	-2.564965	0	610
408333	410633	1.793033	1	2300
410633	411913	5.442377	2	1280
411913	412903	-0.222494	0	990
412903	418383	2.788188	1	5480
418383	419533	6.702132	2	1150
419533	420873	2.606865	1	1340
420873	421423	4.828650	2	550
421423	422693	2.580293	1	1270
422693	428643	7.157903	2	5950
428643	429173	1.160588	0	530
429173	429973	-4.068728	-2	800
429973	434113	-7.503369	-3	4140
434113	435193	-0.712427	0	1080
435193	435693	-6.307044	-3	500
435693	436023	-3.487019	0	330
436023	438243	-0.538649	-1	2220
438243	438783	2.097778	1	540
438783	439703	5.955654	2	920
439703	440353	-0.181402	0	650
440353	440903	-5.914146	-3	550
440903	441983	-2.794909	0	1080
441983	442813	-5.621864	-3	830
442813	443373	-3.569358	-2	560
443373	443793	-0.820721	0	420
443793	444363	0.525002	1	570
444363	445503	-0.873733	-1	1140
