380724	380974	0.917909	0	250
380974	381534	-0.644656	-1	560
381534	386254	1.294330	1	4720
386254	386854	-0.676697	-1	600
386854	396944	1.488943	1	10090
396944	397504	-1.810145	0	560
397504	398014	-0.996522	-1	510
398014	403064	1.279954	1	5050
403064	405754	7.596667	2	2690
405754	406084	1.877159	0	330
406084	406594	-0.548475	-1	510
406594	407004	-3.499121	0	410
407004	407724	-5.532568	-3	720
407724	408304	-2.609939	0	580
408304	410444	1.592382	1	2140
410444	411984	5.245052	2	1540
411984	412884	-0.664222	0	900
412884	417434	2.660710	1	4550
417434	419594	5.199023	2	2160
419594	420484	1.870075	1	890
420484	421544	4.444052	2	1060
421544	422574	2.215752	1	1030
422574	428714	7.068682	2	6140
428714	429154	0.708658	0	440
429154	429974	-4.076656	-2	820
429974	434104	-7.517150	-3	4130
434104	435164	-0.559555	0	1060
435164	435684	-6.389041	-3	520
435684	436004	-3.482782	0	320
436004	438254	-0.529351	-1	2250
438254	438674	1.707323	0	420
438674	439764	5.714981	2	1090
439764	440334	-0.636143	0	570
440334	440894	-5.951551	-3	560
440894	441964	-2.732862	0	1070
441964	442804	-5.636627	-3	840
442804	443364	-3.565887	-2	560
443364	443774	-0.812713	0	410
443774	444354	0.570357	1	580
444354	445504	-0.869096	-1	1150
