380770	381010	0.698805	0	240
381010	381550	-0.537838	-1	540
381550	386270	1.064760	1	4720
386270	386870	-0.604374	-1	600
386870	396960	1.741908	1	10090
396960	398060	-1.352676	-1	1100
398060	403120	1.231295	1	5060
403120	405750	7.648546	2	2630
405750	407040	-0.805332	0	1290
407040	407720	-5.523375	-3	680
407720	408340	-2.620706	0	620
408340	410530	1.662626	1	2190
410530	411950	5.310029	2	1420
411950	412290	1.734057	0	340
412290	412910	-1.464771	-1	620
412910	418340	2.775237	1	5430
418340	419590	6.472631	2	1250
419590	420660	2.221931	1	1070
420660	421490	4.595856	2	830
421490	422640	2.423887	1	1150
422640	428690	7.104220	2	6050
428690	429190	0.882158	0	500
429190	429980	-4.080294	-2	790
429980	434110	-7.506248	-3	4130
434110	435200	-0.780870	0	1090
435200	435700	-6.255816	-3	500
435700	436040	-3.479789	0	340
436040	438260	-0.534710	-1	2220
438260	438740	1.916759	0	480
438740	439740	5.786698	2	1000
439740	440370	-0.436158	0	630
440370	440910	-5.914403	-3	540
440910	442000	-2.833316	0	1090
442000	442810	-5.628984	-3	810
442810	443380	-3.606527	-2	570
443380	443810	-0.821866	0	430
443810	444350	0.530185	1	540
444350	445510	-0.858552	-1	1160
