380641	380951	1.202579	0	310
380951	381491	-0.895334	-1	540
381491	386201	1.932858	1	4710
386201	386811	-0.791963	-1	610
386811	395171	1.541737	1	8360
395171	395711	-0.402221	-1	540
395711	396891	2.112608	1	1180
396891	397931	-1.519434	0	1040
397931	399071	0.358879	1	1140
399071	399601	-0.190043	-1	530
399601	403071	1.489206	1	3470
403071	405691	7.755002	2	2620
405691	406001	1.987432	0	310
406001	406571	-0.458929	-1	570
406571	406931	-3.522202	0	360
406931	407721	-5.542282	-3	790
407721	408241	-2.590505	0	520
408241	410501	1.683366	1	2260
410501	411941	5.444336	2	1440
411941	412811	-0.816931	0	870
412811	418281	2.741144	1	5470
418281	419541	6.438259	2	1260
419541	420681	2.231365	1	1140
420681	421461	4.753926	2	780
421461	422581	2.260621	1	1120
422581	428661	7.124578	2	6080
428661	429101	0.901252	0	440
429101	429961	-4.095665	-2	860
429961	434091	-7.533781	-3	4130
434091	434351	-2.453540	0	260
434351	434851	2.197022	1	500
434851	435111	-2.567585	0	260
435111	435661	-6.605907	-3	550
435661	435941	-3.426112	0	280
435941	438261	-0.510004	-1	2320
438261	438661	1.908928	0	400
438661	439721	5.926492	2	1060
439721	440261	-0.468817	0	540
440261	440881	-6.004812	-3	620
440881	441891	-2.479629	0	1010
441891	442791	-5.633746	-3	900
442791	443321	-3.507288	-2	530
443321	443721	-0.807606	0	400
443721	444261	0.476232	1	540
444261	445511	-1.019332	-1	1250
