380520	380900	1.679623	0	380
380900	381420	-1.815560	-1	520
381420	386110	1.137652	1	4690
386110	386750	-0.916687	-1	640
386750	395100	1.554465	1	8350
395100	395670	-0.483155	-1	570
395670	396820	2.088106	1	1150
396820	397810	-1.682776	0	990
397810	398960	0.360946	1	1150
398960	399590	-0.200474	-1	630
399590	403110	1.586744	1	3520
403110	405570	8.067331	2	2460
405570	405880	2.414880	0	310
405880	406520	-0.312286	-1	640
406520	406820	-3.470568	0	300
406820	407710	-5.553984	-3	890
407710	408140	-2.628462	0	430
408140	410590	1.828046	1	2450
410590	411870	5.744027	2	1280
411870	412730	-0.941448	0	860
412730	418280	2.733731	1	5550
418280	419440	6.802564	2	1160
419440	422680	2.847612	1	3240
422680	428580	7.187003	2	5900
428580	429000	1.478827	0	420
429000	429830	-4.063688	-2	830
429830	434070	-7.523415	-3	4240
434070	434280	-2.411494	0	210
434280	434800	2.852358	1	520
434800	435010	-2.491398	0	210
435010	435610	-6.849905	-3	600
435610	435860	-3.356382	0	250
435860	438260	-0.476011	-1	2400
438260	438660	2.390071	0	400
438660	439650	6.259404	2	990
439650	440150	0.024960	0	500
440150	440840	-6.028177	-3	690
440840	441800	-2.170570	0	960
441800	442750	-5.628559	-3	950
442750	443610	-2.409960	0	860
443610	444240	0.548342	1	630
444240	445510	-1.024257	-1	1270
