380749	380999	0.770474	0	250
380999	381539	-0.599392	-1	540
381539	386269	1.068583	1	4730
386269	386869	-0.637914	-1	600
386869	396959	1.747516	1	10090
396959	398039	-1.392495	-1	1080
398039	403139	1.330067	1	5100
403139	405719	7.733646	2	2580
405719	407019	-0.706356	0	1300
407019	407719	-5.525245	-3	700
407719	408329	-2.598706	0	610
408329	410579	1.730040	1	2250
410579	411929	5.393172	2	1350
411929	412899	-0.308699	0	970
412899	418369	2.781564	1	5470
418369	419549	6.656364	2	1180
419549	420799	2.476996	1	1250
420799	421449	4.760239	2	650
421449	422659	2.489385	1	1210
422659	428659	7.134574	2	6000
428659	429169	1.088999	0	510
429169	429969	-4.060731	-2	800
429969	434109	-7.506499	-3	4140
434109	435189	-0.692105	0	1080
435189	435689	-6.342841	-3	500
435689	436019	-3.509068	0	330
436019	438259	-0.534161	-1	2240
438259	438759	2.048665	1	500
438759	439719	5.901361	2	960
439719	440349	-0.269547	0	630
440349	440899	-5.938700	-3	550
440899	441979	-2.786317	0	1080
441979	442809	-5.625895	-3	830
442809	443369	-3.588662	-2	560
443369	443789	-0.834078	0	420
443789	444359	0.535723	1	570
444359	445509	-0.866757	-1	1150
