380690	380960	1.044830	0	270
380960	381510	-0.752047	-1	550
381510	386230	1.337478	1	4720
386230	386830	-0.731270	-1	600
386830	395190	1.537319	1	8360
395190	395700	-0.378397	-1	510
395700	396920	1.985656	1	1220
396920	397980	-1.459173	0	1060
397980	399100	0.360767	1	1120
399100	399610	-0.175677	-1	510
399610	403090	1.483294	1	3480
403090	405720	7.707482	2	2630
405720	406050	1.955113	0	330
406050	406580	-0.498071	-1	530
406580	406980	-3.517831	0	400
406980	407720	-5.542494	-3	740
407720	408280	-2.604128	0	560
408280	410480	1.644366	1	2200
410480	411960	5.347775	2	1480
411960	412850	-0.703293	0	890
412850	418300	3.154620	1	5450
418300	419570	6.584146	2	1270
419570	420630	2.153774	1	1060
420630	421480	4.643173	2	850
421480	422580	2.274577	1	1100
422580	428680	7.100797	2	6100
428680	429130	0.871768	0	450
429130	429970	-4.085054	-2	840
429970	434100	-7.524409	-3	4130
434100	434370	-2.539989	0	270
434370	434870	1.885216	1	500
434870	435140	-2.477521	0	270
435140	435680	-6.467155	-3	540
435680	435970	-3.467750	0	290
435970	438260	-0.524708	-1	2290
438260	438690	1.898797	0	430
438690	439730	5.881604	2	1040
439730	440300	-0.362855	0	570
440300	440890	-5.941867	-3	590
440890	441940	-2.641901	0	1050
441940	442800	-5.639962	-3	860
442800	443350	-3.526716	-2	550
443350	443760	-0.786947	0	410
443760	444270	0.440721	1	510
444270	445510	-1.016996	-1	1240
