380804	381024	0.569195	0	220
381024	381594	-0.432210	-1	570
381594	386294	1.058028	1	4700
386294	386894	-0.538739	-1	600
386894	396984	1.517296	1	10090
396984	398094	-2.171202	-1	1110
398094	403214	1.144422	1	5120
403214	405684	7.832337	2	2470
405684	407074	-0.554259	0	1390
407074	407724	-5.517990	-3	650
407724	408364	-2.584838	0	640
408364	410804	1.965315	1	2440
410804	411894	5.530765	2	1090
411894	412314	2.082386	0	420
412314	412944	-1.355466	-1	630
412944	418444	2.815884	1	5500
418444	419514	6.757982	2	1070
419514	422774	3.049120	1	3260
422774	428614	7.319528	2	5840
428614	429204	1.373723	0	590
429204	429974	-4.042670	-2	770
429974	434114	-7.491426	-3	4140
434114	436054	-2.694294	0	1940
436054	438244	-0.552806	-1	2190
438244	438854	2.274300	1	610
438854	439674	6.015553	2	820
439674	440394	-0.000894	0	720
440394	440894	-5.919872	-3	500
440894	442034	-2.973547	-2	1140
442034	442814	-5.624770	-3	780
442814	443394	-3.613855	-2	580
443394	443824	-0.837751	0	430
443824	444344	0.485909	1	520
444344	445504	-0.854824	-1	1160
