380470	380870	1.751210	0	400
380870	381390	-2.013579	-1	520
381390	386080	1.460746	1	4690
386080	386730	-0.967148	-1	650
386730	395090	1.557417	1	8360
395090	395660	-0.521694	-1	570
395660	396790	2.170936	1	1130
396790	397760	-1.743399	0	970
397760	398910	0.362241	1	1150
398910	399560	-0.210199	-1	650
399560	403110	1.526403	1	3550
403110	405520	8.169227	2	2410
405520	405830	2.646523	0	310
405830	406500	-0.265485	-1	670
406500	406790	-3.530823	0	290
406790	407710	-5.566174	-3	920
407710	408100	-2.603219	0	390
408100	410760	2.057823	1	2660
410760	411860	5.933027	2	1100
411860	412730	-1.074259	0	870
412730	418270	2.747137	1	5540
418270	419410	6.901992	2	1140
419410	422700	2.862704	1	3290
422700	428550	7.215229	2	5850
428550	428960	1.739113	0	410
428960	429810	-4.040436	-2	850
429810	434050	-7.592032	-3	4240
434050	434250	-2.581471	0	200
434250	434780	3.105250	1	530
434780	434980	-2.625409	0	200
434980	435590	-6.963133	-3	610
435590	435820	-3.370002	0	230
435820	438240	-0.467645	-1	2420
438240	438640	2.398587	0	400
438640	439630	6.339539	2	990
439630	440110	0.119221	0	480
440110	440830	-6.020099	-3	720
440830	441760	-2.000471	0	930
441760	442750	-5.604595	-3	990
442750	443570	-2.373874	0	820
443570	444230	0.589597	1	660
444230	445510	-1.023250	-1	1280
