380624	380934	1.307424	0	310
380934	381474	-0.942189	-1	540
381474	386194	1.983843	1	4720
386194	386804	-0.813889	-1	610
386804	395154	1.544964	1	8350
395154	395704	-0.407407	-1	550
395704	396884	2.132381	1	1180
396884	397914	-1.543686	0	1030
397914	399054	0.360247	1	1140
399054	399604	-0.190997	-1	550
399604	403094	1.516930	1	3490
403094	405654	7.853970	2	2560
405654	405984	2.155849	0	330
405984	406554	-0.409836	-1	570
406554	406914	-3.474346	0	360
406914	407724	-5.540938	-3	810
407724	408224	-2.582004	0	500
408224	410524	1.713019	1	2300
410524	411934	5.499129	2	1410
411934	412794	-0.868569	0	860
412794	418294	3.060796	1	5500
418294	419514	6.544424	2	1220
419514	420804	2.436381	1	1290
420804	421414	4.963820	2	610
421414	422624	2.382625	1	1210
422624	428644	7.159486	2	6020
428644	429084	1.024814	0	440
429084	429964	-4.090894	-2	880
429964	434084	-7.543427	-3	4120
434084	434334	-2.544879	0	250
434334	434844	2.267045	1	510
434844	435084	-2.441258	0	240
435084	435654	-6.611444	-3	570
435654	435924	-3.438907	0	270
435924	438254	-0.510227	-1	2330
438254	438674	2.011420	0	420
438674	439704	6.016056	2	1030
439704	440244	-0.359749	0	540
440244	440874	-6.015249	-3	630
440874	441884	-2.459175	0	1010
441884	442784	-5.639464	-3	900
442784	443314	-3.497935	-2	530
443314	443704	-0.810750	0	390
443704	444264	0.479752	1	560
444264	445504	-1.029946	-1	1240
