380545	380895	1.591477	0	350
380895	381435	-1.674725	-1	540
381435	386125	1.131809	1	4690
386125	386765	-0.886575	-1	640
386765	395105	1.554093	1	8340
395105	395685	-0.454755	-1	580
395685	396845	2.275230	1	1160
396845	397835	-1.656781	0	990
397835	398985	0.360374	1	1150
398985	399595	-0.200115	-1	610
399595	403065	1.534505	1	3470
403065	405615	7.925502	2	2550
405615	405905	2.162814	0	290
405905	406525	-0.325359	-1	620
406525	406845	-3.464186	0	320
406845	407705	-5.558139	-3	860
407705	408165	-2.639827	0	460
408165	410535	1.757785	1	2370
410535	411915	5.632376	2	1380
411915	412735	-1.139210	0	820
412735	418265	2.723033	1	5530
418265	419475	6.680554	2	1210
419475	420775	2.170510	1	1300
420775	421375	5.085046	2	600
421375	422605	2.344415	1	1230
422605	428625	7.129665	2	6020
428625	429025	1.097741	0	400
429025	429935	-4.055036	-2	910
429935	434075	-7.543571	-3	4140
434075	434285	-2.545730	0	210
434285	434815	2.670655	1	530
434815	435025	-2.493396	0	210
435025	435625	-6.782258	-3	600
435625	435865	-3.413539	0	240
435865	438255	-0.492834	-1	2390
438255	438635	2.092285	0	380
438635	439685	6.127128	2	1050
439685	440175	-0.298474	0	490
440175	440855	-6.030248	-3	680
440855	441825	-2.236488	0	970
441825	442765	-5.633496	-3	940
442765	443265	-3.465941	-2	500
443265	443635	-0.893752	0	370
443635	444245	0.537830	1	610
444245	445505	-1.027363	-1	1260
