380488	380878	1.704426	0	390
380878	381398	-1.946303	-1	520
381398	386088	1.457296	1	4690
386088	386728	-0.957564	-1	640
386728	395088	1.555566	1	8360
395088	395668	-0.496527	-1	580
395668	396798	2.152109	1	1130
396798	397778	-1.715042	0	980
397778	398928	0.361717	1	1150
398928	399578	-0.204753	-1	650
399578	403128	1.543275	1	3550
403128	405518	8.180500	2	2390
405518	405848	2.702080	0	330
405848	406508	-0.286532	-1	660
406508	406788	-3.454231	0	280
406788	407708	-5.555264	-3	920
407708	408118	-2.590958	0	410
408118	411268	2.600871	1	3150
411268	411858	6.303962	2	590
411858	412738	-0.983465	0	880
412738	418288	2.751609	1	5550
418288	419408	6.913681	2	1120
419408	422708	2.875352	1	3300
422708	428548	7.214565	2	5840
428548	428978	1.703886	0	430
428978	429818	-4.059618	-2	840
429818	434058	-7.529333	-3	4240
434058	434268	-2.396118	0	210
434268	434798	3.002796	1	530
434798	434978	-2.565226	0	180
434978	435598	-6.887054	-3	620
435598	435838	-3.330340	0	240
435838	438248	-0.469499	-1	2410
438248	438658	2.479278	0	410
438658	439618	6.352662	2	960
439618	440128	0.229157	0	510
440128	440828	-6.043099	-3	700
440828	441758	-2.031909	0	930
441758	442748	-5.604130	-3	990
442748	443578	-2.405659	0	830
443578	444228	0.571968	1	650
444228	445508	-1.020386	-1	1280
