380747	380997	0.769397	0	250
380997	381537	-0.597423	-1	540
381537	386267	1.068646	1	4730
386267	386867	-0.638286	-1	600
386867	396957	1.747741	1	10090
396957	398037	-1.392811	-1	1080
398037	403127	1.322020	1	5090
403127	405727	7.705139	2	2600
405727	407027	-0.767782	0	1300
407027	407727	-5.526937	-3	700
407727	408327	-2.567498	0	600
408327	410547	1.693459	1	2220
410547	411937	5.365750	2	1390
411937	412907	-0.354350	0	970
412907	418357	2.782858	1	5450
418357	419567	6.598135	2	1210
419567	420747	2.374457	1	1180
420747	421457	4.708551	2	710
421457	422647	2.461699	1	1190
422647	428677	7.119868	2	6030
428677	429177	0.917506	0	500
429177	429967	-4.083092	-2	790
429967	434117	-7.499773	-3	4150
434117	435187	-0.648757	0	1070
435187	435697	-6.325596	-3	510
435697	436017	-3.478107	0	320
436017	438257	-0.535590	-1	2240
438257	438747	1.999099	0	490
438747	439727	5.872383	2	980
439727	440347	-0.325318	0	620
440347	440897	-5.933497	-3	550
440897	441987	-2.807378	0	1090
441987	442817	-5.628114	-3	830
442817	443377	-3.542691	-2	560
443377	443787	-0.811507	0	410
443787	444357	0.543132	1	570
444357	445507	-0.867174	-1	1150
