380761	381001	0.735692	0	240
381001	381541	-0.560437	-1	540
381541	386281	1.062346	1	4740
386281	386871	-0.625392	-1	590
386871	396961	1.745007	1	10090
396961	398051	-1.369221	-1	1090
398051	403131	1.236879	1	5080
403131	405731	7.696955	2	2600
405731	407041	-0.773961	0	1310
407041	407731	-5.523556	-3	690
407731	408331	-2.582850	0	600
408331	410561	1.698984	1	2230
410561	411931	5.364418	2	1370
411931	412921	-0.273208	0	990
412921	418361	2.788082	1	5440
418361	419571	6.570228	2	1210
419571	420731	2.355061	1	1160
420731	421461	4.683167	2	730
421461	422651	2.470028	1	1190
422651	428671	7.122766	2	6020
428671	429171	1.059022	0	500
429171	429981	-4.052902	-2	810
429981	434111	-7.508034	-3	4130
434111	435201	-0.763235	0	1090
435201	435701	-6.289136	-3	500
435701	436021	-3.509557	0	320
436021	438241	-0.545814	-1	2220
438241	438751	1.915835	1	510
438751	439731	5.841428	2	980
439731	440361	-0.373086	0	630
440361	440911	-5.906381	-3	550
440911	442001	-2.821290	0	1090
442001	442811	-5.633698	-3	810
442811	443371	-3.606777	-2	560
443371	443791	-0.858867	0	420
443791	444351	0.524312	1	560
444351	445511	-0.858918	-1	1160
