380519	380889	1.638699	0	370
380889	381419	-1.776282	-1	530
381419	386109	1.446981	1	4690
386109	386749	-0.918014	-1	640
386749	395089	1.556403	1	8340
395089	395679	-0.466317	-1	590
395679	396819	2.106612	1	1140
396819	397799	-1.700210	0	980
397799	398959	0.357864	1	1160
398959	399589	-0.201118	-1	630
399589	403099	1.577306	1	3510
403099	405569	8.055443	2	2470
405569	405879	2.410372	0	310
405879	406519	-0.310702	-1	640
406519	406829	-3.516720	0	310
406829	407699	-5.568027	-3	870
407699	408149	-2.628684	0	450
408149	410579	1.823781	1	2430
410579	411889	5.725809	2	1310
411889	412729	-1.080860	0	840
412729	418269	2.730094	1	5540
418269	419439	6.787752	2	1170
419439	422659	2.835043	1	3220
422659	428589	7.176149	2	5930
428589	428999	1.409205	0	410
428999	429829	-4.063507	-2	830
429829	434059	-7.530643	-3	4230
434059	434279	-2.539865	0	220
434279	434799	2.866694	1	520
434799	435009	-2.483910	0	210
435009	435609	-6.856188	-3	600
435609	435849	-3.420103	0	240
435849	438259	-0.482308	-1	2410
438259	438649	2.321165	0	390
438649	439659	6.234425	2	1010
439659	440149	-0.070001	0	490
440149	440839	-6.035943	-3	690
440839	441799	-2.169338	0	960
441799	442769	-5.615759	-3	970
442769	443609	-2.351156	0	840
443609	444239	0.550813	1	630
444239	445509	-1.023848	-1	1270
