380599	380929	1.363515	0	330
380929	381469	-1.004525	-1	540
381469	386169	2.051860	1	4700
386169	386789	-0.836463	-1	620
386789	395139	1.547272	1	8350
395139	395689	-0.429825	-1	550
395689	396879	2.145669	1	1190
396879	397889	-1.590107	0	1010
397889	399039	0.358748	1	1150
399039	399619	-0.190322	-1	580
399619	403109	1.550363	1	3490
403109	405619	7.940711	2	2510
405619	405959	2.305828	0	340
405959	406539	-0.369972	-1	580
406539	406899	-3.476306	0	360
406899	407709	-5.557368	-3	810
407709	408209	-2.618920	0	500
408209	410569	1.777983	1	2360
410569	411909	5.589587	2	1340
411909	412769	-0.841219	0	860
412769	418309	3.115325	1	5540
418309	419469	6.693139	2	1160
419469	420849	2.554812	1	1380
420849	421359	5.115682	2	510
421359	422659	2.500656	1	1300
422659	428619	7.145492	2	5960
428619	429059	1.224793	0	440
429059	429949	-4.063546	-2	890
429949	434089	-7.536296	-3	4140
434089	434319	-2.431120	0	230
434319	434829	2.424924	1	510
434829	435069	-2.424438	0	240
435069	435639	-6.702561	-3	570
435639	435909	-3.437964	0	270
435909	438259	-0.500834	-1	2350
438259	438689	2.211204	0	430
438689	439679	6.128432	2	990
439679	440229	-0.245809	0	550
440229	440859	-6.051587	-3	630
440859	441859	-2.398220	0	1000
441859	442779	-5.632044	-3	920
442779	443299	-3.480022	-2	520
443299	443679	-0.835469	0	380
443679	444249	0.499714	1	570
444249	445509	-1.018008	-1	1260
