380714	380974	0.915308	0	260
380974	381524	-0.674836	-1	550
381524	386244	1.301607	1	4720
386244	386844	-0.686988	-1	600
386844	396934	1.490147	1	10090
396934	397504	-1.813316	0	570
397504	398004	-0.985194	-1	500
398004	403174	1.123053	1	5170
403174	405664	7.879755	2	2490
405664	406074	2.334392	0	410
406074	406594	-0.557355	-1	520
406594	407004	-3.553593	0	410
407004	407724	-5.537539	-3	720
407724	408294	-2.598270	0	570
408294	410664	1.836450	1	2370
410664	411904	5.519772	2	1240
411904	412874	-0.315816	0	970
412874	418384	2.783598	1	5510
418384	419514	6.820988	2	1130
419514	422714	2.988815	1	3200
422714	428624	7.185546	2	5910
428624	429144	1.262772	0	520
429144	429974	-4.074958	-2	830
429974	434104	-7.518783	-3	4130
434104	435164	-0.543563	0	1060
435164	435674	-6.442500	-3	510
435674	435994	-3.507007	0	320
435994	438254	-0.527910	-1	2260
438254	438764	2.164721	1	510
438764	439694	6.019480	2	930
439694	440334	-0.213881	0	640
440334	440884	-5.975345	-3	550
440884	441964	-2.745859	0	1080
441964	442794	-5.645687	-3	830
442794	443354	-3.583352	-2	560
443354	445504	-0.646017	-1	2150
