380765	381005	0.701429	0	240
381005	381545	-0.543469	-1	540
381545	386275	1.062885	1	4730
386275	386875	-0.605620	-1	600
386875	396965	1.744041	1	10090
396965	398055	-1.364997	-1	1090
398055	403165	1.114534	1	5110
403165	405705	7.772208	2	2540
405705	407045	-0.689371	0	1340
407045	407725	-5.524561	-3	680
407725	408335	-2.581113	0	610
408335	410645	1.797869	1	2310
410645	411915	5.441208	2	1270
411915	412905	-0.201428	0	990
412905	418385	2.787031	1	5480
418385	419535	6.683251	2	1150
419535	420865	2.599764	1	1330
420865	421425	4.803600	2	560
421425	422695	2.591092	1	1270
422695	428635	7.158153	2	5940
428635	429175	1.245737	0	540
429175	429965	-4.041274	-2	790
429965	434105	-7.500849	-3	4140
434105	436035	-2.672946	0	1930
436035	438245	-0.538022	-1	2210
438245	438785	2.088695	1	540
438785	439705	5.936893	2	920
439705	440365	-0.223726	0	660
440365	440895	-5.936359	-3	530
440895	441995	-2.850868	0	1100
441995	442805	-5.630220	-3	810
442805	443375	-3.607466	-2	570
443375	443795	-0.839523	0	420
443795	444355	0.517698	1	560
444355	445505	-0.864536	-1	1150
