380462	380872	1.749093	0	410
380872	381382	-2.099550	-1	510
381382	386072	1.463829	1	4690
386072	386712	-0.993458	-1	640
386712	395082	1.556369	1	8370
395082	395662	-0.520340	-1	580
395662	396782	2.198954	1	1120
396782	397752	-1.748097	0	970
397752	398902	0.362471	1	1150
398902	399562	-0.209972	-1	660
399562	403112	1.533688	1	3550
403112	405522	8.176312	2	2410
405522	405822	2.600684	0	300
405822	406502	-0.269605	-1	680
406502	406782	-3.556504	0	280
406782	407712	-5.565981	-3	930
407712	408102	-2.527256	0	390
408102	410722	2.021685	1	2620
410722	411862	5.916888	2	1140
411862	412732	-1.117329	0	870
412732	418272	2.751698	1	5540
418272	419412	6.910937	2	1140
419412	422702	2.859812	1	3290
422702	428552	7.216005	2	5850
428552	428952	1.738082	0	400
428952	429812	-4.036507	-2	860
429812	434052	-7.594931	-3	4240
434052	434252	-2.449186	0	200
434252	434782	3.164769	1	530
434782	434962	-2.543710	0	180
434962	435582	-6.965231	-3	620
435582	435822	-3.353314	0	240
435822	438242	-0.460084	-1	2420
438242	438642	2.469847	0	400
438642	439632	6.351834	2	990
439632	440102	0.099912	0	470
440102	440832	-6.010398	-3	730
440832	441752	-1.955136	0	920
441752	442752	-5.598206	-3	1000
442752	443562	-2.362616	0	810
443562	444232	0.594224	1	670
444232	445512	-1.026918	-1	1280
