380631	380941	1.272281	0	310
380941	381481	-0.929625	-1	540
381481	386191	1.958851	1	4710
386191	386801	-0.808602	-1	610
386801	395161	1.542703	1	8360
395161	395711	-0.405110	-1	550
395711	396881	2.144478	1	1170
396881	397921	-1.526713	0	1040
397921	399061	0.359702	1	1140
399061	399611	-0.188029	-1	550
399611	403051	1.484731	1	3440
403051	405701	7.718727	2	2650
405701	405991	1.880671	0	290
405991	406561	-0.426904	-1	570
406561	406921	-3.492176	0	360
406921	407721	-5.544484	-3	800
407721	408231	-2.601429	0	510
408231	410481	1.667196	1	2250
410481	411941	5.438295	2	1460
411941	412801	-0.869837	0	860
412801	418261	2.734343	1	5460
418261	419551	6.394475	2	1290
419551	420631	2.136416	1	1080
420631	421461	4.709414	2	830
421461	422551	2.205030	1	1090
422551	428671	7.106710	2	6120
428671	429081	0.909982	0	410
429081	429951	-4.058935	-2	870
429951	434091	-7.530281	-3	4140
434091	434341	-2.475017	0	250
434341	434841	2.271756	1	500
434841	435091	-2.390036	0	250
435091	435651	-6.618154	-3	560
435651	435931	-3.466893	0	280
435931	438261	-0.509204	-1	2330
438261	438651	1.890278	0	390
438651	439731	5.909736	2	1080
439731	440241	-0.475202	0	510
440241	440871	-6.005406	-3	630
440871	441891	-2.489975	0	1020
441891	442781	-5.644726	-3	890
442781	443311	-3.535663	-2	530
443311	443701	-0.851391	0	390
443701	444261	0.472537	1	560
444261	445511	-1.020934	-1	1250
