380683	380963	1.046130	0	280
380963	381503	-0.780347	-1	540
381503	386223	1.781882	1	4720
386223	386833	-0.727039	-1	610
386833	395183	1.539641	1	8350
395183	395703	-0.373881	-1	520
395703	396923	1.991371	1	1220
396923	397973	-1.476061	0	1050
397973	399093	0.361686	1	1120
399093	399613	-0.176183	-1	520
399613	403083	1.482869	1	3470
403083	405713	7.712059	2	2630
405713	406043	1.977828	0	330
406043	406583	-0.505100	-1	540
406583	406973	-3.533029	0	390
406973	407723	-5.542045	-3	750
407723	408273	-2.594146	0	550
408273	410513	1.679093	1	2240
410513	411953	5.396649	2	1440
411953	412843	-0.699661	0	890
412843	418303	3.143240	1	5460
418303	419553	6.641665	2	1250
419553	420733	2.329931	1	1180
420733	421463	4.764523	2	730
421463	422603	2.327350	1	1140
422603	428673	7.118903	2	6070
428673	429113	0.989148	0	440
429113	429963	-4.048344	-2	850
429963	434093	-7.526367	-3	4130
434093	434373	-2.519193	0	280
434373	434873	1.932011	1	500
434873	435143	-2.619319	0	270
435143	435663	-6.547661	-3	520
435663	435973	-3.496192	0	310
435973	438263	-0.518048	-1	2290
438263	438693	1.949258	0	430
438693	439733	5.895443	2	1040
439733	440293	-0.378940	0	560
440293	440893	-5.936143	-3	600
440893	441933	-2.608723	0	1040
441933	442793	-5.642790	-3	860
442793	443343	-3.547089	-2	550
443343	443763	-0.780788	0	420
443763	444263	0.457047	1	500
444263	445503	-1.018510	-1	1240
