380760	381010	0.777027	0	250
381010	381550	-0.566895	-1	540
381550	386280	1.065470	1	4730
386280	386870	-0.629793	-1	590
386870	396960	1.482925	1	10090
396960	398050	-1.371357	-1	1090
398050	403130	1.315239	1	5080
403130	405720	7.711110	2	2590
405720	407040	-0.731372	0	1320
407040	407730	-5.524479	-3	690
407730	408340	-2.548033	0	610
408340	410570	1.716762	1	2230
410570	411940	5.367836	2	1370
411940	412910	-0.321004	0	970
412910	418370	2.784806	1	5460
418370	419560	6.614162	2	1190
419560	420780	2.441344	1	1220
420780	421460	4.722479	2	680
421460	422660	2.484439	1	1200
422660	428670	7.126264	2	6010
428670	429170	1.071198	0	500
429170	429980	-4.049842	-2	810
429980	434120	-7.502518	-3	4140
434120	435200	-0.720033	0	1080
435200	435700	-6.295800	-3	500
435700	436030	-3.472505	0	330
436030	438260	-0.534979	-1	2230
438260	438770	2.072275	1	510
438770	439730	5.878733	2	960
439730	440360	-0.361217	0	630
440360	440900	-5.929429	-3	540
440900	442000	-2.842681	0	1100
442000	442810	-5.634852	-3	810
442810	443380	-3.586564	-2	570
443380	443800	-0.819414	0	420
443800	444350	0.535782	1	550
444350	445510	-0.856593	-1	1160
