380761	381011	0.770978	0	250
381011	381551	-0.561935	-1	540
381551	386271	1.067042	1	4720
386271	386861	-0.627026	-1	590
386861	396961	1.481264	1	10100
396961	398051	-1.370537	-1	1090
398051	403121	1.230793	1	5070
403121	405741	7.669238	2	2620
405741	407031	-0.778621	0	1290
407031	407721	-5.522799	-3	690
407721	408331	-2.623846	0	610
408331	410541	1.676455	1	2210
410541	411951	5.328191	2	1410
411951	412901	-0.369074	0	950
412901	418351	2.775371	1	5450
418351	419571	6.548944	2	1220
419571	420721	2.339781	1	1150
420721	421491	4.652259	2	770
421491	422641	2.414453	1	1150
422641	428691	7.107005	2	6050
428691	429181	0.878847	0	490
429181	429981	-4.078196	-2	800
429981	434111	-7.508068	-3	4130
434111	435191	-0.724614	0	1080
435191	435691	-6.286387	-3	500
435691	436031	-3.513475	0	340
436031	438261	-0.535099	-1	2230
438261	438741	1.950439	0	480
438741	439731	5.822706	2	990
439731	440361	-0.365342	0	630
440361	440901	-5.927177	-3	540
440901	441991	-2.823091	0	1090
441991	442811	-5.626775	-3	820
442811	443381	-3.579322	-2	570
443381	443801	-0.812370	0	420
443801	444351	0.534030	1	550
444351	445511	-0.858231	-1	1160
