380529	380899	1.579515	0	370
380899	381419	-1.825341	-1	520
381419	386129	1.130300	1	4710
386129	386749	-0.932805	-1	620
386749	395099	1.553551	1	8350
395099	395679	-0.466528	-1	580
395679	396839	2.295364	1	1160
396839	397819	-1.682171	0	980
397819	398969	0.360730	1	1150
398969	399599	-0.197754	-1	630
399599	403109	1.585219	1	3510
403109	405569	8.058901	2	2460
405569	405889	2.450129	0	320
405889	406529	-0.340709	-1	640
406529	406829	-3.503487	0	300
406829	407709	-5.554019	-3	880
407709	408149	-2.620840	0	440
408149	410619	1.862364	1	2470
410619	411869	5.749581	2	1250
411869	412729	-0.898786	0	860
412729	418289	2.734027	1	5560
418289	419439	6.805512	2	1150
419439	422679	2.852064	1	3240
422679	428579	7.184635	2	5900
428579	429009	1.467602	0	430
429009	429939	-4.046979	-2	930
429939	434069	-7.551915	-3	4130
434069	434289	-2.391443	0	220
434289	434799	2.860054	1	510
434799	435019	-2.472814	0	220
435019	435609	-6.854851	-3	590
435609	435859	-3.429127	0	250
435859	438259	-0.482792	-1	2400
438259	438659	2.337548	0	400
438659	439649	6.244051	2	990
439649	440159	0.027466	0	510
440159	440839	-6.040898	-3	680
440839	441809	-2.217179	0	970
441809	442759	-5.626892	-3	950
442759	443609	-2.409851	0	850
443609	444249	0.527024	1	640
444249	445509	-1.030168	-1	1260
