380470	380870	1.752161	0	400
380870	381390	-2.108231	-1	520
381390	386080	1.149873	1	4690
386080	386730	-0.968050	-1	650
386730	395090	1.557462	1	8360
395090	395670	-0.513501	-1	580
395670	396790	2.191442	1	1120
396790	397740	-1.780868	0	950
397740	398910	0.356061	1	1170
398910	399570	-0.207120	-1	660
399570	403120	1.540975	1	3550
403120	405520	8.182547	2	2400
405520	405830	2.640707	0	310
405830	406510	-0.290701	-1	680
406510	406780	-3.533276	0	270
406780	407700	-5.566923	-3	920
407700	408110	-2.596344	0	410
408110	411280	2.624851	1	3170
411280	411850	6.366996	2	570
411850	412730	-1.005848	0	880
412730	418280	2.751438	1	5550
418280	419400	6.932920	2	1120
419400	422710	2.876436	1	3310
422710	428550	7.217310	2	5840
428550	428960	1.734034	0	410
428960	429810	-4.040519	-2	850
429810	434060	-7.586774	-3	4250
434060	434260	-2.304566	0	200
434260	434780	3.170216	1	520
434780	434970	-2.517110	0	190
434970	435590	-6.936241	-3	620
435590	435820	-3.358566	0	230
435820	438260	-0.463109	-1	2440
438260	438650	2.597979	0	390
438650	439610	6.375988	2	960
439610	440110	0.314768	0	500
440110	440830	-6.020931	-3	720
440830	441750	-1.968643	0	920
441750	442750	-5.597367	-3	1000
442750	443560	-2.399633	0	810
443560	444240	0.571689	1	680
444240	445510	-1.032423	-1	1270
