380826	381046	0.493764	0	220
381046	381616	-0.360569	-1	570
381616	386316	1.052567	1	4700
386316	386896	-0.523165	-1	580
386896	396986	1.777130	1	10090
396986	398116	-1.274871	-1	1130
398116	403186	1.123895	1	5070
403186	405716	7.737298	2	2530
405716	407106	-0.688694	0	1390
407106	407716	-5.527805	-3	610
407716	408376	-2.642696	0	660
408376	410696	1.826899	1	2320
410696	411916	5.411377	2	1220
411916	412336	1.953575	0	420
412336	412976	-1.290291	-1	640
412976	418426	2.819110	1	5450
418426	419546	6.619616	2	1120
419546	422726	3.017894	1	3180
422726	428656	7.268350	2	5930
428656	429226	1.124307	0	570
429226	429976	-4.050375	-2	750
429976	434116	-7.486309	-3	4140
434116	436076	-2.707615	0	1960
436076	438246	-0.554743	-1	2170
438246	438836	2.144444	1	590
438836	439706	5.894491	2	870
439706	440196	1.247627	0	490
440196	442046	-8.089413	-2	1850
442046	442826	-5.608522	-3	780
442826	443406	-3.605156	-2	580
443406	443846	-0.829041	0	440
443846	444356	0.460004	1	510
444356	445506	-0.859405	-1	1150
