380763	380993	0.759466	0	230
380993	381543	-0.549052	-1	550
381543	386273	1.064318	1	4730
386273	386873	-0.613796	-1	600
386873	396963	1.744807	1	10090
396963	398053	-1.369056	-1	1090
398053	403103	1.074374	1	5050
403103	405763	7.612572	2	2660
405763	407043	-0.891592	0	1280
407043	407733	-5.524453	-3	690
407733	408343	-2.531424	0	610
408343	410503	1.643765	1	2160
410503	411973	5.272360	2	1470
411973	412903	-0.466252	0	930
412903	418333	2.772132	1	5430
418333	419583	6.486660	2	1250
419583	420613	2.150508	1	1030
420613	421513	4.549594	2	900
421513	422623	2.361019	1	1110
422623	428693	7.097295	2	6070
428693	429173	0.923112	0	480
429173	429973	-4.045276	-2	800
429973	434123	-7.496407	-3	4150
434123	435203	-0.723908	0	1080
435203	435703	-6.288503	-3	500
435703	436033	-3.457532	0	330
436033	438253	-0.536980	-1	2220
438253	438723	1.834836	0	470
438723	439753	5.749787	2	1030
439753	440363	-0.528414	0	610
440363	440893	-5.949332	-3	530
440893	441993	-2.842682	0	1100
441993	442803	-5.634252	-3	810
442803	443373	-3.626905	-2	570
443373	443803	-0.835083	0	430
443803	444353	0.533463	1	550
444353	445503	-0.866235	-1	1150
