380551	380901	1.564778	0	350
380901	381441	-1.590454	-1	540
381441	386141	1.438330	1	4700
386141	386761	-0.905969	-1	620
386761	395111	1.551744	1	8350
395111	395681	-0.458421	-1	570
395681	396851	2.248008	1	1170
396851	397841	-1.652990	0	990
397841	398991	0.360244	1	1150
398991	399601	-0.197195	-1	610
399601	403101	1.562195	1	3500
403101	405591	8.005152	2	2490
405591	405911	2.367198	0	320
405911	406541	-0.365524	-1	630
406541	406861	-3.572566	0	320
406861	407711	-5.561217	-3	850
407711	408171	-2.605754	0	460
408171	410581	1.806800	1	2410
410581	411901	5.673820	2	1320
411901	412731	-1.023630	0	830
412731	418291	2.727096	1	5560
418291	419461	6.743438	2	1170
419461	422661	2.835182	1	3200
422661	428601	7.161455	2	5940
428601	429021	1.360366	0	420
429021	429941	-4.042766	-2	920
429941	434081	-7.542023	-3	4140
434081	434291	-2.424177	0	210
434291	434811	2.669986	1	520
434811	435031	-2.454851	0	220
435031	435621	-6.786931	-3	590
435621	435871	-3.433587	0	250
435871	438261	-0.490220	-1	2390
438261	438661	2.252171	0	400
438661	439661	6.196061	2	1000
439661	440181	-0.074456	0	520
440181	440851	-6.032403	-3	670
440851	441831	-2.274876	0	980
441831	442761	-5.636546	-3	930
442761	443271	-3.471976	-2	510
443271	443641	-0.865993	0	370
443641	444241	0.531795	1	600
444241	445511	-1.022634	-1	1270
