380772	381012	0.689457	0	240
381012	381552	-0.536407	-1	540
381552	386282	1.062361	1	4730
386282	386882	-0.602951	-1	600
386882	396972	1.743475	1	10090
396972	398062	-1.364307	-1	1090
398062	403092	1.284474	1	5030
403092	405782	7.563068	2	2690
405782	407042	-0.915041	0	1260
407042	407722	-5.523726	-3	680
407722	408342	-2.619757	0	620
408342	410482	1.610639	1	2140
410482	411982	5.233409	2	1500
411982	412912	-0.466593	0	930
412912	418322	2.771923	1	5410
418322	419612	6.386034	2	1290
419612	420582	2.054929	1	970
420582	421552	4.487514	2	970
421552	422612	2.304554	1	1060
422612	428712	7.077589	2	6100
428712	429192	0.759977	0	480
429192	429972	-4.070065	-2	780
429972	434112	-7.500506	-3	4140
434112	436042	-2.673922	0	1930
436042	438262	-0.535980	-1	2220
438262	438702	1.750722	0	440
438702	439762	5.673394	2	1060
439762	440372	-0.580095	0	610
440372	440902	-5.933696	-3	530
440902	442002	-2.854748	0	1100
442002	442812	-5.628676	-3	810
442812	443392	-3.577828	-2	580
443392	443812	-0.796255	0	420
443812	444362	0.517804	1	550
444362	445512	-0.865523	-1	1150
