380752	381002	0.757695	0	250
381002	381542	-0.590937	-1	540
381542	386272	1.067698	1	4730
386272	386862	-0.644111	-1	590
386862	396962	1.746769	1	10100
396962	398042	-1.390400	-1	1080
398042	403102	1.301238	1	5060
403102	405762	7.620041	2	2660
405762	407022	-0.859673	0	1260
407022	407722	-5.525578	-3	700
407722	408332	-2.588180	0	610
408332	410492	1.634135	1	2160
410492	411962	5.283719	2	1470
411962	412892	-0.456008	0	930
412892	418322	2.766217	1	5430
418322	419592	6.465656	2	1270
419592	420602	2.109583	1	1010
420602	421512	4.548563	2	910
421512	422612	2.336753	1	1100
422612	428692	7.094423	2	6080
428692	429172	0.885014	0	480
429172	429972	-4.064330	-2	800
429972	434112	-7.505058	-3	4140
434112	435182	-0.660612	0	1070
435182	435692	-6.305075	-3	510
435692	436022	-3.504008	0	330
436022	438262	-0.534470	-1	2240
438262	438712	1.845702	0	450
438712	439742	5.770710	2	1030
439742	440352	-0.430574	0	610
440352	440902	-5.930519	-3	550
440902	441982	-2.789261	0	1080
441982	442812	-5.625012	-3	830
442812	443372	-3.583310	-2	560
443372	443792	-0.831404	0	420
443792	444362	0.531739	1	570
444362	445512	-0.866916	-1	1150
