380460	380870	1.757950	0	410
380870	381390	-2.083483	-1	520
381390	386070	1.468512	1	4680
386070	386710	-0.995494	-1	640
386710	395090	1.554710	1	8380
395090	395660	-0.530087	-1	570
395660	396780	2.200316	1	1120
396780	397750	-1.748929	0	970
397750	398900	0.362525	1	1150
398900	399560	-0.210365	-1	660
399560	403100	1.522011	1	3540
403100	405520	8.165126	2	2420
405520	405820	2.609541	0	300
405820	406510	-0.291777	-1	690
406510	406780	-3.602388	0	270
406780	407710	-5.566074	-3	930
407710	408100	-2.542298	0	390
408100	410720	2.019727	1	2620
410720	411860	5.920582	2	1140
411860	412730	-1.114291	0	870
412730	418270	2.750714	1	5540
418270	419410	6.913321	2	1140
419410	422680	2.845427	1	3270
422680	428550	7.209002	2	5870
428550	428950	1.759977	0	400
428950	429810	-4.033482	-2	860
429810	434050	-7.594815	-3	4240
434050	434250	-2.484822	0	200
434250	434780	3.174666	1	530
434780	434960	-2.520665	0	180
434960	435590	-6.938293	-3	630
435590	435820	-3.295275	0	230
435820	438240	-0.459524	-1	2420
438240	438630	2.386274	0	390
438630	439630	6.341654	2	1000
439630	440100	0.121033	0	470
440100	440830	-6.010428	-3	730
440830	441750	-1.952212	0	920
441750	442750	-5.597815	-3	1000
442750	443560	-2.369404	0	810
443560	444230	0.596386	1	670
444230	445510	-1.026604	-1	1280
