380566	380916	1.478892	0	350
380916	381446	-1.118540	-1	530
381446	386146	1.960039	1	4700
386146	386766	-0.887034	-1	620
386766	395126	1.548509	1	8360
395126	395686	-0.453764	-1	560
395686	396856	2.228679	1	1170
396856	397856	-1.628796	0	1000
397856	399006	0.359951	1	1150
399006	399616	-0.192776	-1	610
399616	403066	1.531978	1	3450
403066	405626	7.895980	2	2560
405626	405926	2.160226	0	300
405926	406536	-0.353533	-1	610
406536	406866	-3.494134	0	330
406866	407726	-5.543744	-3	860
407726	408186	-2.514793	0	460
408186	410506	1.720213	1	2320
410506	411916	5.578358	2	1410
411916	412736	-1.059494	0	820
412736	418256	3.634707	1	5520
418256	419496	6.591405	2	1240
419496	420726	2.075223	1	1230
420726	421406	4.952922	2	680
421406	422596	2.299914	1	1190
422596	428636	7.116540	2	6040
428636	429036	1.072268	0	400
429036	429956	-4.066642	-2	920
429956	434076	-7.553071	-3	4120
434076	434306	-2.490859	0	230
434306	434816	2.639122	1	510
434816	435046	-2.439819	0	230
435046	435626	-6.774886	-3	580
435626	435876	-3.501008	0	250
435876	438256	-0.501041	-1	2380
438256	438636	2.013919	0	380
438636	439696	6.072010	2	1060
439696	440196	-0.383636	0	500
440196	440856	-6.039098	-3	660
440856	441846	-2.325240	0	990
441846	442766	-5.643312	-3	920
442766	443286	-3.470078	-2	520
443286	443656	-0.839192	0	370
443656	444246	0.526097	1	590
444246	445506	-1.022672	-1	1260
