380635	380945	1.201066	0	310
380945	381475	-0.917940	-1	530
381475	386185	1.922876	1	4710
386185	386805	-0.780331	-1	620
386805	395155	1.543734	1	8350
395155	395695	-0.402075	-1	540
395695	396885	2.097738	1	1190
396885	397925	-1.519043	0	1040
397925	399065	0.359110	1	1140
399065	399605	-0.188183	-1	540
399605	403155	1.567441	1	3550
403155	405615	7.978079	2	2460
405615	405995	2.405809	0	380
405995	406555	-0.431533	-1	560
406555	406925	-3.485960	0	370
406925	407725	-5.535538	-3	800
407725	408235	-2.544426	0	510
408235	410645	1.853631	1	2410
410645	411905	5.606894	2	1260
411905	412805	-0.656454	0	900
412805	418345	2.761269	1	5540
418345	419465	6.712581	2	1120
419465	422705	2.977022	1	3240
422705	428595	7.217486	2	5890
428595	429085	1.389611	0	490
429085	429955	-4.069103	-2	870
429955	434085	-7.534426	-3	4130
434085	434335	-2.570818	0	250
434335	434845	2.173204	1	510
434845	435095	-2.457442	0	250
435095	435645	-6.617208	-3	550
435645	435935	-3.483686	0	290
435935	438255	-0.510042	-1	2320
438255	438735	2.318604	0	480
438735	439665	6.158526	2	930
439665	440245	0.011812	0	580
440245	440875	-5.995869	-3	630
440875	441895	-2.503824	0	1020
441895	442785	-5.640608	-3	890
442785	443315	-3.512045	-2	530
443315	443705	-0.828537	0	390
443705	444255	0.472191	1	550
444255	445505	-1.015839	-1	1250
