380763	381003	0.732792	0	240
381003	381543	-0.560342	-1	540
381543	386273	1.064597	1	4730
386273	386863	-0.625511	-1	590
386863	396963	1.742866	1	10100
396963	398053	-1.369661	-1	1090
398053	403143	1.243294	1	5090
403143	405733	7.710533	2	2590
405733	407033	-0.746104	0	1300
407033	407723	-5.524086	-3	690
407723	408343	-2.575137	0	620
408343	410563	1.707759	1	2220
410563	411943	5.354092	2	1380
411943	412903	-0.325952	0	960
412903	418363	2.778089	1	5460
418363	419563	6.590539	2	1200
419563	420773	2.428118	1	1210
420773	421463	4.713291	2	690
421463	422653	2.470946	1	1190
422653	428663	7.127116	2	6010
428663	429183	1.056009	0	520
429183	429963	-4.059286	-2	780
429963	434113	-7.496657	-3	4150
434113	436023	-2.667973	0	1910
436023	438253	-0.543857	-1	2230
438253	438753	1.958366	1	500
438753	439733	5.840146	2	980
439733	440363	-0.377779	0	630
440363	440903	-5.931577	-3	540
440903	441993	-2.822715	0	1090
441993	442813	-5.625965	-3	820
442813	443383	-3.574772	-2	570
443383	443803	-0.808526	0	420
443803	444353	0.533105	1	550
444353	445503	-0.866941	-1	1150
