380747	380997	0.775065	0	250
380997	381537	-0.604633	-1	540
381537	386267	1.068677	1	4730
386267	386867	-0.639003	-1	600
386867	396957	1.747744	1	10090
396957	398037	-1.392749	-1	1080
398037	403137	1.329552	1	5100
403137	405717	7.734858	2	2580
405717	407017	-0.704585	0	1300
407017	407717	-5.526691	-3	700
407717	408327	-2.603317	0	610
408327	410577	1.728449	1	2250
410577	411947	5.385881	2	1370
411947	412897	-0.409257	0	950
412897	418367	2.781127	1	5470
418367	419547	6.663262	2	1180
419547	420797	2.474447	1	1250
420797	421447	4.767329	2	650
421447	422647	2.471625	1	1200
422647	428667	7.128099	2	6020
428667	429167	1.030448	0	500
429167	429967	-4.057368	-2	800
429967	434107	-7.506518	-3	4140
434107	435187	-0.688025	0	1080
435187	435687	-6.353919	-3	500
435687	436017	-3.522657	0	330
436017	438257	-0.535250	-1	2240
438257	438747	2.001369	0	490
438747	439717	5.893331	2	970
439717	440347	-0.264654	0	630
440347	440897	-5.941041	-3	550
440897	441977	-2.785391	0	1080
441977	442807	-5.629226	-3	830
442807	443367	-3.598670	-2	560
443367	443797	-0.820392	0	430
443797	444357	0.551480	1	560
444357	445507	-0.863652	-1	1150
