380767	381007	0.714352	0	240
381007	381547	-0.551181	-1	540
381547	386277	1.063432	1	4730
386277	386867	-0.619035	-1	590
386867	396957	1.740179	1	10090
396957	398057	-1.354206	-1	1100
398057	403117	1.082427	1	5060
403117	405757	7.636968	2	2640
405757	407037	-0.834234	0	1280
407037	407727	-5.518712	-3	690
407727	408337	-2.595342	0	610
408337	410507	1.638007	1	2170
410507	411947	5.298296	2	1440
411947	412287	1.749038	0	340
412287	412907	-1.474746	-1	620
412907	418347	2.775210	1	5440
418347	419587	6.501876	2	1240
419587	420677	2.248961	1	1090
420677	421497	4.607986	2	820
421497	422637	2.407243	1	1140
422637	428687	7.104947	2	6050
428687	429187	0.898952	0	500
429187	429977	-4.074819	-2	790
429977	434117	-7.502314	-3	4140
434117	435197	-0.728301	0	1080
435197	435697	-6.278263	-3	500
435697	436037	-3.489156	0	340
436037	438257	-0.536435	-1	2220
438257	438737	1.898085	0	480
438737	439747	5.780792	2	1010
439747	440367	-0.483938	0	620
440367	440907	-5.927773	-3	540
440907	441997	-2.829554	0	1090
441997	442807	-5.633117	-3	810
442807	443377	-3.616279	-2	570
443377	443797	-0.846652	0	420
443797	444347	0.527913	1	550
444347	445507	-0.858024	-1	1160
