380639	380939	1.252573	0	300
380939	381479	-0.904381	-1	540
381479	386189	1.930782	1	4710
386189	386809	-0.782007	-1	620
386809	395169	1.541890	1	8360
395169	395699	-0.411920	-1	530
395699	396889	2.097502	1	1190
396889	397929	-1.520746	0	1040
397929	399069	0.359242	1	1140
399069	399619	-0.184964	-1	550
399619	403079	1.504360	1	3460
403079	405669	7.800033	2	2590
405669	405999	2.108973	0	330
405999	406559	-0.427046	-1	560
406559	406929	-3.477816	0	370
406929	407719	-5.543237	-3	790
407719	408239	-2.600782	0	520
408239	410509	1.693398	1	2270
410509	411949	5.448833	2	1440
411949	412809	-0.875363	0	860
412809	418299	2.745217	1	5490
418299	419519	6.522590	2	1220
419519	420709	2.303198	1	1190
420709	421439	4.811497	2	730
421439	422599	2.318806	1	1160
422599	428659	7.135514	2	6060
428659	429089	0.983999	0	430
429089	429959	-4.070460	-2	870
429959	434099	-7.529129	-3	4140
434099	434349	-2.374507	0	250
434349	434849	2.222931	1	500
434849	435099	-2.465136	0	250
435099	435649	-6.616767	-3	550
435649	435939	-3.483879	0	290
435939	438259	-0.509726	-1	2320
438259	438669	1.949509	0	410
438669	439719	5.950193	2	1050
439719	440249	-0.380291	0	530
440249	440869	-6.013806	-3	620
440869	441899	-2.528480	0	1030
441899	442789	-5.639545	-3	890
442789	443319	-3.512093	-2	530
443319	443719	-0.811340	0	400
443719	444259	0.477175	1	540
444259	445509	-1.018264	-1	1250
