380779	381009	0.692859	0	230
381009	381549	-0.522588	-1	540
381549	386279	1.060677	1	4730
386279	386879	-0.592406	-1	600
386879	396969	1.740520	1	10090
396969	398069	-1.347842	-1	1100
398069	403129	1.087728	1	5060
403129	405759	7.643641	2	2630
405759	407049	-0.829606	0	1290
407049	407729	-5.517152	-3	680
407729	408349	-2.584723	0	620
408349	410539	1.668914	1	2190
410539	411959	5.303290	2	1420
411959	412919	-0.340387	0	960
412919	418349	3.803007	1	5430
418349	419579	6.499256	2	1230
419579	420699	2.303397	1	1120
420699	421499	4.613898	2	800
421499	422649	2.431820	1	1150
422649	428689	7.106843	2	6040
428689	429189	0.951306	0	500
429189	429979	-4.056418	-2	790
429979	434119	-7.499948	-3	4140
434119	435209	-0.789743	0	1090
435209	435709	-6.235112	-3	500
435709	436039	-3.489884	0	330
436039	438259	-0.542141	-1	2220
438259	438749	1.920962	0	490
438749	439749	5.771318	2	1000
439749	440379	-0.499332	0	630
440379	440899	-5.947185	-3	520
440899	442009	-2.882293	0	1110
442009	442819	-5.622964	-3	810
442819	443389	-3.582709	-2	570
443389	443819	-0.809514	0	430
443819	444359	0.516194	1	540
444359	445509	-0.865091	-1	1150
