380460	380870	1.756323	0	410
380870	381390	-2.081848	-1	520
381390	386070	1.468610	1	4680
386070	386720	-0.982018	-1	650
386720	395090	1.556664	1	8370
395090	395650	-0.539854	-1	560
395650	396790	2.162084	1	1140
396790	397750	-1.767372	0	960
397750	398900	0.362480	1	1150
398900	399560	-0.209768	-1	660
399560	403120	1.542821	1	3560
403120	405500	8.213806	2	2380
405500	405820	2.776991	0	320
405820	406500	-0.267743	-1	680
406500	406780	-3.547204	0	280
406780	407710	-5.566144	-3	930
407710	408090	-2.606274	0	380
408090	411290	2.627718	1	3200
411290	411840	6.417586	2	550
411840	412730	-0.972416	0	890
412730	418280	2.756129	1	5550
418280	419390	6.957552	2	1110
419390	422720	2.888312	1	3330
422720	428550	7.223664	2	5830
428550	428960	1.665614	0	410
428960	429810	-4.059800	-2	850
429810	434050	-7.594696	-3	4240
434050	434250	-2.461715	0	200
434250	434770	3.220947	1	520
434770	434970	-2.522115	0	200
434970	435580	-6.995597	-3	610
435580	435810	-3.417143	0	230
435810	438240	-0.466104	-1	2430
438240	438650	2.532227	0	410
438650	439610	6.389864	2	960
439610	440100	0.312874	0	490
440100	440830	-6.009879	-3	730
440830	441750	-1.951868	0	920
441750	442750	-5.597458	-3	1000
442750	443560	-2.367100	0	810
443560	444230	0.596091	1	670
444230	445510	-1.026808	-1	1280
