380760	381000	0.743519	0	240
381000	381540	-0.566025	-1	540
381540	386270	1.065221	1	4730
386270	386870	-0.618391	-1	600
386870	396960	1.743509	1	10090
396960	398050	-1.371089	-1	1090
398050	403120	1.308573	1	5070
403120	405730	7.682858	2	2610
405730	407040	-0.772211	0	1310
407040	407720	-5.532506	-3	680
407720	408330	-2.627008	0	610
408330	410530	1.666623	1	2200
410530	411950	5.320283	2	1420
411950	412280	1.723816	0	330
412280	412900	-1.484852	-1	620
412900	418350	2.775327	1	5450
418350	419580	6.531532	2	1230
419580	420700	2.294271	1	1120
420700	421480	4.643139	2	780
421480	422640	2.428344	1	1160
422640	428670	7.117108	2	6030
428670	429180	1.007928	0	510
429180	429970	-4.066156	-2	790
429970	434110	-7.502162	-3	4140
434110	435200	-0.761984	0	1090
435200	435700	-6.291238	-3	500
435700	436030	-3.470709	0	330
436030	438260	-0.534725	-1	2230
438260	438750	1.989389	0	490
438750	439740	5.823957	2	990
439740	440360	-0.434075	0	620
440360	440890	-5.945240	-3	530
440890	441990	-2.842797	0	1100
441990	442810	-5.627165	-3	820
442810	443380	-3.581984	-2	570
443380	443810	-0.795242	0	430
443810	444350	0.546815	1	540
444350	445510	-0.857999	-1	1160
