380769	381009	0.707505	0	240
381009	381549	-0.545162	-1	540
381549	386279	1.063082	1	4730
386279	386879	-0.606403	-1	600
386879	396969	1.743946	1	10090
396969	398059	-1.366005	-1	1090
398059	403119	1.082641	1	5060
403119	405739	7.663538	2	2620
405739	407049	-0.792444	0	1310
407049	407729	-5.523912	-3	680
407729	408349	-2.550938	0	620
408349	410549	1.689821	1	2200
410549	411959	5.320311	2	1410
411959	412279	1.732489	0	320
412279	412919	-1.422041	-1	640
412919	418359	2.783925	1	5440
418359	419579	6.536559	2	1220
419579	420729	2.344622	1	1150
420729	421489	4.650604	2	760
421489	422649	2.437419	1	1160
422649	428679	7.115078	2	6030
428679	429179	1.019666	0	500
429179	429979	-4.049259	-2	800
429979	434119	-7.502111	-3	4140
434119	436039	-2.662038	0	1920
436039	438259	-0.535523	-1	2220
438259	438749	1.946878	0	490
438749	439749	5.789497	2	1000
439749	440369	-0.491477	0	620
440369	440899	-5.941110	-3	530
440899	441999	-2.851949	0	1100
441999	442809	-5.630095	-3	810
442809	443389	-3.585172	-2	580
443389	443809	-0.800457	0	420
443809	444359	0.521136	1	550
444359	445509	-0.865369	-1	1150
