380727	380987	0.856062	0	260
380987	381527	-0.664306	-1	540
381527	386247	1.288808	1	4720
386247	386857	-0.662491	-1	610
386857	396947	1.488556	1	10090
396947	398017	-1.420867	-1	1070
398017	403097	1.212646	1	5080
403097	405727	7.681350	2	2630
405727	406087	2.009042	0	360
406087	406587	-0.540689	-1	500
406587	407017	-3.518408	0	430
407017	407727	-5.537277	-3	710
407727	408297	-2.624950	0	570
408297	410507	1.648150	1	2210
410507	411957	5.337412	2	1450
411957	412887	-0.533289	0	930
412887	418327	2.769702	1	5440
418327	419577	6.560186	2	1250
419577	420657	2.204984	1	1080
420657	421497	4.625069	2	840
421497	422607	2.325792	1	1110
422607	428687	7.100388	2	6080
428687	429147	0.919163	0	460
429147	429967	-4.051772	-2	820
429967	434107	-7.511311	-3	4140
434107	435177	-0.603025	0	1070
435177	435687	-6.409044	-3	510
435687	436007	-3.455205	0	320
436007	438257	-0.527431	-1	2250
438257	438707	1.870803	0	450
438707	439747	5.810863	2	1040
439747	440337	-0.538077	0	590
440337	440897	-5.950811	-3	560
440897	441957	-2.716138	0	1060
441957	442807	-5.626623	-3	850
442807	443357	-3.575941	-2	550
443357	443777	-0.827355	0	420
443777	444347	0.577140	1	570
444347	445507	-0.860116	-1	1160
