380710	380970	0.942247	0	260
380970	381520	-0.689507	-1	550
381520	386240	1.306146	1	4720
386240	386840	-0.697051	-1	600
386840	396930	1.491124	1	10090
396930	397500	-1.817812	0	570
397500	398000	-0.989725	-1	500
398000	403110	1.083149	1	5110
403110	405700	7.747507	2	2590
405700	406070	2.119629	0	370
406070	406590	-0.544446	-1	520
406590	407000	-3.543319	0	410
407000	407720	-5.540946	-3	720
407720	408300	-2.575419	0	580
408300	410550	1.715280	1	2250
410550	411940	5.405924	2	1390
411940	412870	-0.514266	0	930
412870	418340	2.769940	1	5470
418340	419550	6.668367	2	1210
419550	420770	2.410000	1	1220
420770	421450	4.780900	2	680
421450	422630	2.410720	1	1180
422630	428650	7.135940	2	6020
428650	429150	1.037978	0	500
429150	429970	-4.096838	-2	820
429970	434110	-7.513471	-3	4140
434110	434380	-2.463965	0	270
434380	434880	1.735623	1	500
434880	435160	-2.561197	0	280
435160	435680	-6.434806	-3	520
435680	435990	-3.473829	0	310
435990	438260	-0.525343	-1	2270
438260	438720	1.997498	0	460
438720	439720	5.908615	2	1000
439720	440320	-0.324374	0	600
440320	440890	-5.949115	-3	570
440890	441960	-2.714562	0	1070
441960	442800	-5.641418	-3	840
442800	443350	-3.569902	-2	550
443350	445510	-0.643030	-1	2160
