380526	380886	1.630813	0	360
380886	381426	-1.697489	-1	540
381426	386116	1.443788	1	4690
386116	386756	-0.905252	-1	640
386756	395096	1.555574	1	8340
395096	395666	-0.474974	-1	570
395666	396836	2.277689	1	1170
396836	397816	-1.682137	0	980
397816	398966	0.360726	1	1150
398966	399586	-0.202068	-1	620
399586	403156	1.630001	1	3570
403156	405536	8.161178	2	2380
405536	405886	2.665073	0	350
405886	406516	-0.311525	-1	630
406516	406826	-3.454273	0	310
406826	407706	-5.555554	-3	880
407706	408146	-2.625205	0	440
408146	411296	2.610247	1	3150
411296	411856	6.287408	2	560
411856	412736	-0.826071	0	880
412736	418326	2.754493	1	5590
418326	419396	6.942756	2	1070
419396	422746	2.922880	1	3350
422746	428546	7.221370	2	5800
428546	429006	1.711658	0	460
429006	429936	-4.045916	-2	930
429936	434066	-7.551714	-3	4130
434066	434276	-2.529189	0	210
434276	434806	2.770861	1	530
434806	435016	-2.591223	0	210
435016	435606	-6.862889	-3	590
435606	435846	-3.493974	0	240
435846	438246	-0.492033	-1	2400
438246	438696	2.522294	0	450
438696	439616	6.343551	2	920
439616	440156	0.312019	0	540
440156	440846	-6.028236	-3	690
440846	441796	-2.155297	0	950
441796	442756	-5.622244	-3	960
442756	443616	-2.382795	0	860
443616	444246	0.542319	1	630
444246	445506	-1.030666	-1	1260
