380703	380973	0.925286	0	270
380973	381513	-0.708078	-1	540
381513	386233	1.303959	1	4720
386233	386833	-0.697823	-1	600
386833	395193	1.535492	1	8360
395193	395693	-0.364304	-1	500
395693	396933	1.931353	1	1240
396933	397993	-1.444256	0	1060
397993	403203	1.146605	1	5210
403203	405633	7.962302	2	2430
405633	406063	2.477385	0	430
406063	406583	-0.529273	-1	520
406583	406993	-3.526792	0	410
406993	407723	-5.537258	-3	730
407723	408293	-2.556064	0	570
408293	410813	2.025300	1	2520
410813	411873	5.650598	2	1060
411873	412863	-0.199498	0	990
412863	418403	2.789900	1	5540
418403	419483	6.935614	2	1080
419483	422783	3.039265	1	3300
422783	428583	7.235210	2	5800
428583	429143	1.456784	0	560
429143	429963	-4.085893	-2	820
429963	434093	-7.520738	-3	4130
434093	434373	-2.616648	0	280
434373	434873	1.777224	1	500
434873	435153	-2.529830	0	280
435153	435673	-6.455519	-3	520
435673	435983	-3.492495	0	310
435983	438253	-0.526461	-1	2270
438253	438803	2.388947	1	550
438803	439663	6.142800	2	860
439663	440323	0.013655	0	660
440323	440883	-5.968520	-3	560
440883	441953	-2.707191	0	1070
441953	442793	-5.644068	-3	840
442793	443343	-3.582811	-2	550
443343	443773	-0.808924	0	430
443773	444273	0.428063	1	500
444273	445503	-1.022609	-1	1230
