380755	380995	0.781566	0	240
380995	381545	-0.577002	-1	550
381545	386265	1.069545	1	4720
386265	386865	-0.631037	-1	600
386865	396955	1.744398	1	10090
396955	398045	-1.376614	-1	1090
398045	403075	1.060018	1	5030
403075	405775	7.560673	2	2700
405775	407025	-0.907341	0	1250
407025	407725	-5.521536	-3	700
407725	408335	-2.575940	0	610
408335	410435	1.577497	1	2100
410435	411985	5.203474	2	1550
411985	412895	-0.555983	0	910
412895	418305	3.154306	1	5410
418305	419615	6.380199	2	1310
419615	420535	1.954203	1	920
420535	421565	4.447399	2	1030
421565	422585	2.234280	1	1020
422585	428725	7.059571	2	6140
428725	429185	0.618267	0	460
429185	429975	-4.094682	-2	790
429975	434105	-7.511168	-3	4130
434105	435195	-0.741698	0	1090
435195	435695	-6.327404	-3	500
435695	436025	-3.491673	0	330
436025	438255	-0.536425	-1	2230
438255	438685	1.690019	0	430
438685	439775	5.655899	2	1090
439775	440355	-0.671282	0	580
440355	440895	-5.947229	-3	540
440895	441985	-2.813539	0	1090
441985	442805	-5.632576	-3	820
442805	443375	-3.601351	-2	570
443375	443805	-0.805649	0	430
443805	444355	0.550375	1	550
444355	445505	-0.866371	-1	1150
