380566	380916	1.479482	0	350
380916	381446	-1.118822	-1	530
381446	386146	1.960236	1	4700
386146	386766	-0.887179	-1	620
386766	395126	1.548517	1	8360
395126	395686	-0.453850	-1	560
395686	396856	2.228777	1	1170
396856	397856	-1.628877	0	1000
397856	399006	0.359953	1	1150
399006	399616	-0.192811	-1	610
399616	403056	1.524522	1	3440
403056	405646	7.851867	2	2590
405646	405926	2.022976	0	280
405926	406536	-0.353245	-1	610
406536	406866	-3.493748	0	330
406866	407726	-5.543818	-3	860
407726	408186	-2.515427	0	460
408186	410506	1.720132	1	2320
410506	411916	5.578448	2	1410
411916	412736	-1.059359	0	820
412736	418256	3.595438	1	5520
418256	419496	6.591551	2	1240
419496	420726	2.075145	1	1230
420726	421406	4.953034	2	680
421406	422586	2.284683	1	1180
422586	428636	7.111554	2	6050
428636	429036	1.073163	0	400
429036	429956	-4.066523	-2	920
429956	434076	-7.553099	-3	4120
434076	434306	-2.492352	0	230
434306	434816	2.639733	1	510
434816	435046	-2.438820	0	230
435046	435626	-6.775212	-3	580
435626	435876	-3.501559	0	250
435876	438256	-0.501071	-1	2380
438256	438626	1.957641	0	370
438626	439706	6.035171	2	1080
439706	440196	-0.473880	0	490
440196	440856	-6.039237	-3	660
440856	441846	-2.325149	0	990
441846	442766	-5.643354	-3	920
442766	443286	-3.470394	-2	520
443286	443656	-0.839525	0	370
443656	444246	0.526176	1	590
444246	445506	-1.022686	-1	1260
