380454	380874	1.746589	0	420
380874	381384	-2.270197	-1	510
381384	386074	1.153068	1	4690
386074	386714	-1.001538	-1	640
386714	395084	1.557066	1	8370
395084	395654	-0.532309	-1	570
395654	396774	2.203666	1	1120
396774	397744	-1.750112	0	970
397744	398894	0.362675	1	1150
398894	399564	-0.208353	-1	670
399564	403114	1.540684	1	3550
403114	405504	8.208573	2	2390
405504	405814	2.721643	0	310
405814	406504	-0.273734	-1	690
406504	406774	-3.581985	0	270
406774	407704	-5.571877	-3	930
407704	408094	-2.579528	0	390
408094	410784	2.098164	1	2690
410784	411844	5.984327	2	1060
411844	412734	-1.020790	0	890
412734	418264	2.752356	1	5530
418264	419394	6.937125	2	1130
419394	422704	2.872017	1	3310
422704	428554	7.218058	2	5850
428554	428944	1.742999	0	390
428944	429804	-4.023495	-2	860
429804	434054	-7.590135	-3	4250
434054	434254	-2.322591	0	200
434254	434774	3.259729	1	520
434774	434964	-2.570951	0	190
434964	435584	-6.981259	-3	620
435584	435814	-3.333699	0	230
435814	438244	-0.459597	-1	2430
438244	438634	2.476646	0	390
438634	439614	6.377262	2	980
439614	440094	0.283770	0	480
440094	440824	-6.013054	-3	730
440824	441744	-1.946770	0	920
441744	442744	-5.597630	-3	1000
442744	443554	-2.390584	0	810
443554	444234	0.595368	1	680
444234	445504	-1.034516	-1	1270
