380552	380902	1.561823	0	350
380902	381442	-1.601488	-1	540
381442	386132	1.974992	1	4690
386132	386762	-0.893019	-1	630
386762	395112	1.551744	1	8350
395112	395682	-0.459583	-1	570
395682	396842	2.267549	1	1160
396842	397842	-1.637974	0	1000
397842	398992	0.360237	1	1150
398992	399602	-0.197529	-1	610
399602	403072	1.538009	1	3470
403072	405612	7.936638	2	2540
405612	405912	2.204547	0	300
405912	406532	-0.339509	-1	620
406532	406852	-3.491931	0	320
406852	407712	-5.556740	-3	860
407712	408172	-2.595414	0	460
408172	410522	1.741714	1	2350
410522	411912	5.610278	2	1390
411912	412732	-1.093642	0	820
412732	418252	3.639214	1	5520
418252	419482	6.629871	2	1230
419482	420782	2.174145	1	1300
420782	421382	5.077248	2	600
421382	422602	2.333580	1	1220
422602	428622	7.125880	2	6020
428622	429032	1.113439	0	410
429032	429942	-4.069856	-2	910
429942	434082	-7.542476	-3	4140
434082	434292	-2.413880	0	210
434292	434822	2.625911	1	530
434822	435032	-2.582318	0	210
435032	435622	-6.791715	-3	590
435622	435872	-3.427063	0	250
435872	438262	-0.491097	-1	2390
438262	438632	2.082240	0	370
438632	439692	6.095510	2	1060
439692	440182	-0.357380	0	490
440182	440852	-6.034689	-3	670
440852	441822	-2.243383	0	970
441822	442762	-5.631589	-3	940
442762	443272	-3.469994	-2	510
443272	443642	-0.870137	0	370
443642	444242	0.536526	1	600
444242	445512	-1.021589	-1	1270
