380658	380938	1.154840	0	280
380938	381488	-0.813921	-1	550
381488	386208	1.847015	1	4720
386208	386818	-0.758302	-1	610
386818	395178	1.539812	1	8360
395178	395708	-0.387326	-1	530
395708	396898	2.068381	1	1190
396898	397948	-1.489777	0	1050
397948	399078	0.360425	1	1130
399078	399588	-0.189448	-1	510
399588	403208	1.599290	1	3620
403208	405578	8.066911	2	2370
405578	406018	2.694164	0	440
406018	406558	-0.452290	-1	540
406558	406948	-3.473980	0	390
406948	407718	-5.538891	-3	770
407718	408258	-2.552708	0	540
408258	411238	2.510640	1	2980
411238	411858	5.974854	2	620
411858	412818	-0.285993	0	960
412818	418408	2.782875	1	5590
418408	419448	7.101241	2	1040
419448	422808	3.064264	1	3360
422808	428548	7.262793	2	5740
428548	429108	1.663867	0	560
429108	429958	-4.083942	-2	850
429958	434088	-7.530620	-3	4130
434088	434348	-2.555524	0	260
434348	434848	2.069580	1	500
434848	435118	-2.477194	0	270
435118	435658	-6.564913	-3	540
435658	435948	-3.473364	0	290
435948	438258	-0.516330	-1	2310
438258	438808	2.606252	1	550
438808	439638	6.261219	2	830
439638	440278	0.271306	0	640
440278	440878	-5.954422	-3	600
440878	441908	-2.560305	0	1030
441908	442788	-5.636088	-3	880
442788	443328	-3.512244	-2	540
443328	443728	-0.798160	0	400
443728	444258	0.458550	1	530
444258	445508	-1.018072	-1	1250
