380616	380926	1.349233	0	310
380926	381466	-0.964019	-1	540
381466	386176	2.006773	1	4710
386176	386796	-0.813303	-1	620
386796	395156	1.543882	1	8360
395156	395696	-0.423939	-1	540
395696	396886	2.125908	1	1190
396886	397906	-1.564745	0	1020
397906	399046	0.360715	1	1140
399046	399596	-0.194531	-1	550
399596	403086	1.512827	1	3490
403086	405646	7.859358	2	2560
405646	405976	2.172553	0	330
405976	406556	-0.417750	-1	580
406556	406906	-3.496969	0	350
406906	407716	-5.544783	-3	810
407716	408226	-2.570003	0	510
408226	410536	1.734540	1	2310
410536	411926	5.530145	2	1390
411926	412786	-0.864633	0	860
412786	418296	2.738084	1	5510
418296	419496	6.598629	2	1200
419496	420786	2.432152	1	1290
420786	421406	4.961761	2	620
421406	422626	2.390831	1	1220
422626	428636	7.165947	2	6010
428636	429066	1.152709	0	430
429066	429946	-4.045187	-2	880
429946	434086	-7.533333	-3	4140
434086	434326	-2.545894	0	240
434326	434846	2.280751	1	520
434846	435076	-2.479161	0	230
435076	435646	-6.641555	-3	570
435646	435926	-3.419649	0	280
435926	438256	-0.503214	-1	2330
438256	438676	2.056551	0	420
438676	439696	6.051382	2	1020
439696	440246	-0.378725	0	550
440246	440866	-6.044658	-3	620
440866	441866	-2.426456	0	1000
441866	442786	-5.628682	-3	920
442786	443306	-3.490270	-2	520
443306	443696	-0.826289	0	390
443696	444246	0.500254	1	550
444246	445506	-1.014180	-1	1260
