380728	380988	0.908918	0	260
380988	381528	-0.654499	-1	540
381528	386248	1.076207	1	4720
386248	386858	-0.656805	-1	610
386858	396948	1.488073	1	10090
396948	398018	-1.418202	-1	1070
398018	403158	1.466858	1	5140
403158	405688	7.816843	2	2530
405688	406088	2.227679	0	400
406088	406588	-0.547542	-1	500
406588	407018	-3.525004	0	430
407018	407718	-5.541502	-3	700
407718	408298	-2.655294	0	580
408298	410588	1.736636	1	2290
410588	411918	5.439671	2	1330
411918	412888	-0.338851	0	970
412888	418368	2.781353	1	5480
418368	419538	6.719698	2	1170
419538	420858	2.558541	1	1320
420858	421408	4.873845	2	550
421408	422678	2.558334	1	1270
422678	428638	7.158807	2	5960
428638	429148	1.223214	0	510
429148	429968	-4.052075	-2	820
429968	434108	-7.511120	-3	4140
434108	435178	-0.606144	0	1070
435178	435688	-6.402135	-3	510
435688	436008	-3.447267	0	320
436008	438258	-0.527284	-1	2250
438258	438768	2.156517	1	510
438768	439708	5.981952	2	940
439708	440338	-0.258951	0	630
440338	440888	-5.966286	-3	550
440888	441958	-2.739621	0	1070
441958	442808	-5.623404	-3	850
442808	443358	-3.568933	-2	550
443358	443778	-0.823368	0	420
443778	444348	0.570375	1	570
444348	445508	-0.859648	-1	1160
