380451	381381	-0.013820	0	930
381381	386071	2.488081	1	4690
386071	386711	-1.005890	-1	640
386711	395081	1.557459	1	8370
395081	395651	-0.536370	-1	570
395651	396771	2.206977	1	1120
396771	397741	-1.751723	0	970
397741	398891	0.362784	1	1150
398891	399561	-0.209564	-1	670
399561	403121	1.549485	1	3560
403121	405501	8.220204	2	2380
405501	405811	2.750051	0	310
405811	406501	-0.270129	-1	690
406501	406771	-3.560462	0	270
406771	407711	-5.565832	-3	940
407711	408101	-2.477748	0	390
408101	411341	2.626220	1	3240
411341	411841	6.514093	2	500
411841	412731	-1.012125	0	890
412731	418281	2.759962	1	5550
418281	419391	6.968088	2	1110
419391	422721	2.885734	1	3330
422721	428551	7.223944	2	5830
428551	428951	1.684918	0	400
428951	429801	-4.042766	-2	850
429801	434051	-7.590843	-3	4250
434051	434251	-2.364534	0	200
434251	434771	3.287304	1	520
434771	434961	-2.575291	0	190
434961	435581	-6.988891	-3	620
435581	435811	-3.343709	0	230
435811	438241	-0.458514	-1	2430
438241	438651	2.590928	0	410
438651	439611	6.402725	2	960
439611	440091	0.316984	0	480
440091	440831	-5.999314	-3	740
440831	441741	-1.904284	0	910
441741	442741	-5.596967	-3	1000
442741	443551	-2.396757	0	810
443551	444231	0.600003	1	680
444231	445511	-1.028368	-1	1280
