380692	380962	1.029631	0	270
380962	381512	-0.742391	-1	550
381512	386232	1.330844	1	4720
386232	386832	-0.727318	-1	600
386832	395192	1.537106	1	8360
395192	395712	-0.368840	-1	520
395712	396922	1.999124	1	1210
396922	397982	-1.457448	0	1060
397982	403082	1.066941	1	5100
403082	405722	7.690823	2	2640
405722	406052	1.958313	0	330
406052	406582	-0.505183	-1	530
406582	406982	-3.517815	0	400
406982	407722	-5.542113	-3	740
407722	408282	-2.594550	0	560
408282	410492	1.655583	1	2210
410492	411972	5.342371	2	1480
411972	412852	-0.752397	0	880
412852	418302	3.155736	1	5450
418302	419572	6.579659	2	1270
419572	420612	2.123274	1	1040
420612	421492	4.611692	2	880
421492	422582	2.264460	1	1090
422582	428682	7.100588	2	6100
428682	429132	0.862081	0	450
429132	429962	-4.074335	-2	830
429962	434102	-7.517560	-3	4140
434102	434372	-2.525276	0	270
434372	434872	1.865877	1	500
434872	435142	-2.488889	0	270
435142	435672	-6.482107	-3	530
435672	435982	-3.464168	0	310
435982	438262	-0.518744	-1	2280
438262	438682	1.866807	0	420
438682	439742	5.838069	2	1060
439742	440312	-0.533759	0	570
440312	440882	-5.973807	-3	570
440882	441942	-2.668300	0	1060
441942	442792	-5.645277	-3	850
442792	443342	-3.574291	-2	550
443342	443772	-0.791601	0	430
443772	444272	0.445689	1	500
444272	445512	-1.018300	-1	1240
