380513	380883	1.677529	0	370
380883	381423	-1.783507	-1	540
381423	386113	1.452587	1	4690
386113	386743	-0.942065	-1	630
386743	395103	1.553224	1	8360
395103	395673	-0.486365	-1	570
395673	396823	2.093776	1	1150
396823	397803	-1.703410	0	980
397803	398953	0.361117	1	1150
398953	399593	-0.200289	-1	640
399593	403083	1.567666	1	3490
403083	405573	8.034138	2	2490
405573	405873	2.365349	0	300
405873	406523	-0.317959	-1	650
406523	406813	-3.491142	0	290
406813	407703	-5.560969	-3	890
407703	408143	-2.615530	0	440
408143	410563	1.805238	1	2420
410563	411893	5.718052	2	1330
411893	412733	-1.124819	0	840
412733	418253	2.727898	1	5520
418253	419453	6.742186	2	1200
419453	420843	2.288256	1	1390
420843	421343	5.281812	2	500
421343	422643	2.429559	1	1300
422643	428593	7.168622	2	5950
428593	428993	1.394257	0	400
428993	429823	-4.053561	-2	830
429823	434063	-7.525327	-3	4240
434063	434283	-2.415816	0	220
434283	434793	2.969051	1	510
434793	435003	-2.420888	0	210
435003	435603	-6.878520	-3	600
435603	435843	-3.455531	0	240
435843	438253	-0.483526	-1	2410
438253	438643	2.275492	0	390
438643	439663	6.229420	2	1020
439663	440143	-0.101241	0	480
440143	440843	-6.024466	-3	700
440843	441783	-2.099402	0	940
441783	442753	-5.617123	-3	970
442753	443603	-2.399427	0	850
443603	444243	0.552464	1	640
444243	445503	-1.034775	-1	1260
