380752	380992	0.784107	0	240
380992	381542	-0.581717	-1	550
381542	386262	1.070293	1	4720
386262	386862	-0.634526	-1	600
386862	396952	1.745254	1	10090
396952	398042	-1.378357	-1	1090
398042	403132	1.318234	1	5090
403132	405722	7.718414	2	2590
405722	407022	-0.713688	0	1300
407022	407722	-5.524470	-3	700
407722	408322	-2.628219	0	600
408322	410552	1.690570	1	2230
410552	411952	5.351436	2	1400
411952	412902	-0.409119	0	950
412902	418362	2.780673	1	5460
418362	419552	6.632002	2	1190
419552	420762	2.419386	1	1210
420762	421462	4.720758	2	700
421462	422652	2.460455	1	1190
422652	428672	7.125651	2	6020
428672	429172	1.003760	0	500
429172	429972	-4.065619	-2	800
429972	434112	-7.505006	-3	4140
434112	435182	-0.660275	0	1070
435182	435692	-6.306950	-3	510
435692	436022	-3.500300	0	330
436022	438262	-0.533817	-1	2240
438262	438742	1.979684	0	480
438742	439732	5.844807	2	990
439732	440352	-0.367419	0	620
440352	440902	-5.929448	-3	550
440902	441982	-2.788054	0	1080
441982	442812	-5.625946	-3	830
442812	443372	-3.582044	-2	560
443372	443792	-0.829744	0	420
443792	444362	0.532489	1	570
444362	445512	-0.866922	-1	1150
