380751	380991	0.788689	0	240
380991	381541	-0.583228	-1	550
381541	386261	1.070325	1	4720
386261	386861	-0.635210	-1	600
386861	396951	1.747170	1	10090
396951	398041	-1.378206	-1	1090
398041	403141	1.452286	1	5100
403141	405711	7.746125	2	2570
405711	407031	-0.708839	0	1320
407031	407721	-5.533497	-3	690
407721	408331	-2.585618	0	610
408331	410571	1.720425	1	2240
410571	411931	5.385882	2	1360
411931	412891	-0.317937	0	960
412891	418371	2.777704	1	5480
418371	419551	6.653291	2	1180
419551	420811	2.491033	1	1260
420811	421451	4.769220	2	640
421451	422661	2.488805	1	1210
422661	428671	7.130128	2	6010
428671	429181	0.944055	0	510
429181	429981	-4.101808	-2	800
429981	434111	-7.511123	-3	4130
434111	435191	-0.699275	0	1080
435191	435691	-6.334281	-3	500
435691	436021	-3.502209	0	330
436021	438261	-0.533823	-1	2240
438261	438751	2.019555	0	490
438751	439721	5.881619	2	970
439721	440351	-0.289958	0	630
440351	440901	-5.931155	-3	550
440901	441981	-2.788853	0	1080
441981	442811	-5.626291	-3	830
442811	443371	-3.583991	-2	560
443371	443801	-0.810537	0	430
443801	444351	0.553311	1	550
444351	445511	-0.858667	-1	1160
