380673	380953	1.084436	0	280
380953	381503	-0.787075	-1	550
381503	386213	1.816650	1	4710
386213	386823	-0.739105	-1	610
386823	395183	1.538529	1	8360
395183	395693	-0.388511	-1	510
395693	396913	2.001381	1	1220
396913	397963	-1.481385	0	1050
397963	399093	0.358887	1	1130
399093	399603	-0.182504	-1	510
399603	403163	1.550274	1	3560
403163	405623	7.950939	2	2460
405623	406033	2.456463	0	410
406033	406573	-0.483955	-1	540
406573	406963	-3.519327	0	390
406963	407723	-5.540127	-3	760
407723	408263	-2.582395	0	540
408263	410673	1.868404	1	2410
410673	411903	5.577060	2	1230
411903	412833	-0.479839	0	930
412833	418373	2.772916	1	5540
418373	419493	6.922704	2	1120
419493	422733	2.996013	1	3240
422733	428593	7.220005	2	5860
428593	429113	1.434494	0	520
429113	429953	-4.063995	-2	840
429953	434093	-7.521376	-3	4140
434093	434363	-2.501212	0	270
434363	434863	1.979137	1	500
434863	435123	-2.484225	0	260
435123	435663	-6.514565	-3	540
435663	435963	-3.468649	0	300
435963	438253	-0.518351	-1	2290
438253	438763	2.300724	1	510
438763	439673	6.129088	2	910
439673	440283	0.058478	0	610
440283	440883	-5.941954	-3	600
440883	441923	-2.597294	0	1040
441923	442793	-5.638273	-3	870
442793	443333	-3.537399	-2	540
443333	443743	-0.809388	0	410
443743	444263	0.451068	1	520
444263	445503	-1.020263	-1	1240
