380749	380999	0.749366	0	250
380999	381539	-0.583692	-1	540
381539	386259	1.069456	1	4720
386259	386859	-0.630601	-1	600
386859	396949	1.745083	1	10090
396949	398039	-1.375783	-1	1090
398039	403149	1.339835	1	5110
403149	405699	7.770442	2	2550
405699	407029	-0.670653	0	1330
407029	407719	-5.530466	-3	690
407719	408319	-2.626418	0	600
408319	410589	1.737604	1	2270
410589	411919	5.409336	2	1330
411919	412899	-0.268361	0	980
412899	418379	2.787909	1	5480
418379	419539	6.689470	2	1160
419539	420839	2.551172	1	1300
420839	421429	4.805024	2	590
421429	422679	2.546855	1	1250
422679	428649	7.152987	2	5970
428649	429169	1.124088	0	520
429169	429969	-4.061184	-2	800
429969	434109	-7.506369	-3	4140
434109	435189	-0.693256	0	1080
435189	435689	-6.342055	-3	500
435689	436019	-3.491530	0	330
436019	438259	-0.532404	-1	2240
438259	438779	2.163375	1	520
438779	439709	5.946146	2	930
439709	440349	-0.232685	0	640
440349	440889	-5.950219	-3	540
440889	441989	-2.820326	0	1100
441989	442809	-5.632832	-3	820
442809	443369	-3.582226	-2	560
443369	443799	-0.810010	0	430
443799	444349	0.550168	1	550
444349	445509	-0.856824	-1	1160
