380685	380955	1.074701	0	270
380955	381505	-0.763195	-1	550
381505	386225	1.800505	1	4720
386225	386825	-0.738733	-1	600
386825	395185	1.537746	1	8360
395185	395695	-0.382027	-1	510
395695	396915	1.990852	1	1220
396915	397975	-1.462523	0	1060
397975	399105	0.358066	1	1130
399105	399605	-0.181694	-1	500
399605	403065	1.466945	1	3460
403065	405715	7.680165	2	2650
405715	406045	1.975383	0	330
406045	406575	-0.485397	-1	530
406575	406975	-3.498502	0	400
406975	407725	-5.537740	-3	750
407725	408275	-2.588153	0	550
408275	410495	1.659380	1	2220
410495	411955	5.374578	2	1460
411955	412845	-0.699393	0	890
412845	418305	2.752734	1	5460
418305	419565	6.617025	2	1260
419565	420615	2.134005	1	1050
420615	421485	4.626727	2	870
421485	422585	2.272345	1	1100
422585	428685	7.101166	2	6100
428685	429125	0.845107	0	440
429125	429965	-4.075116	-2	840
429965	434095	-7.525956	-3	4130
434095	434365	-2.603747	0	270
434365	434865	1.919604	1	500
434865	435135	-2.437488	0	270
435135	435675	-6.482548	-3	540
435675	435975	-3.444074	0	300
435975	438255	-0.520538	-1	2280
438255	438685	1.863496	0	430
438685	439735	5.875038	2	1050
439735	440295	-0.389918	0	560
440295	440885	-5.950064	-3	590
440885	441935	-2.637771	0	1050
441935	442795	-5.641817	-3	860
442795	443345	-3.544242	-2	550
443345	443755	-0.797070	0	410
443755	444275	0.440097	1	520
444275	445505	-1.025604	-1	1230
