380762	381002	0.726838	0	240
381002	381542	-0.556799	-1	540
381542	386272	1.064223	1	4730
386272	386862	-0.623198	-1	590
386862	396962	1.742764	1	10100
396962	398052	-1.368806	-1	1090
398052	403122	1.309353	1	5070
403122	405732	7.681450	2	2610
405732	407042	-0.778105	0	1310
407042	407722	-5.530392	-3	680
407722	408342	-2.570812	0	620
408342	410552	1.695878	1	2210
410552	411942	5.346810	2	1390
411942	412912	-0.323685	0	970
412912	418362	2.783904	1	5450
418362	419562	6.587718	2	1200
419562	420742	2.384815	1	1180
420742	421462	4.690703	2	720
421462	422652	2.472086	1	1190
422652	428672	7.122165	2	6020
428672	429182	0.985802	0	510
429182	429972	-4.066310	-2	790
429972	434112	-7.501727	-3	4140
434112	435202	-0.765764	0	1090
435202	435702	-6.283051	-3	500
435702	436032	-3.463125	0	330
436032	438262	-0.534619	-1	2230
438262	438752	2.005122	0	490
438752	439732	5.838098	2	980
439732	440362	-0.383150	0	630
440362	440902	-5.920829	-3	540
440902	441992	-2.825180	0	1090
441992	442812	-5.625428	-3	820
442812	443382	-3.575159	-2	570
443382	443802	-0.808880	0	420
443802	444362	0.520925	1	560
444362	445512	-0.864927	-1	1150
