380706	380986	0.951350	0	280
380986	381516	-0.721757	-1	530
381516	386236	1.304280	1	4720
386236	386836	-0.702110	-1	600
386836	396926	1.491654	1	10090
396926	397986	-1.447051	-1	1060
397986	403196	1.138908	1	5210
403196	405646	7.936779	2	2450
405646	406066	2.400160	0	420
406066	406586	-0.539904	-1	520
406586	406996	-3.535997	0	410
406996	407726	-5.536769	-3	730
407726	408286	-2.587365	0	560
408286	410776	1.972880	1	2490
410776	411886	5.616364	2	1110
411886	412856	-0.256313	0	970
412856	418406	2.785233	1	5550
418406	419486	6.933093	2	1080
419486	422756	3.023044	1	3270
422756	428596	7.216381	2	5840
428596	429136	1.437538	0	540
429136	429966	-4.069907	-2	830
429966	434106	-7.513286	-3	4140
434106	435156	-0.491569	0	1050
435156	435676	-6.434569	-3	520
435676	435986	-3.486148	0	310
435986	438246	-0.529219	-1	2260
438246	438786	2.266806	1	540
438786	439676	6.095703	2	890
439676	440326	-0.081047	0	650
440326	440896	-5.950857	-3	570
440896	441956	-2.691111	0	1060
441956	442796	-5.646014	-3	840
442796	443346	-3.575936	-2	550
443346	445506	-0.642729	-1	2160
