380477	380867	1.763309	0	390
380867	381397	-1.943389	-1	530
381397	386087	1.461682	1	4690
386087	386727	-0.973589	-1	640
386727	395087	1.556663	1	8360
395087	395667	-0.506325	-1	580
395667	396797	2.164517	1	1130
396797	397767	-1.740085	0	970
397767	398917	0.362019	1	1150
398917	399567	-0.208527	-1	650
399567	403107	1.522195	1	3540
403107	405527	8.152525	2	2420
405527	405837	2.605155	0	310
405837	406507	-0.282233	-1	670
406507	406777	-3.453247	0	270
406777	407707	-5.556216	-3	930
407707	408107	-2.615308	0	400
408107	410627	1.894658	1	2520
410627	411857	5.838613	2	1230
411857	412737	-1.019341	0	880
412737	418267	2.745907	1	5530
418267	419427	6.863140	2	1160
419427	422677	2.837864	1	3250
422677	428567	7.198281	2	5890
428567	428977	1.496668	0	410
428977	429807	-4.064476	-2	830
429807	434057	-7.524756	-3	4250
434057	434257	-2.453424	0	200
434257	434787	3.073923	1	530
434787	434967	-2.434905	0	180
434967	435597	-6.890206	-3	630
435597	435827	-3.324499	0	230
435827	438257	-0.466468	-1	2430
438257	438637	2.448752	0	380
438637	439637	6.320775	2	1000
439637	440117	0.045613	0	480
440117	440827	-6.036138	-3	710
440827	441767	-2.045072	0	940
441767	442757	-5.605517	-3	990
442757	443567	-2.381637	0	810
443567	444247	0.566700	1	680
444247	445507	-1.039228	-1	1260
