380492	380882	1.694697	0	390
380882	381402	-1.937298	-1	520
381402	386102	1.452759	1	4700
386102	386732	-0.970512	-1	630
386732	395092	1.555272	1	8360
395092	395672	-0.496843	-1	580
395672	396802	2.152732	1	1130
396802	397782	-1.716520	0	980
397782	398932	0.361673	1	1150
398932	399572	-0.206400	-1	640
399572	403092	1.500200	1	3520
403092	405542	8.102303	2	2450
405542	405852	2.544680	0	310
405852	406512	-0.290173	-1	660
406512	406792	-3.459515	0	280
406792	407712	-5.553715	-3	920
407712	408122	-2.580349	0	410
408122	410592	1.844313	1	2470
410592	411872	5.783358	2	1280
411872	412732	-1.063267	0	860
412732	418262	2.736303	1	5530
418262	419422	6.840311	2	1160
419422	422672	2.843569	1	3250
422672	428572	7.191884	2	5900
428572	428992	1.431563	0	420
428992	429812	-4.076189	-2	820
429812	434062	-7.521781	-3	4250
434062	434262	-2.481537	0	200
434262	434792	2.969287	1	530
434792	434982	-2.432017	0	190
434982	435602	-6.875214	-3	620
435602	435832	-3.378706	0	230
435832	438262	-0.473739	-1	2430
438262	438632	2.358963	0	370
438632	439652	6.263281	2	1020
439652	440132	-0.087485	0	480
440132	440842	-6.021447	-3	710
440842	441772	-2.036087	0	930
441772	442752	-5.611763	-3	980
442752	443582	-2.400413	0	830
443582	444242	0.560181	1	660
444242	445512	-1.029501	-1	1270
