380598	380918	1.416222	0	320
380918	381458	-1.009812	-1	540
381458	386168	1.802307	1	4710
386168	386788	-0.837639	-1	620
386788	395138	1.547372	1	8350
395138	395688	-0.432497	-1	550
395688	396878	2.147692	1	1190
396878	397888	-1.591095	0	1010
397888	399038	0.358768	1	1150
399038	399608	-0.194458	-1	570
399608	403088	1.528864	1	3480
403088	405628	7.900455	2	2540
405628	405958	2.240980	0	330
405958	406548	-0.392992	-1	590
406548	406888	-3.476293	0	340
406888	407718	-5.542879	-3	830
407718	408208	-2.577044	0	490
408208	410538	1.739833	1	2330
410538	411908	5.572587	2	1370
411908	412768	-0.846346	0	860
412768	418298	2.734858	1	5530
418298	419488	6.644424	2	1190
419488	420788	2.436716	1	1300
420788	421388	5.011357	2	600
421388	422628	2.404913	1	1240
422628	428628	7.126846	2	6000
428628	429058	1.160864	0	430
429058	429948	-4.060023	-2	890
429948	434078	-7.542163	-3	4130
434078	434318	-2.560514	0	240
434318	434838	2.386203	1	520
434838	435068	-2.543289	0	230
435068	435638	-6.695972	-3	570
435638	435898	-3.500719	0	260
435898	438258	-0.508383	-1	2360
438258	438658	2.039028	0	400
438658	439688	6.067396	2	1030
439688	440228	-0.317437	0	540
440228	440868	-6.032847	-3	640
440868	441858	-2.370293	0	990
441858	442778	-5.633173	-3	920
442778	443288	-3.512825	-2	510
443288	443678	-0.866741	0	390
443678	444258	0.492228	1	580
444258	445508	-1.026233	-1	1250
