380589	380919	1.415454	0	330
380919	381459	-1.030547	-1	540
381459	386159	1.842543	1	4700
386159	386789	-0.837317	-1	630
386789	395129	1.549996	1	8340
395129	395689	-0.432302	-1	560
395689	396859	2.195581	1	1170
396859	397879	-1.580368	0	1020
397879	399029	0.359123	1	1150
399029	399609	-0.193840	-1	580
399609	403129	1.570709	1	3520
403129	405609	7.988387	2	2480
405609	405949	2.329265	0	340
405949	406549	-0.399240	-1	600
406549	406889	-3.541693	0	340
406889	407709	-5.556180	-3	820
407709	408199	-2.613464	0	490
408199	410609	1.828164	1	2410
410609	411889	5.649130	2	1280
411889	412759	-0.768943	0	870
412759	418319	2.742194	1	5560
418319	419449	6.758527	2	1130
419449	422689	2.965816	1	3240
422689	428599	7.169751	2	5910
428599	429049	1.363254	0	450
429049	429939	-4.047301	-2	890
429939	434079	-7.537074	-3	4140
434079	434309	-2.546405	0	230
434309	434819	2.479152	1	510
434819	435069	-2.478192	0	250
435069	435629	-6.753434	-3	560
435629	435899	-3.475233	0	270
435899	438259	-0.499214	-1	2360
438259	438699	2.316106	0	440
438699	439659	6.188953	2	960
439659	440219	-0.086252	0	560
440219	440859	-6.043669	-3	640
440859	441849	-2.356655	0	990
441849	442779	-5.628407	-3	930
442779	443279	-3.504024	-2	500
443279	443669	-0.881297	0	390
443669	444249	0.503189	1	580
444249	445509	-1.020154	-1	1260
