380692	380962	1.031288	0	270
380962	381512	-0.752230	-1	550
381512	386232	1.337272	1	4720
386232	386832	-0.730040	-1	600
386832	395192	1.537199	1	8360
395192	395702	-0.377770	-1	510
395702	396922	1.984770	1	1220
396922	397982	-1.459310	0	1060
397982	399102	0.360755	1	1120
399102	399602	-0.179346	-1	500
399602	403072	1.466494	1	3470
403072	405722	7.678254	2	2650
405722	406052	1.941386	0	330
406052	406582	-0.502900	-1	530
406582	406982	-3.527382	0	400
406982	407722	-5.544189	-3	740
407722	408282	-2.591086	0	560
408282	410482	1.647105	1	2200
410482	411962	5.347381	2	1480
411962	412852	-0.706443	0	890
412852	418292	3.029490	1	5440
418292	419582	6.539868	2	1290
419582	420602	2.088469	1	1020
420602	421502	4.599297	2	900
421502	422572	2.231217	1	1070
422572	428682	7.096749	2	6110
428682	429122	0.918028	0	440
429122	429962	-4.053803	-2	840
429962	434102	-7.518391	-3	4140
434102	435142	-0.399171	0	1040
435142	435672	-6.490322	-3	530
435672	435972	-3.509718	0	300
435972	438262	-0.525180	-1	2290
438262	438672	1.818796	0	410
438672	439752	5.804078	2	1080
439752	440302	-0.539070	0	550
440302	440892	-5.945127	-3	590
440892	441942	-2.642178	0	1050
441942	442792	-5.647496	-3	850
442792	443342	-3.579499	-2	550
443342	443762	-0.812906	0	420
443762	444272	0.439428	1	510
444272	445512	-1.014581	-1	1240
