380740	380980	0.840351	0	240
380980	381540	-0.598130	-1	560
381540	386260	1.073163	1	4720
386260	386850	-0.661462	-1	590
386850	396950	1.746932	1	10100
396950	398030	-1.397916	-1	1080
398030	403120	1.437865	1	5090
403120	405720	7.712410	2	2600
405720	406100	2.083844	0	380
406100	406600	-0.590105	-1	500
406600	407020	-3.521576	0	420
407020	407720	-5.533225	-3	700
407720	408310	-2.637598	0	590
408310	410530	1.672046	1	2220
410530	411950	5.345303	2	1420
411950	412900	-0.444864	0	950
412900	418340	2.777845	1	5440
418340	419560	6.591885	2	1220
419560	420750	2.384568	1	1190
420750	421460	4.721073	2	710
421460	422630	2.423728	1	1170
422630	428670	7.117047	2	6040
428670	429160	1.011672	0	490
429160	429960	-4.051150	-2	800
429960	434110	-7.501102	-3	4150
434110	435180	-0.637111	0	1070
435180	435690	-6.348490	-3	510
435690	436010	-3.491615	0	320
436010	438260	-0.532580	-1	2250
438260	438730	1.960346	0	470
438730	439720	5.866460	2	990
439720	440350	-0.360636	0	630
440350	440890	-5.959541	-3	540
440890	441970	-2.775188	0	1080
441970	442810	-5.624238	-3	840
442810	443370	-3.557364	-2	560
443370	443790	-0.799878	0	420
443790	444350	0.560818	1	560
444350	445510	-0.859489	-1	1160
