380775	381015	0.738138	0	240
381015	381545	-0.535286	-1	530
381545	386285	1.058753	1	4740
386285	386875	-0.605297	-1	590
386875	396965	1.480488	1	10090
396965	398065	-1.348432	-1	1100
398065	403135	1.315665	1	5070
403135	405735	7.686481	2	2600
405735	407055	-0.775791	0	1320
407055	407725	-5.528008	-3	670
407725	408345	-2.599285	0	620
408345	410555	1.686989	1	2210
410555	411945	5.335958	2	1390
411945	412915	-0.294003	0	970
412915	418365	2.781516	1	5450
418365	419565	6.567397	2	1200
419565	420735	2.376896	1	1170
420735	421475	4.660808	2	740
421475	422665	2.484574	1	1190
422665	428675	7.123140	2	6010
428675	429185	1.031698	0	510
429185	429975	-4.048162	-2	790
429975	434115	-7.500390	-3	4140
434115	435205	-0.784894	0	1090
435205	435705	-6.244237	-3	500
435705	436045	-3.460572	0	340
436045	438255	-0.537286	-1	2210
438255	438765	1.986521	1	510
438765	439725	5.853182	2	960
439725	440375	-0.333197	0	650
440375	440895	-5.946426	-3	520
440895	441995	-2.859987	0	1100
441995	442815	-5.617060	-3	820
442815	443385	-3.594839	-2	570
443385	443805	-0.832901	0	420
443805	444355	0.514864	1	550
444355	445505	-0.865869	-1	1150
