380566	380906	1.495322	0	340
380906	381446	-1.091059	-1	540
381446	386146	2.180270	1	4700
386146	386776	-0.865795	-1	630
386776	395116	1.551868	1	8340
395116	395696	-0.432200	-1	580
395696	396846	2.261108	1	1150
396846	397856	-1.608802	0	1010
397856	399006	0.359914	1	1150
399006	399606	-0.195215	-1	600
399606	403126	1.582559	1	3520
403126	405576	8.044706	2	2450
405576	405926	2.475413	0	350
405926	406536	-0.366976	-1	610
406536	406876	-3.563976	0	340
406876	407706	-5.561146	-3	830
407706	408176	-2.637272	0	470
408176	410656	1.892859	1	2480
410656	411886	5.711079	2	1230
411886	412736	-0.867482	0	850
412736	418316	2.737003	1	5580
418316	419436	6.807620	2	1120
419436	422716	2.890091	1	3280
422716	428576	7.192663	2	5860
428576	429036	1.478601	0	460
429036	429946	-4.061529	-2	910
429946	434076	-7.546494	-3	4130
434076	434306	-2.429896	0	230
434306	434826	2.575380	1	520
434826	435046	-2.600575	0	220
435046	435626	-6.768280	-3	580
435626	435876	-3.474064	0	250
435876	438256	-0.499850	-1	2380
438256	438696	2.391573	0	440
438696	439646	6.244471	2	950
439646	440196	0.021602	0	550
440196	440856	-6.037253	-3	660
440856	441826	-2.274415	0	970
441826	442766	-5.629082	-3	940
442766	443286	-3.450055	-2	520
443286	443646	-0.845063	0	360
443646	444246	0.518297	1	600
444246	445506	-1.023791	-1	1260
