380783	381013	0.632439	0	230
381013	381583	-0.490960	-1	570
381583	386283	1.064522	1	4700
386283	386873	-0.588907	-1	590
386873	396973	1.477513	1	10100
396973	398073	-1.341301	-1	1100
398073	403163	1.111602	1	5090
403163	405713	7.746090	2	2550
405713	407063	-0.707543	0	1350
407063	407723	-5.529845	-3	660
407723	408353	-2.573041	0	630
408353	410653	1.805296	1	2300
410653	411913	5.426836	2	1260
411913	412923	-0.131065	0	1010
412923	418403	2.797666	1	5480
418403	419543	6.666652	2	1140
419543	420853	2.585801	1	1310
420853	421423	4.771999	2	570
421423	422703	2.616899	1	1280
422703	428653	7.221440	2	5950
428653	429193	1.117257	0	540
429193	429973	-4.060296	-2	780
429973	434123	-7.491053	-3	4150
434123	436043	-2.666340	0	1920
436043	438243	-0.545121	-1	2200
438243	438793	2.069916	1	550
438793	439703	5.917506	2	910
439703	440373	-0.166230	0	670
440373	440893	-5.927992	-3	520
440893	442003	-2.888208	0	1110
442003	442813	-5.617398	-3	810
442813	443383	-3.604587	-2	570
443383	443813	-0.830932	0	430
443813	444353	0.505710	1	540
444353	445503	-0.864037	-1	1150
