380457	380867	1.767242	0	410
380867	381387	-2.088944	-1	520
381387	386067	1.469141	1	4680
386067	386717	-0.983632	-1	650
386717	395087	1.556847	1	8370
395087	395657	-0.531732	-1	570
395657	396787	2.182353	1	1130
396787	397747	-1.767113	0	960
397747	398897	0.362544	1	1150
398897	399557	-0.211262	-1	660
399557	403137	1.562945	1	3580
403137	405497	8.239593	2	2360
405497	405817	2.782870	0	320
405817	406497	-0.261571	-1	680
406497	406777	-3.542760	0	280
406777	407707	-5.567653	-3	930
407707	408087	-2.619531	0	380
408087	411327	2.659065	1	3240
411327	411847	6.494542	2	520
411847	412737	-1.030169	0	890
412737	418287	2.762693	1	5550
418287	419397	6.965227	2	1110
419397	422727	2.887574	1	3330
422727	428537	7.228886	2	5810
428537	428957	1.780223	0	420
428957	429807	-4.054423	-2	850
429807	434047	-7.596570	-3	4240
434047	434247	-2.504502	0	200
434247	434777	3.191134	1	530
434777	434967	-2.631642	0	190
434967	435577	-7.009798	-3	610
435577	435807	-3.431345	0	230
435807	438247	-0.465591	-1	2440
438247	438657	2.641490	0	410
438657	439617	6.396691	2	960
439617	440097	0.247280	0	480
440097	440827	-6.014423	-3	730
440827	441747	-1.950207	0	920
441747	442747	-5.598027	-3	1000
442747	443557	-2.376896	0	810
443557	444227	0.601636	1	670
444227	445507	-1.025512	-1	1280
