380744	380994	0.788680	0	250
380994	381534	-0.608921	-1	540
381534	386264	1.069496	1	4730
386264	386864	-0.642870	-1	600
386864	396954	1.748112	1	10090
396954	398034	-1.394121	-1	1080
398034	403154	1.462286	1	5120
403154	405694	7.792025	2	2540
405694	406104	2.239855	0	410
406104	406604	-0.598039	-1	500
406604	407014	-3.492585	0	410
407014	407724	-5.524613	-3	710
407724	408324	-2.578771	0	600
408324	410574	1.724866	1	2250
410574	411934	5.396395	2	1360
411934	412894	-0.357762	0	960
412894	418374	2.781666	1	5480
418374	419534	6.708331	2	1160
419534	420854	2.567112	1	1320
420854	421424	4.834417	2	570
421424	422674	2.543247	1	1250
422674	428654	7.145679	2	5980
428654	429174	1.053834	0	520
429174	429964	-4.080542	-2	790
429964	434104	-7.506527	-3	4140
434104	435184	-0.685577	0	1080
435184	435694	-6.333879	-3	510
435694	436014	-3.479719	0	320
436014	438254	-0.535540	-1	2240
438254	438764	2.069927	1	510
438764	439714	5.931752	2	950
439714	440344	-0.238035	0	630
440344	440894	-5.939611	-3	550
440894	441974	-2.782342	0	1080
441974	442804	-5.629581	-3	830
442804	443364	-3.602815	-2	560
443364	443794	-0.823108	0	430
443794	444354	0.554584	1	560
444354	445504	-0.867695	-1	1150
