380569	380919	1.451430	0	350
380919	381449	-1.107050	-1	530
381449	386139	2.168005	1	4690
386139	386769	-0.865395	-1	630
386769	395119	1.550001	1	8350
395119	395689	-0.442846	-1	570
395689	396859	2.223063	1	1170
396859	397859	-1.625261	0	1000
397859	399009	0.359863	1	1150
399009	399619	-0.191108	-1	610
399619	403109	1.568456	1	3490
403109	405599	7.991054	2	2490
405599	405929	2.343663	0	330
405929	406529	-0.340600	-1	600
406529	406869	-3.466587	0	340
406869	407709	-5.555521	-3	840
407709	408189	-2.586650	0	480
408189	410579	1.803629	1	2390
410579	411889	5.656293	2	1310
411889	412739	-0.866608	0	850
412739	418299	2.730464	1	5560
418299	419469	6.718036	2	1170
419469	422669	2.939289	1	3200
422669	428599	7.164860	2	5930
428599	429039	1.330382	0	440
429039	429939	-4.055551	-2	900
429939	434079	-7.540341	-3	4140
434079	434309	-2.397242	0	230
434309	434819	2.610693	1	510
434819	435049	-2.502188	0	230
435049	435629	-6.761860	-3	580
435629	435879	-3.463469	0	250
435879	438259	-0.498090	-1	2380
438259	438679	2.278227	0	420
438679	439659	6.193551	2	980
439659	440199	-0.071658	0	540
440199	440859	-6.034215	-3	660
440859	441849	-2.328718	0	990
441849	442769	-5.639864	-3	920
442769	443279	-3.480595	-2	510
443279	443659	-0.853344	0	380
443659	444249	0.520373	1	590
444249	445509	-1.022993	-1	1260
