380475	380875	1.726681	0	400
380875	381395	-2.014417	-1	520
381395	386085	1.459040	1	4690
386085	386725	-0.976129	-1	640
386725	395085	1.556875	1	8360
395085	395675	-0.498282	-1	590
395675	396795	2.185160	1	1120
396795	397765	-1.741275	0	970
397765	398915	0.362112	1	1150
398915	399565	-0.208994	-1	650
399565	403095	1.511325	1	3530
403095	405535	8.128001	2	2440
405535	405835	2.528507	0	300
405835	406505	-0.279561	-1	670
406505	406795	-3.555247	0	290
406795	407705	-5.567735	-3	910
407705	408105	-2.624743	0	400
408105	410725	2.014030	1	2620
410725	411865	5.900351	2	1140
411865	412735	-1.085577	0	870
412735	418275	2.748958	1	5540
418275	419415	6.897811	2	1140
419415	422685	2.850718	1	3270
422685	428565	7.201139	2	5880
428565	428965	1.597223	0	400
428965	429815	-4.047276	-2	850
429815	434055	-7.592152	-3	4240
434055	434255	-2.489025	0	200
434255	434775	3.144310	1	520
434775	434975	-2.415709	0	200
434975	435585	-6.960276	-3	610
435585	435825	-3.407398	0	240
435825	438245	-0.468129	-1	2420
438245	438645	2.436572	0	400
438645	439635	6.335096	2	990
439635	440115	0.068931	0	480
440115	440835	-6.019822	-3	720
440835	441765	-2.011269	0	930
441765	442755	-5.605082	-3	990
442755	443575	-2.356534	0	820
443575	444235	0.586547	1	660
444235	445505	-1.031183	-1	1270
