380763	381003	0.732093	0	240
381003	381543	-0.559990	-1	540
381543	386273	1.064562	1	4730
386273	386863	-0.625306	-1	590
386863	396963	1.742849	1	10100
396963	398053	-1.369562	-1	1090
398053	403093	1.214154	1	5040
403093	405773	7.584004	2	2680
405773	407033	-0.894105	0	1260
407033	407723	-5.524012	-3	690
407723	408343	-2.574495	0	620
408343	410493	1.633461	1	2150
410493	411973	5.261016	2	1480
411973	412903	-0.463799	0	930
412903	418323	2.769722	1	5420
418323	419593	6.445300	2	1270
419593	420603	2.116659	1	1010
420603	421523	4.532863	2	920
421523	422613	2.334344	1	1090
422613	428703	7.085560	2	6090
428703	429183	0.811469	0	480
429183	429963	-4.059443	-2	780
429963	434113	-7.496627	-3	4150
434113	436023	-2.667890	0	1910
436023	438253	-0.543824	-1	2230
438253	438723	1.831226	0	470
438723	439763	5.728882	2	1040
439763	440363	-0.591003	0	600
440363	440903	-5.931302	-3	540
440903	441993	-2.822822	0	1090
441993	442813	-5.625873	-3	820
442813	443383	-3.574373	-2	570
443383	443803	-0.808231	0	420
443803	444353	0.532965	1	550
444353	445503	-0.866910	-1	1150
