380571	380911	1.500414	0	340
380911	381451	-1.091325	-1	540
381451	386151	1.954543	1	4700
386151	386771	-0.880830	-1	620
386771	395121	1.550035	1	8350
395121	395681	-0.451951	-1	560
395681	396861	2.204527	1	1180
396861	397861	-1.626586	0	1000
397861	399011	0.359858	1	1150
399011	399621	-0.191185	-1	610
399621	403051	1.519899	1	3430
403051	405651	7.835349	2	2600
405651	405931	1.995908	0	280
405931	406531	-0.337902	-1	600
406531	406871	-3.468156	0	340
406871	407721	-5.550327	-3	850
407721	408191	-2.535987	0	470
408191	410491	1.705391	1	2300
410491	411931	5.536351	2	1440
411931	412741	-1.125900	0	810
412741	418261	3.622437	1	5520
418261	419511	6.566695	2	1250
419511	420731	2.309663	1	1220
420731	421411	4.949999	2	680
421411	422581	2.271739	1	1170
422581	428641	7.104377	2	6060
428641	429031	1.101296	0	390
429031	429941	-4.034278	-2	910
429941	434081	-7.539943	-3	4140
434081	434311	-2.408977	0	230
434311	434821	2.613822	1	510
434821	435051	-2.504791	0	230
435051	435631	-6.762887	-3	580
435631	435881	-3.464001	0	250
435881	438261	-0.499228	-1	2380
438261	438621	1.937369	0	360
438621	439701	6.024655	2	1080
439701	440201	-0.428924	0	500
440201	440861	-6.031147	-3	660
440861	441841	-2.301233	0	980
441841	442771	-5.635705	-3	930
442771	443281	-3.479027	-2	510
443281	443651	-0.878401	0	370
443651	444241	0.520946	1	590
444241	445511	-1.015886	-1	1270
