380735	380985	0.839096	0	250
380985	381535	-0.622019	-1	550
381535	386255	1.074269	1	4720
386255	386855	-0.657531	-1	600
386855	396945	1.747968	1	10090
396945	398025	-1.400902	-1	1080
398025	403155	1.464612	1	5130
403155	405685	7.810325	2	2530
405685	407005	-0.590904	0	1320
407005	407725	-5.519849	-3	720
407725	408315	-2.579741	0	590
408315	410605	1.762660	1	2290
410605	411915	5.443549	2	1310
411915	412895	-0.293824	0	980
412895	418385	2.787733	1	5490
418385	419535	6.744798	2	1150
419535	420885	2.606526	1	1350
420885	421415	4.873137	2	530
421415	422695	2.579540	1	1280
422695	428635	7.165374	2	5940
428635	429155	1.240494	0	520
429155	429965	-4.052275	-2	810
429965	434105	-7.508676	-3	4140
434105	435175	-0.627264	0	1070
435175	435685	-6.363727	-3	510
435685	436005	-3.514061	0	320
436005	438255	-0.535410	-1	2250
438255	438765	2.104712	1	510
438765	439705	5.965381	2	940
439705	440345	-0.236921	0	640
440345	440895	-5.952949	-3	550
440895	441965	-2.749999	0	1070
441965	442805	-5.626938	-3	840
442805	443365	-3.573615	-2	560
443365	443775	-0.831030	0	410
443775	444355	0.550887	1	580
444355	445505	-0.867601	-1	1150
