380695	380965	1.012273	0	270
380965	381515	-0.738467	-1	550
381515	386235	1.335925	1	4720
386235	386835	-0.723924	-1	600
386835	395195	1.536856	1	8360
395195	395705	-0.372071	-1	510
395705	396925	1.979674	1	1220
396925	397985	-1.456275	0	1060
397985	399105	0.360394	1	1120
399105	399605	-0.177955	-1	500
399605	403085	1.476180	1	3480
403085	405725	7.688636	2	2640
405725	406055	1.940388	0	330
406055	406575	-0.488792	-1	520
406575	406985	-3.494762	0	410
406985	407725	-5.538294	-3	740
407725	408285	-2.576925	0	560
408285	410495	1.658443	1	2210
410495	411965	5.352448	2	1470
411965	412855	-0.706893	0	890
412855	418305	3.156316	1	5450
418305	419565	6.599000	2	1260
419565	420645	2.186578	1	1080
420645	421485	4.648003	2	840
421485	422585	2.280886	1	1100
422585	428685	7.098917	2	6100
428685	429125	0.899940	0	440
429125	429955	-4.047158	-2	830
429955	434095	-7.517947	-3	4140
434095	434365	-2.672114	0	270
434365	434865	1.862318	1	500
434865	435135	-2.341283	0	270
435135	435675	-6.451042	-3	540
435675	435975	-3.494299	0	300
435975	438255	-0.527008	-1	2280
438255	438685	1.841593	0	430
438685	439735	5.854267	2	1050
439735	440305	-0.408911	0	570
440305	440885	-5.956656	-3	580
440885	441945	-2.672449	0	1060
441945	442795	-5.645127	-3	850
442795	443345	-3.568111	-2	550
443345	443775	-0.786159	0	430
443775	444275	0.445560	1	500
444275	445505	-1.023458	-1	1230
