380678	380958	1.080267	0	280
380958	381508	-0.781096	-1	550
381508	386218	1.801893	1	4710
386218	386828	-0.734381	-1	610
386828	395188	1.538284	1	8360
395188	395698	-0.388694	-1	510
395698	396918	1.998622	1	1220
396918	397968	-1.480333	0	1050
397968	399098	0.358834	1	1130
399098	399618	-0.177875	-1	520
399618	403078	1.483916	1	3460
403078	405718	7.700146	2	2640
405718	406038	1.939269	0	320
406038	406578	-0.489044	-1	540
406578	406968	-3.517196	0	390
406968	407718	-5.543223	-3	750
407718	408268	-2.622854	0	550
408268	410478	1.642227	1	2210
410478	411958	5.365162	2	1480
411958	412838	-0.748774	0	880
412838	418298	2.749508	1	5460
418298	419568	6.608819	2	1270
419568	420638	2.159458	1	1070
420638	421478	4.662342	2	840
421478	422578	2.265945	1	1100
422578	428678	7.103913	2	6100
428678	429118	0.894668	0	440
429118	429968	-4.072180	-2	850
429968	434098	-7.527549	-3	4130
434098	434358	-2.600784	0	260
434358	434858	1.964864	1	500
434858	435128	-2.370987	0	270
435128	435668	-6.510218	-3	540
435668	435968	-3.478742	0	300
435968	438258	-0.519860	-1	2290
438258	438678	1.866988	0	420
438678	439728	5.888889	2	1050
439728	440298	-0.410641	0	570
440298	440888	-5.958183	-3	590
440888	441928	-2.606384	0	1040
441928	442798	-5.637204	-3	870
442798	443338	-3.538848	-2	540
443338	443748	-0.813438	0	410
443748	444268	0.444374	1	520
444268	445508	-1.018016	-1	1240
