380467	380867	1.760284	0	400
380867	381397	-2.099298	-1	530
381397	386077	1.152554	1	4680
386077	386727	-0.969039	-1	650
386727	395087	1.557629	1	8360
395087	395657	-0.522577	-1	570
395657	396787	2.172326	1	1130
396787	397757	-1.743875	0	970
397757	398907	0.362245	1	1150
398907	399557	-0.211915	-1	650
399557	403127	1.546306	1	3570
403127	405507	8.208235	2	2380
405507	405827	2.726665	0	320
405827	406507	-0.287188	-1	680
406507	406787	-3.585101	0	280
406787	407707	-5.567462	-3	920
407707	408097	-2.609555	0	390
408097	411297	2.632099	1	3200
411297	411847	6.417049	2	550
411847	412737	-0.993276	0	890
412737	418277	2.755036	1	5540
418277	419397	6.938578	2	1120
419397	422717	2.882682	1	3320
422717	428547	7.222620	2	5830
428547	428957	1.753717	0	410
428957	429817	-4.047324	-2	860
429817	434057	-7.594800	-3	4240
434057	434247	-2.472503	0	190
434247	434777	3.141969	1	530
434777	434967	-2.471961	0	190
434967	435587	-6.957018	-3	620
435587	435817	-3.376263	0	230
435817	438247	-0.466201	-1	2430
438247	438647	2.522558	0	400
438647	439617	6.371690	2	970
439617	440107	0.234212	0	490
440107	440827	-6.025752	-3	720
440827	441757	-1.998218	0	930
441757	442757	-5.599047	-3	1000
442757	443567	-2.346105	0	810
443567	444227	0.597207	1	660
444227	445507	-1.023729	-1	1280
