380749	380989	0.777979	0	240
380989	381539	-0.578726	-1	550
381539	386269	1.067527	1	4730
386269	386859	-0.642035	-1	590
386859	396949	1.746994	1	10090
396949	398039	-1.376813	-1	1090
398039	403159	1.469206	1	5120
403159	405699	7.784784	2	2540
405699	407029	-0.674668	0	1330
407029	407719	-5.531551	-3	690
407719	408329	-2.580075	0	610
408329	410629	1.790814	1	2300
410629	411909	5.446824	2	1280
411909	412259	2.046510	0	350
412259	412899	-1.459362	-1	640
412899	418389	2.789436	1	5490
418389	419529	6.730795	2	1140
419529	420879	2.619711	1	1350
420879	421419	4.840861	2	540
421419	422699	2.591558	1	1280
422699	428639	7.162873	2	5940
428639	429169	1.181676	0	530
429169	429969	-4.064726	-2	800
429969	434109	-7.505441	-3	4140
434109	435189	-0.696866	0	1080
435189	435689	-6.335670	-3	500
435689	436019	-3.497206	0	330
436019	438259	-0.532643	-1	2240
438259	438779	2.158542	1	520
438779	439699	5.964162	2	920
439699	440349	-0.158023	0	650
440349	440899	-5.928432	-3	550
440899	441979	-2.789553	0	1080
441979	442809	-5.624304	-3	830
442809	443369	-3.578268	-2	560
443369	443789	-0.826851	0	420
443789	444359	0.531885	1	570
444359	445509	-0.865200	-1	1150
