380470	380870	1.754261	0	400
380870	381390	-2.108559	-1	520
381390	386080	1.149967	1	4690
386080	386730	-0.968604	-1	650
386730	395090	1.557487	1	8360
395090	395670	-0.513842	-1	580
395670	396790	2.191830	1	1120
396790	397740	-1.781170	0	950
397740	398910	0.356074	1	1170
398910	399570	-0.207268	-1	660
399570	403110	1.530247	1	3540
403110	405520	8.170472	2	2410
405520	405830	2.643169	0	310
405830	406510	-0.289590	-1	680
406510	406780	-3.531350	0	270
406780	407700	-5.567120	-3	920
407700	408110	-2.599492	0	410
408110	410790	2.100942	1	2680
410790	411850	5.961064	2	1060
411850	412730	-1.004821	0	880
412730	418270	2.746772	1	5540
418270	419400	6.917883	2	1130
419400	422690	2.862434	1	3290
422690	428550	7.210316	2	5860
428550	428960	1.738928	0	410
428960	429810	-4.039969	-2	850
429810	434060	-7.586884	-3	4250
434060	434260	-2.311988	0	200
434260	434780	3.172973	1	520
434780	434970	-2.512091	0	190
434970	435590	-6.937555	-3	620
435590	435820	-3.361231	0	230
435820	438260	-0.463271	-1	2440
438260	438650	2.594541	0	390
438650	439630	6.351642	2	980
439630	440110	0.117554	0	480
440110	440830	-6.021417	-3	720
440830	441750	-1.968297	0	920
441750	442750	-5.597507	-3	1000
442750	443560	-2.401181	0	810
443560	444240	0.572034	1	680
444240	445510	-1.032486	-1	1270
