380634	380934	1.266096	0	300
380934	381474	-0.905326	-1	540
381474	386184	1.939650	1	4710
386184	386804	-0.782771	-1	620
386804	395164	1.542039	1	8360
395164	395704	-0.403667	-1	540
395704	396884	2.117026	1	1180
396884	397924	-1.519920	0	1040
397924	399064	0.359300	1	1140
399064	399584	-0.195971	-1	520
399584	403134	1.537724	1	3550
403134	405624	7.941316	2	2490
405624	405994	2.358090	0	370
405994	406554	-0.419097	-1	560
406554	406924	-3.477115	0	370
406924	407714	-5.548367	-3	790
407714	408234	-2.602439	0	520
408234	410644	1.850980	1	2410
410644	411904	5.604823	2	1260
411904	412804	-0.649275	0	900
412804	418344	2.759658	1	5540
418344	419474	6.695200	2	1130
419474	422694	2.966019	1	3220
422694	428604	7.208103	2	5910
428604	429084	1.335553	0	480
429084	429944	-4.055399	-2	860
429944	434084	-7.528529	-3	4140
434084	434334	-2.579648	0	250
434334	434844	2.183203	1	510
434844	435094	-2.453396	0	250
435094	435654	-6.594358	-3	560
435654	435934	-3.433360	0	280
435934	438254	-0.510150	-1	2320
438254	438724	2.253066	0	470
438724	439674	6.128202	2	950
439674	440254	-0.134505	0	580
440254	440874	-6.010250	-3	620
440874	441894	-2.499608	0	1020
441894	442784	-5.640981	-3	890
442784	443304	-3.543097	-2	520
443304	443714	-0.838524	0	410
443714	444264	0.473132	1	550
444264	445504	-1.028126	-1	1240
