380395	380845	1.901043	1	450
380845	381365	-1.599667	0	520
381365	386035	2.658108	1	4670
386035	386685	-1.058847	-1	650
386685	395075	1.559881	1	8390
395075	395645	-0.582067	-1	570
395645	396765	2.258977	1	1120
396765	396945	-1.086524	0	180
396945	397405	-2.718843	-2	460
397405	397685	-0.990301	0	280
397685	398835	0.364957	1	1150
398835	399525	-0.222084	-1	690
399525	403015	1.443086	1	3490
403015	405545	8.062509	2	2530
405545	405755	2.165343	0	210
405755	406475	-0.202445	-1	720
406475	406715	-3.462267	0	240
406715	407705	-5.569041	-3	990
407705	408045	-2.589297	0	340
408045	410475	1.749611	1	2430
410475	411885	5.625751	2	1410
411885	412735	-1.523266	0	850
412735	418165	2.735479	1	5430
418165	419455	6.728401	2	1290
419455	420755	2.042610	1	1300
420755	421335	5.335878	2	580
421335	422555	2.203923	1	1220
422555	428595	7.148465	2	6040
428595	428915	1.288235	0	320
428915	429785	-4.024211	-2	870
429785	434035	-7.603621	-3	4250
434035	434915	1.161112	0	880
434915	435565	-7.064474	-3	650
435565	435785	-3.247640	0	220
435785	437095	-0.736585	-1	1310
437095	437595	0.144522	1	500
437595	438255	-0.257162	-1	660
438255	438525	2.057457	0	270
438525	439665	5.895985	2	1140
439665	440035	-0.218651	0	370
440035	440815	-5.966369	-3	780
440815	441685	-1.662844	0	870
441685	442735	-5.558320	-3	1050
442735	443145	-3.466354	0	410
443145	443625	-1.210872	-1	480
443625	444235	0.441426	1	610
444235	445505	-1.046292	-1	1270
