380590	380910	1.467571	0	320
380910	381460	-1.009767	-1	550
381460	386160	2.090324	1	4700
386160	386780	-0.849505	-1	620
386780	395130	1.548116	1	8350
395130	395700	-0.425920	-1	570
395700	396870	2.195307	1	1170
396870	397880	-1.596045	0	1010
397880	399030	0.358933	1	1150
399030	399600	-0.196607	-1	570
399600	403080	1.522494	1	3480
403080	405640	7.877956	2	2560
405640	405950	2.147300	0	310
405950	406540	-0.367871	-1	590
406540	406890	-3.488378	0	350
406890	407720	-5.548414	-3	830
407720	408200	-2.577954	0	480
408200	410520	1.723014	1	2320
410520	411920	5.551103	2	1400
411920	412760	-0.953949	0	840
412760	418280	2.728603	1	5520
418280	419490	6.613228	2	1210
419490	420770	2.406495	1	1280
420770	421390	4.997231	2	620
421390	422620	2.381955	1	1230
422620	428630	7.124619	2	6010
428630	429060	1.082976	0	430
429060	429950	-4.077900	-2	890
429950	434080	-7.542285	-3	4130
434080	434320	-2.459296	0	240
434320	434830	2.472000	1	510
434830	435070	-2.569708	0	240
435070	435630	-6.749461	-3	560
435630	435900	-3.485973	0	270
435900	438260	-0.499967	-1	2360
438260	438660	2.087371	0	400
438660	439690	6.075616	2	1030
439690	440220	-0.329378	0	530
440220	440860	-6.036850	-3	640
440860	441850	-2.356719	0	990
441850	442780	-5.628822	-3	930
442780	443280	-3.509830	-2	500
443280	443680	-0.866834	0	400
443680	444240	0.521044	1	560
444240	445510	-1.012146	-1	1270
