380486	380886	1.671238	0	400
380886	381406	-1.995979	-1	520
381406	386096	1.458707	1	4690
386096	386736	-0.961467	-1	640
386736	395086	1.557711	1	8350
395086	395666	-0.499360	-1	580
395666	396796	2.155956	1	1130
396796	397776	-1.718047	0	980
397776	398926	0.361819	1	1150
398926	399566	-0.208759	-1	640
399566	403106	1.516613	1	3540
403106	405546	8.119427	2	2440
405546	405846	2.473593	0	300
405846	406516	-0.307848	-1	670
406516	406786	-3.494620	0	270
406786	407706	-5.556642	-3	920
407706	408116	-2.608469	0	410
408116	410586	1.838847	1	2470
410586	411876	5.787580	2	1290
411876	412736	-1.113563	0	860
412736	418276	2.745167	1	5540
418276	419426	6.868555	2	1150
419426	422686	2.847795	1	3260
422686	428566	7.199563	2	5880
428566	428986	1.477528	0	420
428986	429806	-4.069971	-2	820
429806	434066	-7.517521	-3	4260
434066	434256	-2.418015	0	190
434256	434786	3.019679	1	530
434786	434976	-2.417686	0	190
434976	435596	-6.895423	-3	620
435596	435826	-3.399178	0	230
435826	438256	-0.473967	-1	2430
438256	438646	2.443670	0	390
438646	439636	6.318967	2	990
439636	440126	0.070262	0	490
440126	440836	-6.027588	-3	710
440836	441766	-2.022794	0	930
441766	442756	-5.606569	-3	990
442756	443576	-2.386069	0	820
443576	444246	0.561825	1	670
444246	445506	-1.035360	-1	1260
