380579	380919	1.446360	0	340
380919	381449	-1.085327	-1	530
381449	386159	2.135495	1	4710
386159	386779	-0.869043	-1	620
386779	395119	1.551090	1	8340
395119	395689	-0.435579	-1	570
395689	396859	2.211984	1	1170
396859	397869	-1.604730	0	1010
397869	399019	0.359644	1	1150
399019	399619	-0.192111	-1	600
399619	403079	1.536647	1	3460
403079	405629	7.902024	2	2550
405629	405939	2.168671	0	310
405939	406539	-0.363431	-1	600
406539	406869	-3.456674	0	330
406869	407719	-5.544015	-3	850
407719	408189	-2.587976	0	470
408189	410529	1.737205	1	2340
410529	411919	5.576069	2	1390
411919	412749	-1.010166	0	830
412749	418269	2.722997	1	5520
418269	419489	6.612129	2	1220
419489	420789	2.428819	1	1300
420789	421389	5.039423	2	600
421389	422619	2.372494	1	1230
422619	428629	7.127587	2	6010
428629	429039	1.174277	0	410
429039	429949	-4.048194	-2	910
429949	434079	-7.546006	-3	4130
434079	434309	-2.498484	0	230
434309	434829	2.519284	1	520
434829	435059	-2.592545	0	230
435059	435629	-6.769164	-3	570
435629	435889	-3.474269	0	260
435889	438259	-0.498833	-1	2370
438259	438649	2.064598	0	390
438649	439689	6.080475	2	1040
439689	440209	-0.333183	0	520
440209	440859	-6.043587	-3	650
440859	441849	-2.340686	0	990
441849	442779	-5.632597	-3	930
442779	443279	-3.480372	-2	500
443279	443659	-0.884637	0	380
443659	444249	0.510041	1	590
444249	445509	-1.022544	-1	1260
