380778	381008	0.672951	0	230
381008	381548	-0.508392	-1	540
381548	386288	1.057892	1	4740
386288	386878	-0.600412	-1	590
386878	396968	1.738285	1	10090
396968	398068	-1.346810	-1	1100
398068	403108	1.077899	1	5040
403108	405768	7.597561	2	2660
405768	407058	-0.898052	0	1290
407058	407728	-5.522801	-3	670
407728	408348	-2.577778	0	620
408348	410508	1.634116	1	2160
410508	411968	5.263813	2	1460
411968	412288	1.662455	0	320
412288	412928	-1.402859	-1	640
412928	418348	2.782442	1	5420
418348	419598	6.459653	2	1250
419598	420638	2.175943	1	1040
420638	421508	4.550999	2	870
421508	422638	2.412037	1	1130
422638	428688	7.097832	2	6050
428688	429188	0.942987	0	500
429188	429978	-4.053886	-2	790
429978	434118	-7.499752	-3	4140
434118	435208	-0.791424	0	1090
435208	435708	-6.231024	-3	500
435708	436038	-3.484398	0	330
436038	438258	-0.542773	-1	2220
438258	438738	1.878955	0	480
438738	439758	5.738375	2	1020
439758	440378	-0.566703	0	620
440378	440908	-5.922526	-3	530
440908	441998	-2.846408	0	1090
441998	442818	-5.614277	-3	820
442818	443378	-3.599779	-2	560
443378	443808	-0.847365	0	430
443808	444348	0.514160	1	540
444348	445508	-0.861534	-1	1160
