380707	380957	0.993065	0	250
380957	381517	-0.683043	-1	560
381517	386237	1.317558	1	4720
386237	386847	-0.689536	-1	610
386847	395197	1.537396	1	8350
395197	395697	-0.366561	-1	500
395697	396927	1.947955	1	1230
396927	397497	-1.819821	0	570
397497	397997	-0.991558	-1	500
397997	403157	1.112990	1	5160
403157	405677	7.844147	2	2520
405677	406067	2.245902	0	390
406067	406577	-0.508942	-1	510
406577	406997	-3.496433	0	420
406997	407727	-5.534717	-3	730
407727	408297	-2.546405	0	570
408297	410627	1.802369	1	2330
410627	411917	5.495440	2	1290
411917	412867	-0.414186	0	950
412867	418357	2.773321	1	5490
418357	419527	6.759013	2	1170
419527	420857	2.561091	1	1330
420857	421397	4.908087	2	540
421397	422687	2.570970	1	1290
422687	428627	7.174189	2	5940
428627	429147	1.188681	0	520
429147	429957	-4.080504	-2	810
429957	434097	-7.515374	-3	4140
434097	435157	-0.519913	0	1060
435157	435677	-6.455463	-3	520
435677	435987	-3.483688	0	310
435987	438257	-0.526581	-1	2270
438257	438757	2.167940	1	500
438757	439687	6.036438	2	930
439687	440317	-0.078156	0	630
440317	440887	-5.958241	-3	570
440887	441957	-2.711288	0	1070
441957	442797	-5.644530	-3	840
442797	443357	-3.550447	-2	560
443357	443777	-0.778670	0	420
443777	444277	0.425319	1	500
444277	445507	-1.020536	-1	1230
