380768	381008	0.717269	0	240
381008	381548	-0.550398	-1	540
381548	386278	1.063409	1	4730
386278	386878	-0.608707	-1	600
386878	396968	1.744200	1	10090
396968	398058	-1.366817	-1	1090
398058	403088	1.282623	1	5030
403088	405778	7.566262	2	2690
405778	407038	-0.904795	0	1260
407038	407728	-5.519209	-3	690
407728	408338	-2.598619	0	610
408338	410468	1.596778	1	2130
410468	411978	5.230094	2	1510
411978	412908	-0.469298	0	930
412908	418318	2.769423	1	5410
418318	419608	6.398054	2	1290
419608	420578	2.048819	1	970
420578	421558	4.481021	2	980
421558	422598	2.275346	1	1040
422598	428718	7.067672	2	6120
428718	429188	0.723036	0	470
429188	429978	-4.075727	-2	790
429978	434108	-7.508286	-3	4130
434108	435198	-0.768011	0	1090
435198	435698	-6.278266	-3	500
435698	436038	-3.492379	0	340
436038	438258	-0.536718	-1	2220
438258	438708	1.769540	0	450
438708	439768	5.687710	2	1060
439768	440368	-0.625827	0	600
440368	440908	-5.929882	-3	540
440908	441998	-2.829901	0	1090
441998	442808	-5.630073	-3	810
442808	443388	-3.587070	-2	580
443388	443808	-0.800728	0	420
443808	444358	0.524895	1	550
444358	445508	-0.867481	-1	1150
