380771	381011	0.699348	0	240
381011	381551	-0.538140	-1	540
381551	386281	1.062474	1	4730
386281	386871	-0.613797	-1	590
386871	396971	1.741595	1	10100
396971	398061	-1.364939	-1	1090
398061	403121	1.230972	1	5060
403121	405741	7.662693	2	2620
405741	407051	-0.798286	0	1310
407051	407731	-5.523902	-3	680
407731	408351	-2.541472	0	620
408351	410551	1.691383	1	2200
410551	411961	5.317624	2	1410
411961	412281	1.724578	0	320
412281	412921	-1.420055	-1	640
412921	418361	2.784590	1	5440
418361	419581	6.532915	2	1220
419581	420711	2.315381	1	1130
420711	421491	4.633692	2	780
421491	422651	2.437942	1	1160
422651	428681	7.114349	2	6030
428681	429181	1.004211	0	500
429181	429981	-4.053123	-2	800
429981	434121	-7.500483	-3	4140
434121	436041	-2.662125	0	1920
436041	438261	-0.535631	-1	2220
438261	438741	1.915588	0	480
438741	439731	5.804305	2	990
439731	440371	-0.365447	0	640
440371	440901	-5.932890	-3	530
440901	442001	-2.852572	0	1100
442001	442811	-5.628981	-3	810
442811	443391	-3.579946	-2	580
443391	443801	-0.816061	0	410
443801	444361	0.511027	1	560
444361	445511	-0.866621	-1	1150
