380470	380870	1.756407	0	400
380870	381390	-2.108897	-1	520
381390	386080	1.150063	1	4690
386080	386730	-0.969169	-1	650
386730	395090	1.557515	1	8360
395090	395670	-0.514190	-1	580
395670	396790	2.192225	1	1120
396790	397740	-1.781479	0	950
397740	398910	0.356088	1	1170
398910	399570	-0.207419	-1	660
399570	403100	1.519892	1	3530
403100	405530	8.145170	2	2430
405530	405830	2.564700	0	300
405830	406510	-0.288454	-1	680
406510	406780	-3.529380	0	270
406780	407700	-5.567319	-3	920
407700	408110	-2.602710	0	410
408110	410640	1.920123	1	2530
410640	411860	5.854075	2	1220
411860	412730	-1.074339	0	870
412730	418260	2.742358	1	5530
418260	419410	6.886456	2	1150
419410	422680	2.848592	1	3270
422680	428570	7.199372	2	5890
428570	428960	1.574416	0	390
428960	429810	-4.039407	-2	850
429810	434060	-7.586998	-3	4250
434060	434260	-2.319576	0	200
434260	434780	3.175791	1	520
434780	434980	-2.631520	0	200
434980	435590	-6.970712	-3	610
435590	435820	-3.363954	0	230
435820	438260	-0.463437	-1	2440
438260	438640	2.524339	0	380
438640	439630	6.339594	2	990
439630	440110	0.122612	0	480
440110	440830	-6.021913	-3	720
440830	441750	-1.967944	0	920
441750	442750	-5.597649	-3	1000
442750	443560	-2.402761	0	810
443560	444240	0.572386	1	680
444240	445510	-1.032551	-1	1270
