380489	380879	1.704850	0	390
380879	381399	-1.943769	-1	520
381399	386099	1.456804	1	4700
386099	386729	-0.973836	-1	630
386729	395089	1.555542	1	8360
395089	395669	-0.497651	-1	580
395669	396799	2.153563	1	1130
396799	397779	-1.716375	0	980
397779	398929	0.361719	1	1150
398929	399579	-0.204381	-1	650
399579	403109	1.522453	1	3530
403109	405539	8.130683	2	2430
405539	405849	2.546869	0	310
405849	406509	-0.286543	-1	660
406509	406789	-3.450356	0	280
406789	407709	-5.555733	-3	920
407709	408119	-2.592192	0	410
408119	410669	1.943666	1	2550
410669	411859	5.842112	2	1190
411859	412729	-0.989738	0	870
412729	418269	2.739443	1	5540
418269	419429	6.843386	2	1160
419429	422689	2.849830	1	3260
422689	428569	7.200370	2	5880
428569	428979	1.541274	0	410
428979	429819	-4.059954	-2	840
429819	434059	-7.528981	-3	4240
434059	434269	-2.396070	0	210
434269	434789	3.058156	1	520
434789	434979	-2.438114	0	190
434979	435589	-6.916115	-3	610
435589	435839	-3.396976	0	250
435839	438259	-0.466320	-1	2420
438259	438639	2.409209	0	380
438639	439629	6.308308	2	990
439629	440129	0.125933	0	500
440129	440829	-6.042662	-3	700
440829	441759	-2.032883	0	930
441759	442749	-5.604520	-3	990
442749	443579	-2.405140	0	830
443579	444249	0.554796	1	670
444249	445509	-1.037646	-1	1260
