380657	380947	1.172979	0	290
380947	381497	-0.837617	-1	550
381497	386207	1.888021	1	4710
386207	386817	-0.765778	-1	610
386817	395167	1.542018	1	8350
395167	395697	-0.392674	-1	530
395697	396907	2.039556	1	1210
396907	397947	-1.508048	0	1040
397947	399077	0.360861	1	1130
399077	399607	-0.184527	-1	530
399607	403087	1.496564	1	3480
403087	405687	7.773046	2	2600
405687	406017	2.049302	0	330
406017	406567	-0.454152	-1	550
406567	406947	-3.497216	0	380
406947	407727	-5.537714	-3	780
407727	408257	-2.546259	0	530
408257	410507	1.685863	1	2250
410507	411947	5.430863	2	1440
411947	412817	-0.792282	0	870
412817	418297	2.743630	1	5480
418297	419537	6.714723	2	1240
419537	420717	2.313225	1	1180
420717	421437	4.801149	2	720
421437	422597	2.334926	1	1160
422597	428657	7.129921	2	6060
428657	429107	0.981869	0	450
429107	429957	-4.079924	-2	850
429957	434097	-7.525834	-3	4140
434097	434347	-2.547555	0	250
434347	434847	2.108914	1	500
434847	435117	-2.419445	0	270
435117	435657	-6.588174	-3	540
435657	435947	-3.504844	0	290
435947	438257	-0.517911	-1	2310
438257	438687	1.974592	0	430
438687	439717	5.969215	2	1030
439717	440287	-0.397830	0	570
440287	440887	-5.964772	-3	600
440887	441907	-2.527912	0	1020
441907	442797	-5.634294	-3	890
442797	443327	-3.512795	-2	530
443327	443737	-0.800733	0	410
443737	444257	0.475515	1	520
444257	445507	-1.015864	-1	1250
