380728	380988	0.917153	0	260
380988	381528	-0.654237	-1	540
381528	386248	1.075967	1	4720
386248	386848	-0.665944	-1	600
386848	396938	1.663515	1	10090
396938	398018	-1.403983	-1	1080
398018	403098	1.074674	1	5080
403098	405728	7.679336	2	2630
405728	406088	2.010648	0	360
406088	406588	-0.545838	-1	500
406588	407008	-3.489069	0	420
407008	407718	-5.532189	-3	710
407718	408308	-2.613893	0	590
408308	410518	1.665873	1	2210
410518	411948	5.353186	2	1430
411948	412888	-0.484825	0	940
412888	418328	2.770693	1	5440
418328	419568	6.575826	2	1240
419568	420708	2.298840	1	1140
420708	421478	4.682958	2	770
421478	422608	2.357755	1	1130
422608	428678	7.104244	2	6070
428678	429158	0.910967	0	480
429158	429968	-4.076811	-2	810
429968	434108	-7.510518	-3	4140
434108	434388	-2.529624	0	280
434388	434888	1.617171	1	500
434888	435168	-2.503317	0	280
435168	435688	-6.370602	-3	520
435688	435998	-3.499256	0	310
435998	438258	-0.534241	-1	2260
438258	438708	1.884932	0	450
438708	439728	5.840673	2	1020
439728	440328	-0.324700	0	600
440328	440888	-5.944340	-3	560
440888	441968	-2.761088	0	1080
441968	442808	-5.631375	-3	840
442808	443358	-3.569506	-2	550
443358	443768	-0.844403	0	410
443768	444348	0.561075	1	580
444348	445508	-0.860453	-1	1160
