380694	380954	1.025589	0	260
380954	381514	-0.713347	-1	560
381514	386224	1.321541	1	4710
386224	386834	-0.705590	-1	610
386834	395194	1.536566	1	8360
395194	395694	-0.375851	-1	500
395694	396914	1.975706	1	1220
396914	397484	-1.814533	0	570
397484	397984	-1.010345	-1	500
397984	403154	1.247531	1	5170
403154	405664	7.868196	2	2510
405664	406054	2.278676	0	390
406054	406574	-0.494462	-1	520
406574	406984	-3.500283	0	410
406984	407724	-5.539413	-3	740
407724	408284	-2.563314	0	560
408284	410604	1.781172	1	2320
410604	411914	5.492123	2	1310
411914	412854	-0.449938	0	940
412854	418354	2.770262	1	5500
418354	419514	6.800992	2	1160
419514	420884	2.610180	1	1370
420884	421394	4.958437	2	510
421394	422684	2.560899	1	1290
422684	428624	7.178157	2	5940
428624	429134	1.212015	0	510
429134	429964	-4.084067	-2	830
429964	434094	-7.522669	-3	4130
434094	435144	-0.459065	0	1050
435144	435674	-6.461581	-3	530
435674	435984	-3.438594	0	310
435984	438254	-0.519994	-1	2270
438254	438754	2.186403	1	500
438754	439694	6.043593	2	940
439694	440304	-0.123500	0	610
440304	440884	-5.950296	-3	580
440884	441944	-2.675655	0	1060
441944	442794	-5.641883	-3	850
442794	443344	-3.561001	-2	550
443344	443764	-0.799885	0	420
443764	444274	0.431773	1	510
444274	445504	-1.023243	-1	1230
