380532	380902	1.575592	0	370
380902	381432	-1.743369	-1	530
381432	386132	1.442114	1	4700
386132	386752	-0.932069	-1	620
386752	395102	1.553462	1	8350
395102	395682	-0.466517	-1	580
395682	396832	2.313316	1	1150
396832	397822	-1.664539	0	990
397822	398972	0.360673	1	1150
398972	399592	-0.200585	-1	620
399592	403082	1.554873	1	3490
403082	405592	7.992719	2	2510
405592	405892	2.277637	0	300
405892	406522	-0.316598	-1	630
406522	406832	-3.468396	0	310
406832	407712	-5.555586	-3	880
407712	408152	-2.605280	0	440
408152	410552	1.780402	1	2400
410552	411892	5.682961	2	1340
411892	412732	-1.041422	0	840
412732	418272	2.727821	1	5540
418272	419452	6.752242	2	1180
419452	420842	2.304782	1	1390
420842	421342	5.250622	2	500
421342	422642	2.443173	1	1300
422642	428602	7.159660	2	5960
428602	429012	1.284607	0	410
429012	429942	-4.052658	-2	930
429942	434072	-7.551166	-3	4130
434072	434282	-2.480267	0	210
434282	434812	2.742639	1	530
434812	435022	-2.608111	0	210
435022	435612	-6.852645	-3	590
435612	435862	-3.417538	0	250
435862	438262	-0.483209	-1	2400
438262	438642	2.232197	0	380
438642	439662	6.198455	2	1020
439662	440162	-0.090341	0	500
440162	440842	-6.037477	-3	680
440842	441802	-2.188918	0	960
441802	442772	-5.615292	-3	970
442772	443612	-2.372717	0	840
443612	444242	0.536005	1	630
444242	445512	-1.022347	-1	1270
