380739	380989	0.818680	0	250
380989	381529	-0.625019	-1	540
381529	386259	1.071163	1	4730
386259	386859	-0.652655	-1	600
386859	396949	1.749214	1	10090
396949	398029	-1.398651	-1	1080
398029	403149	1.340277	1	5120
403149	405709	7.768149	2	2560
405709	406099	2.148404	0	390
406099	406599	-0.582559	-1	500
406599	407029	-3.549300	0	430
407029	407719	-5.540995	-3	690
407719	408309	-2.647083	0	590
408309	410569	1.713616	1	2260
410569	411929	5.399391	2	1360
411929	412899	-0.346518	0	970
412899	418359	2.782041	1	5460
418359	419539	6.675147	2	1180
419539	420819	2.511892	1	1280
420819	421429	4.805719	2	610
421429	422669	2.524735	1	1240
422669	428659	7.142514	2	5990
428659	429159	1.091085	0	500
429159	429969	-4.056290	-2	810
429969	434109	-7.508410	-3	4140
434109	435189	-0.670887	0	1080
435189	435689	-6.385974	-3	500
435689	436009	-3.504100	0	320
436009	438259	-0.532924	-1	2250
438259	438759	2.083518	1	500
438759	439719	5.920840	2	960
439719	440339	-0.268774	0	620
440339	440899	-5.934793	-3	560
440899	441969	-2.754144	0	1070
441969	442809	-5.624544	-3	840
442809	443369	-3.564877	-2	560
443369	443789	-0.806713	0	420
443789	444349	0.561634	1	560
444349	445509	-0.859182	-1	1160
