380639	380939	1.256224	0	300
380939	381479	-0.905830	-1	540
381479	386189	1.931317	1	4710
386189	386809	-0.782808	-1	620
386809	395169	1.541929	1	8360
395169	395699	-0.412421	-1	530
395699	396889	2.097998	1	1190
396889	397929	-1.521154	0	1040
397929	399069	0.359281	1	1140
399069	399619	-0.185196	-1	550
399619	403069	1.496802	1	3450
403069	405689	7.756784	2	2620
405689	405999	1.988638	0	310
405999	406559	-0.425367	-1	560
406559	406929	-3.475914	0	370
406929	407719	-5.543568	-3	790
407719	408239	-2.604002	0	520
408239	410479	1.662754	1	2240
410479	411949	5.418805	2	1470
411949	412809	-0.874963	0	860
412809	418289	2.742573	1	5480
418289	419539	6.462882	2	1250
419539	420669	2.215919	1	1130
420669	421449	4.755207	2	780
421449	422579	2.274187	1	1130
422579	428669	7.120023	2	6090
428669	429089	0.917797	0	420
429089	429959	-4.069806	-2	870
429959	434099	-7.529285	-3	4140
434099	434349	-2.381728	0	250
434349	434849	2.226413	1	500
434849	435099	-2.460260	0	250
435099	435649	-6.618613	-3	550
435649	435939	-3.486555	0	290
435939	438259	-0.509903	-1	2320
438259	438649	1.844938	0	390
438649	439719	5.912891	2	1070
439719	440249	-0.375604	0	530
440249	440869	-6.014597	-3	620
440869	441899	-2.528019	0	1030
441899	442789	-5.639879	-3	890
442789	443319	-3.513845	-2	530
443319	443719	-0.812832	0	400
443719	444259	0.477686	1	540
444259	445509	-1.018349	-1	1250
