380739	380999	0.772275	0	260
380999	381539	-0.616863	-1	540
381539	386249	1.074968	1	4710
386249	386859	-0.637901	-1	610
386859	396949	1.748896	1	10090
396949	398029	-1.396639	-1	1080
398029	403189	1.494164	1	5160
403189	405669	7.872046	2	2480
405669	406099	2.351867	0	430
406099	406599	-0.592698	-1	500
406599	407019	-3.521963	0	420
407019	407719	-5.531896	-3	700
407719	408319	-2.590115	0	600
408319	410739	1.920784	1	2420
410739	411899	5.548523	2	1160
411899	412889	-0.207405	0	990
412889	418399	2.790387	1	5510
418399	419509	6.811572	2	1110
419509	422749	3.016819	1	3240
422749	428609	7.201257	2	5860
428609	429169	1.319082	0	560
429169	429959	-4.074262	-2	790
429959	434109	-7.501873	-3	4150
434109	435179	-0.634158	0	1070
435179	435689	-6.350477	-3	510
435689	436009	-3.486597	0	320
436009	438259	-0.532007	-1	2250
438259	438799	2.275460	1	540
438799	439689	6.033207	2	890
439689	440339	-0.072421	0	650
440339	440899	-5.929023	-3	560
440899	441969	-2.754542	0	1070
441969	442809	-5.623323	-3	840
442809	443359	-3.584740	-2	550
443359	443789	-0.826342	0	430
443789	444359	0.549189	1	570
444359	445509	-0.865901	-1	1150
