380683	380963	1.054626	0	280
380963	381503	-0.782184	-1	540
381503	386223	1.801049	1	4720
386223	386823	-0.739668	-1	600
386823	395183	1.537813	1	8360
395183	395703	-0.375389	-1	520
395703	396923	1.992288	1	1220
396923	397973	-1.476686	0	1050
397973	399103	0.358261	1	1130
399103	399603	-0.182965	-1	500
399603	403073	1.470887	1	3470
403073	405713	7.698334	2	2640
405713	406043	1.980583	0	330
406043	406573	-0.473145	-1	530
406573	406973	-3.490157	0	400
406973	407723	-5.543391	-3	750
407723	408273	-2.601670	0	550
408273	410493	1.658443	1	2220
410493	411963	5.365376	2	1470
411963	412843	-0.747548	0	880
412843	418293	2.750191	1	5450
418293	419563	6.597237	2	1270
419563	420613	2.134077	1	1050
420613	421483	4.629280	2	870
421483	422583	2.267875	1	1100
422583	428683	7.103673	2	6100
428683	429123	0.863127	0	440
429123	429963	-4.072104	-2	840
429963	434093	-7.525923	-3	4130
434093	434363	-2.632422	0	270
434363	434863	1.932210	1	500
434863	435133	-2.426865	0	270
435133	435673	-6.486508	-3	540
435673	435973	-3.453292	0	300
435973	438253	-0.520626	-1	2280
438253	438683	1.850856	0	430
438683	439733	5.877297	2	1050
439733	440293	-0.370432	0	560
440293	440883	-5.951509	-3	590
440883	441933	-2.633111	0	1050
441933	442793	-5.642677	-3	860
442793	443343	-3.550404	-2	550
443343	443753	-0.802869	0	410
443753	444273	0.441119	1	520
444273	445503	-1.027359	-1	1230
