380608	380928	1.366649	0	320
380928	381468	-0.988386	-1	540
381468	386178	1.781693	1	4710
386178	386798	-0.826984	-1	620
386798	395138	1.548472	1	8340
395138	395698	-0.418314	-1	560
395698	396878	2.155253	1	1180
396878	397898	-1.571189	0	1020
397898	399038	0.361396	1	1140
399038	399618	-0.187870	-1	580
399618	403068	1.511700	1	3450
403068	405668	7.808704	2	2600
405668	405968	2.011469	0	300
405968	406548	-0.389867	-1	580
406548	406898	-3.461657	0	350
406898	407718	-5.545105	-3	820
407718	408208	-2.628652	0	490
408208	410508	1.697605	1	2300
410508	411928	5.510655	2	1420
411928	412778	-0.915078	0	850
412778	418268	2.728156	1	5490
418268	419518	6.513918	2	1250
419518	420698	2.268564	1	1180
420698	421438	4.828951	2	740
421438	422578	2.262433	1	1140
422578	428658	7.083598	2	6080
428658	429068	0.940158	0	410
429068	429948	-4.065689	-2	880
429948	434078	-7.540959	-3	4130
434078	434318	-2.645867	0	240
434318	434828	2.384736	1	510
434828	435068	-2.323533	0	240
435068	435638	-6.670941	-3	570
435638	435918	-3.449539	0	280
435918	438258	-0.502694	-1	2340
438258	438648	1.940775	0	390
438648	439708	5.995697	2	1060
439708	440238	-0.473506	0	530
440238	440868	-6.038342	-3	630
440868	441868	-2.407375	0	1000
441868	442778	-5.637753	-3	910
442778	443298	-3.511671	-2	520
443298	443698	-0.823000	0	400
443698	444258	0.500490	1	560
444258	445508	-1.027581	-1	1250
