380453	380873	1.744915	0	420
380873	381383	-2.271440	-1	510
381383	386073	1.152977	1	4690
386073	386713	-1.001028	-1	640
386713	395083	1.557072	1	8370
395083	395653	-0.531998	-1	570
395653	396773	2.203357	1	1120
396773	397743	-1.749601	0	970
397743	398893	0.362662	1	1150
398893	399563	-0.208898	-1	670
399563	403123	1.551754	1	3560
403123	405503	8.220434	2	2380
405503	405813	2.719367	0	310
405813	406503	-0.274659	-1	690
406503	406773	-3.583673	0	270
406773	407703	-5.571701	-3	930
407703	408093	-2.580697	0	390
408093	411313	2.658080	1	3220
411313	411843	6.475733	2	530
411843	412733	-1.021740	0	890
412733	418283	2.762638	1	5550
418283	419393	6.965849	2	1110
419393	422723	2.886330	1	3330
422723	428553	7.227780	2	5830
428553	428943	1.741169	0	390
428943	429803	-4.021861	-2	860
429803	434053	-7.590907	-3	4250
434053	434253	-2.332109	0	200
434253	434773	3.272210	1	520
434773	434963	-2.575338	0	190
434963	435583	-6.985296	-3	620
435583	435813	-3.335470	0	230
435813	438243	-0.459042	-1	2430
438243	438653	2.618150	0	410
438653	439613	6.400076	2	960
439613	440093	0.279215	0	480
440093	440833	-6.001403	-3	740
440833	441743	-1.907213	0	910
441743	442743	-5.598146	-3	1000
442743	443553	-2.390795	0	810
443553	444233	0.595737	1	680
444233	445503	-1.033599	-1	1270
