380674	380954	1.079345	0	280
380954	381504	-0.781872	-1	550
381504	386214	1.815707	1	4710
386214	386824	-0.735155	-1	610
386824	395184	1.538392	1	8360
395184	395694	-0.388770	-1	510
395694	396914	1.999756	1	1220
396914	397964	-1.479859	0	1050
397964	399094	0.358752	1	1130
399094	399604	-0.181524	-1	510
399604	403134	1.524990	1	3530
403134	405654	7.870271	2	2520
405654	406034	2.285828	0	380
406034	406574	-0.486482	-1	540
406574	406964	-3.517143	0	390
406964	407724	-5.540024	-3	760
407724	408264	-2.576998	0	540
408264	410574	1.750054	1	2310
410574	411914	5.494712	2	1340
411914	412834	-0.535260	0	920
412834	418344	2.762673	1	5510
418344	419514	6.819755	2	1170
419514	420854	2.554170	1	1340
420854	421394	4.963591	2	540
421394	422674	2.530677	1	1280
422674	428624	7.177895	2	5950
428624	429114	1.230167	0	490
429114	429954	-4.063820	-2	840
429954	434094	-7.520868	-3	4140
434094	434364	-2.490851	0	270
434364	434864	1.967558	1	500
434864	435124	-2.485734	0	260
435124	435664	-6.508694	-3	540
435664	435964	-3.467845	0	300
435964	438254	-0.518502	-1	2290
438254	438734	2.159333	0	480
438734	439694	6.048535	2	960
439694	440284	-0.099409	0	590
440284	440884	-5.937939	-3	600
440884	441924	-2.603986	0	1040
441924	442794	-5.637276	-3	870
442794	443334	-3.535833	-2	540
443334	443744	-0.807974	0	410
443744	444254	0.458022	1	510
444254	445504	-1.012178	-1	1250
