380795	381035	0.621504	0	240
381035	381585	-0.453396	-1	550
381585	386295	1.059412	1	4710
386295	386885	-0.570483	-1	590
386885	396985	1.475698	1	10100
396985	398085	-2.224167	-1	1100
398085	403165	1.111469	1	5080
403165	405735	7.708700	2	2570
405735	407065	-0.740322	0	1330
407065	407725	-5.516959	-3	660
407725	408365	-2.567956	0	640
408365	410585	1.720813	1	2220
410585	411925	5.350524	2	1340
411925	412305	1.941056	0	380
412305	412935	-1.390536	-1	630
412935	418395	2.795832	1	5460
418395	419565	6.586236	2	1170
419565	420805	2.496460	1	1240
420805	421455	4.697052	2	650
421455	422685	2.561747	1	1230
422685	428655	7.203995	2	5970
428655	429205	1.118420	0	550
429205	429985	-4.076880	-2	780
429985	434115	-7.500150	-3	4130
434115	436055	-2.686423	0	1940
436055	438245	-0.546882	-1	2190
438245	438795	2.039434	1	550
438795	439725	5.859860	2	930
439725	440395	-0.374573	0	670
440395	440895	-5.939273	-3	500
440895	442025	-2.944181	0	1130
442025	442815	-5.625610	-3	790
442815	443395	-3.601214	-2	580
443395	443825	-0.818916	0	430
443825	444355	0.495911	1	530
444355	445505	-0.861846	-1	1150
