380739	380989	0.888020	0	250
380989	381539	-0.614217	-1	550
381539	386259	1.073521	1	4720
386259	386849	-0.663782	-1	590
386849	396949	1.484935	1	10100
396949	398029	-1.398465	-1	1080
398029	403149	1.340780	1	5120
403149	405699	7.781252	2	2550
405699	407009	-0.641873	0	1310
407009	407719	-5.524982	-3	710
407719	408319	-2.600066	0	600
408319	410579	1.733136	1	2260
410579	411929	5.407820	2	1350
411929	412899	-0.348765	0	970
412899	418369	2.784787	1	5470
418369	419539	6.697089	2	1170
419539	420829	2.525395	1	1290
420829	421429	4.815362	2	600
421429	422679	2.537771	1	1250
422679	428659	7.147192	2	5980
428659	429159	1.081944	0	500
429159	429969	-4.057209	-2	810
429969	434109	-7.508922	-3	4140
434109	435169	-0.587190	0	1060
435169	435689	-6.333873	-3	520
435689	436009	-3.495778	0	320
436009	438259	-0.532688	-1	2250
438259	438769	2.128395	1	510
438769	439719	5.939745	2	950
439719	440339	-0.274683	0	620
440339	440899	-5.934579	-3	560
440899	441969	-2.751848	0	1070
441969	442809	-5.625388	-3	840
442809	443369	-3.562203	-2	560
443369	443779	-0.821177	0	410
443779	444359	0.542124	1	580
444359	445509	-0.866730	-1	1150
