380674	380954	1.102832	0	280
380954	381504	-0.790976	-1	550
381504	386214	1.821878	1	4710
386214	386824	-0.740307	-1	610
386824	395184	1.538635	1	8360
395184	395694	-0.391816	-1	510
395694	396914	2.002764	1	1220
396914	397964	-1.482532	0	1050
397964	399094	0.359074	1	1130
399094	399614	-0.179536	-1	520
399614	403094	1.495307	1	3480
403094	405694	7.761633	2	2600
405694	406034	2.063172	0	340
406034	406574	-0.475983	-1	540
406574	406964	-3.506222	0	390
406964	407724	-5.542027	-3	760
407724	408264	-2.595947	0	540
408264	410534	1.702794	1	2270
410534	411944	5.437805	2	1410
411944	412834	-0.694608	0	890
412834	418304	2.750128	1	5470
418304	419544	6.679402	2	1240
419544	420754	2.365403	1	1210
420754	421454	4.805812	2	700
421454	422604	2.336686	1	1150
422604	428664	7.125156	2	6060
428664	429114	0.987882	0	450
429114	429964	-4.070761	-2	850
429964	434094	-7.527851	-3	4130
434094	434364	-2.533680	0	270
434364	434864	1.989444	1	500
434864	435124	-2.457349	0	260
435124	435664	-6.520707	-3	540
435664	435964	-3.483407	0	300
435964	438254	-0.519386	-1	2290
438254	438694	1.943010	0	440
438694	439714	5.950015	2	1020
439714	440284	-0.226402	0	570
440284	440884	-5.943699	-3	600
440884	441924	-2.600793	0	1040
441924	442794	-5.639372	-3	870
442794	443334	-3.546453	-2	540
443334	443744	-0.816496	0	410
443744	444264	0.451933	1	520
444264	445504	-1.020706	-1	1240
