380482	380882	1.698532	0	400
380882	381402	-2.002390	-1	520
381402	386092	1.460063	1	4690
386092	386732	-0.967639	-1	640
386732	395082	1.558069	1	8350
395082	395662	-0.503547	-1	580
395662	396792	2.160112	1	1130
396792	397772	-1.719762	0	980
397772	398922	0.361898	1	1150
398922	399562	-0.209863	-1	640
399562	403102	1.511475	1	3540
403102	405542	8.123441	2	2440
405542	405842	2.505169	0	300
405842	406512	-0.293316	-1	670
406512	406802	-3.576441	0	290
406802	407712	-5.566041	-3	910
407712	408112	-2.583684	0	400
408112	410672	1.947695	1	2560
410672	411862	5.855914	2	1190
411862	412732	-1.036260	0	870
412732	418282	2.747765	1	5550
418282	419412	6.903511	2	1130
419412	422692	2.859534	1	3280
422692	428572	7.201446	2	5880
428572	428972	1.530495	0	400
428972	429812	-4.047373	-2	840
429812	434052	-7.528992	-3	4240
434052	434252	-2.640313	0	200
434252	434782	3.035607	1	530
434782	434982	-2.471960	0	200
434982	435592	-6.937130	-3	610
435592	435822	-3.432072	0	230
435822	438242	-0.476224	-1	2420
438242	438652	2.420231	0	410
438652	439632	6.334230	2	980
439632	440122	0.109982	0	490
440122	440832	-6.029325	-3	710
440832	441772	-2.053517	0	940
441772	442752	-5.610985	-3	980
442752	443582	-2.369532	0	830
443582	444232	0.583196	1	650
444232	445512	-1.022537	-1	1280
