380756	381006	0.734940	0	250
381006	381536	-0.588891	-1	530
381536	386276	1.064160	1	4740
386276	386866	-0.636433	-1	590
386866	396966	1.745929	1	10100
396966	398046	-1.386589	-1	1080
398046	403136	1.321127	1	5090
403136	405716	7.727594	2	2580
405716	407026	-0.689310	0	1310
407026	407726	-5.519375	-3	700
407726	408336	-2.565117	0	610
408336	410566	1.712552	1	2230
410566	411936	5.374750	2	1370
411936	412896	-0.325153	0	960
412896	418366	2.776920	1	5470
418366	419556	6.626965	2	1190
419556	420786	2.450940	1	1230
420786	421456	4.733989	2	670
421456	422656	2.481500	1	1200
422656	428666	7.128112	2	6010
428666	429176	1.037822	0	510
429176	429966	-4.058425	-2	790
429966	434106	-7.504504	-3	4140
434106	435186	-0.705626	0	1080
435186	435696	-6.295130	-3	510
435696	436026	-3.484817	0	330
436026	438256	-0.535992	-1	2230
438256	438756	2.006545	1	500
438756	439716	5.891701	2	960
439716	440356	-0.257348	0	640
440356	440896	-5.943635	-3	540
440896	441986	-2.815766	0	1090
441986	442806	-5.631920	-3	820
442806	443376	-3.595316	-2	570
443376	443796	-0.819696	0	420
443796	444356	0.537518	1	560
444356	445506	-0.866405	-1	1150
