380585	380915	1.458460	0	330
380915	381455	-1.044578	-1	540
381455	386155	2.038769	1	4700
386155	386785	-0.846032	-1	630
386785	395125	1.550468	1	8340
395125	395695	-0.429592	-1	570
395695	396865	2.202899	1	1170
396865	397875	-1.600830	0	1010
397875	399025	0.359386	1	1150
399025	399605	-0.195495	-1	580
399605	403055	1.508224	1	3450
403055	405665	7.808161	2	2610
405665	405945	1.971195	0	280
405945	406545	-0.379393	-1	600
406545	406885	-3.505270	0	340
406885	407725	-5.543832	-3	840
407725	408205	-2.514646	0	480
408205	410495	1.703541	1	2290
410495	411935	5.517809	2	1440
411935	412755	-1.068079	0	820
412755	418255	2.719480	1	5500
418255	419525	6.503219	2	1270
419525	420385	1.660218	1	860
420385	421425	4.569048	2	1040
421425	422565	2.242909	1	1140
422565	428655	7.084862	2	6090
428655	429055	0.921322	0	400
429055	429955	-4.077075	-2	900
429955	434085	-7.543993	-3	4130
434085	434305	-2.553113	0	220
434305	434835	2.417868	1	530
434835	435065	-2.613991	0	230
435065	435635	-6.740190	-3	570
435635	435895	-3.465756	0	260
435895	438255	-0.502698	-1	2360
438255	438625	1.872317	0	370
438625	439705	5.997085	2	1080
439705	440215	-0.437890	0	510
440215	440855	-6.046699	-3	640
440855	441845	-2.352290	0	990
441845	442785	-5.624358	-3	940
442785	443295	-3.445160	-2	510
443295	443675	-0.826337	0	380
443675	444245	0.521420	1	570
444245	445505	-1.020413	-1	1260
