380680	380960	1.061511	0	280
380960	381500	-0.794362	-1	540
381500	386220	1.806629	1	4720
386220	386820	-0.747059	-1	600
386820	395180	1.538293	1	8360
395180	395700	-0.381688	-1	520
395700	396920	1.998488	1	1220
396920	397970	-1.480458	0	1050
397970	399090	0.361749	1	1120
399090	399620	-0.173428	-1	530
399620	403100	1.500572	1	3480
403100	405700	7.757673	2	2600
405700	406040	2.030677	0	340
406040	406570	-0.469545	-1	530
406570	406970	-3.495410	0	400
406970	407720	-5.542917	-3	750
407720	408270	-2.603999	0	550
408270	410510	1.678751	1	2240
410510	411940	5.410258	2	1430
411940	412840	-0.648001	0	900
412840	418310	3.159966	1	5470
418310	419550	6.669257	2	1240
419550	420730	2.328235	1	1180
420730	421470	4.759871	2	740
421470	422600	2.308381	1	1130
422600	428670	7.120381	2	6070
428670	429120	0.931688	0	450
429120	429970	-4.081172	-2	850
429970	434090	-7.532328	-3	4120
434090	434360	-2.653561	0	270
434360	434860	1.953630	1	500
434860	435130	-2.414121	0	270
435130	435670	-6.503026	-3	540
435670	435960	-3.506026	0	290
435960	438260	-0.523568	-1	2300
438260	438690	1.937061	0	430
438690	439730	5.901563	2	1040
439730	440290	-0.367116	0	560
440290	440890	-5.937031	-3	600
440890	441930	-2.605635	0	1040
441930	442790	-5.644856	-3	860
442790	443340	-3.554368	-2	550
443340	443750	-0.803580	0	410
443750	444270	0.443770	1	520
444270	445510	-1.017532	-1	1240
