380676	380956	1.099351	0	280
380956	381506	-0.793069	-1	550
381506	386216	1.606510	1	4710
386216	386826	-0.743152	-1	610
386826	395186	1.538680	1	8360
395186	395696	-0.391700	-1	510
395696	396916	2.003308	1	1220
396916	397966	-1.484238	0	1050
397966	399096	0.358992	1	1130
399096	399616	-0.178953	-1	520
399616	403066	1.475904	1	3450
403066	405716	7.688584	2	2650
405716	406036	1.930247	0	320
406036	406576	-0.481726	-1	540
406576	406966	-3.513121	0	390
406966	407726	-5.538704	-3	760
407726	408266	-2.590871	0	540
408266	410476	1.642807	1	2210
410476	411956	5.367409	2	1480
411956	412836	-0.749850	0	880
412836	418276	2.744246	1	5440
418276	419576	6.551066	2	1300
419576	420646	2.157943	1	1070
420646	421496	4.653070	2	850
421496	422576	2.234360	1	1080
422576	428686	7.098707	2	6110
428686	429116	0.844390	0	430
429116	429966	-4.073339	-2	850
429966	434096	-7.527966	-3	4130
434096	434356	-2.614489	0	260
434356	434856	1.977901	1	500
434856	435126	-2.367421	0	270
435126	435666	-6.516940	-3	540
435666	435966	-3.480614	0	300
435966	438256	-0.520014	-1	2290
438256	438666	1.800352	0	410
438666	439746	5.839817	2	1080
439746	440286	-0.471201	0	540
440286	440886	-5.946215	-3	600
440886	441926	-2.603001	0	1040
441926	442796	-5.639164	-3	870
442796	443336	-3.543776	-2	540
443336	443746	-0.814484	0	410
443746	444276	0.441888	1	530
444276	445506	-1.027483	-1	1230
