380569	380919	1.461818	0	350
380919	381449	-1.112019	-1	530
381449	386149	1.955970	1	4700
386149	386769	-0.881873	-1	620
386769	395119	1.550112	1	8350
395119	395689	-0.444287	-1	570
395689	396859	2.224769	1	1170
396859	397859	-1.626670	0	1000
397859	399009	0.359902	1	1150
399009	399619	-0.191729	-1	610
399619	403069	1.534070	1	3450
403069	405629	7.894217	2	2560
405629	405929	2.145622	0	300
405929	406529	-0.335638	-1	600
406529	406869	-3.459650	0	340
406869	407709	-5.556461	-3	840
407709	408189	-2.598042	0	480
408189	410519	1.735134	1	2330
410519	411919	5.577753	2	1400
411919	412739	-1.057360	0	820
412739	418269	2.720360	1	5530
418269	419499	6.606129	2	1230
419499	420759	2.367818	1	1260
420759	421399	5.001006	2	640
421399	422609	2.333760	1	1210
422609	428629	7.124049	2	6020
428629	429039	1.120503	0	410
429039	429939	-4.053522	-2	900
429939	434079	-7.540781	-3	4140
434079	434309	-2.423480	0	230
434309	434819	2.621493	1	510
434819	435049	-2.484634	0	230
435049	435629	-6.767645	-3	580
435629	435879	-3.473106	0	250
435879	438259	-0.498718	-1	2380
438259	438639	2.038761	0	380
438639	439689	6.079468	2	1050
439689	440199	-0.322526	0	510
440199	440859	-6.036680	-3	660
440859	441849	-2.327134	0	990
441849	442769	-5.640710	-3	920
442769	443279	-3.486217	-2	510
443279	443659	-0.859272	0	380
443659	444249	0.521983	1	590
444249	445509	-1.023248	-1	1260
