380825	381045	0.522678	0	220
381045	381625	-0.384096	-1	580
381625	386315	1.056920	1	4690
386315	386895	-0.535686	-1	580
386895	396995	1.512385	1	10100
396995	398115	-1.291772	-1	1120
398115	403115	1.234415	1	5000
403115	405805	7.525584	2	2690
405805	407095	-0.967131	0	1290
407095	407735	-5.508134	-3	640
407735	408385	-2.564595	0	650
408385	410465	1.572444	1	2080
410465	411975	5.171299	2	1510
411975	412345	1.601222	0	370
412345	412965	-1.347160	-1	620
412965	418355	2.793657	1	5390
418355	419625	6.331578	2	1270
419625	420625	2.144209	1	1000
420625	421585	4.459403	2	960
421585	422635	2.351458	1	1050
422635	428725	7.185916	2	6090
428725	429215	0.821471	0	490
429215	429985	-4.025689	-2	770
429985	434125	-7.488193	-3	4140
434125	436075	-2.700537	0	1950
436075	438255	-0.553111	-1	2180
438255	438735	1.749645	0	480
438735	439775	5.604601	2	1040
439775	440195	0.839792	0	420
440195	442045	-6.883698	-2	1850
442045	442825	-5.615121	-3	780
442825	443415	-3.598876	-2	590
443415	443855	-0.797919	0	440
443855	444355	0.476280	1	500
444355	445505	-0.861096	-1	1150
