380751	381001	0.742008	0	250
381001	381541	-0.584907	-1	540
381541	386261	1.069418	1	4720
386261	386861	-0.629879	-1	600
386861	396961	1.744704	1	10100
396961	398041	-2.234671	-1	1080
398041	403141	1.099119	1	5100
403141	405711	7.744457	2	2570
405711	407021	-0.683488	0	1310
407021	407721	-5.523574	-3	700
407721	408331	-2.573745	0	610
408331	410581	1.734090	1	2250
410581	411931	5.392099	2	1350
411931	412891	-0.322322	0	960
412891	418371	2.779366	1	5480
418371	419551	6.649197	2	1180
419551	420811	2.491753	1	1260
420811	421441	4.773504	2	630
421441	422661	2.506545	1	1220
422661	428651	7.138995	2	5990
428651	429171	1.110374	0	520
429171	429971	-4.068682	-2	800
429971	434111	-7.504019	-3	4140
434111	435181	-0.664981	0	1070
435181	435691	-6.297513	-3	510
435691	436021	-3.488849	0	330
436021	438261	-0.533084	-1	2240
438261	438761	2.083043	1	500
438761	439721	5.893164	2	960
439721	440351	-0.313513	0	630
440351	440901	-5.922853	-3	550
440901	441981	-2.791856	0	1080
441981	442811	-5.624502	-3	830
442811	443371	-3.573461	-2	560
443371	443791	-0.821625	0	420
443791	444361	0.530950	1	570
444361	445511	-0.867270	-1	1150
