380744	380984	0.833087	0	240
380984	381534	-0.599338	-1	550
381534	386264	1.069935	1	4730
386264	386864	-0.646287	-1	600
386864	396954	1.748387	1	10090
396954	398034	-1.395685	-1	1080
398034	403094	1.291016	1	5060
403094	405754	7.626256	2	2660
405754	407024	-0.860588	0	1270
407024	407724	-5.532439	-3	700
407724	408324	-2.594254	0	600
408324	410484	1.625902	1	2160
410484	411964	5.284411	2	1480
411964	412894	-0.491374	0	930
412894	418324	2.768350	1	5430
418324	419594	6.480752	2	1270
419594	420614	2.119863	1	1020
420614	421514	4.561265	2	900
421514	422614	2.330925	1	1100
422614	428694	7.096151	2	6080
428694	429164	0.884859	0	470
429164	429974	-4.057499	-2	810
429974	434114	-7.506907	-3	4140
434114	435184	-0.640751	0	1070
435184	435694	-6.342912	-3	510
435694	436014	-3.497158	0	320
436014	438254	-0.536869	-1	2240
438254	438714	1.833444	0	460
438714	439754	5.770982	2	1040
439754	440344	-0.500289	0	590
440344	440894	-5.940674	-3	550
440894	441984	-2.799723	0	1090
441984	442804	-5.638936	-3	820
442804	443374	-3.585778	-2	570
443374	443784	-0.822925	0	410
443784	444354	0.548238	1	570
444354	445504	-0.868948	-1	1150
