380766	380996	0.751567	0	230
380996	381546	-0.540989	-1	550
381546	386276	1.063498	1	4730
386276	386866	-0.619392	-1	590
386866	396956	1.742462	1	10090
396956	398056	-1.354446	-1	1100
398056	403136	1.239557	1	5080
403136	405726	7.706908	2	2590
405726	407036	-0.718574	0	1310
407036	407726	-5.519409	-3	690
407726	408346	-2.559992	0	620
408346	410576	1.720539	1	2230
410576	411946	5.361844	2	1370
411946	412906	-0.330181	0	960
412906	418366	2.779444	1	5460
418366	419566	6.585678	2	1200
419566	420786	2.444463	1	1220
420786	421466	4.716076	2	680
421466	422666	2.489647	1	1200
422666	428666	7.130541	2	6000
428666	429186	1.035421	0	520
429186	429966	-4.062335	-2	780
429966	434116	-7.496001	-3	4150
434116	435196	-0.729116	0	1080
435196	435696	-6.277631	-3	500
435696	436026	-3.539489	0	330
436026	438256	-0.543620	-1	2230
438256	438766	2.018452	1	510
438766	439736	5.853776	2	970
439736	440366	-0.401186	0	630
440366	440896	-5.946349	-3	530
440896	441996	-2.848240	0	1100
441996	442806	-5.631524	-3	810
442806	443386	-3.592858	-2	580
443386	443806	-0.805130	0	420
443806	444356	0.528908	1	550
444356	445506	-0.864453	-1	1150
