380551	380901	1.555825	0	350
380901	381441	-1.598807	-1	540
381441	386131	1.439109	1	4690
386131	386761	-0.891490	-1	630
386761	395111	1.551721	1	8350
395111	395691	-0.450579	-1	580
395691	396851	2.266586	1	1160
396851	397841	-1.652849	0	990
397841	398991	0.360239	1	1150
398991	399611	-0.193456	-1	620
399611	403101	1.568245	1	3490
403101	405591	8.005088	2	2490
405591	405911	2.347492	0	320
405911	406541	-0.370047	-1	630
406541	406851	-3.540595	0	310
406851	407711	-5.555137	-3	860
407711	408171	-2.592091	0	460
408171	410581	1.809708	1	2410
410581	411891	5.682264	2	1310
411891	412731	-0.961068	0	840
412731	418281	2.725427	1	5550
418281	419451	6.743288	2	1170
419451	422661	2.841544	1	3210
422661	428601	7.165004	2	5940
428601	429031	1.259778	0	430
429031	429941	-4.066515	-2	910
429941	434071	-7.547911	-3	4130
434071	434301	-2.428773	0	230
434301	434811	2.715984	1	510
434811	435041	-2.556406	0	230
435041	435621	-6.816707	-3	580
435621	435871	-3.436098	0	250
435871	438261	-0.490801	-1	2390
438261	438661	2.259350	0	400
438661	439661	6.196870	2	1000
439661	440181	-0.088512	0	520
440181	440861	-6.017578	-3	680
440861	441821	-2.216094	0	960
441821	442771	-5.625054	-3	950
442771	443271	-3.443065	-2	500
443271	443631	-0.895142	0	360
443631	444241	0.526658	1	610
444241	445511	-1.018690	-1	1270
