380683	380963	1.054912	0	280
380963	381503	-0.782300	-1	540
381503	386223	1.801083	1	4720
386223	386823	-0.739733	-1	600
386823	395183	1.537816	1	8360
395183	395703	-0.375429	-1	520
395703	396923	1.992327	1	1220
396923	397973	-1.476720	0	1050
397973	399103	0.358266	1	1130
399103	399603	-0.182985	-1	500
399603	403073	1.470855	1	3470
403073	405713	7.698359	2	2640
405713	406043	1.980711	0	330
406043	406573	-0.473013	-1	530
406573	406973	-3.490023	0	400
406973	407723	-5.543416	-3	750
407723	408273	-2.601903	0	550
408273	410493	1.658410	1	2220
410493	411963	5.365419	2	1470
411963	412843	-0.747520	0	880
412843	418293	2.750168	1	5450
418293	419563	6.597296	2	1270
419563	420613	2.134046	1	1050
420613	421483	4.629303	2	870
421483	422583	2.267838	1	1100
422583	428683	7.103673	2	6100
428683	429123	0.863442	0	440
429123	429963	-4.072052	-2	840
429963	434093	-7.525934	-3	4130
434093	434363	-2.632954	0	270
434363	434863	1.932476	1	500
434863	435133	-2.426515	0	270
435133	435673	-6.486668	-3	540
435673	435973	-3.453481	0	300
435973	438253	-0.520636	-1	2280
438253	438673	1.804044	0	420
438673	439743	5.838626	2	1070
439743	440293	-0.446010	0	550
440293	440883	-5.951581	-3	590
440883	441933	-2.633075	0	1050
441933	442793	-5.642706	-3	860
442793	443343	-3.550539	-2	550
443343	443753	-0.802972	0	410
443753	444273	0.441159	1	520
444273	445503	-1.027367	-1	1230
