3002,46,1.554959,0,8360,80.0,-0.965102,7,630,-0.49112,7,580,[0],0,1,100.0,64.195892
3007,63,1.536461,0,8360,80.0,-0.703098,7,610,-0.373109,7,500,[1],1,1,100.0,63.474335
3010,42,1.557459,0,8370,80.0,-1.00589,7,640,-0.53637,7,570,[-1 0],-1,1,32.4696347194,61.166142
3010,42,1.557459,0,8370,80.0,-1.00589,7,640,-0.53637,7,570,[-1 0],0,2,67.5303652806,61.414986
3015,42,1.557044,0,8370,80.0,-1.001077,7,640,-0.532052,7,570,[0 -1 0],0,1,52.7570360787,66.993057
3015,42,1.557044,0,8370,80.0,-1.001077,7,640,-0.532052,7,570,[0 -1 0],-1,2,31.3614489817,62.956146
3015,42,1.557044,0,8370,80.0,-1.001077,7,640,-0.532052,7,570,[0 -1 0],0,3,15.8815149396,64.160042
3019,46,1.555164,0,8360,80.0,-0.96796,7,630,-0.495448,7,580,[0 -1 0],0,1,52.5574169396,67.041359
3019,46,1.555164,0,8360,80.0,-0.96796,7,630,-0.495448,7,580,[0 -1 0],-1,2,31.8517547964,62.99445
3019,46,1.555164,0,8360,80.0,-0.96796,7,630,-0.495448,7,580,[0 -1 0],0,3,15.5908282639,64.175453
3022,42,1.557046,0,8370,80.0,-0.984956,7,650,-0.522728,7,580,[0 -1 0],0,1,52.7079776922,67.002464
3022,42,1.557046,0,8370,80.0,-0.984956,7,650,-0.522728,7,580,[0 -1 0],-1,2,31.4330112174,62.92667
3022,42,1.557046,0,8370,80.0,-0.984956,7,650,-0.522728,7,580,[0 -1 0],0,3,15.8590110904,64.129776
3033,41,1.558417,0,8370,80.0,-1.002635,7,650,-0.545047,7,570,[-1 0],-1,1,32.5090955321,61.24432
3033,41,1.558417,0,8370,80.0,-1.002635,7,650,-0.545047,7,570,[-1 0],0,2,67.4909044679,62.34111
3044,62,1.536333,0,8370,80.0,-0.744408,7,600,-0.385199,7,510,[0],0,1,100.0,63.58477
3047,59,1.544611,0,8340,80.0,-0.763894,7,620,-0.383858,7,550,[0 1 0],0,1,24.0762222247,57.134026
3047,59,1.544611,0,8340,80.0,-0.763894,7,620,-0.383858,7,550,[0 1 0],1,2,32.2206330079,61.285351
3047,59,1.544611,0,8340,80.0,-0.763894,7,620,-0.383858,7,550,[0 1 0],0,3,43.7031447674,61.84935
3054,49,1.555574,0,8340,80.0,-0.905252,7,640,-0.474974,7,570,[0 -1 0],0,1,52.3515672741,66.92244
3054,49,1.555574,0,8340,80.0,-0.905252,7,640,-0.474974,7,570,[0 -1 0],-1,2,29.1121966581,62.875523
3054,49,1.555574,0,8340,80.0,-0.905252,7,640,-0.474974,7,570,[0 -1 0],0,3,18.5362360677,65.647369
3058,62,1.53762,0,8360,80.0,-0.734047,7,600,-0.373636,7,520,[0],0,1,100.0,65.377113
3065,42,1.557066,0,8370,80.0,-1.001538,7,640,-0.532309,7,570,[0 -1 0],0,1,52.6817889558,66.97731
3065,42,1.557066,0,8370,80.0,-1.001538,7,640,-0.532309,7,570,[0 -1 0],-1,2,27.8664563303,62.917397
3065,42,1.557066,0,8370,80.0,-1.001538,7,640,-0.532309,7,570,[0 -1 0],0,3,19.4517547139,65.678001
3067,59,1.543326,0,8350,80.0,-0.773159,7,620,-0.397939,7,540,[0],0,1,100.0,62.453793
3071,60,1.539812,0,8360,80.0,-0.758302,7,610,-0.387326,7,530,[0],0,1,100.0,62.476105
3082,44,1.557463,0,8360,80.0,-0.968077,7,650,-0.513518,7,580,[0 -1 0],0,1,52.5053618149,66.971977
3082,44,1.557463,0,8360,80.0,-0.968077,7,650,-0.513518,7,580,[0 -1 0],-1,2,27.2747008425,62.931103
3082,44,1.557463,0,8360,80.0,-0.968077,7,650,-0.513518,7,580,[0 -1 0],0,3,20.2199373426,65.67878
3088,45,1.555566,0,8360,80.0,-0.957564,7,640,-0.496527,7,580,[0 -1 0],0,1,52.4169523496,66.95517
3088,45,1.555566,0,8360,80.0,-0.957564,7,640,-0.496527,7,580,[0 -1 0],-1,2,25.7851913951,62.922157
3088,45,1.555566,0,8360,80.0,-0.957564,7,640,-0.496527,7,580,[0 -1 0],0,3,21.7978562553,65.613106
3093,49,1.554772,0,8340,80.0,-0.908461,7,630,-0.459889,7,580,[0],0,1,100.0,65.434059
3098,65,1.534941,0,8360,80.0,-0.68857,7,600,-0.360109,7,500,[0],0,1,100.0,63.609943
3103,45,1.555501,0,8360,80.0,-0.957653,7,640,-0.497099,7,580,[0 -1 0],0,1,52.4323090851,66.952568
3103,45,1.555501,0,8360,80.0,-0.957653,7,640,-0.497099,7,580,[0 -1 0],-1,2,26.8395693519,62.91827
3103,45,1.555501,0,8360,80.0,-0.957653,7,640,-0.497099,7,580,[0 -1 0],0,3,20.7281215631,65.62191
3109,44,1.557475,0,8360,80.0,-0.968317,7,650,-0.513665,7,580,[0 -1 0],0,1,52.3196001631,66.965935
3109,44,1.557475,0,8360,80.0,-0.968317,7,650,-0.513665,7,580,[0 -1 0],-1,2,26.4151225735,62.927231
3109,44,1.557475,0,8360,80.0,-0.968317,7,650,-0.513665,7,580,[0 -1 0],0,3,21.2652772634,65.657448
3114,44,1.557477,0,8360,80.0,-0.968361,7,650,-0.513692,7,580,[0 -1 0],0,1,52.3212101489,66.97934
3114,44,1.557477,0,8360,80.0,-0.968361,7,650,-0.513692,7,580,[0 -1 0],-1,2,26.4181432563,62.930531
3114,44,1.557477,0,8360,80.0,-0.968361,7,650,-0.513692,7,580,[0 -1 0],0,3,21.2606465948,65.650246
3118,43,1.557897,0,8360,80.0,-0.973814,7,650,-0.525408,7,570,[0 -1 0],0,1,52.4287825225,66.976952
3118,43,1.557897,0,8360,80.0,-0.973814,7,650,-0.525408,7,570,[0 -1 0],-1,2,26.2042908179,62.931416
3118,43,1.557897,0,8360,80.0,-0.973814,7,650,-0.525408,7,570,[0 -1 0],0,3,21.3669266596,65.63324
3124,64,1.533994,0,8370,80.0,-0.70347,7,600,-0.370618,7,500,[0],0,1,100.0,65.257828
3134,44,1.557485,0,8360,80.0,-0.968535,7,650,-0.513799,7,580,[0 -1 0],0,1,52.3722491049,66.959
3134,44,1.557485,0,8360,80.0,-0.968535,7,650,-0.513799,7,580,[0 -1 0],-1,2,25.5981183802,62.947113
3134,44,1.557485,0,8360,80.0,-0.968535,7,650,-0.513799,7,580,[0 -1 0],0,3,22.0296325149,65.632774
3144,43,1.557908,0,8360,80.0,-0.974041,7,650,-0.525531,7,570,[0 -1 0],0,1,52.4653497191,66.930641
3144,43,1.557908,0,8360,80.0,-0.974041,7,650,-0.525531,7,570,[0 -1 0],-1,2,25.227199629,62.920139
3144,43,1.557908,0,8360,80.0,-0.974041,7,650,-0.525531,7,570,[0 -1 0],0,3,22.3074506519,65.613564
3150,58,1.544055,0,8350,80.0,-0.797526,7,610,-0.406009,7,540,[0],0,1,100.0,63.613617
3155,64,1.535444,0,8360,80.0,-0.696793,7,600,-0.363725,7,500,[0],0,1,100.0,65.232712
3158,44,1.556479,0,8360,80.0,-0.971275,7,640,-0.505777,7,580,[0 -1 0],0,1,52.4586484727,66.948273
3158,44,1.556479,0,8360,80.0,-0.971275,7,640,-0.505777,7,580,[0 -1 0],-1,2,24.2820058203,62.934063
3158,44,1.556479,0,8360,80.0,-0.971275,7,640,-0.505777,7,580,[0 -1 0],0,3,23.259345707,65.591225
3162,43,1.55471,0,8380,80.0,-0.995494,7,640,-0.530087,7,570,[0 -1 0],0,1,52.4624173069,66.959099
3162,43,1.55471,0,8380,80.0,-0.995494,7,640,-0.530087,7,570,[0 -1 0],-1,2,24.6484259857,62.931835
3162,43,1.55471,0,8380,80.0,-0.995494,7,640,-0.530087,7,570,[0 -1 0],0,3,22.8891567074,65.614601
3166,63,1.53723,0,8360,80.0,-0.727462,7,600,-0.375735,7,510,[0],0,1,100.0,65.718147
3169,47,1.55541,0,8350,80.0,-0.946186,7,630,-0.482237,7,580,[0 -1 0],0,1,53.1299679055,66.941002
3169,47,1.55541,0,8350,80.0,-0.946186,7,630,-0.482237,7,580,[0 -1 0],-1,2,23.0394582921,62.935402
3169,47,1.55541,0,8350,80.0,-0.946186,7,630,-0.482237,7,580,[0 -1 0],0,3,23.8305738025,65.535561
3175,44,1.557501,0,8360,80.0,-0.968885,7,650,-0.514015,7,580,[0 -1 0],0,1,52.451704875,66.93869
3175,44,1.557501,0,8360,80.0,-0.968885,7,650,-0.514015,7,580,[0 -1 0],-1,2,24.2835708647,62.925045
3175,44,1.557501,0,8360,80.0,-0.968885,7,650,-0.514015,7,580,[0 -1 0],0,3,23.2647242604,65.598854
3180,44,1.557372,0,8360,80.0,-0.967528,7,650,-0.522616,7,570,[0 -1 0],0,1,52.4527892338,66.918045
3180,44,1.557372,0,8360,80.0,-0.967528,7,650,-0.522616,7,570,[0 -1 0],-1,2,24.1783492886,62.910938
3180,44,1.557372,0,8360,80.0,-0.967528,7,650,-0.522616,7,570,[0 -1 0],0,3,23.3688614777,65.576836
3185,49,1.553516,0,8350,80.0,-0.917464,7,630,-0.474125,7,570,[0 -1 0],0,1,52.6844064835,66.927216
3185,49,1.553516,0,8350,80.0,-0.917464,7,630,-0.474125,7,570,[0 -1 0],-1,2,24.1178521749,62.923817
3185,49,1.553516,0,8350,80.0,-0.917464,7,630,-0.474125,7,570,[0 -1 0],0,3,23.1977413416,65.567032
3191,64,1.537321,0,8350,80.0,-0.687662,7,610,-0.364502,7,500,[0 -1 0],0,1,52.9206544304,66.939453
3191,64,1.537321,0,8350,80.0,-0.687662,7,610,-0.364502,7,500,[0 -1 0],-1,2,24.1004579214,62.922844
3191,64,1.537321,0,8350,80.0,-0.687662,7,610,-0.364502,7,500,[0 -1 0],0,3,22.9788876481,65.664078
3197,44,1.556875,0,8360,80.0,-0.976129,7,640,-0.498282,7,590,[0 -1 0],0,1,52.7920889877,66.932785
3197,44,1.556875,0,8360,80.0,-0.976129,7,640,-0.498282,7,590,[0 -1 0],-1,2,23.6380030905,62.928898
3197,44,1.556875,0,8360,80.0,-0.976129,7,640,-0.498282,7,590,[0 -1 0],0,3,23.5699079219,65.550583
3201,61,1.540697,0,8350,80.0,-0.730799,7,620,-0.386863,7,520,[0],0,1,100.0,63.78442
3211,45,1.555905,0,8360,80.0,-0.977603,7,630,-0.49157,7,590,[0 -1 0],0,1,53.1263564383,66.932396
3211,45,1.555905,0,8360,80.0,-0.977603,7,630,-0.49157,7,590,[0 -1 0],-1,2,22.9891035907,62.923595
3211,45,1.555905,0,8360,80.0,-0.977603,7,630,-0.49157,7,590,[0 -1 0],0,3,23.884539971,65.544006
3215,44,1.556663,0,8360,80.0,-0.973589,7,640,-0.506325,7,580,[0],0,1,100.0,65.550751
3226,64,1.535492,0,8360,80.0,-0.697823,7,600,-0.364304,7,500,[0],0,1,100.0,64.091957
3228,58,1.543626,0,8350,80.0,-0.790572,7,610,-0.401245,7,540,[-1 0],-1,1,29.2727592754,62.794048
3228,58,1.543626,0,8350,80.0,-0.790572,7,610,-0.401245,7,540,[-1 0],0,2,70.7272407246,62.008709
3234,45,1.556332,0,8360,80.0,-0.984326,7,630,-0.496027,7,590,[0 -1 0],0,1,53.782336865,66.910988
3234,45,1.556332,0,8360,80.0,-0.984326,7,630,-0.496027,7,590,[0 -1 0],-1,2,22.1242184868,62.909866
3234,45,1.556332,0,8360,80.0,-0.984326,7,630,-0.496027,7,590,[0 -1 0],0,3,24.0934446483,65.505989
3241,61,1.538905,0,8360,80.0,-0.742522,7,610,-0.386441,7,520,[-1 0],-1,1,29.7252317784,62.091389
3241,61,1.538905,0,8360,80.0,-0.742522,7,610,-0.386441,7,520,[-1 0],0,2,70.2747682216,63.451679
3248,49,1.553551,0,8350,80.0,-0.932805,7,620,-0.466528,7,580,[0],0,1,100.0,65.407707
3255,46,1.554607,0,8360,80.0,-0.944926,7,640,-0.498476,7,570,[0],0,1,100.0,63.753063
3258,60,1.538246,0,8370,80.0,-0.775954,7,600,-0.399497,7,520,[0],0,1,100.0,63.69001
3278,49,1.555674,0,8340,80.0,-0.907514,7,640,-0.476071,7,570,[0],0,1,100.0,65.35508
3285,58,1.542039,0,8360,80.0,-0.782771,7,620,-0.403667,7,540,[-1 0],-1,1,29.6189670405,62.254417
3285,58,1.542039,0,8360,80.0,-0.782771,7,620,-0.403667,7,540,[-1 0],0,2,70.3810329595,63.494129
3291,55,1.546675,0,8350,80.0,-0.828161,7,620,-0.424331,7,550,[-1 0 -1 0],-1,1,28.8064223417,62.73476
3291,55,1.546675,0,8350,80.0,-0.828161,7,620,-0.424331,7,550,[-1 0 -1 0],0,2,22.8797798226,64.954155
3291,55,1.546675,0,8350,80.0,-0.828161,7,620,-0.424331,7,550,[-1 0 -1 0],-1,3,25.1801690327,60.927158
3291,55,1.546675,0,8350,80.0,-0.828161,7,620,-0.424331,7,550,[-1 0 -1 0],0,4,23.133628803,63.645718
3298,45,1.555574,0,8360,80.0,-0.974573,7,630,-0.498053,7,580,[0],0,1,100.0,65.442421
3304,55,1.547468,0,8350,80.0,-0.840335,7,620,-0.424823,7,560,[-1 0],-1,1,29.8029132609,62.165337
3304,55,1.547468,0,8350,80.0,-0.840335,7,620,-0.424823,7,560,[-1 0],0,2,70.1970867391,63.439777
3308,49,1.553693,0,8350,80.0,-0.934682,7,620,-0.465968,7,580,[0],0,1,100.0,65.408081
3332,46,1.55494,0,8360,80.0,-0.950246,7,640,-0.501498,7,570,[0],0,1,100.0,65.452583
3337,47,1.553981,0,8360,80.0,-0.952619,7,630,-0.492786,7,570,[0],0,1,100.0,65.413818
3340,58,1.542149,0,8360,80.0,-0.785707,7,620,-0.411829,7,530,[-1 0],-1,1,29.7034667265,62.143513
3340,58,1.542149,0,8360,80.0,-0.785707,7,620,-0.411829,7,530,[-1 0],0,2,70.2965332735,63.437996
3346,62,1.538529,0,8360,80.0,-0.739105,7,610,-0.388511,7,510,[-1 0],-1,1,28.7499017542,62.553074
3346,62,1.538529,0,8360,80.0,-0.739105,7,610,-0.388511,7,510,[-1 0],0,2,71.2500982458,63.659103
3356,61,1.53741,0,8370,80.0,-0.749833,7,610,-0.397108,7,510,[0 -1 0 -1 0],0,1,0.887905648814,66.89093
3356,61,1.53741,0,8370,80.0,-0.749833,7,610,-0.397108,7,510,[0 -1 0 -1 0],-1,2,27.9125995904,62.715542
3356,61,1.53741,0,8370,80.0,-0.749833,7,610,-0.397108,7,510,[0 -1 0 -1 0],0,3,22.976800849,64.926598
3356,61,1.53741,0,8370,80.0,-0.749833,7,610,-0.397108,7,510,[0 -1 0 -1 0],-1,4,23.5388421352,60.913383
3356,61,1.53741,0,8370,80.0,-0.749833,7,610,-0.397108,7,510,[0 -1 0 -1 0],0,5,24.6838517766,63.685402
3362,64,1.536566,0,8360,80.0,-0.70559,7,610,-0.375851,7,500,[0],0,1,100.0,65.13443
3373,62,1.539689,0,8350,80.0,-0.727163,7,610,-0.383518,7,510,[0],0,1,100.0,65.908356
3378,64,1.536455,0,8360,80.0,-0.70366,7,610,-0.374427,7,500,[0],0,1,100.0,65.434669
3381,46,1.554438,0,8360,80.0,-0.943649,7,640,-0.498805,7,570,[0],0,1,100.0,65.427521
3390,47,1.553395,0,8360,80.0,-0.944119,7,630,-0.490045,7,570,[0],0,1,100.0,65.395782
3394,62,1.539939,0,8350,80.0,-0.742086,7,600,-0.385558,7,510,[0 -1 0 -1 0],0,1,0.66796861822,66.761971
3394,62,1.539939,0,8350,80.0,-0.742086,7,600,-0.385558,7,510,[0 -1 0 -1 0],-1,2,28.26459354,62.653011
3394,62,1.539939,0,8350,80.0,-0.742086,7,600,-0.385558,7,510,[0 -1 0 -1 0],0,3,24.5255436148,64.931778
3394,62,1.539939,0,8350,80.0,-0.742086,7,600,-0.385558,7,510,[0 -1 0 -1 0],-1,4,21.4919465175,60.93018
3394,62,1.539939,0,8350,80.0,-0.742086,7,600,-0.385558,7,510,[0 -1 0 -1 0],0,5,25.0499477095,63.62273
3401,46,1.556053,0,8350,80.0,-0.940473,7,640,-0.485439,7,580,[0],0,1,100.0,65.376793
3413,63,1.539289,0,8350,80.0,-0.720285,7,610,-0.378032,7,510,[0],0,1,100.0,65.785461
3418,47,1.553406,0,8360,80.0,-0.944349,7,630,-0.490169,7,570,[0],0,1,100.0,65.391609
3423,51,1.551744,0,8350,80.0,-0.905969,7,620,-0.458421,7,570,[0],0,1,100.0,65.347504
3429,48,1.553054,0,8360,80.0,-0.939223,7,630,-0.485501,7,570,[0],0,1,100.0,65.375923
3439,48,1.554797,0,8350,80.0,-0.937496,7,630,-0.484402,7,570,[0],0,1,100.0,65.332489
3453,47,1.553223,0,8360,80.0,-0.942031,7,630,-0.486344,7,570,[0],0,1,100.0,65.296173
3457,47,1.553224,0,8360,80.0,-0.942065,7,630,-0.486365,7,570,[0],0,1,100.0,65.272591
3466,64,1.536154,0,8360,80.0,-0.697855,7,610,-0.373202,7,500,[0],0,1,100.0,65.392059
3510,65,1.537396,0,8350,80.0,-0.689536,7,610,-0.366561,7,500,[0],0,1,100.0,65.322166
3516,52,1.550438,0,8350,80.0,-0.886985,7,620,-0.437784,7,580,[-1 0],-1,1,30.0738698512,62.306149
3516,52,1.550438,0,8350,80.0,-0.886985,7,620,-0.437784,7,580,[-1 0],0,2,69.9261301488,63.414085
3525,49,1.554949,0,8340,80.0,-0.912481,7,630,-0.453192,7,590,[0],0,1,100.0,65.131279
3535,53,1.549099,0,8350,80.0,-0.87957,7,610,-0.434237,7,570,[-1 0],-1,1,30.0908300609,62.308865
3535,53,1.549099,0,8350,80.0,-0.87957,7,610,-0.434237,7,570,[-1 0],0,2,69.9091699391,63.377525
3570,61,1.541241,0,8350,80.0,-0.752976,7,610,-0.384652,7,530,[-1 0],-1,1,30.2537766615,61.891968
3570,61,1.541241,0,8350,80.0,-0.752976,7,610,-0.384652,7,530,[-1 0],0,2,69.7462233385,63.219406
3584,54,1.548116,0,8350,80.0,-0.849505,7,620,-0.42592,7,570,[0 -1 0],0,1,0.22255776573,66.884346
3584,54,1.548116,0,8350,80.0,-0.849505,7,620,-0.42592,7,570,[0 -1 0],-1,2,30.4390832418,62.117615
3584,54,1.548116,0,8350,80.0,-0.849505,7,620,-0.42592,7,570,[0 -1 0],0,3,69.3383589924,63.233746
3596,61,1.539067,0,8360,80.0,-0.747582,7,610,-0.388166,7,520,[0 -1 0],0,1,0.11031171473,66.372292
3596,61,1.539067,0,8360,80.0,-0.747582,7,610,-0.388166,7,520,[0 -1 0],-1,2,30.7934216824,61.782475
3596,61,1.539067,0,8360,80.0,-0.747582,7,610,-0.388166,7,520,[0 -1 0],0,3,69.0962666028,63.069229
3609,50,1.55481,0,8340,80.0,-0.910567,7,630,-0.460782,7,580,[0],0,1,100.0,64.973114
3618,50,1.552617,0,8350,80.0,-0.919915,7,620,-0.458916,7,580,[0],0,1,100.0,64.991692
3653,53,1.55109,0,8340,80.0,-0.869043,7,620,-0.435579,7,570,[-1 0],-1,1,30.3819131688,62.028893
3653,53,1.55109,0,8340,80.0,-0.869043,7,620,-0.435579,7,570,[-1 0],0,2,69.6180868312,63.234718
3658,57,1.543882,0,8360,80.0,-0.813303,7,620,-0.423939,7,540,[-1 0],-1,1,30.1202654599,62.096699
3658,57,1.543882,0,8360,80.0,-0.813303,7,620,-0.423939,7,540,[-1 0],0,2,69.8797345401,63.301132
3684,51,1.551744,0,8350,80.0,-0.893019,7,630,-0.459583,7,570,[-1 0],-1,1,30.5768870575,61.897453
3684,51,1.551744,0,8350,80.0,-0.893019,7,630,-0.459583,7,570,[-1 0],0,2,69.4231129425,63.160557
3758,59,1.543024,0,8350,80.0,-0.782034,7,610,-0.396187,7,540,[0 -1 0],0,1,0.222386953299,66.752281
3758,59,1.543024,0,8350,80.0,-0.782034,7,610,-0.396187,7,540,[0 -1 0],-1,2,30.1937087704,62.104904
3758,59,1.543024,0,8350,80.0,-0.782034,7,610,-0.396187,7,540,[0 -1 0],0,3,69.5839042763,63.162983
3769,62,1.53903,0,8360,80.0,-0.748003,7,610,-0.397105,7,510,[0 -1 0],0,1,0.333531730434,66.757889
3769,62,1.53903,0,8360,80.0,-0.748003,7,610,-0.397105,7,510,[0 -1 0],-1,2,30.191172452,62.140079
3769,62,1.53903,0,8360,80.0,-0.748003,7,610,-0.397105,7,510,[0 -1 0],0,3,69.4752958176,63.181522
3775,55,1.547196,0,8350,80.0,-0.836077,7,620,-0.424088,7,560,[0 -1 0],0,1,0.110934548616,66.681892
3775,55,1.547196,0,8350,80.0,-0.836077,7,620,-0.424088,7,560,[0 -1 0],-1,2,30.6010703685,62.028698
3775,55,1.547196,0,8350,80.0,-0.836077,7,620,-0.424088,7,560,[0 -1 0],0,3,69.2879950829,63.116432
3777,52,1.548517,0,8360,80.0,-0.887179,7,620,-0.45385,7,560,[0 -1 0],0,1,0.221435063793,66.658348
3777,52,1.548517,0,8360,80.0,-0.887179,7,620,-0.45385,7,560,[0 -1 0],-1,2,30.6339700838,62.008488
3777,52,1.548517,0,8360,80.0,-0.887179,7,620,-0.45385,7,560,[0 -1 0],0,3,69.1445948524,63.114571
3782,62,1.538635,0,8360,80.0,-0.740307,7,610,-0.391816,7,510,[0 -1 0],0,1,0.333535476046,66.845665
3782,62,1.538635,0,8360,80.0,-0.740307,7,610,-0.391816,7,510,[0 -1 0],-1,2,30.1274996444,62.229843
3782,62,1.538635,0,8360,80.0,-0.740307,7,610,-0.391816,7,510,[0 -1 0],0,3,69.5389648796,63.228691
3792,54,1.546782,0,8360,80.0,-0.874343,7,610,-0.444746,7,550,[0 -1 0],0,1,0.332315430214,66.630302
3792,54,1.546782,0,8360,80.0,-0.874343,7,610,-0.444746,7,550,[0 -1 0],-1,2,30.5292347764,61.977119
3792,54,1.546782,0,8360,80.0,-0.874343,7,610,-0.444746,7,550,[0 -1 0],0,3,69.1384497934,63.08395
3797,53,1.549309,0,8350,80.0,-0.85723,7,630,-0.43645,7,570,[0 -1 0],0,1,0.110913348946,66.588577
3797,53,1.549309,0,8350,80.0,-0.85723,7,630,-0.43645,7,570,[0 -1 0],-1,2,30.6488056206,61.940182
3797,53,1.549309,0,8350,80.0,-0.85723,7,630,-0.43645,7,570,[0 -1 0],0,3,69.2402810304,63.045216
3813,62,1.539049,0,8360,80.0,-0.74842,7,610,-0.397332,7,510,[0 -1 0],0,1,0.221478142128,66.658043
3813,62,1.539049,0,8360,80.0,-0.74842,7,610,-0.397332,7,510,[0 -1 0],-1,2,30.4502515947,62.070217
3813,62,1.539049,0,8360,80.0,-0.74842,7,610,-0.397332,7,510,[0 -1 0],0,3,69.3282702632,63.110912
3820,53,1.549842,0,8350,80.0,-0.878441,7,620,-0.449592,7,560,[0 -1 0],0,1,0.221852468109,66.579964
3820,53,1.549842,0,8350,80.0,-0.878441,7,620,-0.449592,7,560,[0 -1 0],-1,2,30.7527993884,61.936359
3820,53,1.549842,0,8350,80.0,-0.878441,7,620,-0.449592,7,560,[0 -1 0],0,3,69.0253481435,63.010128
3824,56,1.548472,0,8340,80.0,-0.826984,7,620,-0.418314,7,560,[0 -1 0],0,1,0.111090260837,66.601151
3824,56,1.548472,0,8340,80.0,-0.826984,7,620,-0.418314,7,560,[0 -1 0],-1,2,30.6139988741,61.99004
3824,56,1.548472,0,8340,80.0,-0.826984,7,620,-0.418314,7,560,[0 -1 0],0,3,69.2749108651,63.030819
3827,63,1.539641,0,8350,80.0,-0.727039,7,610,-0.373881,7,520,[0 -1 0],0,1,0.221854130909,66.608078
3827,63,1.539641,0,8350,80.0,-0.727039,7,610,-0.373881,7,520,[0 -1 0],-1,2,30.3752782545,62.054852
3827,63,1.539641,0,8350,80.0,-0.727039,7,610,-0.373881,7,520,[0 -1 0],0,3,69.4028676145,63.065434
3845,53,1.549459,0,8350,80.0,-0.872546,7,620,-0.437091,7,570,[0 -1 0],0,1,0.332706386614,66.546158
3845,53,1.549459,0,8350,80.0,-0.872546,7,620,-0.437091,7,570,[0 -1 0],-1,2,30.6239743426,61.919521
3845,53,1.549459,0,8350,80.0,-0.872546,7,620,-0.437091,7,570,[0 -1 0],0,3,69.0433192707,62.941475
3849,56,1.548472,0,8340,80.0,-0.82726,7,620,-0.417923,7,560,[0 -1 0],0,1,0.110588782174,66.364349
3849,56,1.548472,0,8340,80.0,-0.82726,7,620,-0.417923,7,560,[0 -1 0],-1,2,30.9828531156,61.766331
3849,56,1.548472,0,8340,80.0,-0.82726,7,620,-0.417923,7,560,[0 -1 0],0,3,68.9065581022,62.65778
3856,58,1.542255,0,8360,80.0,-0.800258,7,610,-0.406267,7,540,[0 -1 0],0,1,0.221542791065,66.56636
3856,58,1.542255,0,8360,80.0,-0.800258,7,610,-0.406267,7,540,[0 -1 0],-1,2,30.6166898064,61.968021
3856,58,1.542255,0,8360,80.0,-0.800258,7,610,-0.406267,7,540,[0 -1 0],0,3,69.1617674025,62.972179
3867,63,1.539388,0,8350,80.0,-0.722425,7,610,-0.372879,7,520,[0],0,1,100.0,63.897499
3872,61,1.53919,0,8360,80.0,-0.750277,7,610,-0.389761,7,520,[0 -1 0],0,1,0.221464056982,66.515694
3872,61,1.53919,0,8360,80.0,-0.750277,7,610,-0.389761,7,520,[0 -1 0],-1,2,30.6967139522,61.957561
3872,61,1.53919,0,8360,80.0,-0.750277,7,610,-0.389761,7,520,[0 -1 0],0,3,69.0818219908,62.9123
3877,63,1.539627,0,8350,80.0,-0.726588,7,610,-0.374496,7,520,[-1 0],-1,1,31.5344669204,63.012951
3877,63,1.539627,0,8350,80.0,-0.726588,7,610,-0.374496,7,520,[-1 0],0,2,68.4655330796,62.958176
3888,62,1.538193,0,8360,80.0,-0.74578,7,600,-0.380208,7,520,[0 -1 0],0,1,0.330896786375,66.478188
3888,62,1.538193,0,8360,80.0,-0.74578,7,600,-0.380208,7,520,[0 -1 0],-1,2,30.5576639061,61.938095
3888,62,1.538193,0,8360,80.0,-0.74578,7,600,-0.380208,7,520,[0 -1 0],0,3,69.1114393075,62.864208
3893,61,1.539077,0,8360,80.0,-0.74791,7,610,-0.389585,7,520,[0 -1 0],0,1,0.220891879041,66.394943
3893,61,1.539077,0,8360,80.0,-0.74791,7,610,-0.389585,7,520,[0 -1 0],-1,2,30.5602042688,61.857193
3893,61,1.539077,0,8360,80.0,-0.74791,7,610,-0.389585,7,520,[0 -1 0],0,3,69.2189038521,62.793262
3896,59,1.541929,0,8360,80.0,-0.782808,7,620,-0.412421,7,530,[0 -1 0],0,1,0.220722473289,66.39325
3896,59,1.541929,0,8360,80.0,-0.782808,7,620,-0.412421,7,530,[0 -1 0],-1,2,30.631415916,61.834057
3896,59,1.541929,0,8360,80.0,-0.782808,7,620,-0.412421,7,530,[0 -1 0],0,3,69.1478616108,62.783504
3916,61,1.53921,0,8360,80.0,-0.750674,7,610,-0.389995,7,520,[0 -1 0],0,1,0.220194205297,66.259064
3916,61,1.53921,0,8360,80.0,-0.750674,7,610,-0.389995,7,520,[0 -1 0],-1,2,30.6077434962,61.724773
3916,61,1.53921,0,8360,80.0,-0.750674,7,610,-0.389995,7,520,[0 -1 0],0,3,69.1720622985,62.621452
3922,62,1.538284,0,8360,80.0,-0.734381,7,610,-0.388694,7,510,[0 -1 0],0,1,0.110441804657,66.318901
3922,62,1.538284,0,8360,80.0,-0.734381,7,610,-0.388694,7,510,[0 -1 0],-1,2,30.8331055861,61.74926
3922,62,1.538284,0,8360,80.0,-0.734381,7,610,-0.388694,7,510,[0 -1 0],0,3,69.0564526092,62.635139
3927,63,1.537735,0,8360,80.0,-0.738468,7,600,-0.381878,7,510,[-1 0],-1,1,31.1328986642,63.433079
3927,63,1.537735,0,8360,80.0,-0.738468,7,600,-0.381878,7,510,[-1 0],0,2,68.8671013358,63.558212
3932,63,1.537319,0,8360,80.0,-0.73127,7,600,-0.378397,7,510,[0],0,1,100.0,64.690788
3937,62,1.538657,0,8360,80.0,-0.742669,7,610,-0.391415,7,510,[-1 0],-1,1,30.934839524,61.762962
3937,62,1.538657,0,8360,80.0,-0.742669,7,610,-0.391415,7,510,[-1 0],0,2,69.065160476,62.566013
3941,64,1.536856,0,8360,80.0,-0.723924,7,600,-0.372071,7,510,[0],0,1,100.0,64.655128
3945,56,1.546256,0,8350,80.0,-0.836142,7,610,-0.414813,7,560,[-1 0],-1,1,31.2259200959,61.862633
3945,56,1.546256,0,8350,80.0,-0.836142,7,610,-0.414813,7,560,[-1 0],0,2,68.7740799041,62.51408
3950,63,1.537743,0,8360,80.0,-0.738686,7,600,-0.382001,7,510,[-1 0],-1,1,31.0940312302,63.400215
3950,63,1.537743,0,8360,80.0,-0.738686,7,600,-0.382001,7,510,[-1 0],0,2,68.9059687698,63.434574
3955,63,1.537746,0,8360,80.0,-0.738733,7,600,-0.382027,7,510,[-1 0],-1,1,31.0980949886,63.390835
3955,63,1.537746,0,8360,80.0,-0.738733,7,600,-0.382027,7,510,[-1 0],0,2,68.9019050114,63.400894
3968,63,1.537813,0,8360,80.0,-0.739668,7,600,-0.375389,7,520,[0 -1 0],0,1,0.112274608723,67.500191
3968,63,1.537813,0,8360,80.0,-0.739668,7,600,-0.375389,7,520,[0 -1 0],-1,2,31.2793317415,63.332233
3968,63,1.537813,0,8360,80.0,-0.739668,7,600,-0.375389,7,520,[0 -1 0],0,3,68.6083936497,63.287178
3974,63,1.537337,0,8360,80.0,-0.731663,7,600,-0.378619,7,510,[0],0,1,100.0,64.450195
3975,63,1.537816,0,8360,80.0,-0.739733,7,600,-0.375429,7,520,[0 -1 0],0,1,0.112299825561,67.488663
3975,63,1.537816,0,8360,80.0,-0.739733,7,600,-0.375429,7,520,[0 -1 0],-1,2,31.2822394083,63.322357
3975,63,1.537816,0,8360,80.0,-0.739733,7,600,-0.375429,7,520,[0 -1 0],0,3,68.6054607662,63.236
3977,61,1.537584,0,8370,80.0,-0.754084,7,610,-0.40043,7,510,[-1 0],-1,1,31.1138037165,61.783886
3977,61,1.537584,0,8370,80.0,-0.754084,7,610,-0.40043,7,510,[-1 0],0,2,68.8861962835,62.449532
3982,62,1.53835,0,8360,80.0,-0.748363,7,600,-0.382428,7,520,[-1 0],-1,1,31.1843819737,61.6404
3982,62,1.53835,0,8360,80.0,-0.748363,7,600,-0.382428,7,520,[-1 0],0,2,68.8156180263,62.300987
3987,62,1.538233,0,8360,80.0,-0.746677,7,600,-0.380715,7,520,[-1 0],-1,1,31.2298000958,61.7785
3987,62,1.538233,0,8360,80.0,-0.746677,7,600,-0.380715,7,520,[-1 0],0,2,68.7701999042,62.36068
3995,63,1.537523,0,8360,80.0,-0.734472,7,600,-0.380047,7,510,[0 -1 0],0,1,0.112165885867,67.455788
3995,63,1.537523,0,8360,80.0,-0.734472,7,600,-0.380047,7,510,[0 -1 0],-1,2,31.2299737158,63.282925
3995,63,1.537523,0,8360,80.0,-0.734472,7,600,-0.380047,7,510,[0 -1 0],0,3,68.6578603983,63.178871
3998,63,1.537009,0,8360,80.0,-0.727019,7,600,-0.373478,7,510,[0],0,1,100.0,65.818382
3999,63,1.537824,0,8360,80.0,-0.739955,7,600,-0.375564,7,520,[0 -1 0],0,1,0.112309495019,67.450058
3999,63,1.537824,0,8360,80.0,-0.739955,7,600,-0.375564,7,520,[0 -1 0],-1,2,31.2662146833,63.274998
3999,63,1.537824,0,8360,80.0,-0.739955,7,600,-0.375564,7,520,[0 -1 0],0,3,68.6214758216,63.136848
3003,42,1.556847,0,8370,80.0,-0.983632,7,650,-0.531732,7,570,[0 -1 0],0,1,52.6681363025,67.142624
3003,42,1.556847,0,8370,80.0,-0.983632,7,650,-0.531732,7,570,[0 -1 0],-1,2,31.4153340308,63.1161
3003,42,1.556847,0,8370,80.0,-0.983632,7,650,-0.531732,7,570,[0 -1 0],0,3,15.9165296667,64.346581
3021,44,1.557437,0,8360,80.0,-0.967522,7,650,-0.513176,7,580,[0 -1 0],0,1,52.5178698402,67.15831
3021,44,1.557437,0,8360,80.0,-0.967522,7,650,-0.513176,7,580,[0 -1 0],-1,2,31.7746341829,63.062416
3021,44,1.557437,0,8360,80.0,-0.967522,7,650,-0.513176,7,580,[0 -1 0],0,3,15.7074959769,64.248108
3041,43,1.557629,0,8360,80.0,-0.969039,7,650,-0.522577,7,570,[0 -1 0],0,1,52.6747278147,67.15506
3041,43,1.557629,0,8360,80.0,-0.969039,7,650,-0.522577,7,570,[0 -1 0],-1,2,29.6428584786,63.053581
3041,43,1.557629,0,8360,80.0,-0.969039,7,650,-0.522577,7,570,[0 -1 0],0,3,17.6824137067,65.808838
3045,42,1.558633,0,8360,80.0,-0.998323,7,640,-0.522337,7,580,[-1 0],-1,1,32.4930621526,60.993607
3045,42,1.558633,0,8360,80.0,-0.998323,7,640,-0.522337,7,580,[-1 0],0,2,67.5069378474,62.239269
3050,44,1.55745,0,8360,80.0,-0.967788,7,650,-0.51334,7,580,[0 -1 0],0,1,52.5215210719,66.958656
3050,44,1.55745,0,8360,80.0,-0.967788,7,650,-0.51334,7,580,[0 -1 0],-1,2,28.9632457519,62.903713
3050,44,1.55745,0,8360,80.0,-0.967788,7,650,-0.51334,7,580,[0 -1 0],0,3,18.5152331761,65.67672
3059,39,1.560848,0,8370,80.0,-1.028528,7,650,-0.542315,7,590,[0 -1 0],0,1,52.6884655072,66.991493
3059,39,1.560848,0,8370,80.0,-1.028528,7,650,-0.542315,7,590,[0 -1 0],-1,2,28.1853325158,62.901829
3059,39,1.560848,0,8370,80.0,-1.028528,7,650,-0.542315,7,590,[0 -1 0],0,3,19.126201977,65.634682
3065,48,1.553707,0,8350,80.0,-0.918616,7,630,-0.465696,7,580,[0 -1 0],0,1,52.3473483415,66.942123
3065,48,1.553707,0,8350,80.0,-0.918616,7,630,-0.465696,7,580,[0 -1 0],-1,2,28.5886678184,62.898476
3065,48,1.553707,0,8350,80.0,-0.918616,7,630,-0.465696,7,580,[0 -1 0],0,3,19.0639838401,65.62561
3070,44,1.557458,0,8360,80.0,-0.967969,7,650,-0.513451,7,580,[0 -1 0],0,1,52.5088243991,66.970383
3070,44,1.557458,0,8360,80.0,-0.967969,7,650,-0.513451,7,580,[0 -1 0],-1,2,27.8031270002,62.914028
3070,44,1.557458,0,8360,80.0,-0.967969,7,650,-0.513451,7,580,[0 -1 0],0,3,19.6880486006,65.676559
3075,44,1.55746,0,8360,80.0,-0.968015,7,650,-0.513479,7,580,[0 -1 0],0,1,52.5126888353,66.972382
3075,44,1.55746,0,8360,80.0,-0.968015,7,650,-0.513479,7,580,[0 -1 0],-1,2,27.6938509679,62.911247
3075,44,1.55746,0,8360,80.0,-0.968015,7,650,-0.513479,7,580,[0 -1 0],0,3,19.7934601967,65.686234
3079,44,1.557462,0,8360,80.0,-0.96805,7,650,-0.513501,7,580,[0 -1 0],0,1,52.4587585432,67.020164
3079,44,1.557462,0,8360,80.0,-0.96805,7,650,-0.513501,7,580,[0 -1 0],-1,2,27.5183971538,62.954884
3079,44,1.557462,0,8360,80.0,-0.96805,7,650,-0.513501,7,580,[0 -1 0],0,3,20.022844303,65.685852
3083,42,1.557102,0,8370,80.0,-1.001689,7,640,-0.532367,7,570,[0 -1 0],0,1,52.5532185438,66.971222
3083,42,1.557102,0,8370,80.0,-1.001689,7,640,-0.532367,7,570,[0 -1 0],-1,2,27.3538827472,62.915405
3083,42,1.557102,0,8370,80.0,-1.001689,7,640,-0.532367,7,570,[0 -1 0],0,3,20.092898709,65.65818
3111,43,1.55469,0,8380,80.0,-0.995094,7,640,-0.529842,7,570,[0 -1 0],0,1,52.4281992131,66.964516
3111,43,1.55469,0,8380,80.0,-0.995094,7,640,-0.529842,7,570,[0 -1 0],-1,2,26.3540803452,62.920776
3111,43,1.55469,0,8380,80.0,-0.995094,7,640,-0.529842,7,570,[0 -1 0],0,3,21.2177204417,65.656258
3116,44,1.556663,0,8360,80.0,-0.972686,7,640,-0.514609,7,570,[0 -1 0],0,1,52.4882168621,66.995583
3116,44,1.556663,0,8360,80.0,-0.972686,7,640,-0.514609,7,570,[0 -1 0],-1,2,26.3380740419,62.948788
3116,44,1.556663,0,8360,80.0,-0.972686,7,640,-0.514609,7,570,[0 -1 0],0,3,21.1737090959,65.64257
3127,52,1.551868,0,8340,80.0,-0.865795,7,630,-0.4322,7,580,[-1 0 -1 0],-1,1,29.4238012255,62.867531
3127,52,1.551868,0,8340,80.0,-0.865795,7,630,-0.4322,7,580,[-1 0 -1 0],0,2,23.5463863436,65.197357
3127,52,1.551868,0,8340,80.0,-0.865795,7,630,-0.4322,7,580,[-1 0 -1 0],-1,3,22.0911799427,61.149715
3127,52,1.551868,0,8340,80.0,-0.865795,7,630,-0.4322,7,580,[-1 0 -1 0],0,4,24.9386324882,63.697903
3132,44,1.557417,0,8360,80.0,-0.967148,7,650,-0.521694,7,570,[0 -1 0],0,1,52.4213188285,66.980377
3132,44,1.557417,0,8360,80.0,-0.967148,7,650,-0.521694,7,570,[0 -1 0],-1,2,25.7862505752,62.94994
3132,44,1.557417,0,8360,80.0,-0.967148,7,650,-0.521694,7,570,[0 -1 0],0,3,21.7924305963,65.632957
3142,44,1.557487,0,8360,80.0,-0.968604,7,650,-0.513842,7,580,[0 -1 0],0,1,52.4228283607,66.966568
3142,44,1.557487,0,8360,80.0,-0.968604,7,650,-0.513842,7,580,[0 -1 0],-1,2,25.3613941601,62.931568
3142,44,1.557487,0,8360,80.0,-0.968604,7,650,-0.513842,7,580,[0 -1 0],0,3,22.2157774792,65.602951
3149,46,1.554508,0,8360,80.0,-0.943435,7,640,-0.497619,7,570,[0 -1 0],0,1,52.2962957415,66.923058
3149,46,1.554508,0,8360,80.0,-0.943435,7,640,-0.497619,7,570,[0 -1 0],-1,2,24.7373762719,62.916222
3149,46,1.554508,0,8360,80.0,-0.943435,7,640,-0.497619,7,570,[0 -1 0],0,3,22.9663279866,65.574181
3154,44,1.557492,0,8360,80.0,-0.968707,7,650,-0.513905,7,580,[0 -1 0],0,1,52.417519909,66.969826
3154,44,1.557492,0,8360,80.0,-0.968707,7,650,-0.513905,7,580,[0 -1 0],-1,2,24.9397491168,62.945927
3154,44,1.557492,0,8360,80.0,-0.968707,7,650,-0.513905,7,580,[0 -1 0],0,3,22.6427309742,65.608688
3158,44,1.556479,0,8360,80.0,-0.971275,7,640,-0.505777,7,580,[0 -1 0],0,1,52.4586484727,66.948273
3158,44,1.556479,0,8360,80.0,-0.971275,7,640,-0.505777,7,580,[0 -1 0],-1,2,24.2820058203,62.934063
3158,44,1.556479,0,8360,80.0,-0.971275,7,640,-0.505777,7,580,[0 -1 0],0,3,23.259345707,65.591225
3166,45,1.556309,0,8360,80.0,-0.968401,7,640,-0.49571,7,590,[0 -1 0],0,1,52.4753215675,66.94416
3166,45,1.556309,0,8360,80.0,-0.968401,7,640,-0.49571,7,590,[0 -1 0],-1,2,24.7012413999,62.925064
3166,45,1.556309,0,8360,80.0,-0.968401,7,640,-0.49571,7,590,[0 -1 0],0,3,22.8234370326,65.572784
3173,45,1.555346,0,8360,80.0,-0.955582,7,640,-0.496707,7,580,[0 -1 0],0,1,52.4084273428,66.942245
3173,45,1.555346,0,8360,80.0,-0.955582,7,640,-0.496707,7,580,[0 -1 0],-1,2,24.6312943916,62.935497
3173,45,1.555346,0,8360,80.0,-0.955582,7,640,-0.496707,7,580,[0 -1 0],0,3,22.9602782656,65.578362
3182,48,1.555772,0,8340,80.0,-0.909105,7,640,-0.467717,7,580,[0],0,1,100.0,65.434196
3193,45,1.558069,0,8350,80.0,-0.967639,7,640,-0.503547,7,580,[0 -1 0],0,1,52.7316546601,66.893654
3193,45,1.558069,0,8350,80.0,-0.967639,7,640,-0.503547,7,580,[0 -1 0],-1,2,23.7726669615,62.886864
3193,45,1.558069,0,8350,80.0,-0.967639,7,640,-0.503547,7,580,[0 -1 0],0,3,23.4956783784,65.526375
3202,44,1.556749,0,8360,80.0,-0.973412,7,640,-0.497513,7,590,[0 -1 0],0,1,53.0107679759,66.948341
3202,44,1.556749,0,8360,80.0,-0.973412,7,640,-0.497513,7,590,[0 -1 0],-1,2,23.3112835517,62.931545
3202,44,1.556749,0,8360,80.0,-0.973412,7,640,-0.497513,7,590,[0 -1 0],0,3,23.6779484724,65.581406
3209,44,1.557515,0,8360,80.0,-0.969169,7,650,-0.51419,7,580,[0 -1 0],0,1,53.0055033507,66.912109
3209,44,1.557515,0,8360,80.0,-0.969169,7,650,-0.51419,7,580,[0 -1 0],-1,2,23.09909775,62.903591
3209,44,1.557515,0,8360,80.0,-0.969169,7,650,-0.51419,7,580,[0 -1 0],0,3,23.8953988993,65.560532
3213,45,1.555542,0,8360,80.0,-0.973836,7,630,-0.497651,7,580,[0 -1 0],0,1,53.12539755,66.937675
3213,45,1.555542,0,8360,80.0,-0.973836,7,630,-0.497651,7,580,[0 -1 0],-1,2,22.9898002709,62.931263
3213,45,1.555542,0,8360,80.0,-0.973836,7,630,-0.497651,7,580,[0 -1 0],0,3,23.8848021791,65.558525
3223,43,1.55759,0,8360,80.0,-0.970686,7,650,-0.51394,7,580,[0 -1 0],0,1,53.3403970138,66.90699
3223,43,1.55759,0,8360,80.0,-0.970686,7,650,-0.51394,7,580,[0 -1 0],-1,2,22.4520206369,62.904343
3223,43,1.55759,0,8360,80.0,-0.970686,7,650,-0.51394,7,580,[0 -1 0],0,3,24.2075823493,65.536018
3227,58,1.543734,0,8350,80.0,-0.780331,7,620,-0.402075,7,540,[-1 0],-1,1,29.5869874822,62.168579
3227,58,1.543734,0,8350,80.0,-0.780331,7,620,-0.402075,7,540,[-1 0],0,2,70.4130125178,63.429901
3242,45,1.556263,0,8360,80.0,-0.984454,7,630,-0.496103,7,590,[0],0,1,100.0,65.514503
3251,45,1.55809,0,8350,80.0,-0.96813,7,640,-0.495277,7,590,[0],0,1,100.0,65.5271
3266,45,1.555562,0,8360,80.0,-0.9743,7,630,-0.497904,7,580,[0],0,1,100.0,63.663074
3272,54,1.549996,0,8340,80.0,-0.837317,7,630,-0.432302,7,560,[-1 0],-1,1,29.6343672982,62.176979
3272,54,1.549996,0,8340,80.0,-0.837317,7,630,-0.432302,7,560,[-1 0],0,2,70.3656327018,63.456852
3306,47,1.55383,0,8360,80.0,-0.948674,7,630,-0.48333,7,580,[0],0,1,100.0,65.425369
3320,48,1.554465,0,8350,80.0,-0.916687,7,640,-0.483155,7,570,[0],0,1,100.0,65.438065
3325,62,1.538392,0,8360,80.0,-0.735155,7,610,-0.38877,7,510,[-1 0],-1,1,30.2880476686,62.097553
3325,62,1.538392,0,8360,80.0,-0.735155,7,610,-0.38877,7,510,[-1 0],0,2,69.7119523314,63.369511
3334,65,1.537045,0,8350,80.0,-0.671288,7,620,-0.36271,7,500,[0],0,1,100.0,65.350029
3344,46,1.554771,0,8360,80.0,-0.947714,7,640,-0.498596,7,570,[0],0,1,100.0,65.449631
3348,47,1.553381,0,8360,80.0,-0.943767,7,630,-0.489855,7,570,[0],0,1,100.0,65.452385
3351,48,1.554651,0,8350,80.0,-0.919542,7,640,-0.483559,7,570,[0],0,1,100.0,65.408798
3362,52,1.55004,0,8350,80.0,-0.865058,7,630,-0.442176,7,570,[-1 0],-1,1,30.0064422854,62.645649
3362,52,1.55004,0,8350,80.0,-0.865058,7,630,-0.442176,7,570,[-1 0],0,2,69.9935577146,63.585285
3369,56,1.548037,0,8340,80.0,-0.806183,7,630,-0.413859,7,560,[-1 0],-1,1,29.9899420542,62.132401
3369,56,1.548037,0,8340,80.0,-0.806183,7,630,-0.413859,7,560,[-1 0],0,2,70.0100579458,63.391556
3376,46,1.554436,0,8360,80.0,-0.943609,7,640,-0.498782,7,570,[0],0,1,100.0,65.39975
3380,47,1.553824,0,8360,80.0,-0.949924,7,630,-0.491028,7,570,[0],0,1,100.0,65.414375
3403,52,1.550001,0,8350,80.0,-0.865395,7,630,-0.442846,7,570,[-1 0 -1 0],-1,1,29.5900017982,62.881973
3403,52,1.550001,0,8350,80.0,-0.865395,7,630,-0.442846,7,570,[-1 0 -1 0],0,2,24.2900707307,65.179916
3403,52,1.550001,0,8350,80.0,-0.865395,7,630,-0.442846,7,570,[-1 0 -1 0],-1,3,20.8198465504,61.144073
3403,52,1.550001,0,8350,80.0,-0.865395,7,630,-0.442846,7,570,[-1 0 -1 0],0,4,25.3000809207,63.687515
3408,57,1.545657,0,8350,80.0,-0.810702,7,620,-0.415253,7,550,[-1 0],-1,1,30.148525244,62.096054
3408,57,1.545657,0,8350,80.0,-0.810702,7,620,-0.415253,7,550,[-1 0],0,2,69.851474756,63.378361
3422,51,1.551721,0,8350,80.0,-0.89149,7,630,-0.450579,7,580,[0],0,1,100.0,65.244698
3426,49,1.55559,0,8340,80.0,-0.921604,7,630,-0.458327,7,590,[0],0,1,100.0,65.34761
3445,47,1.553136,0,8360,80.0,-0.940661,7,630,-0.485103,7,570,[0],0,1,100.0,65.347275
3450,48,1.554734,0,8350,80.0,-0.936204,7,630,-0.474696,7,580,[0],0,1,100.0,65.330002
3455,53,1.551077,0,8340,80.0,-0.867057,7,620,-0.4263,7,580,[-1 0],-1,1,29.7959734867,62.70797
3455,53,1.551077,0,8340,80.0,-0.867057,7,620,-0.4263,7,580,[-1 0],0,2,70.2040265133,63.545925
3465,48,1.554493,0,8350,80.0,-0.933674,7,630,-0.474145,7,580,[0],0,1,100.0,65.319466
3470,49,1.553156,0,8350,80.0,-0.927152,7,620,-0.460974,7,580,[0],0,1,100.0,65.230438
3473,48,1.554895,0,8350,80.0,-0.939074,7,630,-0.477023,7,580,[0],0,1,100.0,65.233849
3477,49,1.554932,0,8340,80.0,-0.912066,7,630,-0.452956,7,590,[0],0,1,100.0,65.215668
3486,49,1.553462,0,8350,80.0,-0.932069,7,620,-0.466517,7,580,[0],0,1,100.0,65.28717
3496,55,1.547272,0,8350,80.0,-0.836463,7,620,-0.429825,7,550,[-1 0],-1,1,29.7732734928,62.72681
3496,55,1.547272,0,8350,80.0,-0.836463,7,620,-0.429825,7,550,[-1 0],0,2,70.2267265072,63.57938
3500,48,1.554132,0,8350,80.0,-0.927799,7,630,-0.470618,7,580,[0],0,1,100.0,65.201599
3512,61,1.541724,0,8350,80.0,-0.76003,7,610,-0.390983,7,530,[-1 0],-1,1,30.6978624942,61.894157
3512,61,1.541724,0,8350,80.0,-0.76003,7,610,-0.390983,7,530,[-1 0],0,2,69.3021375058,63.194588
3525,54,1.55046,0,8340,80.0,-0.845232,7,630,-0.436042,7,560,[-1 0],-1,1,29.8976610928,62.329109
3525,54,1.55046,0,8340,80.0,-0.845232,7,630,-0.436042,7,560,[-1 0],0,2,70.1023389072,63.419254
3537,49,1.554986,0,8340,80.0,-0.913424,7,630,-0.453701,7,590,[0],0,1,100.0,65.120735
3576,55,1.547372,0,8350,80.0,-0.837639,7,620,-0.432497,7,550,[-1 0],-1,1,30.2039240093,61.954163
3576,55,1.547372,0,8350,80.0,-0.837639,7,620,-0.432497,7,550,[-1 0],0,2,69.7960759907,63.248684
3610,50,1.554108,0,8340,80.0,-0.900042,7,630,-0.461129,7,570,[0],0,1,100.0,65.022003
3614,53,1.549531,0,8350,80.0,-0.873675,7,620,-0.437205,7,570,[-1 0],-1,1,30.2074545666,62.138279
3614,53,1.549531,0,8350,80.0,-0.873675,7,620,-0.437205,7,570,[-1 0],0,2,69.7925454334,63.305653
3616,57,1.545703,0,8350,80.0,-0.812953,7,620,-0.416451,7,550,[-1 0],-1,1,30.1155004269,62.234901
3616,57,1.545703,0,8350,80.0,-0.812953,7,620,-0.416451,7,550,[-1 0],0,2,69.8844995731,63.349384
3625,51,1.553779,0,8340,80.0,-0.880926,7,640,-0.452539,7,580,[-1 0],-1,1,30.3759618523,62.030376
3625,51,1.553779,0,8340,80.0,-0.880926,7,640,-0.452539,7,580,[-1 0],0,2,69.6240381477,63.2328
3628,50,1.554853,0,8340,80.0,-0.911042,7,630,-0.461392,7,580,[0],0,1,100.0,64.880363
3636,48,1.555867,0,8340,80.0,-0.912599,7,640,-0.460846,7,590,[0],0,1,100.0,64.67836
3642,50,1.554093,0,8340,80.0,-0.886575,7,640,-0.454755,7,580,[0],0,1,100.0,64.929405
3660,54,1.550755,0,8340,80.0,-0.849732,7,630,-0.425333,7,580,[-1 0],-1,1,30.3884380311,62.073975
3660,54,1.550755,0,8340,80.0,-0.849732,7,630,-0.425333,7,580,[-1 0],0,2,69.6115619689,63.236668
3670,55,1.547641,0,8350,80.0,-0.843096,7,620,-0.419844,7,570,[0 -1 0],0,1,0.11126720989,66.72715
3670,55,1.547641,0,8350,80.0,-0.843096,7,620,-0.419844,7,570,[0 -1 0],-1,2,30.5962348974,62.029671
3670,55,1.547641,0,8350,80.0,-0.843096,7,620,-0.419844,7,570,[0 -1 0],0,3,69.2924978927,63.166759
3678,57,1.544964,0,8350,80.0,-0.813889,7,610,-0.407407,7,550,[-1 0],-1,1,30.3352819357,62.081451
3678,57,1.544964,0,8350,80.0,-0.813889,7,610,-0.407407,7,550,[-1 0],0,2,69.6647180643,63.294849
3686,52,1.550112,0,8350,80.0,-0.881873,7,620,-0.444287,7,570,[-1 0],-1,1,30.5163651072,61.988087
3686,52,1.550112,0,8350,80.0,-0.881873,7,620,-0.444287,7,570,[-1 0],0,2,69.4836348928,63.219803
3698,37,1.559881,0,8390,80.0,-1.058847,7,650,-0.582067,7,570,[-1 0],-1,1,30.997970331,61.920906
3698,37,1.559881,0,8390,80.0,-1.058847,7,650,-0.582067,7,570,[-1 0],0,2,69.002029669,63.278873
3718,59,1.541854,0,8360,80.0,-0.781224,7,620,-0.41143,7,530,[-1 0],-1,1,30.4048037712,62.047291
3718,59,1.541854,0,8360,80.0,-0.781224,7,620,-0.41143,7,530,[-1 0],0,2,69.5951962288,63.237667
3732,58,1.542616,0,8360,80.0,-0.806626,7,610,-0.411343,7,540,[0 -1 0],0,1,0.222357816401,66.833923
3732,58,1.542616,0,8360,80.0,-0.806626,7,610,-0.411343,7,540,[0 -1 0],-1,2,30.1178795899,62.150452
3732,58,1.542616,0,8360,80.0,-0.806626,7,610,-0.411343,7,540,[0 -1 0],0,3,69.6597625937,63.190834
3738,53,1.548077,0,8360,80.0,-0.878934,7,620,-0.450255,7,560,[0 -1 0],0,1,0.222436087072,66.819069
3738,53,1.548077,0,8360,80.0,-0.878934,7,620,-0.450255,7,560,[0 -1 0],-1,2,30.3175893021,62.11657
3738,53,1.548077,0,8360,80.0,-0.878934,7,620,-0.450255,7,560,[0 -1 0],0,3,69.4599746108,63.171539
3753,61,1.539005,0,8360,80.0,-0.746676,7,610,-0.381145,7,530,[-1 0],-1,1,31.6554081854,62.979851
3753,61,1.539005,0,8360,80.0,-0.746676,7,610,-0.381145,7,530,[-1 0],0,2,68.3445918146,63.138126
3759,52,1.548509,0,8360,80.0,-0.887034,7,620,-0.453764,7,560,[0 -1 0],0,1,0.333689118589,66.737137
3759,52,1.548509,0,8360,80.0,-0.887034,7,620,-0.453764,7,560,[0 -1 0],-1,2,30.4859277569,62.049667
3759,52,1.548509,0,8360,80.0,-0.887034,7,620,-0.453764,7,560,[0 -1 0],0,3,69.1803831245,63.151348
3766,59,1.541128,0,8360,80.0,-0.783247,7,610,-0.402807,7,530,[0 -1 0],0,1,0.333602911444,66.738258
3766,59,1.541128,0,8360,80.0,-0.783247,7,610,-0.402807,7,530,[0 -1 0],-1,2,30.1845112399,62.10836
3766,59,1.541128,0,8360,80.0,-0.783247,7,610,-0.402807,7,530,[0 -1 0],0,3,69.4818858486,63.152676
3775,61,1.53915,0,8360,80.0,-0.749374,7,610,-0.389226,7,520,[0 -1 0],0,1,0.444441119034,66.901871
3775,61,1.53915,0,8360,80.0,-0.749374,7,610,-0.389226,7,520,[0 -1 0],-1,2,30.1299653575,62.269783
3775,61,1.53915,0,8360,80.0,-0.749374,7,610,-0.389226,7,520,[0 -1 0],0,3,69.4255935234,63.229645
3789,63,1.537106,0,8360,80.0,-0.727318,7,600,-0.36884,7,520,[0],0,1,100.0,64.47683
3792,60,1.542018,0,8350,80.0,-0.765778,7,610,-0.392674,7,530,[0 -1 0],0,1,0.11128221845,66.790733
3792,60,1.542018,0,8350,80.0,-0.765778,7,610,-0.392674,7,530,[0 -1 0],-1,2,30.4508615941,62.173595
3792,60,1.542018,0,8350,80.0,-0.765778,7,610,-0.392674,7,530,[0 -1 0],0,3,69.4378561874,63.168102
3797,57,1.54583,0,8350,80.0,-0.827301,7,610,-0.417378,7,550,[0 -1 0],0,1,0.221663902108,66.684555
3797,57,1.54583,0,8350,80.0,-0.827301,7,610,-0.417378,7,550,[0 -1 0],-1,2,30.4727956236,62.054832
3797,57,1.54583,0,8350,80.0,-0.827301,7,610,-0.417378,7,550,[0 -1 0],0,3,69.3055404743,63.115288
3800,53,1.549413,0,8350,80.0,-0.870906,7,620,-0.444486,7,560,[0 -1 0],0,1,0.221722846442,66.668198
3800,53,1.549413,0,8350,80.0,-0.870906,7,620,-0.444486,7,560,[0 -1 0],-1,2,30.5737827715,62.02039
3800,53,1.549413,0,8350,80.0,-0.870906,7,620,-0.444486,7,560,[0 -1 0],0,3,69.204494382,63.082966
3804,59,1.54189,0,8360,80.0,-0.782007,7,620,-0.41192,7,530,[0 -1 0],0,1,0.221619092185,66.707092
3804,59,1.54189,0,8360,80.0,-0.782007,7,620,-0.41192,7,530,[0 -1 0],-1,2,30.4797379504,62.093311
3804,59,1.54189,0,8360,80.0,-0.782007,7,620,-0.41192,7,530,[0 -1 0],0,3,69.2986429574,63.132133
3809,65,1.534886,0,8360,80.0,-0.690544,7,600,-0.359812,7,500,[0],0,1,100.0,64.412727
3814,53,1.550035,0,8350,80.0,-0.88083,7,620,-0.451951,7,560,[0 -1 0],0,1,0.221575129689,66.638786
3814,53,1.550035,0,8350,80.0,-0.88083,7,620,-0.451951,7,560,[0 -1 0],-1,2,30.6436158666,61.988655
3814,53,1.550035,0,8350,80.0,-0.88083,7,620,-0.451951,7,560,[0 -1 0],0,3,69.1348090037,63.072498
3835,60,1.540913,0,8360,80.0,-0.778215,7,610,-0.401149,7,530,[0 -1 0],0,1,0.221590887823,66.623802
3835,60,1.540913,0,8360,80.0,-0.778215,7,610,-0.401149,7,530,[0 -1 0],-1,2,30.450780247,62.049652
3835,60,1.540913,0,8360,80.0,-0.778215,7,610,-0.401149,7,530,[0 -1 0],0,3,69.3276288652,63.086094
3840,62,1.538293,0,8360,80.0,-0.747059,7,600,-0.381688,7,520,[0 -1 0],0,1,0.221571812472,66.574554
3840,62,1.538293,0,8360,80.0,-0.747059,7,600,-0.381688,7,520,[0 -1 0],-1,2,30.4354335247,62.014606
3840,62,1.538293,0,8360,80.0,-0.747059,7,600,-0.381688,7,520,[0 -1 0],0,3,69.3429946628,63.035061
3846,63,1.537459,0,8360,80.0,-0.733052,7,600,-0.379246,7,510,[0],0,1,100.0,64.001015
3856,63,1.537762,0,8360,80.0,-0.738811,7,600,-0.374789,7,520,[0 -1 0],0,1,0.221580935057,66.513947
3856,63,1.537762,0,8360,80.0,-0.738811,7,600,-0.374789,7,520,[0 -1 0],-1,2,30.4078661232,61.983734
3856,63,1.537762,0,8360,80.0,-0.738811,7,600,-0.374789,7,520,[0 -1 0],0,3,69.3705529417,62.993999
3860,63,1.53759,0,8360,80.0,-0.73529,7,600,-0.380339,7,510,[0 -1 0],0,1,0.221618262543,66.496605
3860,63,1.53759,0,8360,80.0,-0.73529,7,600,-0.380339,7,510,[0 -1 0],-1,2,30.4088707202,61.971233
3860,63,1.53759,0,8360,80.0,-0.73529,7,600,-0.380339,7,510,[0 -1 0],0,3,69.3695110173,62.963333
3865,62,1.539071,0,8360,80.0,-0.7489,7,610,-0.397595,7,510,[0 -1 0],0,1,0.221545278316,66.544998
3865,62,1.539071,0,8360,80.0,-0.7489,7,610,-0.397595,7,510,[0 -1 0],-1,2,30.6211500894,61.993881
3865,62,1.539071,0,8360,80.0,-0.7489,7,610,-0.397595,7,510,[0 -1 0],0,3,69.1573046322,62.975708
3868,64,1.534514,0,8370,80.0,-0.727037,7,590,-0.375894,7,500,[0],0,1,100.0,63.973835
3880,62,1.538632,0,8360,80.0,-0.742135,7,610,-0.391101,7,510,[0 -1 0],0,1,0.221315029982,66.494797
3880,62,1.538632,0,8360,80.0,-0.742135,7,610,-0.391101,7,510,[0 -1 0],-1,2,30.5612878142,61.942657
3880,62,1.538632,0,8360,80.0,-0.742135,7,610,-0.391101,7,510,[0 -1 0],0,3,69.2173971558,62.911278
3883,54,1.550468,0,8340,80.0,-0.846032,7,630,-0.429592,7,570,[0 -1 0],0,1,0.221226494685,66.442833
3883,54,1.550468,0,8340,80.0,-0.846032,7,630,-0.429592,7,570,[0 -1 0],-1,2,30.8134760682,61.837639
3883,54,1.550468,0,8340,80.0,-0.846032,7,630,-0.429592,7,570,[0 -1 0],0,3,68.9652974371,62.756832
3887,62,1.53827,0,8360,80.0,-0.734056,7,610,-0.388502,7,510,[0 -1 0],0,1,0.220658909945,66.450836
3887,62,1.53827,0,8360,80.0,-0.734056,7,610,-0.388502,7,510,[0 -1 0],-1,2,30.5582670422,61.920506
3887,62,1.53827,0,8360,80.0,-0.734056,7,610,-0.388502,7,510,[0 -1 0],0,3,69.2210740479,62.867027
3895,61,1.539201,0,8360,80.0,-0.750486,7,610,-0.389884,7,520,[0 -1 0],0,1,0.220915864755,66.397285
3895,61,1.539201,0,8360,80.0,-0.750486,7,610,-0.389884,7,520,[0 -1 0],-1,2,30.5638971056,61.852726
3895,61,1.539201,0,8360,80.0,-0.750486,7,610,-0.389884,7,520,[0 -1 0],0,3,69.2151870296,62.770554
3900,61,1.541841,0,8350,80.0,-0.764839,7,610,-0.391892,7,530,[0 -1 0],0,1,0.221110424045,66.420105
3900,61,1.541841,0,8350,80.0,-0.764839,7,610,-0.391892,7,530,[0 -1 0],-1,2,30.7013697603,61.871563
3900,61,1.541841,0,8350,80.0,-0.764839,7,610,-0.391892,7,530,[0 -1 0],0,3,69.0775198156,62.732037
3903,62,1.538643,0,8360,80.0,-0.742352,7,610,-0.391229,7,510,[0 -1 0],0,1,0.110443458565,66.342316
3903,62,1.538643,0,8360,80.0,-0.742352,7,610,-0.391229,7,510,[0 -1 0],-1,2,30.6467494057,61.808517
3903,62,1.538643,0,8360,80.0,-0.742352,7,610,-0.391229,7,510,[0 -1 0],0,3,69.2428071358,62.737255
3907,61,1.541845,0,8350,80.0,-0.764902,7,610,-0.391928,7,530,[0 -1 0],0,1,0.110579662338,66.357552
3907,61,1.541845,0,8350,80.0,-0.764902,7,610,-0.391928,7,530,[0 -1 0],-1,2,30.6819204126,61.792946
3907,61,1.541845,0,8350,80.0,-0.764902,7,610,-0.391928,7,530,[0 -1 0],0,3,69.207499925,62.678009
3911,62,1.53832,0,8360,80.0,-0.747722,7,600,-0.382064,7,520,[0 -1 0],0,1,0.220768724181,66.32103
3911,62,1.53832,0,8360,80.0,-0.747722,7,600,-0.382064,7,520,[0 -1 0],-1,2,30.6191253068,61.775078
3911,62,1.53832,0,8360,80.0,-0.747722,7,600,-0.382064,7,520,[0 -1 0],0,3,69.160105969,62.66349
3916,62,1.538205,0,8360,80.0,-0.746038,7,600,-0.380354,7,520,[0 -1 0],0,1,0.331167956413,66.317749
3916,62,1.538205,0,8360,80.0,-0.746038,7,600,-0.380354,7,520,[0 -1 0],-1,2,30.5131045218,61.782326
3916,62,1.538205,0,8360,80.0,-0.746038,7,600,-0.380354,7,520,[0 -1 0],0,3,69.1557275217,62.632938
3920,63,1.537791,0,8360,80.0,-0.739213,7,600,-0.375114,7,520,[0],0,1,100.0,63.567104
3926,59,1.541194,0,8360,80.0,-0.784691,7,610,-0.396216,7,540,[0 -1 0],0,1,0.11041369579,66.346764
3926,59,1.541194,0,8360,80.0,-0.784691,7,610,-0.396216,7,540,[0 -1 0],-1,2,30.8387323759,61.766884
3926,59,1.541194,0,8360,80.0,-0.784691,7,610,-0.396216,7,540,[0 -1 0],0,3,69.0508539283,62.608494
3929,63,1.537795,0,8360,80.0,-0.739299,7,600,-0.375166,7,520,[0 -1 0],0,1,0.112233865447,67.591019
3929,63,1.537795,0,8360,80.0,-0.739299,7,600,-0.375166,7,520,[0 -1 0],-1,2,31.0970112122,63.438763
3929,63,1.537795,0,8360,80.0,-0.739299,7,600,-0.375166,7,520,[0 -1 0],0,3,68.7907549224,63.552017
3933,62,1.538656,0,8360,80.0,-0.742632,7,610,-0.391393,7,510,[-1 0],-1,1,30.8982457191,61.754292
3933,62,1.538656,0,8360,80.0,-0.742632,7,610,-0.391393,7,510,[-1 0],0,2,69.1017542809,62.598396
3938,61,1.539167,0,8360,80.0,-0.749837,7,610,-0.390417,7,520,[-1 0],-1,1,31.0100291894,61.744022
3938,61,1.539167,0,8360,80.0,-0.749837,7,610,-0.390417,7,520,[-1 0],0,2,68.9899708106,62.542419
3948,55,1.547548,0,8350,80.0,-0.842062,7,620,-0.427543,7,560,[-1 0],-1,1,31.123120107,61.869473
3948,55,1.547548,0,8350,80.0,-0.842062,7,620,-0.427543,7,560,[-1 0],0,2,68.876879893,62.518204
3954,55,1.546976,0,8350,80.0,-0.83469,7,620,-0.428232,7,550,[-1 0],-1,1,31.2004014696,61.852028
3954,55,1.546976,0,8350,80.0,-0.83469,7,620,-0.428232,7,550,[-1 0],0,2,68.7995985304,62.504044
3958,58,1.542703,0,8360,80.0,-0.808602,7,610,-0.40511,7,550,[-1 0],-1,1,31.0623591172,61.793125
3958,58,1.542703,0,8360,80.0,-0.808602,7,610,-0.40511,7,550,[-1 0],0,2,68.9376408828,62.478073
3963,61,1.539229,0,8360,80.0,-0.751087,7,610,-0.39024,7,520,[-1 0],-1,1,30.9648909278,61.813511
3963,61,1.539229,0,8360,80.0,-0.751087,7,610,-0.39024,7,520,[-1 0],0,2,69.0351090722,62.470539
3968,61,1.539107,0,8360,80.0,-0.748571,7,610,-0.389977,7,520,[-1 0],-1,1,31.145216386,61.823467
3968,61,1.539107,0,8360,80.0,-0.748571,7,610,-0.389977,7,520,[-1 0],0,2,68.854783614,62.467003
3973,61,1.541153,0,8350,80.0,-0.752473,7,610,-0.39143,7,520,[-1 0],-1,1,31.5756747139,62.903557
3973,61,1.541153,0,8350,80.0,-0.752473,7,610,-0.39143,7,520,[-1 0],0,2,68.4243252861,62.726101
3978,62,1.538675,0,8360,80.0,-0.743043,7,610,-0.391636,7,510,[-1 0],-1,1,31.1187399031,61.801426
3978,62,1.538675,0,8360,80.0,-0.743043,7,610,-0.391636,7,510,[-1 0],0,2,68.8812600969,62.447708
3983,63,1.539673,0,8350,80.0,-0.727957,7,610,-0.382412,7,510,[0],0,1,100.0,64.389793
3988,62,1.539122,0,8360,80.0,-0.749987,7,610,-0.398189,7,510,[-1 0],-1,1,31.1263901722,61.779335
3988,62,1.539122,0,8360,80.0,-0.749987,7,610,-0.398189,7,510,[-1 0],0,2,68.8736098278,62.380596
3993,62,1.538511,0,8360,80.0,-0.738571,7,610,-0.389559,7,510,[-1 0],-1,1,31.1272474243,61.782223
3993,62,1.538511,0,8360,80.0,-0.738571,7,610,-0.389559,7,510,[-1 0],0,2,68.8727525757,62.359669
3997,63,1.537199,0,8360,80.0,-0.73004,7,600,-0.37777,7,510,[0],0,1,100.0,65.795616
3999,59,1.542015,0,8360,80.0,-0.79629,7,610,-0.405559,7,540,[-1 0],-1,1,31.0553358057,61.609295
3999,59,1.542015,0,8360,80.0,-0.79629,7,610,-0.405559,7,540,[-1 0],0,2,68.9446641943,62.262348
