3002,46,-0.299825,1,660,80.0,2.747834,16,340,-3.478954,17,280,[1],1,1,100.0,59.609398
3007,63,-0.498914,1,520,80.0,2.492996,16,430,-3.476307,17,400,[1],1,1,100.0,56.400536
3010,42,-0.270129,1,690,80.0,2.750051,16,310,-3.560462,17,270,[1],1,1,100.0,59.221802
3015,42,-0.274589,1,690,80.0,2.719538,16,310,-3.583545,17,270,[1],1,1,100.0,59.558025
3019,46,-0.295126,1,660,80.0,2.767882,16,340,-3.468087,17,280,[1],1,1,100.0,59.552307
3022,42,-0.247757,1,680,80.0,2.65027,16,300,-3.515583,17,280,[1],1,1,100.0,59.280388
3033,41,-0.246329,1,690,80.0,2.716174,16,300,-3.521855,17,270,[1],1,1,100.0,58.619205
3044,62,-0.50523,1,540,80.0,2.491964,16,420,-3.536358,17,390,[1],1,1,100.0,56.348125
3047,59,-0.456701,1,560,80.0,2.494993,16,400,-3.516047,17,370,[1],1,1,100.0,55.695293
3054,49,-0.311525,1,630,80.0,2.665073,16,350,-3.454273,17,310,[1],1,1,100.0,58.452862
3058,62,-0.49325,1,530,80.0,2.477067,16,420,-3.512782,17,400,[1],1,1,100.0,55.864517
3065,42,-0.273734,1,690,80.0,2.721643,16,310,-3.581985,17,270,[1],1,1,100.0,58.50745
3067,59,-0.448023,1,560,80.0,2.631435,16,420,-3.503128,17,370,[1],1,1,100.0,55.54063
3071,60,-0.45229,1,540,80.0,2.694164,16,440,-3.47398,17,390,[1],1,1,100.0,55.380634
3082,44,-0.290647,1,680,80.0,2.640826,16,310,-3.533185,17,270,[1],1,1,100.0,58.304276
3088,45,-0.286532,1,660,80.0,2.70208,16,330,-3.454231,17,280,[1],1,1,100.0,58.556026
3093,49,-0.336561,1,630,80.0,2.5472,16,340,-3.490502,17,310,[1],1,1,100.0,57.652504
3098,65,-0.531874,1,510,80.0,2.378331,16,420,-3.521997,17,420,[1],1,1,100.0,55.755375
3103,45,-0.288502,1,660,80.0,2.702684,16,330,-3.453751,17,280,[1],1,1,100.0,58.519619
3109,44,-0.290166,1,680,80.0,2.641891,16,310,-3.53235,17,270,[1],1,1,100.0,58.439884
3114,44,-0.290078,1,680,80.0,2.642087,16,310,-3.532198,17,270,[1],1,1,100.0,58.430058
3118,43,-0.281309,1,680,80.0,2.64598,16,310,-3.582758,17,280,[1],1,1,100.0,58.56448
3124,64,-0.499533,1,510,80.0,2.410146,16,420,-3.495899,17,420,[1],1,1,100.0,55.423019
3134,44,-0.289729,1,680,80.0,2.642861,16,310,-3.53159,17,270,[1],1,1,100.0,58.470539
3144,43,-0.280853,1,680,80.0,2.646985,16,310,-3.581993,17,280,[1],1,1,100.0,58.350521
3150,58,-0.418182,1,560,80.0,2.613844,16,410,-3.469042,17,370,[1],1,1,100.0,55.573711
3155,64,-0.502603,1,510,80.0,2.418661,16,420,-3.492506,17,420,[1],1,1,100.0,55.513809
3158,44,-0.263409,1,660,80.0,2.588518,16,310,-3.414899,17,280,[1],1,1,100.0,57.980648
3162,43,-0.291777,1,690,80.0,2.609541,16,300,-3.602388,17,270,[1],1,1,100.0,58.017818
3166,63,-0.506871,1,530,80.0,2.585893,16,440,-3.517467,17,400,[1],1,1,100.0,55.051456
3169,47,-0.316431,1,650,80.0,2.51618,16,320,-3.489378,17,290,[1],1,1,100.0,57.627483
3175,44,-0.289025,1,680,80.0,2.563474,16,300,-3.53037,17,270,[1],1,1,100.0,57.795834
3180,44,-0.264687,1,670,80.0,2.558825,16,300,-3.534662,17,290,[1],1,1,100.0,57.876892
3185,49,-0.319465,1,630,80.0,2.569765,16,340,-3.470737,17,310,[1],1,1,100.0,57.565742
3191,64,-0.530364,1,520,80.0,2.520457,16,440,-3.534901,17,410,[1],1,1,100.0,54.427315
3197,44,-0.279561,1,670,80.0,2.528507,16,300,-3.555247,17,290,[1],1,1,100.0,57.78157
3201,61,-0.506954,1,550,80.0,2.53291,16,420,-3.543007,17,380,[1],1,1,100.0,55.078987
3211,45,-0.271533,1,660,80.0,2.568628,16,310,-3.434493,17,280,[1],1,1,100.0,57.516953
3215,44,-0.282233,1,670,80.0,2.605155,16,310,-3.453247,17,270,[1],1,1,100.0,57.431782
3226,64,-0.529273,1,520,80.0,2.477385,16,430,-3.526792,17,410,[1],1,1,100.0,54.150452
3228,58,-0.432039,1,560,80.0,2.417428,16,380,-3.521162,17,380,[1],1,1,100.0,55.451344
3234,45,-0.266656,1,660,80.0,2.49714,16,300,-3.423187,17,280,[1],1,1,100.0,57.355927
3241,61,-0.473522,1,540,80.0,2.360822,16,390,-3.5014,17,390,[1],1,1,100.0,55.49588
3248,49,-0.340709,1,640,80.0,2.450129,16,320,-3.503487,17,300,[1],1,1,100.0,56.947403
3255,46,-0.307947,1,660,80.0,2.430538,16,300,-3.486854,17,280,[1],1,1,100.0,57.297146
3258,60,-0.465754,1,550,80.0,2.513077,16,410,-3.509311,17,380,[1],1,1,100.0,54.725353
3278,49,-0.307105,1,630,80.0,2.526204,16,330,-3.447387,17,310,[1],1,1,100.0,56.861488
3285,58,-0.419097,1,560,80.0,2.35809,16,370,-3.477115,17,370,[1],1,1,100.0,55.748379
3291,55,-0.383884,1,580,80.0,2.40873,16,360,-3.454246,17,350,[1],1,1,100.0,54.485355
3298,45,-0.285115,1,660,80.0,2.469178,16,300,-3.447884,17,280,[1],1,1,100.0,56.753197
3304,55,-0.383153,1,590,80.0,2.31703,16,340,-3.46428,17,340,[1],1,1,100.0,55.727802
3308,49,-0.335395,1,640,80.0,2.452092,16,320,-3.501809,17,300,[1],1,1,100.0,56.404804
3313,68,-0.592698,1,500,80.0,2.351867,16,430,-3.521963,17,420,[1],1,1,100.0,53.806339
3332,46,-0.30425,1,660,80.0,2.43282,16,300,-3.479255,17,280,[1],1,1,100.0,56.59671
3337,47,-0.302571,1,650,80.0,2.465166,16,310,-3.465112,17,290,[1],1,1,100.0,56.421932
3340,58,-0.445205,1,570,80.0,2.288477,16,360,-3.518989,17,360,[1],1,1,100.0,55.450005
3346,62,-0.483955,1,540,80.0,2.456463,16,410,-3.519327,17,390,[1],1,1,100.0,54.12114
3356,61,-0.463845,1,540,80.0,2.424628,16,400,-3.494321,17,390,[1],1,1,100.0,53.956059
3362,64,-0.494462,1,520,80.0,2.278676,16,390,-3.500283,17,410,[1],1,1,100.0,54.593582
3373,62,-0.484846,1,530,80.0,2.36962,16,400,-3.505309,17,400,[1],1,1,100.0,53.709457
3378,64,-0.504683,1,520,80.0,2.382031,16,410,-3.50755,17,410,[1],1,1,100.0,54.544785
3381,46,-0.287309,1,650,80.0,2.333844,16,290,-3.444453,17,290,[1],1,1,100.0,56.243557
3390,47,-0.316871,1,650,80.0,2.363407,16,300,-3.492873,17,290,[1],1,1,100.0,56.047024
3394,62,-0.50126,1,540,80.0,2.324061,16,390,-3.532028,17,390,[1],1,1,100.0,54.423965
3401,46,-0.318481,1,660,80.0,2.398279,16,300,-3.508464,17,280,[1],1,1,100.0,56.268509
3413,63,-0.496209,1,530,80.0,2.362821,16,400,-3.512152,17,400,[1],1,1,100.0,54.400276
3418,47,-0.316413,1,650,80.0,2.364228,16,300,-3.49214,17,290,[1],1,1,100.0,55.769379
3423,51,-0.365524,1,630,80.0,2.367198,16,320,-3.572566,17,320,[1],1,1,100.0,55.792973
3429,48,-0.30132,1,640,80.0,2.357402,16,300,-3.449174,17,300,[1],1,1,100.0,55.685848
3433,68,-0.600718,1,500,80.0,2.35199,16,430,-3.525782,17,420,[1],1,1,100.0,53.298649
3439,48,-0.303361,1,640,80.0,2.350546,16,300,-3.453619,17,300,[1],1,1,100.0,55.547443
3447,65,-0.557355,1,520,80.0,2.334392,16,410,-3.553593,17,410,[1],1,1,100.0,54.434113
3453,47,-0.318022,1,650,80.0,2.365236,16,300,-3.491243,17,290,[1],1,1,100.0,55.573421
3457,47,-0.317959,1,650,80.0,2.365349,16,300,-3.491142,17,290,[1],1,1,100.0,55.534691
3466,64,-0.516487,1,520,80.0,2.312425,16,400,-3.52069,17,410,[1],1,1,100.0,54.242428
3510,65,-0.508942,1,510,80.0,2.245902,16,390,-3.496433,17,420,[1],1,1,100.0,53.993721
3516,52,-0.374307,1,620,80.0,2.235283,16,310,-3.527182,17,320,[1],1,1,100.0,55.04834
3525,49,-0.354062,1,640,80.0,2.192893,16,290,-3.527524,17,300,[1],1,1,100.0,54.935436
3530,66,-0.561529,1,510,80.0,2.242221,16,400,-3.546384,17,420,[1],1,1,100.0,54.117058
3535,53,-0.36544,1,600,80.0,2.232644,16,320,-3.500838,17,340,[1],1,1,100.0,54.683174
3539,67,-0.581126,1,500,80.0,2.200143,16,400,-3.549144,17,430,[1],1,1,100.0,53.977036
3560,65,-0.544446,1,520,80.0,2.119629,16,370,-3.543319,17,410,[1],1,1,100.0,53.5382
3570,61,-0.456097,1,540,80.0,2.137252,16,350,-3.448516,17,380,[1],1,1,100.0,53.584885
3584,54,-0.367871,1,590,80.0,2.1473,16,310,-3.488378,17,350,[1],1,1,100.0,53.819305
3596,61,-0.464019,1,540,80.0,2.13083,16,350,-3.493804,17,390,[1],1,1,100.0,54.059223
3603,68,-0.592012,1,500,80.0,2.084969,16,380,-3.521676,17,420,[1],1,1,100.0,52.907509
3609,50,-0.326966,1,630,80.0,2.211059,16,290,-3.519793,17,320,[1],1,1,100.0,53.77412
3618,50,-0.337491,1,630,80.0,2.251248,16,300,-3.496871,17,310,[1],1,1,100.0,54.196953
3635,68,-0.582559,1,500,80.0,2.148404,16,390,-3.5493,17,430,[1],1,1,100.0,53.780125
3653,53,-0.363431,1,600,80.0,2.168671,16,310,-3.456674,17,330,[1],1,1,100.0,53.583305
3658,57,-0.41775,1,580,80.0,2.172553,16,330,-3.496969,17,350,[1],1,1,100.0,53.641338
3684,51,-0.339509,1,620,80.0,2.204547,16,300,-3.491931,17,320,[1],1,1,100.0,53.381813
3746,67,-0.577656,1,500,80.0,1.987501,16,360,-3.54689,17,430,[1],1,1,100.0,52.181808
3752,66,-0.540689,1,500,80.0,2.009042,16,360,-3.518408,17,430,[1],1,1,100.0,52.048943
3758,59,-0.453216,1,560,80.0,2.072502,16,330,-3.508946,17,370,[1],1,1,100.0,52.771008
3769,62,-0.472259,1,540,80.0,2.053283,16,340,-3.509259,17,390,[1],1,1,100.0,52.784698
3775,55,-0.368455,1,580,80.0,2.109719,16,310,-3.435345,17,350,[1],1,1,100.0,53.613708
3777,52,-0.353245,1,610,80.0,2.022976,16,280,-3.493748,17,330,[1],1,1,100.0,53.698544
3782,62,-0.475983,1,540,80.0,2.063172,16,340,-3.506222,17,390,[1],1,1,100.0,52.628468
3792,54,-0.343971,1,590,80.0,2.03407,16,290,-3.459894,17,350,[1],1,1,100.0,53.580582
3797,53,-0.362211,1,600,80.0,2.031425,16,290,-3.496983,17,340,[1],1,1,100.0,53.60804
3813,62,-0.471367,1,540,80.0,2.05419,16,340,-3.508335,17,390,[1],1,1,100.0,53.450512
3820,53,-0.33995,1,600,80.0,1.996027,16,280,-3.468029,17,340,[1],1,1,100.0,53.465069
3824,56,-0.389867,1,580,80.0,2.011469,16,300,-3.461657,17,350,[1],1,1,100.0,53.458004
3827,63,-0.5051,1,540,80.0,1.977828,16,330,-3.533029,17,390,[1],1,1,100.0,53.452354
3845,53,-0.377888,1,610,80.0,1.990855,16,280,-3.518551,17,330,[1],1,1,100.0,53.397923
3849,56,-0.389442,1,580,80.0,2.011961,16,300,-3.461131,17,350,[1],1,1,100.0,52.911278
3856,58,-0.436152,1,570,80.0,2.062106,16,320,-3.503766,17,360,[1],1,1,100.0,53.247757
3867,63,-0.492312,1,530,80.0,1.969885,16,330,-3.467707,17,390,[1],1,1,100.0,52.177475
3872,61,-0.458223,1,540,80.0,2.018471,16,330,-3.487775,17,390,[1],1,1,100.0,53.025734
3877,63,-0.474485,1,530,80.0,1.930044,16,320,-3.489213,17,400,[1],1,1,100.0,51.621357
3880,65,-0.520897,1,510,80.0,1.998913,16,350,-3.513349,17,420,[1],1,1,100.0,52.077969
3888,62,-0.468586,1,530,80.0,1.9791,16,330,-3.491737,17,400,[1],1,1,100.0,52.878979
3893,61,-0.465803,1,540,80.0,1.948967,16,320,-3.498411,17,390,[1],1,1,100.0,52.874908
3896,59,-0.425367,1,560,80.0,1.988638,16,310,-3.475914,17,370,[1],1,1,100.0,52.819035
3916,61,-0.457372,1,540,80.0,1.959625,16,320,-3.486889,17,390,[1],1,1,100.0,52.717812
3922,62,-0.489044,1,540,80.0,1.939269,16,320,-3.517196,17,390,[1],1,1,100.0,52.718082
3927,63,-0.485958,1,530,80.0,1.974868,16,330,-3.499051,17,400,[1],1,1,100.0,51.758263
3932,63,-0.498071,1,530,80.0,1.955113,16,330,-3.517831,17,400,[1],1,1,100.0,52.779034
3937,62,-0.482755,1,540,80.0,1.929306,16,320,-3.514138,17,390,[1],1,1,100.0,52.622604
3941,64,-0.488792,1,520,80.0,1.940388,16,330,-3.494762,17,410,[1],1,1,100.0,51.668423
3945,56,-0.398192,1,580,80.0,2.019866,16,300,-3.466029,17,350,[1],1,1,100.0,52.538002
3950,63,-0.485496,1,530,80.0,1.975292,16,330,-3.498601,17,400,[1],1,1,100.0,51.661755
3955,63,-0.485397,1,530,80.0,1.975383,16,330,-3.498502,17,400,[1],1,1,100.0,51.621578
3963,66,-0.548475,1,510,80.0,1.877159,16,330,-3.499121,17,410,[1],1,1,100.0,50.797447
3968,63,-0.473145,1,530,80.0,1.980583,16,330,-3.490157,17,400,[1],1,1,100.0,51.258198
3974,63,-0.497238,1,530,80.0,1.955872,16,330,-3.517022,17,400,[1],1,1,100.0,52.467133
3975,63,-0.473013,1,530,80.0,1.980711,16,330,-3.490023,17,400,[1],1,1,100.0,51.278454
3977,61,-0.452224,1,540,80.0,1.970973,16,320,-3.480158,17,390,[1],1,1,100.0,52.247654
3982,62,-0.466771,1,530,80.0,1.975873,16,330,-3.492584,17,400,[1],1,1,100.0,52.193172
3987,62,-0.466677,1,530,80.0,1.980927,16,330,-3.489791,17,400,[1],1,1,100.0,52.229351
3992,66,-0.541514,1,510,80.0,1.927571,16,340,-3.491142,17,410,[1],1,1,100.0,51.321644
3995,63,-0.490718,1,530,80.0,1.966176,16,330,-3.508529,17,400,[1],1,1,100.0,51.373367
3998,63,-0.504917,1,530,80.0,1.894545,16,320,-3.524664,17,400,[1],1,1,100.0,51.401848
3999,63,-0.472562,1,530,80.0,1.865821,16,310,-3.489561,17,400,[1],1,1,100.0,51.310307
3003,42,-0.261571,1,680,80.0,2.78287,16,320,-3.54276,17,280,[1],1,1,100.0,59.617054
3021,44,-0.291763,1,680,80.0,2.720395,16,320,-3.535119,17,270,[1],1,1,100.0,59.470951
3041,43,-0.287188,1,680,80.0,2.726665,16,320,-3.585101,17,280,[1],1,1,100.0,58.942535
3045,42,-0.26295,1,680,80.0,2.693613,16,310,-3.49152,17,270,[1],1,1,100.0,59.024567
3050,44,-0.291227,1,680,80.0,2.721619,16,320,-3.53419,17,270,[1],1,1,100.0,58.765533
3059,39,-0.240892,1,710,80.0,2.757976,16,290,-3.540475,17,250,[1],1,1,100.0,58.374397
3065,48,-0.304775,1,630,80.0,2.659045,16,350,-3.506976,17,320,[1],1,1,100.0,58.713112
3070,44,-0.290863,1,680,80.0,2.72245,16,320,-3.533558,17,270,[1],1,1,100.0,58.582359
3075,44,-0.290773,1,680,80.0,2.722656,16,320,-3.533402,17,270,[1],1,1,100.0,58.578087
3079,44,-0.290701,1,680,80.0,2.640707,16,310,-3.533276,17,270,[1],1,1,100.0,58.520882
3083,42,-0.273433,1,690,80.0,2.722384,16,310,-3.581435,17,270,[1],1,1,100.0,58.504189
3111,43,-0.292644,1,690,80.0,2.607605,16,300,-3.603871,17,270,[1],1,1,100.0,58.50816
3116,44,-0.283265,1,670,80.0,2.68631,16,320,-3.562891,17,290,[1],1,1,100.0,58.44696
3127,52,-0.366976,1,610,80.0,2.475413,16,350,-3.563976,17,340,[1],1,1,100.0,57.058109
3132,44,-0.265485,1,670,80.0,2.646523,16,310,-3.530823,17,290,[1],1,1,100.0,58.402695
3142,44,-0.28959,1,680,80.0,2.643169,16,310,-3.53135,17,270,[1],1,1,100.0,58.272408
3149,46,-0.314141,1,660,80.0,2.582181,16,320,-3.489983,17,280,[1],1,1,100.0,58.136253
3154,44,-0.289383,1,680,80.0,2.643627,16,310,-3.530991,17,270,[1],1,1,100.0,57.990696
3158,44,-0.263409,1,660,80.0,2.588518,16,310,-3.414899,17,280,[1],1,1,100.0,57.980648
3166,45,-0.267774,1,660,80.0,2.574271,16,310,-3.425258,17,280,[1],1,1,100.0,57.946808
3169,66,-0.548391,1,510,80.0,2.366211,16,420,-3.534258,17,420,[1],1,1,100.0,55.802155
3173,45,-0.291742,1,660,80.0,2.613847,16,320,-3.462175,17,280,[1],1,1,100.0,58.037312
3182,48,-0.30675,1,630,80.0,2.452115,16,320,-3.4458,17,310,[1],1,1,100.0,57.284172
3193,45,-0.293316,1,670,80.0,2.505169,16,300,-3.576441,17,290,[1],1,1,100.0,57.812218
3202,44,-0.279476,1,670,80.0,2.528685,16,300,-3.560375,17,290,[1],1,1,100.0,57.757309
3209,44,-0.288454,1,680,80.0,2.5647,16,300,-3.52938,17,270,[1],1,1,100.0,57.476574
3213,45,-0.286543,1,660,80.0,2.546869,16,310,-3.450356,17,280,[1],1,1,100.0,57.555702
3223,43,-0.286255,1,680,80.0,2.568099,16,300,-3.579738,17,280,[1],1,1,100.0,57.594315
3227,58,-0.431533,1,560,80.0,2.405809,16,380,-3.48596,17,370,[1],1,1,100.0,56.042793
3242,45,-0.266527,1,660,80.0,2.497414,16,300,-3.42295,17,280,[1],1,1,100.0,57.305256
3251,45,-0.292345,1,670,80.0,2.507176,16,300,-3.574821,17,290,[1],1,1,100.0,57.31311
3266,45,-0.285645,1,660,80.0,2.468126,16,300,-3.448801,17,280,[1],1,1,100.0,57.227821
3272,54,-0.39924,1,600,80.0,2.329265,16,340,-3.541693,17,340,[1],1,1,100.0,56.276249
3292,65,-0.539904,1,520,80.0,2.40016,16,420,-3.535997,17,410,[1],1,1,100.0,53.638035
3306,47,-0.304555,1,650,80.0,2.462637,16,310,-3.470563,17,290,[1],1,1,100.0,56.542938
3310,65,-0.531101,1,510,80.0,2.387822,16,420,-3.485924,17,410,[1],1,1,100.0,54.284687
3320,48,-0.312286,1,640,80.0,2.41488,16,310,-3.470568,17,300,[1],1,1,100.0,56.386124
3325,62,-0.486482,1,540,80.0,2.285828,16,380,-3.517143,17,390,[1],1,1,100.0,54.906998
3334,65,-0.52201,1,510,80.0,2.280721,16,400,-3.513482,17,420,[1],1,1,100.0,54.49131
3344,46,-0.306243,1,660,80.0,2.433197,16,300,-3.478929,17,280,[1],1,1,100.0,56.647366
3348,47,-0.317572,1,650,80.0,2.437889,16,310,-3.493993,17,290,[1],1,1,100.0,56.439816
3351,48,-0.309598,1,640,80.0,2.422576,16,310,-3.460554,17,300,[1],1,1,100.0,56.278076
3362,52,-0.339258,1,600,80.0,2.348329,16,330,-3.463931,17,340,[1],1,1,100.0,55.496265
3369,56,-0.404826,1,580,80.0,2.260468,16,340,-3.475904,17,350,[1],1,1,100.0,54.975166
3376,46,-0.287389,1,650,80.0,2.333697,16,290,-3.444588,17,290,[1],1,1,100.0,56.280331
3380,47,-0.306182,1,650,80.0,2.311658,16,290,-3.468809,17,290,[1],1,1,100.0,56.079376
3398,68,-0.614299,1,500,80.0,2.11391,16,390,-3.507026,17,410,[1],1,1,100.0,54.179993
3403,52,-0.3406,1,600,80.0,2.343663,16,330,-3.466587,17,340,[1],1,1,100.0,55.528957
3408,57,-0.422225,1,580,80.0,2.236662,16,340,-3.496825,17,350,[1],1,1,100.0,54.605774
3422,51,-0.370047,1,630,80.0,2.347492,16,320,-3.540595,17,310,[1],1,1,100.0,55.575928
3426,49,-0.308855,1,630,80.0,2.370965,16,310,-3.452185,17,310,[1],1,1,100.0,55.533157
3440,66,-0.577259,1,510,80.0,2.061227,16,370,-3.522603,17,410,[1],1,1,100.0,53.4874
3445,47,-0.320323,1,650,80.0,2.357862,16,300,-3.496317,17,290,[1],1,1,100.0,55.599098
3450,48,-0.331872,1,650,80.0,2.348715,16,300,-3.508851,17,290,[1],1,1,100.0,55.582119
3455,53,-0.372761,1,610,80.0,2.314296,16,330,-3.530457,17,330,[1],1,1,100.0,55.201862
3465,48,-0.31414,1,640,80.0,2.247532,16,290,-3.475884,17,300,[1],1,1,100.0,55.384918
3470,49,-0.316859,1,630,80.0,2.277203,16,300,-3.473243,17,310,[1],1,1,100.0,55.244446
3473,48,-0.302805,1,640,80.0,2.358656,16,300,-3.448031,17,300,[1],1,1,100.0,55.17897
3477,49,-0.354898,1,640,80.0,2.339399,16,310,-3.528691,17,300,[1],1,1,100.0,55.320904
3486,49,-0.316598,1,630,80.0,2.277637,16,300,-3.468396,17,310,[1],1,1,100.0,55.140633
3496,55,-0.369972,1,580,80.0,2.305828,16,340,-3.476306,17,360,[1],1,1,100.0,55.016685
3500,48,-0.293049,1,630,80.0,2.312844,16,300,-3.436954,17,310,[1],1,1,100.0,54.658237
3512,61,-0.468764,1,550,80.0,2.157977,16,350,-3.508862,17,380,[1],1,1,100.0,54.649635
3525,54,-0.375637,1,600,80.0,2.298256,16,330,-3.509477,17,340,[1],1,1,100.0,54.823006
3533,68,-0.590105,1,500,80.0,2.083844,16,380,-3.521576,17,420,[1],1,1,100.0,53.164574
3537,49,-0.353857,1,640,80.0,2.193196,16,290,-3.527236,17,300,[1],1,1,100.0,54.856136
3555,67,-0.545838,1,500,80.0,2.010648,16,360,-3.489069,17,420,[1],1,1,100.0,52.784721
3561,66,-0.566586,1,520,80.0,1.995676,16,350,-3.521375,17,400,[1],1,1,100.0,52.893497
3563,67,-0.547542,1,500,80.0,2.227679,16,400,-3.525004,17,430,[1],1,1,100.0,54.081123
3576,55,-0.392992,1,590,80.0,2.24098,16,330,-3.476293,17,340,[1],1,1,100.0,53.949524
3597,68,-0.598039,1,500,80.0,2.239855,16,410,-3.492585,17,410,[1],1,1,100.0,54.061455
3610,50,-0.318297,1,620,80.0,2.24101,16,300,-3.463763,17,320,[1],1,1,100.0,53.760269
3614,53,-0.37406,1,610,80.0,2.191848,16,310,-3.523534,17,330,[1],1,1,100.0,54.054115
3616,57,-0.393792,1,570,80.0,2.234681,16,340,-3.496277,17,370,[1],1,1,100.0,53.936954
3625,51,-0.329865,1,620,80.0,2.162413,16,290,-3.47278,17,320,[1],1,1,100.0,53.837334
3628,50,-0.328745,1,630,80.0,2.19681,16,290,-3.484476,17,310,[1],1,1,100.0,54.048393
3636,48,-0.323388,1,640,80.0,2.16963,16,280,-3.530246,17,310,[1],1,1,100.0,53.787254
3642,50,-0.325359,1,620,80.0,2.162814,16,290,-3.464186,17,320,[1],1,1,100.0,53.934086
3660,54,-0.371163,1,600,80.0,2.168444,16,310,-3.506327,17,340,[1],1,1,100.0,53.572796
3670,55,-0.413772,1,600,80.0,2.044723,16,300,-3.553941,17,340,[1],1,1,100.0,53.555927
3678,57,-0.409836,1,570,80.0,2.155849,16,330,-3.474346,17,360,[1],1,1,100.0,53.345306
3681,67,-0.558689,1,500,80.0,2.003272,16,360,-3.534118,17,430,[1],1,1,100.0,52.636757
3686,52,-0.335638,1,600,80.0,2.145622,16,300,-3.45965,17,340,[1],1,1,100.0,53.250889
3698,37,-1.086524,1,180,80.0,2.258977,19,1120,-2.718843,25,460,[0],0,1,100.0,62.030209
3698,37,-0.202445,1,720,80.0,2.165343,16,210,-3.462267,17,240,[1],1,1,100.0,53.406792
3718,59,-0.428688,1,560,80.0,2.107124,16,330,-3.479679,17,370,[1],1,1,100.0,52.9888
3732,58,-0.430948,1,570,80.0,2.064623,16,320,-3.496827,17,360,[1],1,1,100.0,52.915028
3738,53,-0.365846,1,610,80.0,2.070868,16,290,-3.509404,17,330,[1],1,1,100.0,52.865429
3753,61,-0.469107,1,540,80.0,2.005695,16,330,-3.501857,17,390,[1],1,1,100.0,53.040649
3759,52,-0.353533,1,610,80.0,2.160226,16,300,-3.494134,17,330,[1],1,1,100.0,53.828175
3766,59,-0.426295,1,550,80.0,2.00635,16,320,-3.471193,17,380,[1],1,1,100.0,52.694786
3775,61,-0.460167,1,540,80.0,2.016539,16,330,-3.489797,17,390,[1],1,1,100.0,52.676598
3789,63,-0.505183,1,530,80.0,1.958313,16,330,-3.517815,17,400,[1],1,1,100.0,52.094273
3792,60,-0.454152,1,550,80.0,2.049302,16,330,-3.497216,17,380,[1],1,1,100.0,52.539612
3797,57,-0.38878,1,570,80.0,2.051569,16,310,-3.445129,17,360,[1],1,1,100.0,52.386284
3800,53,-0.352349,1,600,80.0,2.074516,16,290,-3.472227,17,340,[1],1,1,100.0,53.628006
3804,59,-0.427046,1,560,80.0,2.108973,16,330,-3.477816,17,370,[1],1,1,100.0,53.494545
3809,65,-0.528786,1,510,80.0,1.88616,16,330,-3.477966,17,410,[1],1,1,100.0,51.637489
3814,53,-0.337902,1,600,80.0,1.995908,16,280,-3.468156,17,340,[1],1,1,100.0,53.474491
3835,60,-0.431098,1,550,80.0,2.018384,16,320,-3.472681,17,380,[1],1,1,100.0,53.311436
3840,62,-0.469545,1,530,80.0,2.030677,16,340,-3.49541,17,400,[1],1,1,100.0,53.230499
3846,63,-0.493729,1,530,80.0,2.021171,16,340,-3.511456,17,400,[1],1,1,100.0,52.349709
3856,63,-0.479393,1,530,80.0,2.026181,16,340,-3.503167,17,400,[1],1,1,100.0,53.182064
3860,63,-0.491402,1,530,80.0,2.021447,16,340,-3.511172,17,400,[1],1,1,100.0,53.14682
3865,62,-0.47034,1,540,80.0,2.055236,16,340,-3.507269,17,390,[1],1,1,100.0,53.18943
3868,64,-0.53485,1,530,80.0,2.032182,16,350,-3.552479,17,400,[1],1,1,100.0,52.35775
3880,62,-0.483892,1,540,80.0,1.928266,16,320,-3.515262,17,390,[1],1,1,100.0,53.074818
3883,54,-0.379393,1,600,80.0,1.971195,16,280,-3.50527,17,340,[1],1,1,100.0,53.04549
3887,62,-0.489742,1,540,80.0,1.938626,16,320,-3.517887,17,390,[1],1,1,100.0,53.049938
3895,61,-0.457776,1,540,80.0,1.959236,16,320,-3.487312,17,390,[1],1,1,100.0,52.870747
3900,61,-0.464685,1,550,80.0,1.967994,16,320,-3.511891,17,380,[1],1,1,100.0,52.906464
3903,62,-0.48343,1,540,80.0,1.928689,16,320,-3.514804,17,390,[1],1,1,100.0,52.883881
3907,61,-0.464554,1,550,80.0,1.968125,16,320,-3.511752,17,380,[1],1,1,100.0,52.901073
3911,62,-0.468134,1,530,80.0,1.974571,16,330,-3.493975,17,400,[1],1,1,100.0,52.668617
3916,62,-0.468036,1,530,80.0,1.979626,16,330,-3.491176,17,400,[1],1,1,100.0,52.63332
3920,63,-0.474065,1,530,80.0,1.979701,16,330,-3.491098,17,400,[1],1,1,100.0,51.782665
3926,59,-0.4233,1,550,80.0,1.94776,16,310,-3.467865,17,380,[1],1,1,100.0,52.598919
3929,63,-0.473891,1,530,80.0,1.979868,16,330,-3.490919,17,400,[1],1,1,100.0,51.795883
3933,62,-0.482834,1,540,80.0,1.929234,16,320,-3.514216,17,390,[1],1,1,100.0,52.651512
3938,61,-0.460949,1,540,80.0,1.965147,16,320,-3.486454,17,390,[1],1,1,100.0,52.48872
3948,55,-0.386085,1,590,80.0,1.914282,16,280,-3.512057,17,350,[1],1,1,100.0,52.55827
3954,55,-0.371781,1,580,80.0,1.970459,16,290,-3.438446,17,350,[1],1,1,100.0,52.406609
3958,58,-0.426904,1,570,80.0,1.880671,16,290,-3.492176,17,360,[1],1,1,100.0,52.48267
3963,61,-0.456482,1,540,80.0,1.960483,16,320,-3.485966,17,390,[1],1,1,100.0,52.364212
3968,61,-0.464383,1,540,80.0,1.950335,16,320,-3.496936,17,390,[1],1,1,100.0,52.402153
3973,61,-0.485063,1,550,80.0,1.903448,16,310,-3.52496,17,380,[1],1,1,100.0,51.969788
3978,62,-0.481957,1,540,80.0,1.930036,16,320,-3.513349,17,390,[1],1,1,100.0,52.341446
3983,63,-0.473381,1,530,80.0,1.927413,16,320,-3.488915,17,400,[1],1,1,100.0,52.33313
3988,62,-0.468011,1,540,80.0,1.940451,16,320,-3.504857,17,390,[1],1,1,100.0,52.242767
3993,62,-0.481669,1,540,80.0,1.9559,16,320,-3.501992,17,390,[1],1,1,100.0,52.278145
3997,63,-0.5029,1,530,80.0,1.941386,16,330,-3.527382,17,400,[1],1,1,100.0,51.312405
3999,59,-0.424515,1,560,80.0,1.923008,16,300,-3.475629,17,370,[1],1,1,100.0,52.136555
