3002,46,1.454445,10,4700,80.0,-1.934315,7,520,-0.965102,7,630,[1 0],1,1,59.8231539107,66.200691
3002,46,1.454445,10,4700,80.0,-1.934315,7,520,-0.965102,7,630,[1 0],0,2,40.1768460893,65.023552
3007,63,1.32086,10,4710,80.0,-0.709001,7,560,-0.703098,7,610,[-1 1 0],-1,1,29.6228358755,20.019688
3007,63,1.32086,10,4710,80.0,-0.709001,7,560,-0.703098,7,610,[-1 1 0],1,2,54.7941381717,54.595348
3007,63,1.32086,10,4710,80.0,-0.709001,7,560,-0.703098,7,610,[-1 1 0],0,3,15.5830259529,54.851986
3010,42,2.488081,10,4690,80.0,-0.01382,7,930,-1.00589,7,640,[1 0],1,1,65.2134726441,67.324387
3010,42,2.488081,10,4690,80.0,-0.01382,7,930,-1.00589,7,640,[1 0],0,2,34.7865273559,67.93734
3015,42,1.152988,10,4690,80.0,-2.269923,25,510,-1.001077,7,640,[1 0],1,1,60.1184876809,66.306236
3015,42,1.152988,10,4690,80.0,-2.269923,25,510,-1.001077,7,640,[1 0],0,2,39.8815123191,65.085922
3019,46,1.452121,10,4700,80.0,-1.934771,7,520,-0.96796,7,630,[1 0],1,1,60.0047904829,66.344063
3019,46,1.452121,10,4700,80.0,-1.934771,7,520,-0.96796,7,630,[1 0],0,2,39.9952095171,65.206924
3022,42,1.155234,10,4680,80.0,-2.18531,25,520,-0.984956,7,650,[1 0],1,1,60.0180638255,66.27076
3022,42,1.155234,10,4680,80.0,-2.18531,25,520,-0.984956,7,650,[1 0],0,2,39.9819361745,65.059586
3027,73,1.058028,10,4700,80.0,-0.43221,7,570,-0.538739,7,600,[1 0],1,1,81.301586879,65.173798
3027,73,1.058028,10,4700,80.0,-0.43221,7,570,-0.538739,7,600,[1 0],0,2,18.698413121,64.21418
3033,41,2.534306,10,4680,80.0,-0.0086,7,940,-1.002635,7,650,[1 0],1,1,65.6538739656,67.465927
3033,41,2.534306,10,4680,80.0,-0.0086,7,940,-1.002635,7,650,[1 0],0,2,34.3461260344,68.003365
3037,69,1.066299,10,4730,80.0,-0.576681,7,540,-0.624956,7,600,[1 0],1,1,81.8119827872,65.758934
3037,69,1.066299,10,4730,80.0,-0.576681,7,540,-0.624956,7,600,[1 0],0,2,18.1880172128,64.835762
3044,62,1.792688,10,4720,80.0,-0.787678,7,540,-0.744408,7,600,[1 0],1,1,65.8455767842,65.015121
3044,62,1.792688,10,4720,80.0,-0.787678,7,540,-0.744408,7,600,[1 0],0,2,34.1544232158,65.214264
3047,59,1.891832,10,4710,80.0,-0.858108,7,550,-0.763894,7,620,[-1 1 0],-1,1,27.6092507381,21.700598
3047,59,1.891832,10,4710,80.0,-0.858108,7,550,-0.763894,7,620,[-1 1 0],1,2,56.3329520972,58.189949
3047,59,1.891832,10,4710,80.0,-0.858108,7,550,-0.763894,7,620,[-1 1 0],0,3,16.0577971647,58.024666
3054,49,1.443788,10,4690,80.0,-1.697489,7,540,-0.905252,7,640,[1 0],1,1,62.003215713,66.027725
3054,49,1.443788,10,4690,80.0,-1.697489,7,540,-0.905252,7,640,[1 0],0,2,37.996784287,65.005402
3058,62,1.332311,10,4720,80.0,-0.769262,7,540,-0.734047,7,600,[1 0],1,1,82.0730130309,66.114571
3058,62,1.332311,10,4720,80.0,-0.769262,7,540,-0.734047,7,600,[1 0],0,2,17.9269869691,65.12204
3061,69,1.061757,10,4740,80.0,-0.564943,7,530,-0.6225,7,590,[-1 1 0],-1,1,28.4473140428,20.015093
3061,69,1.061757,10,4740,80.0,-0.564943,7,530,-0.6225,7,590,[-1 1 0],1,2,55.6085903098,53.967819
3061,69,1.061757,10,4740,80.0,-0.564943,7,530,-0.6225,7,590,[-1 1 0],0,3,15.9440956474,54.361099
3065,42,1.153068,10,4690,80.0,-2.270197,25,510,-1.001538,7,640,[1 0],1,1,60.5675917398,66.175232
3065,42,1.153068,10,4690,80.0,-2.270197,25,510,-1.001538,7,640,[1 0],0,2,39.4324082602,65.051941
3067,59,1.919335,10,4710,80.0,-0.869957,7,550,-0.773159,7,620,[1 0],1,1,64.599804507,66.080177
3067,59,1.919335,10,4710,80.0,-0.869957,7,550,-0.773159,7,620,[1 0],0,2,35.400195493,64.792122
3071,60,1.847015,10,4720,80.0,-0.813921,7,550,-0.758302,7,610,[1 0],1,1,79.6203286509,67.185883
3071,60,1.847015,10,4720,80.0,-0.813921,7,550,-0.758302,7,610,[1 0],0,2,20.3796713491,64.88063
3077,75,1.052567,10,4700,80.0,-0.360569,7,570,-0.523165,7,580,[-1 1 0],-1,1,24.5651667055,20.900873
3077,75,1.052567,10,4700,80.0,-0.360569,7,570,-0.523165,7,580,[-1 1 0],1,2,58.3972287913,56.747288
3077,75,1.052567,10,4700,80.0,-0.360569,7,570,-0.523165,7,580,[-1 1 0],0,3,17.0376045032,56.694473
3082,44,1.149877,10,4690,80.0,-2.108249,25,520,-0.968077,7,650,[1 0],1,1,61.9284526568,66.134712
3082,44,1.149877,10,4690,80.0,-2.108249,25,520,-0.968077,7,650,[1 0],0,2,38.0715473432,65.030472
3088,45,1.457296,10,4690,80.0,-1.946303,7,520,-0.957564,7,640,[1 0],1,1,62.8059446395,65.934677
3088,45,1.457296,10,4690,80.0,-1.946303,7,520,-0.957564,7,640,[1 0],0,2,37.1940553605,64.938164
3093,49,1.439725,10,4700,80.0,-1.68452,7,530,-0.908461,7,630,[1 0],1,1,64.3903673513,65.498947
3093,49,1.439725,10,4700,80.0,-1.68452,7,530,-0.908461,7,630,[1 0],0,2,35.6096326487,64.866699
3098,65,1.296169,10,4730,80.0,-0.691111,7,540,-0.68857,7,600,[-1 1 0],-1,1,26.7857851633,21.394583
3098,65,1.296169,10,4730,80.0,-0.691111,7,540,-0.68857,7,600,[-1 1 0],1,2,57.098156993,56.839172
3098,65,1.296169,10,4730,80.0,-0.691111,7,540,-0.68857,7,600,[-1 1 0],0,3,16.1160578437,56.875965
3103,45,1.457333,10,4690,80.0,-1.942804,7,520,-0.957653,7,640,[1 0],1,1,62.7808885656,65.975868
3103,45,1.457333,10,4690,80.0,-1.942804,7,520,-0.957653,7,640,[1 0],0,2,37.2191114344,64.975571
3109,44,1.149918,10,4690,80.0,-2.10839,25,520,-0.968317,7,650,[1 0],1,1,62.3863621194,66.034164
3109,44,1.149918,10,4690,80.0,-2.10839,25,520,-0.968317,7,650,[1 0],0,2,37.6136378806,64.976616
3114,44,1.149926,10,4690,80.0,-2.108415,25,520,-0.968361,7,650,[1 0],1,1,62.6287268292,66.038361
3114,44,1.149926,10,4690,80.0,-2.108415,25,520,-0.968361,7,650,[1 0],0,2,37.3712731708,64.999977
3118,43,1.15326,10,4680,80.0,-2.106531,25,530,-0.973814,7,650,[1 0],1,1,62.7494219692,65.980667
3118,43,1.15326,10,4680,80.0,-2.106531,25,530,-0.973814,7,650,[1 0],0,2,37.2505780308,64.983421
3124,64,1.310295,10,4720,80.0,-0.690985,7,560,-0.70347,7,600,[1 0],1,1,81.8024942092,65.694855
3124,64,1.310295,10,4720,80.0,-0.690985,7,560,-0.70347,7,600,[1 0],0,2,18.1975057908,64.623337
3129,69,1.064898,10,4730,80.0,-0.565894,7,540,-0.615962,7,600,[1 0],1,1,81.485553804,65.56324
3129,69,1.064898,10,4730,80.0,-0.565894,7,540,-0.615962,7,600,[1 0],0,2,18.514446196,64.561829
3134,44,1.149955,10,4690,80.0,-2.10852,25,520,-0.968535,7,650,[1 0],1,1,63.7645472987,65.962723
3134,44,1.149955,10,4690,80.0,-2.10852,25,520,-0.968535,7,650,[1 0],0,2,36.2354527013,64.983231
3139,74,1.054988,10,4710,80.0,-0.431505,7,560,-0.542288,7,590,[1 0],1,1,80.4788470479,64.428467
3139,74,1.054988,10,4710,80.0,-0.431505,7,560,-0.542288,7,590,[1 0],0,2,19.5211529521,63.181065
3144,43,1.153301,10,4680,80.0,-2.10667,25,530,-0.974041,7,650,[1 0],1,1,63.1974779252,65.872154
3144,43,1.153301,10,4680,80.0,-2.10667,25,530,-0.974041,7,650,[1 0],0,2,36.8025220748,64.919586
3150,58,1.941177,10,4720,80.0,-0.908098,7,540,-0.797526,7,610,[1 0],1,1,79.9045855976,66.863632
3150,58,1.941177,10,4720,80.0,-0.908098,7,540,-0.797526,7,610,[1 0],0,2,20.0954144024,64.445503
3155,64,1.303759,10,4720,80.0,-0.68105,7,560,-0.696793,7,600,[1 0],1,1,81.8049142918,65.709518
3155,64,1.303759,10,4720,80.0,-0.68105,7,560,-0.696793,7,600,[1 0],0,2,18.1950857082,64.638771
3158,44,1.147652,10,4690,80.0,-2.025708,25,530,-0.971275,7,640,[1 0],1,1,64.1816079818,65.778328
3158,44,1.147652,10,4690,80.0,-2.025708,25,530,-0.971275,7,640,[1 0],0,2,35.8183920182,64.88665
3162,43,1.468512,10,4680,80.0,-2.083483,7,520,-0.995494,7,640,[1 0],1,1,63.9633380541,65.873955
3162,43,1.468512,10,4680,80.0,-2.083483,7,520,-0.995494,7,640,[1 0],0,2,36.0366619459,64.922356
3166,63,1.327526,10,4730,80.0,-0.757864,7,540,-0.727462,7,600,[1 0],1,1,79.501729463,66.986115
3166,63,1.327526,10,4730,80.0,-0.757864,7,540,-0.727462,7,600,[1 0],0,2,20.498270537,65.220367
3169,47,1.449451,10,4700,80.0,-1.858504,7,520,-0.946186,7,630,[1 0],1,1,65.6891749624,65.615921
3169,47,1.449451,10,4700,80.0,-1.858504,7,520,-0.946186,7,630,[1 0],0,2,34.3108250376,64.865456
3175,44,1.150015,10,4690,80.0,-2.108727,25,520,-0.968885,7,650,[1 0],1,1,64.5915150544,65.762688
3175,44,1.150015,10,4690,80.0,-2.108727,25,520,-0.968885,7,650,[1 0],0,2,35.4084849456,64.871582
3180,44,1.46085,10,4690,80.0,-2.019,7,520,-0.967528,7,650,[1 0],1,1,64.5975306662,65.730492
3180,44,1.46085,10,4690,80.0,-2.019,7,520,-0.967528,7,650,[1 0],0,2,35.4024693338,64.829834
3185,49,1.442031,10,4700,80.0,-1.708849,7,530,-0.917464,7,630,[1 0],1,1,66.2392934688,65.686195
3185,49,1.442031,10,4700,80.0,-1.708849,7,530,-0.917464,7,630,[1 0],0,2,33.7607065312,64.943108
3191,64,1.303919,10,4720,80.0,-0.696783,7,550,-0.687662,7,610,[1 0],1,1,79.2827602662,66.925842
3191,64,1.303919,10,4720,80.0,-0.696783,7,550,-0.687662,7,610,[1 0],0,2,20.7172397338,65.181831
3197,44,1.45904,10,4690,80.0,-2.014417,7,520,-0.976129,7,640,[1 0],1,1,65.4308142753,65.695107
3197,44,1.45904,10,4690,80.0,-2.014417,7,520,-0.976129,7,640,[1 0],0,2,34.5691857247,64.878227
3201,61,1.829691,10,4710,80.0,-0.79288,7,550,-0.730799,7,620,[1 0],1,1,82.6681559194,67.12381
3201,61,1.829691,10,4710,80.0,-0.79288,7,550,-0.730799,7,620,[1 0],0,2,17.3318440806,65.018013
3208,70,1.062885,10,4730,80.0,-0.543469,7,540,-0.60562,7,600,[1 0],1,1,81.1319132046,64.984947
3208,70,1.062885,10,4730,80.0,-0.543469,7,540,-0.60562,7,600,[1 0],0,2,18.8680867954,63.757061
3211,45,1.458256,10,4700,80.0,-1.952489,7,520,-0.977603,7,630,[1 0],1,1,66.2816937035,65.637177
3211,45,1.458256,10,4700,80.0,-1.952489,7,520,-0.977603,7,630,[1 0],0,2,33.7183062965,64.895462
3215,44,1.461682,10,4690,80.0,-1.943389,7,530,-0.973589,7,640,[1 0],1,1,66.200983011,65.59536
3215,44,1.461682,10,4690,80.0,-1.943389,7,530,-0.973589,7,640,[1 0],0,2,33.799016989,64.831535
3221,68,1.069865,10,4720,80.0,-0.580147,7,550,-0.633251,7,600,[1 0],1,1,61.0896514255,63.242218
3221,68,1.069865,10,4720,80.0,-0.580147,7,550,-0.633251,7,600,[1 0],0,2,38.9103485745,64.5196
3226,64,1.303959,10,4720,80.0,-0.708078,7,540,-0.697823,7,600,[1 0],1,1,79.4664119454,66.914688
3226,64,1.303959,10,4720,80.0,-0.708078,7,540,-0.697823,7,600,[1 0],0,2,20.5335880546,65.164162
3228,58,1.933358,10,4720,80.0,-0.908854,7,530,-0.790572,7,610,[1 0],1,1,82.0682017137,67.630814
3228,58,1.933358,10,4720,80.0,-0.908854,7,530,-0.790572,7,610,[1 0],0,2,17.9317982863,66.560127
3234,45,1.147174,10,4690,80.0,-2.0316,25,530,-0.984326,7,630,[1 0],1,1,66.2328556738,65.520027
3234,45,1.147174,10,4690,80.0,-2.0316,25,530,-0.984326,7,630,[1 0],0,2,33.7671443262,64.810028
3241,61,1.833072,10,4710,80.0,-0.796588,7,550,-0.742522,7,610,[1 0],1,1,82.6037793579,67.748024
3241,61,1.833072,10,4710,80.0,-0.796588,7,550,-0.742522,7,610,[1 0],0,2,17.3962206421,66.34433
3248,49,1.1303,10,4710,80.0,-1.825341,7,520,-0.932805,7,620,[1 0],1,1,82.3060520914,66.693138
3248,49,1.1303,10,4710,80.0,-1.825341,7,520,-0.932805,7,620,[1 0],0,2,17.6939479086,65.523888
3255,46,1.454244,10,4690,80.0,-1.866909,7,530,-0.944926,7,640,[1 0],1,1,67.3967204355,65.471443
3255,46,1.454244,10,4690,80.0,-1.866909,7,530,-0.944926,7,640,[1 0],0,2,32.6032795645,64.796585
3258,60,1.62324,10,4720,80.0,-0.845962,7,540,-0.775954,7,600,[1 0],1,1,82.5633175619,66.94223
3258,60,1.62324,10,4720,80.0,-0.845962,7,540,-0.775954,7,600,[1 0],0,2,17.4366824381,64.905174
3268,68,1.069456,10,4720,80.0,-0.583692,7,540,-0.630601,7,600,[1 0],1,1,81.2607027651,64.973381
3268,68,1.069456,10,4720,80.0,-0.583692,7,540,-0.630601,7,600,[1 0],0,2,18.7392972349,63.694988
3274,68,1.067527,10,4730,80.0,-0.578726,7,550,-0.642035,7,590,[1 0],1,1,81.2423478336,65.209465
3274,68,1.067527,10,4730,80.0,-0.578726,7,550,-0.642035,7,590,[1 0],0,2,18.7576521664,64.061745
3278,49,1.444384,10,4690,80.0,-1.700768,7,540,-0.907514,7,640,[1 0],1,1,80.196521542,66.879845
3278,49,1.444384,10,4690,80.0,-1.700768,7,540,-0.907514,7,640,[1 0],0,2,19.803478458,64.802284
3285,58,1.93965,10,4710,80.0,-0.905326,7,540,-0.782771,7,620,[1 0],1,1,82.0350923834,67.67028
3285,58,1.93965,10,4710,80.0,-0.905326,7,540,-0.782771,7,620,[1 0],0,2,17.9649076166,66.263672
3291,55,2.041512,10,4710,80.0,-0.991072,7,540,-0.828161,7,620,[1 0],1,1,82.3447725989,67.929779
3291,55,2.041512,10,4710,80.0,-0.991072,7,540,-0.828161,7,620,[1 0],0,2,17.6552274011,66.883492
3298,45,1.461037,10,4690,80.0,-1.9287,7,530,-0.974573,7,630,[1 0],1,1,80.5559822866,66.885078
3298,45,1.461037,10,4690,80.0,-1.9287,7,530,-0.974573,7,630,[1 0],0,2,19.4440177134,64.754616
3304,55,1.831609,10,4710,80.0,-1.033238,7,530,-0.840335,7,620,[1 0],1,1,81.8704214885,67.71978
3304,55,1.831609,10,4710,80.0,-1.033238,7,530,-0.840335,7,620,[1 0],0,2,18.1295785115,66.217789
3308,49,1.133031,10,4700,80.0,-1.82083,7,530,-0.934682,7,620,[1 0],1,1,82.2341077423,66.758156
3308,49,1.133031,10,4700,80.0,-1.82083,7,530,-0.934682,7,620,[1 0],0,2,17.7658922577,65.572952
3313,68,1.074968,10,4710,80.0,-0.616863,7,540,-0.637901,7,610,[1 0],1,1,82.5413394858,66.286736
3313,68,1.074968,10,4710,80.0,-0.616863,7,540,-0.637901,7,610,[1 0],0,2,17.4586605142,65.488022
3318,69,1.069418,10,4720,80.0,-0.584907,7,540,-0.629879,7,600,[1 0],1,1,81.310942219,64.83477
3318,69,1.069418,10,4720,80.0,-0.584907,7,540,-0.629879,7,600,[1 0],0,2,18.689057781,63.559261
3332,46,1.143907,10,4690,80.0,-2.021278,7,520,-0.950246,7,640,[1 0],1,1,82.5546128666,66.834892
3332,46,1.143907,10,4690,80.0,-2.021278,7,520,-0.950246,7,640,[1 0],0,2,17.4453871334,65.602112
3337,47,1.455512,10,4690,80.0,-1.85691,7,530,-0.952619,7,630,[1 0],1,1,82.6051558569,66.734245
3337,47,1.455512,10,4690,80.0,-1.85691,7,530,-0.952619,7,630,[1 0],0,2,17.3948441431,65.50312
3340,58,1.953608,10,4700,80.0,-0.910166,7,540,-0.785707,7,620,[1 0],1,1,83.9546569281,67.780876
3340,58,1.953608,10,4700,80.0,-0.910166,7,540,-0.785707,7,620,[1 0],0,2,16.0453430719,66.401077
3346,62,1.81665,10,4710,80.0,-0.787075,7,550,-0.739105,7,610,[1 0],1,1,82.4634405743,66.634361
3346,62,1.81665,10,4710,80.0,-0.787075,7,550,-0.739105,7,610,[1 0],0,2,17.5365594257,65.754288
3350,73,1.059412,10,4710,80.0,-0.453396,7,550,-0.570483,7,590,[1 0],1,1,80.8453046023,64.939949
3350,73,1.059412,10,4710,80.0,-0.453396,7,550,-0.570483,7,590,[1 0],0,2,19.1546953977,63.778202
3356,61,1.825314,10,4710,80.0,-0.823583,7,540,-0.749833,7,610,[1 0],1,1,82.4652870139,66.605263
3356,61,1.825314,10,4710,80.0,-0.823583,7,540,-0.749833,7,610,[1 0],0,2,17.5347129861,65.691078
3362,64,1.321541,10,4710,80.0,-0.713347,7,560,-0.70559,7,610,[1 0],1,1,81.9795621214,65.664253
3362,64,1.321541,10,4710,80.0,-0.713347,7,560,-0.70559,7,610,[1 0],0,2,18.0204378786,64.550438
3366,70,1.062711,10,4730,80.0,-0.533387,7,550,-0.614846,7,590,[1 0],1,1,82.398718848,66.340759
3366,70,1.062711,10,4730,80.0,-0.533387,7,550,-0.614846,7,590,[1 0],0,2,17.601281152,65.647583
3373,62,1.341815,10,4720,80.0,-0.765149,7,550,-0.727163,7,610,[1 0],1,1,82.3458082642,66.550827
3373,62,1.341815,10,4720,80.0,-0.765149,7,550,-0.727163,7,610,[1 0],0,2,17.6541917358,65.69899
3378,64,1.321106,10,4710,80.0,-0.710032,7,560,-0.70366,7,610,[1 0],1,1,82.4847413002,66.518028
3378,64,1.321106,10,4710,80.0,-0.710032,7,560,-0.70366,7,610,[1 0],0,2,17.5152586998,65.668648
3381,46,1.457138,10,4690,80.0,-1.864532,7,530,-0.943649,7,640,[1 0],1,1,82.4506092196,66.668365
3381,46,1.457138,10,4690,80.0,-1.864532,7,530,-0.943649,7,640,[1 0],0,2,17.5493907804,65.427811
3390,47,1.45354,10,4690,80.0,-1.789219,7,540,-0.944119,7,630,[1 0],1,1,82.2494011517,66.601646
3390,47,1.45354,10,4690,80.0,-1.789219,7,540,-0.944119,7,630,[1 0],0,2,17.7505988483,65.381424
3394,62,1.785343,10,4730,80.0,-0.789489,7,540,-0.742086,7,600,[1 0],1,1,82.3951398356,66.462578
3394,62,1.785343,10,4730,80.0,-0.789489,7,540,-0.742086,7,600,[1 0],0,2,17.6048601644,65.605049
3401,46,1.141914,10,4690,80.0,-1.993672,7,520,-0.940473,7,640,[1 0],1,1,82.6265188944,66.63327
3401,46,1.141914,10,4690,80.0,-1.993672,7,520,-0.940473,7,640,[1 0],0,2,17.3734811056,65.359482
3413,63,1.340365,10,4720,80.0,-0.753097,7,550,-0.720285,7,610,[1 0],1,1,82.3905042936,66.34417
3413,63,1.340365,10,4720,80.0,-0.753097,7,550,-0.720285,7,610,[1 0],0,2,17.6094957064,65.485329
3418,47,1.453601,10,4690,80.0,-1.789493,7,540,-0.944349,7,630,[1 0],1,1,82.2558909081,66.589432
3418,47,1.453601,10,4690,80.0,-1.789493,7,540,-0.944349,7,630,[1 0],0,2,17.7441090919,65.329285
3423,51,1.43833,10,4700,80.0,-1.590454,7,540,-0.905969,7,620,[1 0],1,1,82.4657187235,66.578064
3423,51,1.43833,10,4700,80.0,-1.590454,7,540,-0.905969,7,620,[1 0],0,2,17.5342812765,65.389793
3429,48,1.13899,10,4690,80.0,-1.837937,7,540,-0.939223,7,630,[1 0],1,1,82.2700756692,66.593025
3429,48,1.13899,10,4690,80.0,-1.837937,7,540,-0.939223,7,630,[1 0],0,2,17.7299243308,65.339928
3433,68,1.071245,10,4720,80.0,-0.604848,7,540,-0.629762,7,610,[1 0],1,1,82.6020377724,66.251862
3433,68,1.071245,10,4720,80.0,-0.604848,7,540,-0.629762,7,610,[1 0],0,2,17.3979622276,65.47802
3439,48,1.138607,10,4690,80.0,-1.836468,7,540,-0.937496,7,630,[1 0],1,1,82.2403988158,66.556686
3439,48,1.138607,10,4690,80.0,-1.836468,7,540,-0.937496,7,630,[1 0],0,2,17.7596011842,65.278412
3442,70,1.061866,10,4730,80.0,-0.530383,7,540,-0.609816,7,590,[1 0],1,1,80.9857616617,64.828964
3442,70,1.061866,10,4730,80.0,-0.530383,7,540,-0.609816,7,590,[1 0],0,2,19.0142383383,63.573719
3447,65,1.301607,10,4720,80.0,-0.674836,7,550,-0.686988,7,600,[1 0],1,1,82.3778179914,66.412781
3447,65,1.301607,10,4720,80.0,-0.674836,7,550,-0.686988,7,600,[1 0],0,2,17.6221820086,65.566162
3453,47,1.452578,10,4690,80.0,-1.783468,7,540,-0.942031,7,630,[1 0],1,1,82.3037962858,66.427345
3453,47,1.452578,10,4690,80.0,-1.783468,7,540,-0.942031,7,630,[1 0],0,2,17.6962037142,65.143295
3457,47,1.452587,10,4690,80.0,-1.783507,7,540,-0.942065,7,630,[1 0],1,1,82.333953569,66.356857
3457,47,1.452587,10,4690,80.0,-1.783507,7,540,-0.942065,7,630,[1 0],0,2,17.666046431,65.081818
3466,64,1.314138,10,4720,80.0,-0.713807,7,550,-0.697855,7,610,[1 0],1,1,82.3878934175,66.360451
3466,64,1.314138,10,4720,80.0,-0.713807,7,550,-0.697855,7,610,[1 0],0,2,17.6121065825,65.453636
3510,65,1.317558,10,4720,80.0,-0.683043,7,560,-0.689536,7,610,[1 0],1,1,82.238875257,66.211891
3510,65,1.317558,10,4720,80.0,-0.683043,7,560,-0.689536,7,610,[1 0],0,2,17.761124743,65.286423
3516,52,2.225851,10,4690,80.0,-1.101866,7,540,-0.886985,7,620,[1 0],1,1,86.1221300637,67.577362
3516,52,2.225851,10,4690,80.0,-1.101866,7,540,-0.886985,7,620,[1 0],0,2,13.8778699363,66.448372
3525,49,1.134104,10,4690,80.0,-1.779948,7,540,-0.912481,7,630,[1 0],1,1,82.21896155,66.075546
3525,49,1.134104,10,4690,80.0,-1.779948,7,540,-0.912481,7,630,[1 0],0,2,17.78103845,64.765251
3530,66,1.287787,10,4730,80.0,-0.650258,7,550,-0.67293,7,600,[1 0],1,1,81.9810291833,65.947487
3530,66,1.287787,10,4730,80.0,-0.650258,7,550,-0.67293,7,600,[1 0],0,2,18.0189708167,65.074409
3535,53,2.135023,10,4700,80.0,-1.063993,7,540,-0.87957,7,610,[1 0],1,1,86.5822751129,67.4785
3535,53,2.135023,10,4700,80.0,-1.063993,7,540,-0.87957,7,610,[1 0],0,2,13.4177248871,66.484764
3539,67,1.071846,10,4730,80.0,-0.629946,7,540,-0.656622,7,600,[1 0],1,1,82.3412553886,65.899689
3539,67,1.071846,10,4730,80.0,-0.629946,7,540,-0.656622,7,600,[1 0],0,2,17.6587446114,65.019203
3543,67,1.074269,10,4720,80.0,-0.622019,7,550,-0.657531,7,600,[1 0],1,1,81.9522434709,65.917191
3543,67,1.074269,10,4720,80.0,-0.622019,7,550,-0.657531,7,600,[1 0],0,2,18.0477565291,65.041489
3546,71,1.062144,10,4730,80.0,-0.534591,7,540,-0.611134,7,590,[1 0],1,1,81.7898806967,65.88987
3546,71,1.062144,10,4730,80.0,-0.534591,7,540,-0.611134,7,590,[1 0],0,2,18.2101193033,65.107048
3549,67,1.074355,10,4720,80.0,-0.616083,7,560,-0.658577,7,600,[1 0],1,1,82.1212040808,65.886703
3549,67,1.074355,10,4720,80.0,-0.616083,7,560,-0.658577,7,600,[1 0],0,2,17.8787959192,64.988037
3554,69,1.063528,10,4740,80.0,-0.573054,7,540,-0.632291,7,590,[1 0],1,1,81.9808462752,66.008919
3554,69,1.063528,10,4740,80.0,-0.573054,7,540,-0.632291,7,590,[1 0],0,2,18.0191537248,65.182549
3560,65,1.306146,10,4720,80.0,-0.689507,7,550,-0.697051,7,600,[1 0],1,1,81.4684202153,65.026894
3560,65,1.306146,10,4720,80.0,-0.689507,7,550,-0.697051,7,600,[1 0],0,2,18.5315797847,63.749371
3567,71,1.060465,10,4730,80.0,-0.520259,7,540,-0.601824,7,590,[1 0],1,1,81.6941210729,65.502823
3567,71,1.060465,10,4730,80.0,-0.520259,7,540,-0.601824,7,590,[1 0],0,2,18.3058789271,64.626312
3570,61,1.82944,10,4720,80.0,-0.826285,7,540,-0.752976,7,610,[1 0],1,1,89.6899635641,66.477364
3570,61,1.82944,10,4720,80.0,-0.826285,7,540,-0.752976,7,610,[1 0],0,2,10.3100364359,65.883331
3574,68,1.069527,10,4730,80.0,-0.58723,7,560,-0.654911,7,590,[1 0],1,1,81.977659842,65.864365
3574,68,1.069527,10,4730,80.0,-0.58723,7,560,-0.654911,7,590,[1 0],0,2,18.022340158,64.969894
3579,70,1.063062,10,4730,80.0,-0.536761,7,550,-0.616419,7,590,[1 0],1,1,81.8026006684,65.772476
3579,70,1.063062,10,4730,80.0,-0.536761,7,550,-0.616419,7,590,[1 0],0,2,18.1973993316,64.930763
3584,54,2.090324,10,4700,80.0,-1.009767,7,550,-0.849505,7,620,[1 0],1,1,88.4839853862,66.505501
3584,54,2.090324,10,4700,80.0,-1.009767,7,550,-0.849505,7,620,[1 0],0,2,11.5160146138,65.849602
3590,69,1.06902,10,4720,80.0,-0.573246,7,550,-0.627815,7,600,[1 0],1,1,81.9917963806,65.727242
3590,69,1.06902,10,4720,80.0,-0.573246,7,550,-0.627815,7,600,[1 0],0,2,18.0082036194,64.838486
3596,61,1.824424,10,4710,80.0,-0.804495,7,550,-0.747582,7,610,[1 0],1,1,87.7942846517,65.794556
3596,61,1.824424,10,4710,80.0,-0.804495,7,550,-0.747582,7,610,[1 0],0,2,12.2057153483,65.556747
3598,70,1.067042,10,4720,80.0,-0.561935,7,540,-0.627026,7,590,[1 0],1,1,82.7100137975,64.645584
3598,70,1.067042,10,4720,80.0,-0.561935,7,540,-0.627026,7,590,[1 0],0,2,17.2899862025,63.392708
3600,68,1.073521,10,4720,80.0,-0.614217,7,550,-0.663782,7,590,[1 0],1,1,81.9355309218,65.926659
3600,68,1.073521,10,4720,80.0,-0.614217,7,550,-0.663782,7,590,[1 0],0,2,18.0644690782,64.983185
3603,68,1.070311,10,4730,80.0,-0.616677,7,540,-0.648155,7,600,[1 0],1,1,81.5972820112,65.268761
3603,68,1.070311,10,4730,80.0,-0.616677,7,540,-0.648155,7,600,[1 0],0,2,18.4027179888,64.09156
3609,50,1.43692,10,4700,80.0,-1.730045,7,520,-0.910567,7,630,[1 0],1,1,82.3477352426,65.774612
3609,50,1.43692,10,4700,80.0,-1.730045,7,520,-0.910567,7,630,[1 0],0,2,17.6522647574,64.408653
3612,69,1.066585,10,4730,80.0,-0.569839,7,550,-0.637732,7,590,[1 0],1,1,81.8384017582,65.663536
3612,69,1.066585,10,4730,80.0,-0.569839,7,550,-0.637732,7,590,[1 0],0,2,18.1615982418,64.767281
3618,50,1.44312,10,4690,80.0,-1.665179,7,540,-0.919915,7,620,[1 0],1,1,82.1102446177,65.844498
3618,50,1.44312,10,4690,80.0,-1.665179,7,540,-0.919915,7,620,[1 0],0,2,17.8897553823,64.474968
3621,69,1.067829,10,4730,80.0,-0.590712,7,540,-0.634483,7,600,[1 0],1,1,81.9752039843,65.832939
3621,69,1.067829,10,4730,80.0,-0.590712,7,540,-0.634483,7,600,[1 0],0,2,18.0247960157,64.901627
3623,69,1.068453,10,4720,80.0,-0.566519,7,550,-0.62387,7,600,[1 0],1,1,81.829628746,65.608521
3623,69,1.068453,10,4720,80.0,-0.566519,7,550,-0.62387,7,600,[1 0],0,2,18.170371254,64.701591
3626,69,1.068606,10,4720,80.0,-0.566862,7,550,-0.625293,7,600,[1 0],1,1,81.9668106508,65.768265
3626,69,1.068606,10,4720,80.0,-0.566862,7,550,-0.625293,7,600,[1 0],0,2,18.0331893492,64.804428
3633,67,1.074465,10,4720,80.0,-0.623964,7,550,-0.65864,7,600,[1 0],1,1,86.4175355105,64.649124
3633,67,1.074465,10,4720,80.0,-0.623964,7,550,-0.65864,7,600,[1 0],0,2,13.5824644895,65.802841
3635,68,1.071163,10,4730,80.0,-0.625019,7,540,-0.652655,7,600,[1 0],1,1,81.8024183141,65.839233
3635,68,1.071163,10,4730,80.0,-0.625019,7,540,-0.652655,7,600,[1 0],0,2,18.1975816859,64.864319
3642,70,1.062694,10,4730,80.0,-0.540792,7,540,-0.613828,7,590,[1 0],1,1,82.0055345179,65.755424
3642,70,1.062694,10,4730,80.0,-0.540792,7,540,-0.613828,7,590,[1 0],0,2,17.9944654821,64.847649
3645,70,1.063048,10,4730,80.0,-0.546399,7,540,-0.605422,7,600,[1 0],1,1,82.0743306212,65.613174
3645,70,1.063048,10,4730,80.0,-0.546399,7,540,-0.605422,7,600,[1 0],0,2,17.9256693788,64.670723
3647,69,1.066474,10,4730,80.0,-0.580699,7,540,-0.636636,7,590,[1 0],1,1,81.6454984826,65.783905
3647,69,1.066474,10,4730,80.0,-0.580699,7,540,-0.636636,7,590,[1 0],0,2,18.3545015174,64.847931
3653,53,2.135495,10,4710,80.0,-1.085327,7,530,-0.869043,7,620,[1 0],1,1,88.8601518556,66.585289
3653,53,2.135495,10,4710,80.0,-1.085327,7,530,-0.869043,7,620,[1 0],0,2,11.1398481444,65.94368
3658,57,2.006773,10,4710,80.0,-0.964019,7,540,-0.813303,7,620,[1 0],1,1,90.6390041494,66.449203
3658,57,2.006773,10,4710,80.0,-0.964019,7,540,-0.813303,7,620,[1 0],0,2,9.36099585062,66.054115
3661,69,1.070325,10,4720,80.0,-0.583228,7,550,-0.63521,7,600,[1 0],1,1,82.1898913808,65.700562
3661,69,1.070325,10,4720,80.0,-0.583228,7,550,-0.63521,7,600,[1 0],0,2,17.8101086192,64.721268
3668,68,1.068583,10,4730,80.0,-0.599392,7,540,-0.637914,7,600,[1 0],1,1,82.4279987829,65.703667
3668,68,1.068583,10,4730,80.0,-0.599392,7,540,-0.637914,7,600,[1 0],0,2,17.5720012171,64.741539
3675,69,1.066724,10,4730,80.0,-0.57118,7,550,-0.638535,7,590,[1 0],1,1,82.6132729476,65.652084
3675,69,1.066724,10,4730,80.0,-0.57118,7,550,-0.638535,7,590,[1 0],0,2,17.3867270524,64.699211
3679,68,1.068677,10,4730,80.0,-0.604633,7,540,-0.639003,7,600,[1 0],1,1,82.6429510949,65.660774
3679,68,1.068677,10,4730,80.0,-0.604633,7,540,-0.639003,7,600,[1 0],0,2,17.3570489051,64.702797
3681,69,1.06416,10,4740,80.0,-0.588891,7,530,-0.636433,7,590,[1 0],1,1,82.6527511725,65.666832
3681,69,1.06416,10,4740,80.0,-0.588891,7,530,-0.636433,7,590,[1 0],0,2,17.3472488275,64.721138
3684,51,1.974992,10,4690,80.0,-1.601488,7,540,-0.893019,7,630,[1 0],1,1,88.6577378173,66.38707
3684,51,1.974992,10,4690,80.0,-1.601488,7,540,-0.893019,7,630,[1 0],0,2,11.3422621827,65.700806
3691,69,1.067975,10,4730,80.0,-0.592204,7,540,-0.635338,7,600,[1 0],1,1,82.8202056041,65.616211
3691,69,1.067975,10,4730,80.0,-0.592204,7,540,-0.635338,7,600,[1 0],0,2,17.1797943959,64.646507
3696,69,1.06547,10,4730,80.0,-0.566895,7,540,-0.629793,7,590,[1 0],1,1,83.3852042168,65.622055
3696,69,1.06547,10,4730,80.0,-0.566895,7,540,-0.629793,7,590,[1 0],0,2,16.6147957832,64.704689
3699,69,1.069113,10,4720,80.0,-0.572912,7,550,-0.62913,7,600,[1 0],1,1,83.4204174734,65.393387
3699,69,1.069113,10,4720,80.0,-0.572912,7,550,-0.62913,7,600,[1 0],0,2,16.5795825266,64.461739
3703,69,1.066982,10,4730,80.0,-0.582677,7,540,-0.640165,7,590,[1 0],1,1,83.2252428726,65.563766
3703,69,1.066982,10,4730,80.0,-0.582677,7,540,-0.640165,7,590,[1 0],0,2,16.7747571274,64.625793
3706,69,1.065681,10,4730,80.0,-0.569659,7,540,-0.621397,7,600,[1 0],1,1,83.6207922756,65.538849
3706,69,1.065681,10,4730,80.0,-0.569659,7,540,-0.621397,7,600,[1 0],0,2,16.3792077244,64.619019
3708,70,1.063498,10,4730,80.0,-0.540989,7,550,-0.619392,7,590,[1 0],1,1,83.6266056078,65.461327
3708,70,1.063498,10,4730,80.0,-0.540989,7,550,-0.619392,7,590,[1 0],0,2,16.3733943922,64.558205
3712,69,1.067629,10,4730,80.0,-0.590241,7,540,-0.643715,7,590,[1 0],1,1,83.6260330579,65.429657
3712,69,1.067629,10,4730,80.0,-0.590241,7,540,-0.643715,7,590,[1 0],0,2,16.3739669421,64.504761
3717,69,1.063875,10,4740,80.0,-0.576492,7,540,-0.634369,7,590,[1 0],1,1,83.834571557,65.483536
3717,69,1.063875,10,4740,80.0,-0.576492,7,540,-0.634369,7,590,[1 0],0,2,16.165428443,64.573898
3724,69,1.065986,10,4730,80.0,-0.575728,7,540,-0.622998,7,600,[1 0],1,1,84.0389091679,65.382957
3724,69,1.065986,10,4730,80.0,-0.575728,7,540,-0.622998,7,600,[1 0],0,2,15.9610908321,64.474564
3729,69,1.070293,10,4720,80.0,-0.581717,7,550,-0.634526,7,600,[1 0],1,1,83.8139072848,65.442947
3729,69,1.070293,10,4720,80.0,-0.581717,7,550,-0.634526,7,600,[1 0],0,2,16.1860927152,64.501587
3738,70,1.064597,10,4730,80.0,-0.560342,7,540,-0.625511,7,590,[1 0],1,1,84.4203258001,65.356544
3738,70,1.064597,10,4730,80.0,-0.560342,7,540,-0.625511,7,590,[1 0],0,2,15.5796741999,64.484924
3742,70,1.063981,10,4730,80.0,-0.54529,7,550,-0.622304,7,590,[1 0],1,1,84.2424602939,65.348198
3742,70,1.063981,10,4730,80.0,-0.54529,7,550,-0.622304,7,590,[1 0],0,2,15.7575397061,64.472595
3746,67,1.071659,10,4730,80.0,-0.631821,7,540,-0.655548,7,600,[1 0],1,1,85.5673580613,64.523888
3746,67,1.071659,10,4730,80.0,-0.631821,7,540,-0.655548,7,600,[1 0],0,2,14.4326419387,63.538403
3752,66,1.288808,10,4720,80.0,-0.664306,7,540,-0.662491,7,610,[1 0],1,1,86.815875858,64.522156
3752,66,1.288808,10,4720,80.0,-0.664306,7,540,-0.662491,7,610,[1 0],0,2,13.184124142,65.654335
3758,59,1.901328,10,4720,80.0,-0.865291,7,550,-0.782034,7,610,[1 0],1,1,88.0056759033,65.544136
3758,59,1.901328,10,4720,80.0,-0.865291,7,550,-0.782034,7,610,[1 0],0,2,11.9943240967,65.738907
3760,72,1.057548,10,4730,80.0,-0.490643,7,540,-0.575532,7,600,[1 0],1,1,84.8441935719,65.062569
3760,72,1.057548,10,4730,80.0,-0.490643,7,540,-0.575532,7,600,[1 0],0,2,15.1558064281,64.297844
3762,69,1.068892,10,4720,80.0,-0.569678,7,550,-0.626909,7,600,[1 0],1,1,84.6253855594,65.426216
3762,69,1.068892,10,4720,80.0,-0.569678,7,550,-0.626909,7,600,[1 0],0,2,15.3746144406,65.28968
3764,71,1.059927,10,4730,80.0,-0.515474,7,540,-0.60887,7,580,[1 0],1,1,84.4365884822,65.181931
3764,71,1.059927,10,4730,80.0,-0.515474,7,540,-0.60887,7,580,[1 0],0,2,15.5634115178,64.380821
3769,62,1.837265,10,4710,80.0,-0.80168,7,550,-0.748003,7,610,[1 0],1,1,94.3794719305,65.72435
3769,62,1.837265,10,4710,80.0,-0.80168,7,550,-0.748003,7,610,[1 0],0,2,5.62052806945,65.796204
3772,70,1.06363,10,4730,80.0,-0.542264,7,550,-0.620154,7,590,[1 0],1,1,84.8574016888,65.0774
3772,70,1.06363,10,4730,80.0,-0.542264,7,550,-0.620154,7,590,[1 0],0,2,15.1425983112,64.269073
3775,55,2.048235,10,4710,80.0,-1.004956,7,540,-0.836077,7,620,[1 0],1,1,87.986149879,65.597076
3775,55,2.048235,10,4710,80.0,-1.004956,7,540,-0.836077,7,620,[1 0],0,2,12.013850121,65.599876
3777,52,1.960236,10,4700,80.0,-1.118822,7,530,-0.887179,7,620,[1 0],1,1,87.7876859444,65.663773
3777,52,1.960236,10,4700,80.0,-1.118822,7,530,-0.887179,7,620,[1 0],0,2,12.2123140556,65.526619
3782,62,1.821878,10,4710,80.0,-0.790976,7,550,-0.740307,7,610,[1 0],1,1,92.8314983246,65.503784
3782,62,1.821878,10,4710,80.0,-0.790976,7,550,-0.740307,7,610,[1 0],0,2,7.16850167544,65.879547
3787,70,1.067795,10,4720,80.0,-0.549184,7,560,-0.619637,7,600,[1 0],1,1,84.972309733,65.218689
3787,70,1.067795,10,4720,80.0,-0.549184,7,560,-0.619637,7,600,[1 0],0,2,15.027690267,64.384155
3792,54,1.881067,10,4700,80.0,-1.050222,7,540,-0.874343,7,610,[1 0],1,1,87.7873630217,65.516647
3792,54,1.881067,10,4700,80.0,-1.050222,7,540,-0.874343,7,610,[1 0],0,2,12.2126369783,65.534355
3797,53,1.893588,10,4700,80.0,-1.090678,7,530,-0.85723,7,630,[1 0],1,1,88.1849041534,65.458244
3797,53,1.893588,10,4700,80.0,-1.090678,7,530,-0.85723,7,630,[1 0],0,2,11.8150958466,65.482422
3800,70,1.062474,10,4730,80.0,-0.53814,7,540,-0.613797,7,590,[1 0],1,1,85.9605226578,65.10498
3800,70,1.062474,10,4730,80.0,-0.53814,7,540,-0.613797,7,590,[1 0],0,2,14.0394773422,64.389267
3802,70,1.063082,10,4730,80.0,-0.545162,7,540,-0.606403,7,600,[1 0],1,1,85.5718723711,65.140533
3802,70,1.063082,10,4730,80.0,-0.545162,7,540,-0.606403,7,600,[1 0],0,2,14.4281276289,64.369957
3806,71,1.060403,10,4730,80.0,-0.511457,7,550,-0.611029,7,580,[1 0],1,1,85.8021917011,65.053368
3806,71,1.060403,10,4730,80.0,-0.511457,7,550,-0.611029,7,580,[1 0],0,2,14.1978082989,64.375786
3813,62,1.837502,10,4710,80.0,-0.802432,7,550,-0.74842,7,610,[1 0],1,1,93.8201537817,65.280724
3813,62,1.837502,10,4710,80.0,-0.802432,7,550,-0.74842,7,610,[1 0],0,2,6.17984621826,65.69136
3820,53,1.950697,10,4700,80.0,-1.08734,7,540,-0.878441,7,620,[1 0],1,1,88.0050824231,65.403381
3820,53,1.950697,10,4700,80.0,-1.08734,7,540,-0.878441,7,620,[1 0],0,2,11.9949175769,65.473488
3824,56,1.781693,10,4710,80.0,-0.988386,7,540,-0.826984,7,620,[1 0],1,1,88.2379135706,65.192444
3824,56,1.781693,10,4710,80.0,-0.988386,7,540,-0.826984,7,620,[1 0],0,2,11.7620864294,65.54422
3827,63,1.781882,10,4720,80.0,-0.780347,7,540,-0.727039,7,610,[1],1,1,100.0,65.667511
3831,71,1.061981,10,4730,80.0,-0.537089,7,540,-0.611444,7,590,[1 0],1,1,86.9382459439,64.886024
3831,71,1.061981,10,4730,80.0,-0.537089,7,540,-0.611444,7,590,[1 0],0,2,13.0617540561,64.300247
3837,72,1.065271,10,4700,80.0,-0.501745,7,570,-0.581541,7,600,[1 0],1,1,87.0425163268,64.866608
3837,72,1.065271,10,4700,80.0,-0.501745,7,570,-0.581541,7,600,[1 0],0,2,12.9574836732,64.279678
3841,71,1.060677,10,4730,80.0,-0.522588,7,540,-0.592406,7,600,[1 0],1,1,87.135207408,64.824249
3841,71,1.060677,10,4730,80.0,-0.522588,7,540,-0.592406,7,600,[1 0],0,2,12.864792592,64.225136
3845,53,1.896395,10,4700,80.0,-1.073617,7,540,-0.872546,7,620,[1 0],1,1,87.8536017302,65.193642
3845,53,1.896395,10,4700,80.0,-1.073617,7,540,-0.872546,7,620,[1 0],0,2,12.1463982698,65.44075
3849,56,1.780029,10,4710,80.0,-0.991547,7,540,-0.82726,7,620,[1 0],1,1,87.1555366586,64.809929
3849,56,1.780029,10,4710,80.0,-0.991547,7,540,-0.82726,7,620,[1 0],0,2,12.8444633414,65.348824
3855,71,1.060581,10,4730,80.0,-0.539852,7,530,-0.589185,7,600,[1 0],1,1,87.9726699694,64.399666
3855,71,1.060581,10,4730,80.0,-0.539852,7,530,-0.589185,7,600,[1 0],0,2,12.0273300306,63.896137
3856,58,1.94627,10,4710,80.0,-0.90085,7,550,-0.800258,7,610,[1 0],1,1,87.6879411882,64.927696
3856,58,1.94627,10,4710,80.0,-0.90085,7,550,-0.800258,7,610,[1 0],0,2,12.3120588118,65.537109
3862,72,1.056718,10,4740,80.0,-0.515647,7,530,-0.603327,7,580,[1 0],1,1,87.4096019848,64.546539
3862,72,1.056718,10,4740,80.0,-0.515647,7,530,-0.603327,7,580,[1 0],0,2,12.5903980152,64.0625
3867,63,1.781812,10,4720,80.0,-0.771523,7,540,-0.722425,7,610,[1 0],1,1,87.5513639617,64.702873
3867,63,1.781812,10,4720,80.0,-0.771523,7,540,-0.722425,7,610,[1 0],0,2,12.4486360383,65.536057
3872,61,1.841664,10,4710,80.0,-0.809295,7,550,-0.750277,7,610,[1 0],1,1,87.7095640271,64.781624
3872,61,1.841664,10,4710,80.0,-0.809295,7,550,-0.750277,7,610,[1 0],0,2,12.2904359729,65.56044
3877,63,1.802441,10,4720,80.0,-0.760321,7,550,-0.726588,7,610,[1 0],1,1,87.2997355216,64.032806
3877,63,1.802441,10,4720,80.0,-0.760321,7,550,-0.726588,7,610,[1 0],0,2,12.7002644784,65.129837
3880,65,1.29338,10,4740,80.0,-0.686804,7,550,-0.704993,7,590,[1 0],1,1,87.2030023522,64.565895
3880,65,1.29338,10,4740,80.0,-0.686804,7,550,-0.704993,7,590,[1 0],0,2,12.7969976478,63.972561
3885,70,1.063409,10,4730,80.0,-0.550398,7,540,-0.608707,7,600,[1 0],1,1,96.817763902,63.659782
3885,70,1.063409,10,4730,80.0,-0.550398,7,540,-0.608707,7,600,[1 0],0,2,3.18223609797,63.754387
3888,62,1.817481,10,4710,80.0,-0.777057,7,550,-0.74578,7,600,[1 0],1,1,87.3467271894,64.643608
3888,62,1.817481,10,4710,80.0,-0.777057,7,550,-0.74578,7,600,[1 0],0,2,12.6532728106,65.549469
3893,61,1.837279,10,4710,80.0,-0.802389,7,550,-0.74791,7,610,[1 0],1,1,87.3570018413,64.598534
3893,61,1.837279,10,4710,80.0,-0.802389,7,550,-0.74791,7,610,[1 0],0,2,12.6429981587,65.461159
3896,59,1.931317,10,4710,80.0,-0.90583,7,540,-0.782808,7,620,[1 0],1,1,87.7330566254,64.637909
3896,59,1.931317,10,4710,80.0,-0.90583,7,540,-0.782808,7,620,[1 0],0,2,12.2669433746,65.391663
3912,69,1.069545,10,4720,80.0,-0.577002,7,550,-0.631037,7,600,[1 0],1,1,86.5913008885,62.929352
3912,69,1.069545,10,4720,80.0,-0.577002,7,550,-0.631037,7,600,[1 0],0,2,13.4086991115,63.649441
3916,61,1.841886,10,4710,80.0,-0.810001,7,550,-0.750674,7,610,[1],1,1,100.0,65.356194
3922,62,1.801893,10,4710,80.0,-0.781096,7,550,-0.734381,7,610,[1],1,1,100.0,65.391006
3927,63,1.800371,10,4720,80.0,-0.762738,7,550,-0.738468,7,600,[1],1,1,100.0,65.489731
3932,63,1.337478,10,4720,80.0,-0.752047,7,550,-0.73127,7,600,[1],1,1,100.0,65.426895
3937,62,1.606268,10,4710,80.0,-0.792199,7,550,-0.742669,7,610,[1 0],1,1,87.7919179574,64.298637
3937,62,1.606268,10,4710,80.0,-0.792199,7,550,-0.742669,7,610,[1 0],0,2,12.2080820426,65.413879
3941,64,1.335925,10,4720,80.0,-0.738467,7,550,-0.723924,7,600,[1],1,1,100.0,65.348022
3945,56,1.763898,10,4710,80.0,-0.975392,7,540,-0.836142,7,610,[1 0],1,1,87.7915899835,64.374535
3945,56,1.763898,10,4710,80.0,-0.975392,7,540,-0.836142,7,610,[1 0],0,2,12.2084100165,65.364273
3950,63,1.800481,10,4720,80.0,-0.763114,7,550,-0.738686,7,600,[1],1,1,100.0,65.362648
3955,63,1.800505,10,4720,80.0,-0.763195,7,550,-0.738733,7,600,[1],1,1,100.0,65.323311
3958,68,1.069935,10,4730,80.0,-0.599338,7,550,-0.646287,7,600,[1 0],1,1,91.1765094726,64.09713
3958,68,1.069935,10,4730,80.0,-0.599338,7,550,-0.646287,7,600,[1 0],0,2,8.82349052737,63.934227
3963,66,1.29433,10,4720,80.0,-0.644656,7,560,-0.676697,7,600,[1 0],1,1,86.2159311758,62.900902
3963,66,1.29433,10,4720,80.0,-0.644656,7,560,-0.676697,7,600,[1 0],0,2,13.7840688242,63.968227
3968,63,1.801049,10,4720,80.0,-0.782184,7,540,-0.739668,7,600,[1 0],1,1,87.6656276941,64.065796
3968,63,1.801049,10,4720,80.0,-0.782184,7,540,-0.739668,7,600,[1 0],0,2,12.3343723059,65.177071
3974,63,1.33756,10,4720,80.0,-0.752734,7,550,-0.731663,7,600,[1 0],1,1,87.4723875102,64.049606
3974,63,1.33756,10,4720,80.0,-0.752734,7,550,-0.731663,7,600,[1 0],0,2,12.5276124898,65.187866
3975,63,1.801083,10,4720,80.0,-0.7823,7,540,-0.739733,7,600,[1 0],1,1,87.6673433374,64.024895
3975,63,1.801083,10,4720,80.0,-0.7823,7,540,-0.739733,7,600,[1 0],0,2,12.3326566626,65.126129
3977,61,1.844359,10,4710,80.0,-0.830493,7,540,-0.754084,7,610,[1 0],1,1,87.8508276275,63.982662
3977,61,1.844359,10,4710,80.0,-0.830493,7,540,-0.754084,7,610,[1 0],0,2,12.1491723725,65.017891
3982,62,1.807297,10,4720,80.0,-0.796739,7,540,-0.748363,7,600,[1 0],1,1,87.5120134153,63.934681
3982,62,1.807297,10,4720,80.0,-0.796739,7,540,-0.748363,7,600,[1 0],0,2,12.4879865847,65.050636
3987,62,1.817983,10,4710,80.0,-0.778713,7,550,-0.746677,7,600,[1 0],1,1,87.6558238542,63.953445
3987,62,1.817983,10,4710,80.0,-0.778713,7,550,-0.746677,7,600,[1 0],0,2,12.3441761458,65.038414
3992,66,1.299971,10,4710,80.0,-0.685095,7,540,-0.686559,7,600,[1],1,1,100.0,64.942131
3995,63,1.80337,10,4720,80.0,-0.757813,7,550,-0.734472,7,600,[1 0],1,1,87.5262505879,63.872398
3995,63,1.80337,10,4720,80.0,-0.757813,7,550,-0.734472,7,600,[1 0],0,2,12.4737494121,65.022408
3998,63,1.336446,10,4720,80.0,-0.743937,7,550,-0.727019,7,600,[1 0],1,1,87.519564929,63.828674
3998,63,1.336446,10,4720,80.0,-0.743937,7,550,-0.727019,7,600,[1 0],0,2,12.480435071,64.960838
3999,63,1.801196,10,4720,80.0,-0.782696,7,540,-0.739955,7,600,[1 0],1,1,87.3403874458,63.811806
3999,63,1.801196,10,4720,80.0,-0.782696,7,540,-0.739955,7,600,[1 0],0,2,12.6596125542,64.921188
3003,42,1.469141,10,4680,80.0,-2.088944,7,520,-0.983632,7,650,[1 0],1,1,59.8751111497,66.593788
3003,42,1.469141,10,4680,80.0,-2.088944,7,520,-0.983632,7,650,[1 0],0,2,40.1248888503,65.291901
3008,71,1.057445,10,4740,80.0,-0.51111,7,540,-0.597444,7,590,[1 0],1,1,81.2763737461,65.175537
3008,71,1.057445,10,4740,80.0,-0.51111,7,540,-0.597444,7,590,[1 0],0,2,18.7236262539,64.150398
3021,44,1.149783,10,4690,80.0,-2.107918,25,520,-0.967522,7,650,[1 0],1,1,59.7634163112,66.519203
3021,44,1.149783,10,4690,80.0,-2.107918,25,520,-0.967522,7,650,[1 0],0,2,40.2365836888,65.344925
3028,73,1.0557,10,4710,80.0,-0.4222,7,570,-0.548068,7,590,[1 0],1,1,81.5868780203,65.645653
3028,73,1.0557,10,4710,80.0,-0.4222,7,570,-0.548068,7,590,[1 0],0,2,18.4131219797,64.841248
3041,43,1.152554,10,4680,80.0,-2.099298,25,530,-0.969039,7,650,[1 0],1,1,60.2697637057,66.486237
3041,43,1.152554,10,4680,80.0,-2.099298,25,530,-0.969039,7,650,[1 0],0,2,39.7302362943,65.289703
3045,42,2.500827,10,4690,80.0,-0.022599,7,930,-0.998323,7,640,[1 0],1,1,66.6737945044,67.109863
3045,42,2.500827,10,4690,80.0,-0.022599,7,930,-0.998323,7,640,[1 0],0,2,33.3262054956,67.723152
3050,44,1.149828,10,4690,80.0,-2.108076,25,520,-0.967788,7,650,[1 0],1,1,60.7846407343,66.158119
3050,44,1.149828,10,4690,80.0,-2.108076,25,520,-0.967788,7,650,[1 0],0,2,39.2153592657,65.031799
3059,39,1.48512,10,4680,80.0,-0.017023,7,950,-1.028528,7,650,[1 0],1,1,60.0650458734,66.189537
3059,39,1.48512,10,4680,80.0,-0.017023,7,950,-1.028528,7,650,[1 0],0,2,39.9349541266,65.008926
3065,48,1.443436,10,4690,80.0,-1.768133,7,530,-0.918616,7,630,[1 0],1,1,62.4067419176,66.056778
3065,48,1.443436,10,4690,80.0,-1.768133,7,530,-0.918616,7,630,[1 0],0,2,37.5932580824,65.041138
3070,44,1.149859,10,4690,80.0,-2.108183,25,520,-0.967969,7,650,[1 0],1,1,61.4140039882,66.111275
3070,44,1.149859,10,4690,80.0,-2.108183,25,520,-0.967969,7,650,[1 0],0,2,38.5859960118,65.012245
3075,44,1.149867,10,4690,80.0,-2.10821,25,520,-0.968015,7,650,[1 0],1,1,61.7719661085,66.122833
3075,44,1.149867,10,4690,80.0,-2.10821,25,520,-0.968015,7,650,[1 0],0,2,38.2280338915,65.038292
3079,44,1.149873,10,4690,80.0,-2.108231,25,520,-0.96805,7,650,[1 0],1,1,61.9268535268,66.164497
3079,44,1.149873,10,4690,80.0,-2.108231,25,520,-0.96805,7,650,[1 0],0,2,38.0731464732,65.067711
3083,42,1.153093,10,4690,80.0,-2.271832,25,510,-1.001689,7,640,[1 0],1,1,61.5782587217,66.110718
3083,42,1.153093,10,4690,80.0,-2.271832,25,510,-1.001689,7,640,[1 0],0,2,38.4217412783,64.973747
3096,72,1.052992,10,4740,80.0,-0.476555,7,530,-0.571445,7,590,[1 0],1,1,81.3152511054,65.087425
3096,72,1.052992,10,4740,80.0,-0.476555,7,530,-0.571445,7,590,[1 0],0,2,18.6847488946,64.065109
3111,43,1.468403,10,4680,80.0,-2.083134,7,520,-0.995094,7,640,[1 0],1,1,62.6927270417,66.03476
3111,43,1.468403,10,4680,80.0,-2.083134,7,520,-0.995094,7,640,[1 0],0,2,37.3072729583,64.960487
3116,44,1.458557,10,4690,80.0,-2.007187,7,520,-0.972686,7,640,[1 0],1,1,62.8175473446,66.034431
3116,44,1.458557,10,4690,80.0,-2.007187,7,520,-0.972686,7,640,[1 0],0,2,37.1824526554,65.044197
3127,52,2.18027,10,4700,80.0,-1.091059,7,540,-0.865795,7,630,[1 0],1,1,82.1751662528,67.778198
3127,52,2.18027,10,4700,80.0,-1.091059,7,540,-0.865795,7,630,[1 0],0,2,17.8248337472,66.558853
3132,44,1.460746,10,4690,80.0,-2.013579,7,520,-0.967148,7,650,[1 0],1,1,63.5853500677,65.955399
3132,44,1.460746,10,4690,80.0,-2.013579,7,520,-0.967148,7,650,[1 0],0,2,36.4146499323,64.992592
3142,44,1.149967,10,4690,80.0,-2.108559,25,520,-0.968604,7,650,[1 0],1,1,63.8204794772,65.901962
3142,44,1.149967,10,4690,80.0,-2.108559,25,520,-0.968604,7,650,[1 0],0,2,36.1795205228,64.950775
3149,46,1.456899,10,4690,80.0,-1.859817,7,530,-0.943435,7,640,[1 0],1,1,64.6194810742,65.737045
3149,46,1.456899,10,4690,80.0,-1.859817,7,530,-0.943435,7,640,[1 0],0,2,35.3805189258,64.910309
3154,44,1.149984,10,4690,80.0,-2.10862,25,520,-0.968707,7,650,[1 0],1,1,64.2052465533,65.869339
3154,44,1.149984,10,4690,80.0,-2.10862,25,520,-0.968707,7,650,[1 0],0,2,35.7947534467,64.970428
3158,44,1.147652,10,4690,80.0,-2.025708,25,530,-0.971275,7,640,[1 0],1,1,64.1816079818,65.778328
3158,44,1.147652,10,4690,80.0,-2.025708,25,530,-0.971275,7,640,[1 0],0,2,35.8183920182,64.88665
3166,45,1.149524,10,4680,80.0,-2.031221,25,530,-0.968401,7,640,[1 0],1,1,64.9164326782,65.79718
3166,45,1.149524,10,4680,80.0,-2.031221,25,530,-0.968401,7,640,[1 0],0,2,35.0835673218,64.939407
3169,66,1.076364,10,4730,80.0,-0.688676,7,530,-0.682283,7,600,[1 0],1,1,81.758821895,65.406883
3169,66,1.076364,10,4730,80.0,-0.688676,7,530,-0.682283,7,600,[1 0],0,2,18.241178105,64.297058
3173,45,1.456981,10,4690,80.0,-1.880217,7,530,-0.955582,7,640,[1 0],1,1,64.9688503683,65.76413
3173,45,1.456981,10,4690,80.0,-1.880217,7,530,-0.955582,7,640,[1 0],0,2,35.0311496317,64.913208
3182,48,1.44471,10,4690,80.0,-1.698628,7,540,-0.909105,7,640,[1 0],1,1,66.1278496201,65.377136
3182,48,1.44471,10,4690,80.0,-1.698628,7,540,-0.909105,7,640,[1 0],0,2,33.8721503799,64.801697
3187,71,1.064522,10,4700,80.0,-0.49096,7,570,-0.588907,7,590,[1 0],1,1,80.8572171097,64.809303
3187,71,1.064522,10,4700,80.0,-0.49096,7,570,-0.588907,7,590,[1 0],0,2,19.1427828903,63.595821
3193,45,1.460063,10,4690,80.0,-2.00239,7,520,-0.967639,7,640,[1 0],1,1,65.0549685132,65.657387
3193,45,1.460063,10,4690,80.0,-2.00239,7,520,-0.967639,7,640,[1 0],0,2,34.9450314868,64.8564
3202,44,1.458533,10,4690,80.0,-2.011047,7,520,-0.973412,7,640,[1 0],1,1,65.5664442173,65.677315
3202,44,1.458533,10,4690,80.0,-2.011047,7,520,-0.973412,7,640,[1 0],0,2,34.4335557827,64.869957
3209,44,1.150063,10,4690,80.0,-2.108897,25,520,-0.969169,7,650,[1 0],1,1,65.8420367713,65.606842
3209,44,1.150063,10,4690,80.0,-2.108897,25,520,-0.969169,7,650,[1 0],0,2,34.1579632287,64.803307
3213,45,1.456804,10,4700,80.0,-1.943769,7,520,-0.973836,7,630,[1 0],1,1,66.0644336078,65.631622
3213,45,1.456804,10,4700,80.0,-1.943769,7,520,-0.973836,7,630,[1 0],0,2,33.9355663922,64.878448
3217,70,1.064197,10,4730,80.0,-0.555574,7,540,-0.612375,7,600,[1 0],1,1,81.3178669031,64.972359
3217,70,1.064197,10,4730,80.0,-0.555574,7,540,-0.612375,7,600,[1 0],0,2,18.6821330969,63.753555
3223,43,1.150238,10,4690,80.0,-2.112085,25,520,-0.970686,7,650,[1 0],1,1,65.8344073241,65.586357
3223,43,1.150238,10,4690,80.0,-2.112085,25,520,-0.970686,7,650,[1 0],0,2,34.1655926759,64.775078
3227,58,1.922876,10,4710,80.0,-0.91794,7,530,-0.780331,7,620,[1 0],1,1,82.2932305853,67.454193
3227,58,1.922876,10,4710,80.0,-0.91794,7,530,-0.780331,7,620,[1 0],0,2,17.7067694147,66.078888
3242,45,1.147187,10,4690,80.0,-2.030942,25,530,-0.984454,7,630,[1 0],1,1,66.6642205752,65.459183
3242,45,1.147187,10,4690,80.0,-2.030942,25,530,-0.984454,7,630,[1 0],0,2,33.3357794248,64.786201
3251,45,1.46019,10,4690,80.0,-2.002898,7,520,-0.96813,7,640,[1 0],1,1,67.2087806441,65.468758
3251,45,1.46019,10,4690,80.0,-2.002898,7,520,-0.96813,7,640,[1 0],0,2,32.7912193559,64.809647
3256,69,1.06553,10,4730,80.0,-0.58194,7,530,-0.620678,7,600,[1 0],1,1,81.3088932532,65.065804
3256,69,1.06553,10,4730,80.0,-0.58194,7,530,-0.620678,7,600,[1 0],0,2,18.6911067468,63.847652
3266,45,1.456919,10,4700,80.0,-1.94421,7,520,-0.9743,7,630,[1 0],1,1,67.668190725,65.428192
3266,45,1.456919,10,4700,80.0,-1.94421,7,520,-0.9743,7,630,[1 0],0,2,32.331809275,64.795273
3272,54,1.842543,10,4700,80.0,-1.030547,7,540,-0.837317,7,630,[1 0],1,1,82.0123983469,67.574867
3272,54,1.842543,10,4700,80.0,-1.030547,7,540,-0.837317,7,630,[1 0],0,2,17.9876016531,66.071152
3276,68,1.06996,10,4730,80.0,-0.612661,7,540,-0.645536,7,600,[1 0],1,1,81.5872679887,65.353271
3276,68,1.06996,10,4730,80.0,-0.612661,7,540,-0.645536,7,600,[1 0],0,2,18.4127320113,64.239548
3287,70,1.061215,10,4740,80.0,-0.549501,7,540,-0.619176,7,590,[1 0],1,1,81.2366667327,65.311508
3287,70,1.061215,10,4740,80.0,-0.549501,7,540,-0.619176,7,590,[1 0],0,2,18.7633332673,64.292198
3292,65,1.30428,10,4720,80.0,-0.721757,7,530,-0.70211,7,600,[1 0],1,1,82.6406759876,66.774391
3292,65,1.30428,10,4720,80.0,-0.721757,7,530,-0.70211,7,600,[1 0],0,2,17.3593240124,66.03373
3306,47,1.140815,10,4690,80.0,-1.869458,7,540,-0.948674,7,630,[1 0],1,1,80.9647735538,66.901077
3306,47,1.140815,10,4690,80.0,-1.869458,7,540,-0.948674,7,630,[1 0],0,2,19.0352264462,64.811447
3310,65,1.292794,10,4730,80.0,-0.681936,7,540,-0.685618,7,600,[1 0],1,1,82.3539533683,66.552933
3310,65,1.292794,10,4730,80.0,-0.681936,7,540,-0.685618,7,600,[1 0],0,2,17.6460466317,65.767754
3320,48,1.137652,10,4690,80.0,-1.81556,7,520,-0.916687,7,640,[1 0],1,1,82.7442702454,66.855377
3320,48,1.137652,10,4690,80.0,-1.81556,7,520,-0.916687,7,640,[1 0],0,2,17.2557297546,65.663376
3325,62,1.815707,10,4710,80.0,-0.781872,7,550,-0.735155,7,610,[1 0],1,1,85.4583302851,67.269295
3325,62,1.815707,10,4710,80.0,-0.781872,7,550,-0.735155,7,610,[1 0],0,2,14.5416697149,66.154167
3334,65,1.316951,10,4710,80.0,-0.671708,7,560,-0.671288,7,620,[1 0],1,1,82.0174564585,66.214211
3334,65,1.316951,10,4710,80.0,-0.671708,7,560,-0.671288,7,620,[1 0],0,2,17.9825435415,65.24398
3339,72,1.057746,10,4730,80.0,-0.494142,7,540,-0.586133,7,590,[1 0],1,1,80.8756979914,64.591331
3339,72,1.057746,10,4730,80.0,-0.494142,7,540,-0.586133,7,590,[1 0],0,2,19.1243020086,63.337135
3344,46,1.14339,10,4690,80.0,-2.015948,7,520,-0.947714,7,640,[1 0],1,1,82.5734921101,66.82135
3344,46,1.14339,10,4690,80.0,-2.015948,7,520,-0.947714,7,640,[1 0],0,2,17.4265078899,65.583305
3348,47,1.453446,10,4690,80.0,-1.788803,7,540,-0.943767,7,630,[1 0],1,1,82.5877752047,66.768623
3348,47,1.453446,10,4690,80.0,-1.788803,7,540,-0.943767,7,630,[1 0],0,2,17.4122247953,65.572403
3351,48,1.137943,10,4690,80.0,-1.9023,7,520,-0.919542,7,640,[1 0],1,1,82.5867625765,66.76635
3351,48,1.137943,10,4690,80.0,-1.9023,7,520,-0.919542,7,640,[1 0],0,2,17.4132374235,65.557724
3362,52,2.167864,10,4690,80.0,-1.106694,7,530,-0.865058,7,630,[1 0],1,1,83.4858835459,68.017815
3362,52,2.167864,10,4690,80.0,-1.106694,7,530,-0.865058,7,630,[1 0],0,2,16.5141164541,66.647949
3369,56,2.024695,10,4700,80.0,-0.971905,7,540,-0.806183,7,630,[1 0],1,1,84.1780748948,67.706474
3369,56,2.024695,10,4700,80.0,-0.971905,7,540,-0.806183,7,630,[1 0],0,2,15.8219251052,66.386505
3376,46,1.457128,10,4690,80.0,-1.864488,7,530,-0.943609,7,640,[1 0],1,1,82.6227713586,66.661362
3376,46,1.457128,10,4690,80.0,-1.864488,7,530,-0.943609,7,640,[1 0],0,2,17.3772286414,65.404991
3380,47,1.454595,10,4690,80.0,-1.846141,7,530,-0.949924,7,630,[1 0],1,1,82.4185655248,66.681877
3380,47,1.454595,10,4690,80.0,-1.846141,7,530,-0.949924,7,630,[1 0],0,2,17.5814344752,65.438179
3398,68,1.071092,10,4720,80.0,-0.603642,7,540,-0.629646,7,610,[1 0],1,1,81.4501534607,65.069122
3398,68,1.071092,10,4720,80.0,-0.603642,7,540,-0.629646,7,610,[1 0],0,2,18.5498465393,63.850266
3403,52,2.168005,10,4690,80.0,-1.10705,7,530,-0.865395,7,630,[1 0],1,1,82.3113034304,67.800301
3403,52,2.168005,10,4690,80.0,-1.10705,7,530,-0.865395,7,630,[1 0],0,2,17.6886965696,66.544113
3408,57,1.99451,10,4700,80.0,-0.956695,7,540,-0.810702,7,620,[1 0],1,1,85.3753255664,67.579712
3408,57,1.99451,10,4700,80.0,-0.956695,7,540,-0.810702,7,620,[1 0],0,2,14.6246744336,66.298172
3420,71,1.061516,10,4730,80.0,-0.529363,7,540,-0.608289,7,590,[1 0],1,1,80.4852537155,64.636246
3420,71,1.061516,10,4730,80.0,-0.529363,7,540,-0.608289,7,590,[1 0],0,2,19.5147462845,63.267643
3422,51,1.439109,10,4690,80.0,-1.598807,7,540,-0.89149,7,630,[1 0],1,1,82.3489382143,66.273155
3422,51,1.439109,10,4690,80.0,-1.598807,7,540,-0.89149,7,630,[1 0],0,2,17.6510617857,65.00074
3426,49,1.443232,10,4700,80.0,-1.75241,7,530,-0.921604,7,630,[1 0],1,1,82.1189630635,66.59594
3426,49,1.443232,10,4700,80.0,-1.75241,7,530,-0.921604,7,630,[1 0],0,2,17.8810369365,65.381378
3433,77,1.054349,10,4680,80.0,-0.32866,7,600,-0.512882,7,570,[1 0],1,1,80.8005890622,64.142586
3433,77,1.054349,10,4680,80.0,-0.32866,7,600,-0.512882,7,570,[1 0],0,2,19.1994109378,62.935017
3440,66,1.076263,10,4720,80.0,-0.65541,7,540,-0.657371,7,610,[1 0],1,1,87.0616421992,65.73774
3440,66,1.076263,10,4720,80.0,-0.65541,7,540,-0.657371,7,610,[1 0],0,2,12.9383578008,65.330284
3445,47,1.13927,10,4690,80.0,-1.847579,7,540,-0.940661,7,630,[1 0],1,1,82.0970451757,66.532219
3445,47,1.13927,10,4690,80.0,-1.847579,7,540,-0.940661,7,630,[1 0],0,2,17.9029548243,65.255272
3450,48,1.450227,10,4700,80.0,-1.786676,7,530,-0.936204,7,630,[1 0],1,1,82.3281860738,66.486816
3450,48,1.450227,10,4700,80.0,-1.786676,7,530,-0.936204,7,630,[1 0],0,2,17.6718139262,65.205063
3455,53,1.908698,10,4700,80.0,-1.078617,7,540,-0.867057,7,620,[1 0],1,1,84.0879457158,68.123184
3455,53,1.908698,10,4700,80.0,-1.078617,7,540,-0.867057,7,620,[1 0],0,2,15.9120542842,66.949722
3465,48,1.135459,10,4700,80.0,-1.90247,7,520,-0.933674,7,630,[1 0],1,1,82.3303337707,66.462486
3465,48,1.135459,10,4700,80.0,-1.90247,7,520,-0.933674,7,630,[1 0],0,2,17.6696662293,65.187737
3470,49,1.440736,10,4700,80.0,-1.740532,7,530,-0.927152,7,620,[1 0],1,1,82.2169149198,66.259964
3470,49,1.440736,10,4700,80.0,-1.740532,7,530,-0.927152,7,620,[1 0],0,2,17.7830850802,65.000603
3473,48,1.138847,10,4690,80.0,-1.834481,7,540,-0.939074,7,630,[1 0],1,1,82.3233942503,66.303619
3473,48,1.138847,10,4690,80.0,-1.834481,7,540,-0.939074,7,630,[1 0],0,2,17.6766057497,64.999405
3477,49,1.134027,10,4690,80.0,-1.779296,7,540,-0.912066,7,630,[1 0],1,1,82.3322050193,66.286865
3477,49,1.134027,10,4690,80.0,-1.779296,7,540,-0.912066,7,630,[1 0],0,2,17.6677949807,65.022934
3486,49,1.442114,10,4700,80.0,-1.743369,7,530,-0.932069,7,620,[1 0],1,1,82.3511001012,66.38504
3486,49,1.442114,10,4700,80.0,-1.743369,7,530,-0.932069,7,620,[1 0],0,2,17.6488998988,65.112495
3496,55,2.05186,10,4700,80.0,-1.004525,7,540,-0.836463,7,620,[1 0],1,1,85.6900874947,67.818947
3496,55,2.05186,10,4700,80.0,-1.004525,7,540,-0.836463,7,620,[1 0],0,2,14.3099125053,66.815659
3500,48,1.445073,10,4700,80.0,-1.813926,7,520,-0.927799,7,630,[1 0],1,1,82.2120411004,66.195442
3500,48,1.445073,10,4700,80.0,-1.813926,7,520,-0.927799,7,630,[1 0],0,2,17.7879588996,64.895378
3511,70,1.064223,10,4730,80.0,-0.556799,7,540,-0.623198,7,590,[1 0],1,1,81.1670227755,64.908279
3511,70,1.064223,10,4730,80.0,-0.556799,7,540,-0.623198,7,590,[1 0],0,2,18.8329772245,63.654655
3512,61,1.846758,10,4720,80.0,-0.823904,7,550,-0.76003,7,610,[1 0],1,1,89.5098676789,66.31488
3512,61,1.846758,10,4720,80.0,-0.823904,7,550,-0.76003,7,610,[1 0],0,2,10.4901323211,65.763824
3525,54,2.039357,10,4700,80.0,-1.048527,7,540,-0.845232,7,630,[1 0],1,1,86.9511634569,67.466255
3525,54,2.039357,10,4700,80.0,-1.048527,7,540,-0.845232,7,630,[1 0],0,2,13.0488365431,66.49501
3533,68,1.073163,10,4720,80.0,-0.59813,7,560,-0.661462,7,590,[1 0],1,1,81.1592281534,64.79055
3533,68,1.073163,10,4720,80.0,-0.59813,7,560,-0.661462,7,590,[1 0],0,2,18.8407718466,63.491798
3537,49,1.13415,10,4690,80.0,-1.778865,7,540,-0.913424,7,630,[1 0],1,1,82.2033954883,66.070526
3537,49,1.13415,10,4690,80.0,-1.778865,7,540,-0.913424,7,630,[1 0],0,2,17.7966045117,64.731766
3540,70,1.063613,10,4730,80.0,-0.553858,7,540,-0.608764,7,600,[1 0],1,1,81.1622968065,64.919899
3540,70,1.063613,10,4730,80.0,-0.553858,7,540,-0.608764,7,600,[1 0],0,2,18.8377031935,63.634724
3551,73,1.058473,10,4710,80.0,-0.456511,7,570,-0.565679,7,590,[1 0],1,1,81.6849403311,64.79483
3551,73,1.058473,10,4710,80.0,-0.456511,7,570,-0.565679,7,590,[1 0],0,2,18.3150596689,63.650486
3555,67,1.075967,10,4720,80.0,-0.654237,7,540,-0.665944,7,600,[1 0],1,1,87.0874893888,65.082909
3555,67,1.075967,10,4720,80.0,-0.654237,7,540,-0.665944,7,600,[1 0],0,2,12.9125106112,66.200233
3561,66,1.309313,10,4720,80.0,-0.683797,7,540,-0.685959,7,600,[1 0],1,1,87.0972667583,65.195396
3561,66,1.309313,10,4720,80.0,-0.683797,7,540,-0.685959,7,600,[1 0],0,2,12.9027332417,65.297775
3563,67,1.076207,10,4720,80.0,-0.654499,7,540,-0.656805,7,610,[1 0],1,1,82.126651807,65.872131
3563,67,1.076207,10,4720,80.0,-0.654499,7,540,-0.656805,7,610,[1 0],0,2,17.873348193,64.945038
3572,70,1.062346,10,4740,80.0,-0.560437,7,540,-0.625392,7,590,[1 0],1,1,81.3353054985,65.053551
3572,70,1.062346,10,4740,80.0,-0.560437,7,540,-0.625392,7,590,[1 0],0,2,18.6646945015,63.889996
3576,55,1.802307,10,4710,80.0,-1.009812,7,540,-0.837639,7,620,[1 0],1,1,88.4577544373,66.817757
3576,55,1.802307,10,4710,80.0,-1.009812,7,540,-0.837639,7,620,[1 0],0,2,11.5422455627,65.954674
3581,69,1.068857,10,4720,80.0,-0.570394,7,550,-0.627684,7,600,[1 0],1,1,81.9725275454,65.764915
3581,69,1.068857,10,4720,80.0,-0.570394,7,550,-0.627684,7,600,[1 0],0,2,18.0274724546,64.883469
3597,68,1.069496,10,4730,80.0,-0.608921,7,540,-0.64287,7,600,[1 0],1,1,81.9965091832,65.868385
3597,68,1.069496,10,4730,80.0,-0.608921,7,540,-0.64287,7,600,[1 0],0,2,18.0034908168,64.957405
3610,50,1.129435,10,4700,80.0,-1.728294,7,530,-0.900042,7,630,[1 0],1,1,82.1140215306,65.858246
3610,50,1.129435,10,4700,80.0,-1.728294,7,530,-0.900042,7,630,[1 0],0,2,17.8859784694,64.492546
3614,53,2.158723,10,4700,80.0,-1.074911,7,540,-0.873675,7,620,[1 0],1,1,88.4225027786,66.894089
3614,53,2.158723,10,4700,80.0,-1.074911,7,540,-0.873675,7,620,[1 0],0,2,11.5774972214,66.143463
3616,57,2.00538,10,4710,80.0,-0.975698,7,530,-0.812953,7,620,[1 0],1,1,89.4310292185,66.796921
3616,57,2.00538,10,4710,80.0,-0.975698,7,530,-0.812953,7,620,[1 0],0,2,10.5689707815,66.288925
3625,51,1.977494,10,4690,80.0,-1.607494,7,540,-0.880926,7,640,[1 0],1,1,88.805556853,66.840622
3625,51,1.977494,10,4690,80.0,-1.607494,7,540,-0.880926,7,640,[1 0],0,2,11.194443147,65.952271
3628,50,1.444219,10,4690,80.0,-1.681787,7,540,-0.911042,7,630,[1 0],1,1,82.1302975503,65.701653
3628,50,1.444219,10,4690,80.0,-1.681787,7,540,-0.911042,7,630,[1 0],0,2,17.8697024497,64.309494
3636,48,1.448462,10,4690,80.0,-1.756231,7,530,-0.912599,7,640,[1 0],1,1,82.1635376385,65.569107
3636,48,1.448462,10,4690,80.0,-1.756231,7,530,-0.912599,7,640,[1 0],0,2,17.8364623615,64.052856
3642,50,1.131809,10,4690,80.0,-1.674725,7,540,-0.886575,7,640,[1 0],1,1,82.2949900549,65.785393
3642,50,1.131809,10,4690,80.0,-1.674725,7,540,-0.886575,7,640,[1 0],0,2,17.7050099451,64.373505
3649,70,1.063784,10,4730,80.0,-0.54339,7,550,-0.621168,7,590,[1 0],1,1,84.8896030471,64.328285
3649,70,1.063784,10,4730,80.0,-0.54339,7,550,-0.621168,7,590,[1 0],0,2,15.1103969529,63.185097
3652,70,1.06476,10,4720,80.0,-0.537838,7,540,-0.604374,7,600,[1 0],1,1,84.0301835703,64.534332
3652,70,1.06476,10,4720,80.0,-0.537838,7,540,-0.604374,7,600,[1 0],0,2,15.9698164297,63.383312
3660,54,2.043401,10,4700,80.0,-1.055711,7,540,-0.849732,7,630,[1 0],1,1,89.046028112,66.497055
3660,54,2.043401,10,4700,80.0,-1.055711,7,540,-0.849732,7,630,[1 0],0,2,10.953971888,65.962662
3670,55,2.053173,10,4710,80.0,-1.019014,7,540,-0.843096,7,620,[1 0],1,1,88.3402439997,66.072037
3670,55,2.053173,10,4710,80.0,-1.019014,7,540,-0.843096,7,620,[1 0],0,2,11.6597560003,65.669853
3678,57,1.983843,10,4720,80.0,-0.942189,7,540,-0.813889,7,610,[1 0],1,1,90.854592598,66.318825
3678,57,1.983843,10,4720,80.0,-0.942189,7,540,-0.813889,7,610,[1 0],0,2,9.145407402,66.026581
3681,67,1.074795,10,4720,80.0,-0.640041,7,540,-0.660923,7,600,[1 0],1,1,83.9824112271,64.797585
3681,67,1.074795,10,4720,80.0,-0.640041,7,540,-0.660923,7,600,[1 0],0,2,16.0175887729,63.622902
3686,52,1.95597,10,4700,80.0,-1.112019,7,530,-0.881873,7,620,[1 0],1,1,88.8558366108,66.487289
3686,52,1.95597,10,4700,80.0,-1.112019,7,530,-0.881873,7,620,[1 0],0,2,11.1441633892,65.828819
3691,70,1.064318,10,4730,80.0,-0.549052,7,550,-0.613796,7,600,[1 0],1,1,86.2071474881,64.143547
3691,70,1.064318,10,4730,80.0,-0.549052,7,550,-0.613796,7,600,[1 0],0,2,13.7928525119,63.178909
3698,37,2.658108,10,4670,80.0,-1.599667,7,520,-1.058847,7,650,[1 0],1,1,87.6277604638,66.787369
3698,37,2.658108,10,4670,80.0,-1.599667,7,520,-1.058847,7,650,[1 0],0,2,12.3722395362,65.548271
3702,68,1.068646,10,4730,80.0,-0.597423,7,540,-0.638286,7,600,[1 0],1,1,83.3183262712,65.196693
3702,68,1.068646,10,4730,80.0,-0.597423,7,540,-0.638286,7,600,[1 0],0,2,16.6816737288,64.186157
3713,70,1.063432,10,4730,80.0,-0.551181,7,540,-0.619035,7,590,[1 0],1,1,85.1639691664,64.576347
3713,70,1.063432,10,4730,80.0,-0.551181,7,540,-0.619035,7,590,[1 0],0,2,14.8360308336,63.58622
3718,59,1.93026,10,4710,80.0,-0.902965,7,540,-0.781224,7,620,[1 0],1,1,92.8062095868,66.011658
3718,59,1.93026,10,4710,80.0,-0.902965,7,540,-0.781224,7,620,[1 0],0,2,7.19379041315,65.898613
3721,70,1.064562,10,4730,80.0,-0.55999,7,540,-0.625306,7,590,[1 0],1,1,86.7335784557,63.899803
3721,70,1.064562,10,4730,80.0,-0.55999,7,540,-0.625306,7,590,[1 0],0,2,13.2664215443,63.228039
3725,69,1.068017,10,4730,80.0,-0.582003,7,550,-0.646118,7,590,[1 0],1,1,86.7511917373,64.088661
3725,69,1.068017,10,4730,80.0,-0.582003,7,550,-0.646118,7,590,[1 0],0,2,13.2488082627,63.215656
3732,58,1.95733,10,4710,80.0,-0.925948,7,540,-0.806626,7,610,[1 0],1,1,92.8092966947,65.89164
3732,58,1.95733,10,4710,80.0,-0.925948,7,540,-0.806626,7,610,[1 0],0,2,7.19070330533,65.786125
3738,53,1.950773,10,4700,80.0,-1.0879,7,540,-0.878934,7,620,[1 0],1,1,88.3179531599,65.969589
3738,53,1.950773,10,4700,80.0,-1.0879,7,540,-0.878934,7,620,[1 0],0,2,11.6820468401,65.669891
3744,71,1.058753,10,4740,80.0,-0.535286,7,530,-0.605297,7,590,[1 0],1,1,84.3085755766,65.149963
3744,71,1.058753,10,4740,80.0,-0.535286,7,530,-0.605297,7,590,[1 0],0,2,15.6914244234,64.336395
3746,69,1.067698,10,4730,80.0,-0.590937,7,540,-0.644111,7,590,[1 0],1,1,87.8842975207,63.997601
3746,69,1.067698,10,4730,80.0,-0.590937,7,540,-0.644111,7,590,[1 0],0,2,12.1157024793,63.321667
3753,61,1.829739,10,4710,80.0,-0.801846,7,550,-0.746676,7,610,[1 0],1,1,86.8061874431,64.53653
3753,61,1.829739,10,4710,80.0,-0.801846,7,550,-0.746676,7,610,[1 0],0,2,13.1938125569,65.555
3759,52,1.960039,10,4700,80.0,-1.11854,7,530,-0.887034,7,620,[1 0],1,1,88.341608077,65.783081
3759,52,1.960039,10,4700,80.0,-1.11854,7,530,-0.887034,7,620,[1 0],0,2,11.658391923,65.586632
3766,59,1.901936,10,4710,80.0,-0.864967,7,550,-0.783247,7,610,[1 0],1,1,87.9818684532,65.507912
3766,59,1.901936,10,4710,80.0,-0.864967,7,550,-0.783247,7,610,[1 0],0,2,12.0181315468,65.728065
3775,61,1.841157,10,4710,80.0,-0.807685,7,550,-0.749374,7,610,[1 0],1,1,92.8262185187,65.563614
3775,61,1.841157,10,4710,80.0,-0.807685,7,550,-0.749374,7,610,[1 0],0,2,7.17378148131,65.922539
3789,63,1.330844,10,4720,80.0,-0.742391,7,550,-0.727318,7,600,[1 0],1,1,87.0925010928,64.192131
3789,63,1.330844,10,4720,80.0,-0.742391,7,550,-0.727318,7,600,[1 0],0,2,12.9074989072,65.309891
3792,60,1.888021,10,4710,80.0,-0.837617,7,550,-0.765778,7,610,[1 0],1,1,92.0742918971,65.446533
3792,60,1.888021,10,4710,80.0,-0.837617,7,550,-0.765778,7,610,[1 0],0,2,7.92570810294,65.81237
3797,57,1.74451,10,4720,80.0,-0.982626,7,530,-0.827301,7,610,[1 0],1,1,88.0381316044,65.433357
3797,57,1.74451,10,4720,80.0,-0.982626,7,530,-0.827301,7,610,[1 0],0,2,11.9618683956,65.632706
3800,53,1.923079,10,4700,80.0,-1.065222,7,540,-0.870906,7,620,[1 0],1,1,88.3795997418,65.494026
3800,53,1.923079,10,4700,80.0,-1.065222,7,540,-0.870906,7,620,[1 0],0,2,11.6204002582,65.552498
3804,59,1.930782,10,4710,80.0,-0.904381,7,540,-0.782007,7,620,[1 0],1,1,88.2400589591,65.238457
3804,59,1.930782,10,4710,80.0,-0.904381,7,540,-0.782007,7,620,[1 0],0,2,11.7599410409,65.700867
3809,65,1.301554,10,4730,80.0,-0.679022,7,550,-0.690544,7,600,[1 0],1,1,86.9552560718,63.987286
3809,65,1.301554,10,4730,80.0,-0.679022,7,550,-0.690544,7,600,[1 0],0,2,13.0447439282,65.123505
3814,53,1.954543,10,4700,80.0,-1.091325,7,540,-0.88083,7,620,[1 0],1,1,87.5949164735,65.520226
3814,53,1.954543,10,4700,80.0,-1.091325,7,540,-0.88083,7,620,[1 0],0,2,12.4050835265,65.531021
3822,71,1.058326,10,4740,80.0,-0.530046,7,530,-0.60268,7,590,[1 0],1,1,88.9978486676,63.988876
3822,71,1.058326,10,4740,80.0,-0.530046,7,530,-0.60268,7,590,[1 0],0,2,11.0021513324,63.562107
3826,71,1.062361,10,4730,80.0,-0.536407,7,540,-0.602951,7,600,[1 0],1,1,93.4526999755,63.69083
3826,71,1.062361,10,4730,80.0,-0.536407,7,540,-0.602951,7,600,[1 0],0,2,6.54730002448,63.648048
3835,60,1.878361,10,4710,80.0,-0.854957,7,550,-0.778215,7,610,[1 0],1,1,87.8687413628,65.043434
3835,60,1.878361,10,4710,80.0,-0.854957,7,550,-0.778215,7,610,[1 0],0,2,12.1312586372,65.631088
3840,62,1.806629,10,4720,80.0,-0.794362,7,540,-0.747059,7,600,[1],1,1,100.0,65.629082
3846,63,1.802655,10,4720,80.0,-0.755364,7,550,-0.733052,7,600,[1],1,1,100.0,65.550087
3856,63,1.801353,10,4720,80.0,-0.768372,7,550,-0.738811,7,600,[1],1,1,100.0,65.564232
3860,63,1.803653,10,4720,80.0,-0.758961,7,550,-0.73529,7,600,[1 0],1,1,87.5486407117,64.726112
3860,63,1.803653,10,4720,80.0,-0.758961,7,550,-0.73529,7,600,[1 0],0,2,12.4513592883,65.56823
3865,62,1.837774,10,4710,80.0,-0.803298,7,550,-0.7489,7,610,[1 0],1,1,87.5165164966,64.86216
3865,62,1.837774,10,4710,80.0,-0.803298,7,550,-0.7489,7,610,[1 0],0,2,12.4834835034,65.594299
3868,64,1.322472,10,4730,80.0,-0.737464,7,540,-0.727037,7,590,[1 0],1,1,87.196934095,64.607193
3868,64,1.322472,10,4730,80.0,-0.737464,7,540,-0.727037,7,590,[1 0],0,2,12.803065905,63.909378
3880,62,1.606,10,4710,80.0,-0.791237,7,550,-0.742135,7,610,[1 0],1,1,87.7158952011,64.744217
3880,62,1.606,10,4710,80.0,-0.791237,7,550,-0.742135,7,610,[1 0],0,2,12.2841047989,65.555862
3883,54,2.038769,10,4700,80.0,-1.044578,7,540,-0.846032,7,630,[1 0],1,1,87.8801612957,64.858559
3883,54,2.038769,10,4700,80.0,-1.044578,7,540,-0.846032,7,630,[1 0],0,2,12.1198387043,65.330391
3887,62,1.801726,10,4710,80.0,-0.780508,7,550,-0.734056,7,610,[1 0],1,1,87.3481371266,64.670349
3887,62,1.801726,10,4710,80.0,-0.780508,7,550,-0.734056,7,610,[1 0],0,2,12.6518628734,65.53286
3895,61,1.841781,10,4710,80.0,-0.809666,7,550,-0.750486,7,610,[1 0],1,1,87.3607973422,64.612717
3895,61,1.841781,10,4710,80.0,-0.809666,7,550,-0.750486,7,610,[1 0],0,2,12.6392026578,65.446991
3900,61,1.850473,10,4720,80.0,-0.846639,7,540,-0.764839,7,610,[1 0],1,1,87.3972403103,64.621445
3900,61,1.850473,10,4720,80.0,-0.846639,7,540,-0.764839,7,610,[1 0],0,2,12.6027596897,65.463051
3903,62,1.606109,10,4710,80.0,-0.791629,7,550,-0.742352,7,610,[1 0],1,1,87.36289304,64.543915
3903,62,1.606109,10,4710,80.0,-0.791629,7,550,-0.742352,7,610,[1 0],0,2,12.63710696,65.419319
3907,61,1.850507,10,4720,80.0,-0.846752,7,540,-0.764902,7,610,[1 0],1,1,87.2097802883,64.537651
3907,61,1.850507,10,4720,80.0,-0.846752,7,540,-0.764902,7,610,[1 0],0,2,12.7902197117,65.399376
3911,62,1.806969,10,4720,80.0,-0.795571,7,540,-0.747722,7,600,[1],1,1,100.0,65.420189
3916,62,1.817626,10,4710,80.0,-0.777534,7,550,-0.746038,7,600,[1],1,1,100.0,65.422356
3920,63,1.800818,10,4720,80.0,-0.781373,7,540,-0.739213,7,600,[1],1,1,100.0,65.46788
3926,59,1.902926,10,4710,80.0,-0.8675,7,550,-0.784691,7,610,[1],1,1,100.0,65.370728
3929,63,1.800861,10,4720,80.0,-0.781527,7,540,-0.739299,7,600,[1],1,1,100.0,65.474876
3933,62,1.60625,10,4710,80.0,-0.792132,7,550,-0.742632,7,610,[1],1,1,100.0,65.437431
3938,61,1.840935,10,4710,80.0,-0.804817,7,550,-0.749837,7,610,[1 0],1,1,87.981178222,64.276489
3938,61,1.840935,10,4710,80.0,-0.804817,7,550,-0.749837,7,610,[1 0],0,2,12.018821778,65.338493
3948,55,1.833649,10,4700,80.0,-1.015326,7,540,-0.842062,7,620,[1 0],1,1,88.1532104048,64.40625
3948,55,1.833649,10,4700,80.0,-1.015326,7,540,-0.842062,7,620,[1 0],0,2,11.8467895952,65.344421
3954,55,2.047672,10,4710,80.0,-1.002447,7,540,-0.83469,7,620,[1 0],1,1,87.9690046227,64.39859
3954,55,2.047672,10,4710,80.0,-1.002447,7,540,-0.83469,7,620,[1 0],0,2,12.0309953773,65.33065
3958,58,1.958851,10,4710,80.0,-0.929625,7,540,-0.808602,7,610,[1 0],1,1,87.826300555,64.212898
3958,58,1.958851,10,4710,80.0,-0.929625,7,540,-0.808602,7,610,[1 0],0,2,12.173699445,65.243469
3963,61,1.842119,10,4710,80.0,-0.810737,7,550,-0.751087,7,610,[1],1,1,100.0,65.218811
3968,61,1.83765,10,4710,80.0,-0.803583,7,550,-0.748571,7,610,[1 0],1,1,87.6466092966,64.048561
3968,61,1.83765,10,4710,80.0,-0.803583,7,550,-0.748571,7,610,[1 0],0,2,12.3533907034,65.118195
3973,61,1.842122,10,4720,80.0,-0.826231,7,540,-0.752473,7,610,[1 0],1,1,86.6573089503,63.594284
3973,61,1.842122,10,4720,80.0,-0.826231,7,540,-0.752473,7,610,[1 0],0,2,13.3426910497,64.656349
3978,62,1.606456,10,4710,80.0,-0.792874,7,550,-0.743043,7,610,[1 0],1,1,87.6454087398,64.017601
3978,62,1.606456,10,4710,80.0,-0.792874,7,550,-0.743043,7,610,[1 0],0,2,12.3545912602,65.101959
3983,63,1.342017,10,4720,80.0,-0.766912,7,550,-0.727957,7,610,[1 0],1,1,87.4908762757,63.974522
3983,63,1.342017,10,4720,80.0,-0.766912,7,550,-0.727957,7,610,[1 0],0,2,12.5091237243,65.08004
3988,62,1.838392,10,4710,80.0,-0.805261,7,550,-0.749987,7,610,[1 0],1,1,87.6671076336,63.938305
3988,62,1.838392,10,4710,80.0,-0.805261,7,550,-0.749987,7,610,[1 0],0,2,12.3328923664,65.006897
3993,62,1.605936,10,4710,80.0,-0.786355,7,550,-0.738571,7,610,[1 0],1,1,87.6624585955,63.936142
3993,62,1.605936,10,4710,80.0,-0.786355,7,550,-0.738571,7,610,[1 0],0,2,12.3375414045,64.998993
3997,63,1.337272,10,4720,80.0,-0.75223,7,550,-0.73004,7,600,[1 0],1,1,87.5308118423,63.813995
3997,63,1.337272,10,4720,80.0,-0.75223,7,550,-0.73004,7,600,[1 0],0,2,12.4691881577,64.968666
3999,59,1.915165,10,4720,80.0,-0.906938,7,540,-0.79629,7,610,[1 0],1,1,87.3373549024,63.980865
3999,59,1.915165,10,4720,80.0,-0.906938,7,540,-0.79629,7,610,[1 0],0,2,12.6626450976,65.030457
