3002,46,-2.043916,13,930,80.0,-6.017461,3,710,-5.60994,3,980,[0],0,1,100.0,54.997719
3007,63,-0.417304,13,1040,80.0,-7.515923,11,4140,-6.43026,3,540,[0 -1 0],0,1,14.4229599903,71.239197
3007,63,-0.417304,13,1040,80.0,-7.515923,11,4140,-6.43026,3,540,[0 -1 0],-1,2,72.8627021768,67.119331
3007,63,-0.417304,13,1040,80.0,-7.515923,11,4140,-6.43026,3,540,[0 -1 0],0,3,12.7143378329,67.429733
3007,63,-2.69496,13,1070,80.0,-5.975148,3,560,-5.641905,3,850,[0],0,1,100.0,67.099266
3010,42,-1.904284,13,910,80.0,-5.999314,3,740,-5.596967,3,1000,[0],0,1,100.0,54.836464
3015,42,-1.947063,13,920,80.0,-6.012713,3,730,-5.597527,3,1000,[0],0,1,100.0,54.705322
3019,46,-2.037784,13,930,80.0,-6.018936,3,710,-5.611131,3,980,[0],0,1,100.0,55.00631
3022,42,-1.912953,13,910,80.0,-5.999679,3,740,-5.597069,3,1000,[0],0,1,100.0,54.710167
3027,73,-2.973547,13,1140,80.0,-5.919872,3,500,-5.62477,3,780,[0],0,1,100.0,55.939716
3033,41,-1.855499,13,900,80.0,-5.990233,3,750,-5.596287,3,1000,[0],0,1,100.0,54.577671
3037,69,-0.674122,13,1070,80.0,-7.503034,11,4140,-6.277964,3,510,[0 -1 0],0,1,15.7222595634,71.316635
3037,69,-0.674122,13,1070,80.0,-7.503034,11,4140,-6.277964,3,510,[0 -1 0],-1,2,75.5399047313,67.209694
3037,69,-0.674122,13,1070,80.0,-7.503034,11,4140,-6.277964,3,510,[0 -1 0],0,3,8.73783570531,67.342041
3037,69,-2.815352,13,1090,80.0,-5.932785,3,540,-5.620201,3,830,[0],0,1,100.0,67.307892
3044,62,-2.609967,13,1040,80.0,-5.934028,3,600,-5.634684,3,870,[0],0,1,100.0,68.715134
3047,59,-2.54084,13,1030,80.0,-5.964028,3,600,-5.64349,3,880,[0],0,1,100.0,68.700294
3054,49,-2.155297,13,950,80.0,-6.028236,3,690,-5.622244,3,960,[0],0,1,100.0,55.588997
3058,62,-2.636617,13,1050,80.0,-5.9426,3,590,-5.638399,3,860,[0],0,1,100.0,68.785179
3061,69,-2.844717,13,1100,80.0,-5.927046,3,540,-5.630727,3,810,[0],0,1,100.0,67.730743
3065,42,-1.94677,13,920,80.0,-6.013054,3,730,-5.59763,3,1000,[0],0,1,100.0,54.803776
3067,59,-2.531286,13,1030,80.0,-5.999137,3,620,-5.645359,3,880,[0],0,1,100.0,70.788063
3071,60,-2.560305,13,1030,80.0,-5.954422,3,600,-5.636088,3,880,[0],0,1,100.0,70.756462
3082,44,-1.968626,13,920,80.0,-6.020954,3,720,-5.597376,3,1000,[0],0,1,100.0,54.973564
3088,45,-2.031909,13,930,80.0,-6.043099,3,700,-5.60413,3,990,[0],0,1,100.0,54.384636
3093,49,-2.197438,13,960,80.0,-6.017962,3,690,-5.627213,3,950,[0],0,1,100.0,53.757668
3098,65,-0.584788,13,1070,80.0,-7.518265,11,4130,-6.443284,3,510,[0 -1 0],0,1,15.897375475,71.519653
3098,65,-0.584788,13,1070,80.0,-7.518265,11,4130,-6.443284,3,510,[0 -1 0],-1,2,74.414563021,67.163239
3098,65,-0.584788,13,1070,80.0,-7.518265,11,4130,-6.443284,3,510,[0 -1 0],0,3,9.68806150402,67.32959
3098,65,-2.74204,13,1080,80.0,-5.957802,3,560,-5.646437,3,830,[0],0,1,100.0,67.581474
3103,45,-2.033437,13,930,80.0,-6.041974,3,700,-5.604281,3,990,[0],0,1,100.0,55.117073
3109,44,-1.968477,13,920,80.0,-6.021163,3,720,-5.597435,3,1000,[0],0,1,100.0,54.79702
3114,44,-1.968449,13,920,80.0,-6.021202,3,720,-5.597447,3,1000,[0],0,1,100.0,54.947479
3118,43,-1.997762,13,930,80.0,-6.0247,3,720,-5.598676,3,1000,[0],0,1,100.0,55.117527
3124,64,-2.708104,13,1070,80.0,-5.952239,3,570,-5.643573,3,840,[0],0,1,100.0,67.286789
3129,69,-0.716533,13,1080,80.0,-7.509248,11,4130,-6.271503,3,510,[0 -1 0],0,1,15.7183312411,71.398705
3129,69,-0.716533,13,1080,80.0,-7.509248,11,4130,-6.271503,3,510,[0 -1 0],-1,2,75.5437479929,67.317993
3129,69,-0.716533,13,1080,80.0,-7.509248,11,4130,-6.271503,3,510,[0 -1 0],0,3,8.73792076606,67.468956
3129,69,-2.839713,13,1100,80.0,-5.948434,3,530,-5.628466,3,820,[0],0,1,100.0,67.517883
3134,44,-1.96834,13,920,80.0,-6.021357,3,720,-5.597491,3,1000,[0],0,1,100.0,55.037575
3139,74,-2.940775,13,1120,80.0,-5.898636,3,510,-5.618081,3,790,[0],0,1,100.0,56.31385
3144,43,-1.997617,13,930,80.0,-6.024863,3,720,-5.598732,3,1000,[0],0,1,100.0,54.920238
3150,58,-2.471611,13,1010,80.0,-6.010753,3,620,-5.634223,3,900,[0],0,1,100.0,56.6488
3155,64,-2.707723,13,1070,80.0,-5.967267,3,560,-5.643644,3,840,[0],0,1,100.0,67.586044
3158,44,-2.049802,13,940,80.0,-6.026507,3,710,-5.61071,3,980,[0],0,1,100.0,54.940495
3162,43,-1.952212,13,920,80.0,-6.010428,3,730,-5.597815,3,1000,[0],0,1,100.0,54.830196
3166,63,-2.644785,13,1050,80.0,-5.94205,3,590,-5.637901,3,860,[0],0,1,100.0,70.690758
3169,47,-2.128485,13,950,80.0,-6.020676,3,700,-5.622846,3,960,[0],0,1,100.0,55.04977
3175,44,-1.968121,13,920,80.0,-6.021663,3,720,-5.597578,3,1000,[0],0,1,100.0,54.79108
3180,44,-2.004493,13,930,80.0,-6.018422,3,720,-5.604678,3,990,[0],0,1,100.0,54.989311
3185,49,-2.159883,13,950,80.0,-6.019748,3,690,-5.62021,3,960,[0],0,1,100.0,55.448784
3191,64,-0.482345,13,1050,80.0,-7.514382,11,4140,-6.44709,3,520,[0 -1 0],0,1,18.0311686758,71.525261
3191,64,-0.482345,13,1050,80.0,-7.514382,11,4140,-6.44709,3,520,[0 -1 0],-1,2,75.7919296461,66.286514
3191,64,-0.482345,13,1050,80.0,-7.514382,11,4140,-6.44709,3,520,[0 -1 0],0,3,6.17690167808,66.38752
3191,64,-2.710811,13,1070,80.0,-5.967217,3,560,-5.6436,3,840,[0],0,1,100.0,67.856331
3197,44,-2.011269,13,930,80.0,-6.019822,3,720,-5.605082,3,990,[0],0,1,100.0,55.238201
3201,61,-2.620159,13,1050,80.0,-5.977369,3,580,-5.637801,3,870,[0],0,1,100.0,70.727989
3208,70,-2.850868,13,1100,80.0,-5.936359,3,530,-5.63022,3,810,[0],0,1,100.0,67.126434
3211,45,-2.056068,13,940,80.0,-6.027503,3,710,-5.61094,3,980,[0],0,1,100.0,55.220909
3215,44,-2.045072,13,940,80.0,-6.036138,3,710,-5.605517,3,990,[0],0,1,100.0,55.073544
3221,68,-0.695285,13,1080,80.0,-7.505787,11,4140,-6.337641,3,500,[0 -1 0],0,1,18.4933107437,71.435783
3221,68,-0.695285,13,1080,80.0,-7.505787,11,4140,-6.337641,3,500,[0 -1 0],-1,2,75.4133317754,67.032715
3221,68,-0.695285,13,1080,80.0,-7.505787,11,4140,-6.337641,3,500,[0 -1 0],0,3,6.09335748087,67.139595
3221,68,-2.789257,13,1080,80.0,-5.932601,3,550,-5.624247,3,830,[0],0,1,100.0,69.307785
3226,64,-2.707191,13,1070,80.0,-5.96852,3,560,-5.644068,3,840,[0],0,1,100.0,70.589104
3228,58,-2.504254,13,1020,80.0,-6.025078,3,610,-5.631881,3,900,[0],0,1,100.0,69.541252
3234,45,-2.050724,13,940,80.0,-6.029462,3,710,-5.611854,3,980,[0],0,1,100.0,55.194351
3241,61,-2.595337,13,1040,80.0,-5.962211,3,590,-5.632003,3,880,[0],0,1,100.0,68.415237
3248,49,-2.217179,13,970,80.0,-6.040898,3,680,-5.626892,3,950,[0],0,1,100.0,54.558861
3255,46,-2.076708,13,940,80.0,-6.037686,3,700,-5.616589,3,970,[0],0,1,100.0,55.265942
3258,60,-2.553841,13,1030,80.0,-5.975235,3,590,-5.639383,3,880,[0],0,1,100.0,70.405724
3268,68,-0.693256,13,1080,80.0,-7.506369,11,4140,-6.342055,3,500,[0 -1 0],0,1,15.7157449292,71.407745
3268,68,-0.693256,13,1080,80.0,-7.506369,11,4140,-6.342055,3,500,[0 -1 0],-1,2,76.4074128119,67.385696
3268,68,-0.693256,13,1080,80.0,-7.506369,11,4140,-6.342055,3,500,[0 -1 0],0,3,7.87684225886,67.527916
3268,68,-2.820326,13,1100,80.0,-5.950219,3,540,-5.632832,3,820,[0],0,1,100.0,67.03717
3274,68,-0.696866,13,1080,80.0,-7.505441,11,4140,-6.33567,3,500,[0 -1 0],0,1,15.7240413238,71.447639
3274,68,-0.696866,13,1080,80.0,-7.505441,11,4140,-6.33567,3,500,[0 -1 0],-1,2,75.5413529446,67.31649
3274,68,-0.696866,13,1080,80.0,-7.505441,11,4140,-6.33567,3,500,[0 -1 0],0,3,8.73460573163,67.477463
3274,68,-2.789553,13,1080,80.0,-5.928432,3,550,-5.624304,3,830,[0],0,1,100.0,66.621017
3278,49,-2.153813,13,950,80.0,-6.030231,3,690,-5.622786,3,960,[0],0,1,100.0,55.633453
3285,58,-2.499608,13,1020,80.0,-6.01025,3,620,-5.640981,3,890,[0],0,1,100.0,54.390976
3291,55,-2.375593,13,990,80.0,-6.021509,3,640,-5.631314,3,920,[0],0,1,100.0,56.520313
3298,45,-2.032478,13,930,80.0,-6.043164,3,700,-5.604696,3,990,[0],0,1,100.0,55.357285
3304,55,-2.365615,13,990,80.0,-6.032315,3,640,-5.634163,3,920,[0],0,1,100.0,54.112183
3308,49,-2.21319,13,970,80.0,-6.042844,3,680,-5.626915,3,950,[0],0,1,100.0,55.244194
3313,68,-0.634158,13,1070,80.0,-7.501873,11,4150,-6.350477,3,510,[0],0,1,100.0,68.159973
3313,68,-2.754542,13,1070,80.0,-5.929023,3,560,-5.623323,3,840,[0],0,1,100.0,69.962059
3318,69,-0.664981,13,1070,80.0,-7.504019,11,4140,-6.297513,3,510,[0 -1 0],0,1,14.1288216088,71.488274
3318,69,-0.664981,13,1070,80.0,-7.504019,11,4140,-6.297513,3,510,[0 -1 0],-1,2,78.7474027901,67.405785
3318,69,-0.664981,13,1070,80.0,-7.504019,11,4140,-6.297513,3,510,[0 -1 0],0,3,7.12377560107,67.528511
3318,69,-2.791856,13,1080,80.0,-5.922853,3,550,-5.624502,3,830,[0],0,1,100.0,67.05777
3332,46,-2.010541,13,920,80.0,-6.021915,3,710,-5.605205,3,990,[0],0,1,100.0,55.367542
3337,47,-2.087404,13,940,80.0,-6.030993,3,700,-5.617739,3,970,[0],0,1,100.0,55.326077
3340,58,-2.501219,13,1020,80.0,-5.996052,3,630,-5.6404,3,890,[0],0,1,100.0,69.108696
3346,62,-2.597294,13,1040,80.0,-5.941954,3,600,-5.638273,3,870,[0],0,1,100.0,70.432434
3350,73,-2.944181,13,1130,80.0,-5.939273,3,500,-5.62561,3,790,[0],0,1,100.0,64.434631
3356,61,-2.570143,13,1030,80.0,-5.949334,3,600,-5.635243,3,880,[0],0,1,100.0,70.310394
3362,64,-0.459065,13,1050,80.0,-7.522669,11,4130,-6.461581,3,530,[0 -1 0],0,1,17.1584666647,71.589394
3362,64,-0.459065,13,1050,80.0,-7.522669,11,4130,-6.461581,3,530,[0 -1 0],-1,2,72.9865217783,67.072327
3362,64,-0.459065,13,1050,80.0,-7.522669,11,4130,-6.461581,3,530,[0 -1 0],0,3,9.85501155705,67.37738
3362,64,-2.675655,13,1060,80.0,-5.950296,3,580,-5.641883,3,850,[0],0,1,100.0,68.87645
3366,70,-0.773412,13,1090,80.0,-7.501347,11,4140,-6.266619,3,500,[0 -1 0],0,1,13.8061862836,71.621193
3366,70,-0.773412,13,1090,80.0,-7.501347,11,4140,-6.266619,3,500,[0 -1 0],-1,2,79.3037534754,66.889435
3366,70,-0.773412,13,1090,80.0,-7.501347,11,4140,-6.266619,3,500,[0 -1 0],0,3,6.89006024096,67.03804
3366,70,-2.850688,13,1100,80.0,-5.940601,3,530,-5.62955,3,810,[0],0,1,100.0,70.558792
3373,62,-0.388404,13,1040,80.0,-7.525188,11,4130,-6.507564,3,530,[0 -1 0],0,1,18.2572362844,71.576225
3373,62,-0.388404,13,1040,80.0,-7.525188,11,4130,-6.507564,3,530,[0 -1 0],-1,2,70.8731984982,67.233749
3373,62,-0.388404,13,1040,80.0,-7.525188,11,4130,-6.507564,3,530,[0 -1 0],0,3,10.8695652174,67.482689
3373,62,-2.635048,13,1050,80.0,-5.947108,3,590,-5.640916,3,860,[0],0,1,100.0,69.63369
3378,64,-0.457957,13,1050,80.0,-7.523246,11,4130,-6.459981,3,530,[0 -1 0],0,1,18.0755045129,71.557884
3378,64,-0.457957,13,1050,80.0,-7.523246,11,4130,-6.459981,3,530,[0 -1 0],-1,2,71.1505592372,67.306267
3378,64,-0.457957,13,1050,80.0,-7.523246,11,4130,-6.459981,3,530,[0 -1 0],0,3,10.77393625,67.542709
3378,64,-2.676982,13,1060,80.0,-5.952395,3,580,-5.641206,3,850,[0],0,1,100.0,69.433907
3381,46,-2.080233,13,940,80.0,-6.030584,3,700,-5.617715,3,970,[0],0,1,100.0,55.581059
3390,47,-2.096185,13,940,80.0,-6.02162,3,700,-5.617137,3,970,[0],0,1,100.0,55.672062
3394,62,-2.631223,13,1050,80.0,-5.971617,3,580,-5.64281,3,860,[0],0,1,100.0,70.346535
3401,46,-2.048696,13,930,80.0,-6.030944,3,700,-5.611059,3,980,[0],0,1,100.0,55.334686
3413,63,-2.64039,13,1050,80.0,-5.945954,3,590,-5.640188,3,860,[0],0,1,100.0,69.395401
3418,47,-2.096043,13,940,80.0,-6.021836,3,700,-5.617192,3,970,[0],0,1,100.0,55.704109
3423,51,-2.274876,13,980,80.0,-6.032403,3,670,-5.636546,3,930,[0],0,1,100.0,56.21529
3429,48,-2.135284,13,950,80.0,-6.021001,3,700,-5.623401,3,960,[0],0,1,100.0,55.802006
3433,68,-0.643718,13,1070,80.0,-7.500411,11,4150,-6.335359,3,510,[0],0,1,100.0,67.540619
3433,68,-2.757118,13,1070,80.0,-5.919219,3,560,-5.622327,3,840,[0],0,1,100.0,69.842888
3439,48,-2.136997,13,950,80.0,-6.022357,3,700,-5.623511,3,960,[0],0,1,100.0,55.739143
3442,70,-0.747066,13,1080,80.0,-7.493351,11,4150,-6.245461,3,500,[0],0,1,100.0,67.60878
3442,70,-2.856463,13,1100,80.0,-5.90624,3,540,-5.633492,3,800,[0],0,1,100.0,66.808044
3447,65,-0.543563,13,1060,80.0,-7.518783,11,4130,-6.4425,3,510,[0],0,1,100.0,67.425034
3447,65,-2.745859,13,1080,80.0,-5.975345,3,550,-5.645687,3,830,[0],0,1,100.0,67.65242
3453,47,-2.099421,13,940,80.0,-6.024436,3,700,-5.617118,3,970,[0],0,1,100.0,55.696041
3457,47,-2.099402,13,940,80.0,-6.024466,3,700,-5.617123,3,970,[0],0,1,100.0,55.690701
3466,64,-2.681495,13,1060,80.0,-5.941303,3,580,-5.647069,3,840,[0],0,1,100.0,69.49765
3510,65,-0.519913,13,1060,80.0,-7.515374,11,4140,-6.455463,3,520,[0],0,1,100.0,67.346436
3510,65,-2.711288,13,1070,80.0,-5.958241,3,570,-5.64453,3,840,[0],0,1,100.0,69.488678
3516,52,-2.262532,13,970,80.0,-6.023505,3,670,-5.636255,3,930,[0],0,1,100.0,56.132481
3525,49,-2.195021,13,960,80.0,-6.021703,3,690,-5.627949,3,950,[0],0,1,100.0,55.949116
3530,66,-0.56446,13,1060,80.0,-7.504572,11,4150,-6.404205,3,510,[0],0,1,100.0,67.547615
3530,66,-2.73714,13,1070,80.0,-5.965705,3,550,-5.61839,3,860,[0],0,1,100.0,69.672684
3535,53,-2.342034,13,990,80.0,-6.041256,3,650,-5.638557,3,920,[0],0,1,100.0,56.360306
3539,67,-0.622265,13,1070,80.0,-7.515388,11,4130,-6.372826,3,510,[0],0,1,100.0,67.612732
3539,67,-2.769818,13,1080,80.0,-5.952924,3,550,-5.628156,3,840,[0],0,1,100.0,69.605186
3543,67,-0.627264,13,1070,80.0,-7.508676,11,4140,-6.363727,3,510,[0],0,1,100.0,67.590919
3543,67,-2.749999,13,1070,80.0,-5.952949,3,550,-5.626938,3,840,[0],0,1,100.0,69.697609
3546,71,-2.856068,13,1100,80.0,-5.930653,3,530,-5.626972,3,810,[0],0,1,100.0,70.501541
3549,67,-2.724144,13,1060,80.0,-5.938632,3,560,-5.621445,3,850,[0],0,1,100.0,69.636375
3554,69,-0.712187,13,1080,80.0,-7.503662,11,4140,-6.282804,3,510,[0],0,1,100.0,67.619553
3554,69,-2.819168,13,1090,80.0,-5.93958,3,540,-5.62898,3,820,[0],0,1,100.0,69.713387
3560,65,-2.714562,13,1070,80.0,-5.949115,3,570,-5.641418,3,840,[0],0,1,100.0,67.679131
3567,71,-2.882106,13,1110,80.0,-5.944777,3,520,-5.631446,3,800,[0],0,1,100.0,70.058662
3570,61,-0.302727,13,1030,80.0,-7.529223,11,4130,-6.575724,3,530,[0 -1 0],0,1,17.3268979753,71.478424
3570,61,-0.302727,13,1030,80.0,-7.529223,11,4130,-6.575724,3,530,[0 -1 0],-1,2,71.8149531008,66.971817
3570,61,-0.302727,13,1030,80.0,-7.529223,11,4130,-6.575724,3,530,[0 -1 0],0,3,10.8581489239,67.231651
3570,61,-2.565958,13,1030,80.0,-5.982668,3,580,-5.628457,3,890,[0],0,1,100.0,68.173401
3574,68,-0.603704,13,1060,80.0,-7.506511,11,4140,-6.334057,3,510,[0 -1 0],0,1,17.9727072284,71.609085
3574,68,-0.603704,13,1060,80.0,-7.506511,11,4140,-6.334057,3,510,[0 -1 0],-1,2,75.8327870806,66.779343
3574,68,-0.603704,13,1060,80.0,-7.506511,11,4140,-6.334057,3,510,[0 -1 0],0,3,6.19450569096,66.883812
3574,68,-2.757839,13,1070,80.0,-5.923428,3,560,-5.622187,3,840,[0],0,1,100.0,69.563683
3579,70,-0.768666,13,1090,80.0,-7.501878,11,4140,-6.276214,3,500,[0 -1 0],0,1,18.6878497086,72.697273
3579,70,-0.768666,13,1090,80.0,-7.501878,11,4140,-6.276214,3,500,[0 -1 0],-1,2,76.093700171,67.459702
3579,70,-0.768666,13,1090,80.0,-7.501878,11,4140,-6.276214,3,500,[0 -1 0],0,3,5.21845012031,67.560974
3579,70,-2.849339,13,1100,80.0,-5.942018,3,530,-5.631883,3,810,[0],0,1,100.0,70.036942
3584,54,-2.356719,13,990,80.0,-6.03685,3,640,-5.628822,3,930,[0],0,1,100.0,55.138878
3590,69,-0.663489,13,1070,80.0,-7.504872,11,4140,-6.295743,3,510,[0],0,1,100.0,67.526215
3590,69,-2.792925,13,1080,80.0,-5.923071,3,550,-5.634205,3,820,[0],0,1,100.0,69.565987
3596,61,-2.592112,13,1040,80.0,-5.968009,3,590,-5.633444,3,880,[0],0,1,100.0,68.461624
3598,70,-0.724614,13,1080,80.0,-7.508068,11,4130,-6.286387,3,500,[0],0,1,100.0,67.854767
3598,70,-2.823091,13,1090,80.0,-5.927177,3,540,-5.626775,3,820,[0],0,1,100.0,66.60434
3600,68,-0.58719,13,1060,80.0,-7.508922,11,4140,-6.333873,3,520,[0],0,1,100.0,67.558487
3600,68,-2.751848,13,1070,80.0,-5.934579,3,560,-5.625388,3,840,[0],0,1,100.0,69.552589
3603,68,-0.640517,13,1070,80.0,-7.500718,11,4150,-6.342204,3,510,[0],0,1,100.0,68.074135
3603,68,-2.75685,13,1070,80.0,-5.925049,3,560,-5.623389,3,840,[0],0,1,100.0,67.686348
3609,50,-2.223859,13,970,80.0,-6.035452,3,680,-5.625808,3,950,[0],0,1,100.0,56.099308
3612,69,-0.746251,13,1090,80.0,-7.516163,11,4120,-6.320274,3,500,[0 -1 0],0,1,19.2171331392,71.655296
3612,69,-0.746251,13,1090,80.0,-7.516163,11,4120,-6.320274,3,500,[0 -1 0],-1,2,73.0003170668,67.448982
3612,69,-0.746251,13,1090,80.0,-7.516163,11,4120,-6.320274,3,500,[0 -1 0],0,3,7.78254979391,67.591782
3612,69,-2.832072,13,1100,80.0,-5.93871,3,540,-5.631938,3,820,[0],0,1,100.0,68.945175
3618,50,-2.200775,13,960,80.0,-6.012977,3,690,-5.626558,3,950,[0],0,1,100.0,56.034409
3621,69,-0.699978,13,1080,80.0,-7.50475,11,4140,-6.332989,3,500,[0 -1 0],0,1,18.6473543497,71.562691
3621,69,-0.699978,13,1080,80.0,-7.50475,11,4140,-6.332989,3,500,[0 -1 0],-1,2,73.4289155919,67.372971
3621,69,-0.699978,13,1080,80.0,-7.50475,11,4140,-6.332989,3,500,[0 -1 0],0,3,7.92373005847,67.505005
3621,69,-2.786955,13,1080,80.0,-5.926432,3,550,-5.62521,3,830,[0],0,1,100.0,68.857986
3623,69,-0.746234,13,1090,80.0,-7.504677,11,4140,-6.318049,3,500,[0 -1 0],0,1,18.4821272377,71.480782
3623,69,-0.746234,13,1090,80.0,-7.504677,11,4140,-6.318049,3,500,[0 -1 0],-1,2,73.6719342236,67.266609
3623,69,-0.746234,13,1090,80.0,-7.504677,11,4140,-6.318049,3,500,[0 -1 0],0,3,7.84593853869,67.409042
3623,69,-2.816055,13,1090,80.0,-5.944986,3,540,-5.631511,3,820,[0],0,1,100.0,68.735443
3626,69,-0.747681,13,1090,80.0,-7.510223,11,4130,-6.316567,3,500,[0 -1 0],0,1,19.2156862745,71.605965
3626,69,-0.747681,13,1090,80.0,-7.510223,11,4130,-6.316567,3,500,[0 -1 0],-1,2,72.9988465975,67.413948
3626,69,-0.747681,13,1090,80.0,-7.510223,11,4130,-6.316567,3,500,[0 -1 0],0,3,7.78546712803,67.553932
3626,69,-2.816667,13,1090,80.0,-5.941533,3,540,-5.630291,3,820,[0],0,1,100.0,68.609856
3633,67,-0.625939,13,1070,80.0,-7.508853,11,4140,-6.366391,3,510,[0],0,1,100.0,67.636169
3633,67,-2.749354,13,1070,80.0,-5.95436,3,550,-5.627406,3,840,[0],0,1,100.0,66.871056
3635,68,-0.670887,13,1080,80.0,-7.50841,11,4140,-6.385974,3,500,[0 -1 0],0,1,18.4928313323,71.57132
3635,68,-0.670887,13,1080,80.0,-7.50841,11,4140,-6.385974,3,500,[0 -1 0],-1,2,72.7882037534,67.299644
3635,68,-0.670887,13,1080,80.0,-7.50841,11,4140,-6.385974,3,500,[0 -1 0],0,3,8.71896491433,67.463913
3635,68,-2.754144,13,1070,80.0,-5.934793,3,560,-5.624544,3,840,[0],0,1,100.0,68.711624
3642,70,-2.85193,13,1100,80.0,-5.932042,3,530,-5.630196,3,810,[0],0,1,100.0,70.103157
3645,70,-2.850227,13,1100,80.0,-5.943925,3,530,-5.629301,3,810,[0],0,1,100.0,69.82019
3647,69,-0.705735,13,1080,80.0,-7.504324,11,4140,-6.320457,3,500,[0 -1 0],0,1,18.4760129329,71.525032
3647,69,-0.705735,13,1080,80.0,-7.504324,11,4140,-6.320457,3,500,[0 -1 0],-1,2,72.8000932102,67.354546
3647,69,-0.705735,13,1080,80.0,-7.504324,11,4140,-6.320457,3,500,[0 -1 0],0,3,8.72389385686,67.493896
3647,69,-2.791992,13,1080,80.0,-5.921263,3,550,-5.624272,3,830,[0],0,1,100.0,68.710007
3653,53,-2.340686,13,990,80.0,-6.043587,3,650,-5.632597,3,930,[0],0,1,100.0,56.483162
3658,57,-2.426456,13,1000,80.0,-6.044658,3,620,-5.628682,3,920,[0],0,1,100.0,56.644691
3661,69,-0.699275,13,1080,80.0,-7.511123,11,4130,-6.334281,3,500,[0 -1 0],0,1,18.4713005006,71.593033
3661,69,-0.699275,13,1080,80.0,-7.511123,11,4130,-6.334281,3,500,[0 -1 0],-1,2,73.6727209221,67.384926
3661,69,-0.699275,13,1080,80.0,-7.511123,11,4130,-6.334281,3,500,[0 -1 0],0,3,7.85597857725,67.529793
3661,69,-2.788853,13,1080,80.0,-5.931155,3,550,-5.626291,3,830,[0],0,1,100.0,68.816162
3668,68,-0.692105,13,1080,80.0,-7.506499,11,4140,-6.342841,3,500,[0 -1 0],0,1,18.6442669173,71.579002
3668,68,-0.692105,13,1080,80.0,-7.506499,11,4140,-6.342841,3,500,[0 -1 0],-1,2,73.4257518797,67.397202
3668,68,-0.692105,13,1080,80.0,-7.506499,11,4140,-6.342841,3,500,[0 -1 0],0,3,7.92998120301,67.532547
3668,68,-2.786317,13,1080,80.0,-5.9387,3,550,-5.625895,3,830,[0],0,1,100.0,68.69738
3675,69,-0.745358,13,1090,80.0,-7.516289,11,4120,-6.322215,3,500,[0 -1 0],0,1,19.219011363,71.590164
3675,69,-0.745358,13,1090,80.0,-7.516289,11,4120,-6.322215,3,500,[0 -1 0],-1,2,72.9941743093,67.402649
3675,69,-0.745358,13,1090,80.0,-7.516289,11,4120,-6.322215,3,500,[0 -1 0],0,3,7.78681432774,67.54837
3675,69,-2.831689,13,1100,80.0,-5.939685,3,540,-5.632302,3,820,[0],0,1,100.0,68.809624
3679,68,-0.688025,13,1080,80.0,-7.506518,11,4140,-6.353919,3,500,[0 -1 0],0,1,18.4840890547,71.526649
3679,68,-0.688025,13,1080,80.0,-7.506518,11,4140,-6.353919,3,500,[0 -1 0],-1,2,72.7940319385,67.31237
3679,68,-0.688025,13,1080,80.0,-7.506518,11,4140,-6.353919,3,500,[0 -1 0],0,3,8.72187900688,67.462036
3679,68,-2.785391,13,1080,80.0,-5.941041,3,550,-5.629226,3,830,[0],0,1,100.0,68.601959
3681,69,-0.705626,13,1080,80.0,-7.504504,11,4140,-6.29513,3,510,[0],0,1,100.0,67.662758
3681,69,-2.815766,13,1090,80.0,-5.943635,3,540,-5.63192,3,820,[0],0,1,100.0,69.355499
3684,51,-2.243383,13,970,80.0,-6.034689,3,670,-5.631589,3,940,[0],0,1,100.0,56.221867
3691,69,-0.698905,13,1080,80.0,-7.5049,11,4140,-6.335145,3,500,[0 -1 0],0,1,18.4730425674,71.61895
3691,69,-0.698905,13,1080,80.0,-7.5049,11,4140,-6.335145,3,500,[0 -1 0],-1,2,72.7981611336,67.433525
3691,69,-0.698905,13,1080,80.0,-7.5049,11,4140,-6.335145,3,500,[0 -1 0],0,3,8.72879629899,67.584892
3691,69,-2.786484,13,1080,80.0,-5.927567,3,550,-5.625592,3,830,[0],0,1,100.0,68.746948
3696,69,-0.720033,13,1080,80.0,-7.502518,11,4140,-6.2958,3,500,[0 -1 0],0,1,18.4791472507,71.51725
3696,69,-0.720033,13,1080,80.0,-7.502518,11,4140,-6.2958,3,500,[0 -1 0],-1,2,71.9099487418,67.418671
3696,69,-0.720033,13,1080,80.0,-7.502518,11,4140,-6.2958,3,500,[0 -1 0],0,3,9.61090400746,67.585327
3696,69,-2.842681,13,1100,80.0,-5.929429,3,540,-5.634852,3,810,[0],0,1,100.0,68.739449
3699,69,-0.663382,13,1070,80.0,-7.504695,11,4140,-6.299987,3,510,[0],0,1,100.0,67.603394
3699,69,-2.791333,13,1080,80.0,-5.929447,3,550,-5.624749,3,830,[0],0,1,100.0,69.232559
3703,69,-0.704915,13,1080,80.0,-7.504617,11,4140,-6.297168,3,510,[0],0,1,100.0,67.598526
3703,69,-2.793745,13,1080,80.0,-5.926257,3,550,-5.632119,3,820,[0],0,1,100.0,69.35788
3706,69,-0.716978,13,1080,80.0,-7.502904,11,4140,-6.30208,3,500,[0 -1 0],0,1,18.6366038401,71.581413
3706,69,-0.716978,13,1080,80.0,-7.502904,11,4140,-6.30208,3,500,[0 -1 0],-1,2,73.4366742998,67.443634
3706,69,-0.716978,13,1080,80.0,-7.502904,11,4140,-6.30208,3,500,[0 -1 0],0,3,7.92672186014,67.570145
3706,69,-2.820782,13,1090,80.0,-5.932421,3,540,-5.628367,3,820,[0],0,1,100.0,68.778831
3708,70,-0.729116,13,1080,80.0,-7.496001,11,4150,-6.277631,3,500,[0 -1 0],0,1,18.4643137711,71.567856
3708,70,-0.729116,13,1080,80.0,-7.496001,11,4150,-6.277631,3,500,[0 -1 0],-1,2,73.6797695598,67.470512
3708,70,-0.729116,13,1080,80.0,-7.496001,11,4150,-6.277631,3,500,[0 -1 0],0,3,7.85591666909,67.608009
3708,70,-2.84824,13,1100,80.0,-5.946349,3,530,-5.631524,3,810,[0],0,1,100.0,68.784126
3712,69,-0.661108,13,1070,80.0,-7.504985,11,4140,-6.304104,3,510,[0],0,1,100.0,67.678558
3712,69,-2.789481,13,1080,80.0,-5.929985,3,550,-5.624831,3,830,[0],0,1,100.0,69.33242
3717,69,-0.709899,13,1080,80.0,-7.503969,11,4140,-6.287634,3,510,[0],0,1,100.0,67.644928
3717,69,-2.818055,13,1090,80.0,-5.942094,3,540,-5.629849,3,820,[0],0,1,100.0,69.306999
3724,69,-0.708629,13,1080,80.0,-7.504515,11,4140,-6.31418,3,500,[0 -1 0],0,1,19.5608782435,71.580223
3724,69,-0.708629,13,1080,80.0,-7.504515,11,4140,-6.31418,3,500,[0 -1 0],-1,2,73.3943876952,67.448128
3724,69,-0.708629,13,1080,80.0,-7.504515,11,4140,-6.31418,3,500,[0 -1 0],0,3,7.04473406129,67.561264
3724,69,-2.817281,13,1090,80.0,-5.942766,3,540,-5.628935,3,820,[0],0,1,100.0,68.673004
3729,69,-0.660275,13,1070,80.0,-7.505006,11,4140,-6.30695,3,510,[0],0,1,100.0,67.627022
3729,69,-2.788054,13,1080,80.0,-5.929448,3,550,-5.625946,3,830,[0],0,1,100.0,69.241295
3738,70,-2.822715,13,1090,80.0,-5.931577,3,540,-5.625965,3,820,[0],0,1,100.0,70.092056
3742,70,-0.72609,13,1080,80.0,-7.496069,11,4150,-6.284623,3,500,[0 -1 0],0,1,18.631625312,71.544067
3742,70,-0.72609,13,1080,80.0,-7.496069,11,4150,-6.284623,3,500,[0 -1 0],-1,2,74.3209514021,67.469551
3742,70,-0.72609,13,1080,80.0,-7.496069,11,4150,-6.284623,3,500,[0 -1 0],0,3,7.04742328586,67.593422
3742,70,-2.847322,13,1100,80.0,-5.945319,3,530,-5.624609,3,820,[0],0,1,100.0,68.748528
3746,67,-0.66665,13,1080,80.0,-7.515016,11,4130,-6.393392,3,500,[0],0,1,100.0,67.877953
3746,67,-2.751209,13,1070,80.0,-5.937476,3,560,-5.625571,3,840,[0],0,1,100.0,66.745667
3752,66,-0.603025,13,1070,80.0,-7.511311,11,4140,-6.409044,3,510,[0],0,1,100.0,68.008362
3752,66,-2.716138,13,1060,80.0,-5.950811,3,560,-5.626623,3,850,[0],0,1,100.0,67.360817
3758,59,-2.515326,13,1020,80.0,-5.97257,3,600,-5.631051,3,900,[0],0,1,100.0,68.554749
3760,72,-2.914656,13,1120,80.0,-5.946384,3,510,-5.622825,3,800,[0],0,1,100.0,69.966278
3762,69,-0.745806,13,1090,80.0,-7.510477,11,4130,-6.320643,3,500,[0 -1 0],0,1,19.2156862745,71.610344
3762,69,-0.745806,13,1090,80.0,-7.510477,11,4130,-6.320643,3,500,[0 -1 0],-1,2,72.9988465975,67.459908
3762,69,-0.745806,13,1090,80.0,-7.510477,11,4130,-6.320643,3,500,[0 -1 0],0,3,7.78546712803,67.612366
3762,69,-2.815764,13,1090,80.0,-5.943569,3,540,-5.630999,3,820,[0],0,1,100.0,68.638481
3764,71,-0.801389,13,1090,80.0,-7.491874,11,4150,-6.217218,3,500,[0 -1 0],0,1,18.5212909913,72.56617
3764,71,-0.801389,13,1090,80.0,-7.491874,11,4150,-6.217218,3,500,[0 -1 0],-1,2,73.7051219302,67.465202
3764,71,-0.801389,13,1090,80.0,-7.491874,11,4150,-6.217218,3,500,[0 -1 0],0,3,7.77358707857,67.617714
3764,71,-2.884981,13,1110,80.0,-5.936009,3,520,-5.622576,3,810,[0],0,1,100.0,70.206955
3769,62,-2.594827,13,1040,80.0,-5.945723,3,600,-5.641697,3,870,[0],0,1,100.0,68.331657
3772,70,-0.728195,13,1080,80.0,-7.496133,11,4150,-6.279472,3,500,[0 -1 0],0,1,18.4597928546,71.560005
3772,70,-0.728195,13,1080,80.0,-7.496133,11,4150,-6.279472,3,500,[0 -1 0],-1,2,73.6849761434,67.490807
3772,70,-0.728195,13,1080,80.0,-7.496133,11,4150,-6.279472,3,500,[0 -1 0],0,3,7.85523100198,67.632858
3772,70,-2.847829,13,1100,80.0,-5.947311,3,530,-5.62417,3,820,[0],0,1,100.0,68.686096
3775,55,-2.373394,13,990,80.0,-6.025985,3,640,-5.633549,3,920,[0],0,1,100.0,56.736511
3777,52,-2.325149,13,990,80.0,-6.039237,3,660,-5.643354,3,920,[0],0,1,100.0,56.430965
3782,62,-2.600793,13,1040,80.0,-5.943699,3,600,-5.639372,3,870,[0],0,1,100.0,68.422142
3787,70,-0.719558,13,1080,80.0,-7.496845,11,4150,-6.296626,3,500,[0 -1 0],0,1,18.4733579722,71.57412
3787,70,-0.719558,13,1080,80.0,-7.496845,11,4150,-6.296626,3,500,[0 -1 0],-1,2,71.9174693711,67.508316
3787,70,-0.719558,13,1080,80.0,-7.496845,11,4150,-6.296626,3,500,[0 -1 0],0,3,9.60917265664,67.680626
3787,70,-2.85554,13,1110,80.0,-5.944778,3,530,-5.635973,3,810,[0],0,1,100.0,68.961868
3792,54,-2.350072,13,990,80.0,-6.03388,3,650,-5.631965,3,930,[0],0,1,100.0,56.560604
3797,53,-2.287636,13,970,80.0,-6.02653,3,660,-5.632117,3,930,[0],0,1,100.0,56.19035
3800,70,-2.852572,13,1100,80.0,-5.93289,3,530,-5.628981,3,810,[0],0,1,100.0,69.985664
3802,70,-2.851949,13,1100,80.0,-5.94111,3,530,-5.630095,3,810,[0],0,1,100.0,69.823929
3806,71,-0.792902,13,1090,80.0,-7.493503,11,4150,-6.229854,3,500,[0 -1 0],0,1,18.6872205771,72.582687
3806,71,-0.792902,13,1090,80.0,-7.493503,11,4150,-6.229854,3,500,[0 -1 0],-1,2,74.3424490507,67.513802
3806,71,-0.792902,13,1090,80.0,-7.493503,11,4150,-6.229854,3,500,[0 -1 0],0,3,6.97033037218,67.642471
3806,71,-2.882286,13,1110,80.0,-5.947148,3,520,-5.622172,3,810,[0],0,1,100.0,70.120201
3813,62,-2.594581,13,1040,80.0,-5.94621,3,600,-5.641874,3,870,[0],0,1,100.0,68.281082
3820,53,-2.300619,13,980,80.0,-6.032422,3,660,-5.635145,3,930,[0],0,1,100.0,56.448437
3824,56,-2.407375,13,1000,80.0,-6.038342,3,630,-5.637753,3,910,[0],0,1,100.0,56.739708
3827,63,-2.608723,13,1040,80.0,-5.936143,3,600,-5.64279,3,860,[0],0,1,100.0,68.41832
3831,71,-2.878157,13,1110,80.0,-5.949862,3,520,-5.61889,3,820,[0],0,1,100.0,69.857201
3837,72,-2.889429,13,1110,80.0,-5.93252,3,520,-5.619987,3,810,[0],0,1,100.0,69.981445
3841,71,-0.789743,13,1090,80.0,-7.499948,11,4140,-6.235112,3,500,[0 -1 0],0,1,19.4511702986,72.458321
3841,71,-0.789743,13,1090,80.0,-7.499948,11,4140,-6.235112,3,500,[0 -1 0],-1,2,72.7689380837,67.387306
3841,71,-0.789743,13,1090,80.0,-7.499948,11,4140,-6.235112,3,500,[0 -1 0],0,3,7.77989161766,67.541183
3841,71,-2.882293,13,1110,80.0,-5.947185,3,520,-5.622964,3,810,[0],0,1,100.0,70.026894
3845,53,-2.309867,13,980,80.0,-6.045608,3,650,-5.627072,3,940,[0],0,1,100.0,56.394184
3849,56,-2.408546,13,1000,80.0,-6.042405,3,630,-5.639447,3,910,[0],0,1,100.0,56.177254
3855,71,-2.869848,13,1110,80.0,-5.949523,3,520,-5.627935,3,810,[0],0,1,100.0,69.449768
3856,58,-2.49975,13,1020,80.0,-6.004112,3,630,-5.643222,3,890,[0],0,1,100.0,57.042564
3862,72,-2.907737,13,1120,80.0,-5.951748,3,510,-5.620594,3,810,[0],0,1,100.0,69.870331
3867,63,-2.643291,13,1050,80.0,-5.967732,3,580,-5.63999,3,860,[0],0,1,100.0,68.341072
3872,61,-2.590518,13,1040,80.0,-5.970935,3,590,-5.634658,3,880,[0],0,1,100.0,68.241272
3877,63,-0.383567,13,1040,80.0,-7.520063,11,4140,-6.514644,3,530,[0 -1 0],0,1,15.3869508456,71.430351
3877,63,-0.383567,13,1040,80.0,-7.520063,11,4140,-6.514644,3,530,[0 -1 0],-1,2,72.8329841819,67.073524
3877,63,-0.383567,13,1040,80.0,-7.520063,11,4140,-6.514644,3,530,[0 -1 0],0,3,11.7800649725,67.35257
3877,63,-2.605796,13,1040,80.0,-5.947676,3,590,-5.644077,3,860,[0],0,1,100.0,66.607834
3880,65,-2.701754,13,1060,80.0,-5.951859,3,570,-5.641711,3,840,[0],0,1,100.0,66.844398
3885,70,-0.768011,13,1090,80.0,-7.508286,11,4130,-6.278266,3,500,[0 -1 0],0,1,12.8741737147,71.759415
3885,70,-0.768011,13,1090,80.0,-7.508286,11,4130,-6.278266,3,500,[0 -1 0],-1,2,76.7283433883,67.401756
3885,70,-0.768011,13,1090,80.0,-7.508286,11,4130,-6.278266,3,500,[0 -1 0],0,3,10.397482897,67.723099
3885,70,-2.829901,13,1090,80.0,-5.929882,3,540,-5.630073,3,810,[0],0,1,100.0,67.3871
3888,62,-2.629436,13,1050,80.0,-5.953529,3,590,-5.644531,3,860,[0],0,1,100.0,68.243759
3893,61,-2.594625,13,1040,80.0,-5.962673,3,590,-5.641309,3,870,[0],0,1,100.0,68.234512
3896,59,-2.528019,13,1030,80.0,-6.014597,3,620,-5.639879,3,890,[0],0,1,100.0,68.070755
3912,69,-0.741698,13,1090,80.0,-7.511168,11,4130,-6.327404,3,500,[0],0,1,100.0,67.954704
3912,69,-2.813539,13,1090,80.0,-5.947229,3,540,-5.632576,3,820,[0],0,1,100.0,66.669113
3916,61,-2.590284,13,1040,80.0,-5.971364,3,590,-5.634834,3,880,[0],0,1,100.0,68.119568
3922,62,-2.606384,13,1040,80.0,-5.958183,3,590,-5.637204,3,870,[0],0,1,100.0,68.07618
3927,63,-2.637933,13,1050,80.0,-5.949765,3,590,-5.641711,3,860,[0],0,1,100.0,68.072113
3932,63,-2.641901,13,1050,80.0,-5.941867,3,590,-5.639962,3,860,[0],0,1,100.0,68.217667
3937,62,-2.603307,13,1040,80.0,-5.94568,3,600,-5.638968,3,870,[0],0,1,100.0,68.032883
3941,64,-2.672449,13,1060,80.0,-5.956656,3,580,-5.645127,3,850,[0],0,1,100.0,68.339905
3945,56,-2.41175,13,1000,80.0,-6.032526,3,630,-5.636839,3,910,[0],0,1,100.0,56.733768
3950,63,-2.6378,13,1050,80.0,-5.950011,3,590,-5.641798,3,860,[0],0,1,100.0,68.12207
3955,63,-2.637771,13,1050,80.0,-5.950064,3,590,-5.641817,3,860,[0],0,1,100.0,68.111649
3958,68,-0.640751,13,1070,80.0,-7.506907,11,4140,-6.342912,3,510,[0],0,1,100.0,67.592041
3958,68,-2.799723,13,1090,80.0,-5.940674,3,550,-5.638936,3,820,[0],0,1,100.0,68.356514
3963,66,-0.559555,13,1060,80.0,-7.51715,11,4130,-6.389041,3,520,[0],0,1,100.0,67.995491
3963,66,-2.732862,13,1070,80.0,-5.951551,3,560,-5.636627,3,840,[0],0,1,100.0,66.897995
3968,63,-2.633111,13,1050,80.0,-5.951509,3,590,-5.642677,3,860,[0],0,1,100.0,68.009758
3974,63,-2.641664,13,1050,80.0,-5.942354,3,590,-5.640138,3,860,[0],0,1,100.0,68.240509
3975,63,-2.633075,13,1050,80.0,-5.951581,3,590,-5.642706,3,860,[0],0,1,100.0,67.910118
3977,61,-2.565755,13,1030,80.0,-5.957355,3,600,-5.637291,3,880,[0],0,1,100.0,67.002121
3982,62,-2.604808,13,1040,80.0,-5.938667,3,600,-5.645395,3,860,[0],0,1,100.0,68.178284
3987,62,-2.628925,13,1050,80.0,-5.954584,3,590,-5.644901,3,860,[0],0,1,100.0,68.116684
3992,66,-0.503137,13,1050,80.0,-7.512157,11,4140,-6.413543,3,520,[0],0,1,100.0,67.359406
3992,66,-2.726163,13,1070,80.0,-5.956336,3,560,-5.630716,3,850,[0],0,1,100.0,66.661636
3995,63,-2.639637,13,1050,80.0,-5.951791,3,590,-5.64046,3,860,[0],0,1,100.0,68.121765
3998,63,-0.401727,13,1040,80.0,-7.517992,11,4140,-6.487611,3,530,[0 -1 0],0,1,17.2856710088,71.466354
3998,63,-0.401727,13,1040,80.0,-7.517992,11,4140,-6.487611,3,530,[0 -1 0],-1,2,70.9179036656,67.317123
3998,63,-0.401727,13,1040,80.0,-7.517992,11,4140,-6.487611,3,530,[0 -1 0],0,3,11.7964253257,67.607315
3998,63,-2.64525,13,1050,80.0,-5.943646,3,590,-5.64608,3,850,[0],0,1,100.0,68.017456
3999,63,-2.632956,13,1050,80.0,-5.951831,3,590,-5.642793,3,860,[0],0,1,100.0,67.939194
3003,42,-1.950207,13,920,80.0,-6.014423,3,730,-5.598027,3,1000,[0],0,1,100.0,54.832111
3008,71,-2.863451,13,1100,80.0,-5.916394,3,530,-5.622194,3,810,[0],0,1,100.0,67.216362
3021,44,-1.968973,13,920,80.0,-6.020464,3,720,-5.597239,3,1000,[0],0,1,100.0,54.774792
3028,73,-2.93705,13,1120,80.0,-5.902873,3,510,-5.616866,3,790,[0],0,1,100.0,55.193314
3041,43,-1.998218,13,930,80.0,-6.025752,3,720,-5.599047,3,1000,[0],0,1,100.0,54.961624
3045,42,-1.916767,13,910,80.0,-6.017425,3,730,-5.596551,3,1000,[0],0,1,100.0,54.718273
3050,44,-1.968807,13,920,80.0,-6.020702,3,720,-5.597303,3,1000,[0],0,1,100.0,54.78635
3059,39,-1.781861,13,890,80.0,-5.988304,3,760,-5.580106,3,1020,[0],0,1,100.0,55.137527
3065,48,-2.185849,13,960,80.0,-6.039235,3,680,-5.627665,3,950,[0],0,1,100.0,55.658703
3070,44,-1.968693,13,920,80.0,-6.020861,3,720,-5.597349,3,1000,[0],0,1,100.0,54.81723
3075,44,-1.968665,13,920,80.0,-6.020898,3,720,-5.597361,3,1000,[0],0,1,100.0,54.799465
3079,44,-1.968643,13,920,80.0,-6.020931,3,720,-5.597367,3,1000,[0],0,1,100.0,54.896
3083,42,-1.906789,13,910,80.0,-6.001984,3,740,-5.598279,3,1000,[0],0,1,100.0,54.860981
3096,72,-2.903492,13,1110,80.0,-5.903704,3,520,-5.610189,3,810,[0],0,1,100.0,67.205162
3111,43,-1.952494,13,920,80.0,-6.010042,3,730,-5.597703,3,1000,[0],0,1,100.0,54.895348
3116,44,-2.044004,13,940,80.0,-6.035329,3,710,-5.605004,3,990,[0],0,1,100.0,55.118
3127,52,-2.274415,13,970,80.0,-6.037253,3,660,-5.629082,3,940,[0],0,1,100.0,53.283009
3132,44,-2.000471,13,930,80.0,-6.020099,3,720,-5.604595,3,990,[0],0,1,100.0,55.006893
3142,44,-1.968297,13,920,80.0,-6.021417,3,720,-5.597507,3,1000,[0],0,1,100.0,54.876854
3149,46,-2.081037,13,940,80.0,-6.035453,3,700,-5.616382,3,970,[0],0,1,100.0,55.138824
3154,44,-1.968232,13,920,80.0,-6.021506,3,720,-5.597532,3,1000,[0],0,1,100.0,54.978611
3158,44,-2.049802,13,940,80.0,-6.026507,3,710,-5.61071,3,980,[0],0,1,100.0,54.940495
3166,45,-2.051069,13,940,80.0,-6.028952,3,710,-5.611703,3,980,[0],0,1,100.0,55.134315
3169,66,-0.549045,13,1060,80.0,-7.512021,11,4140,-6.43145,3,510,[0 -1 0],0,1,15.896526238,71.25518
3169,66,-0.549045,13,1060,80.0,-7.512021,11,4140,-6.43145,3,510,[0 -1 0],-1,2,74.4124168514,66.957664
3169,66,-0.549045,13,1060,80.0,-7.512021,11,4140,-6.43145,3,510,[0 -1 0],0,3,9.69105691057,67.131142
3169,66,-2.707646,13,1060,80.0,-5.956319,3,560,-5.628875,3,850,[0],0,1,100.0,67.301224
3173,45,-2.039915,13,930,80.0,-6.037202,3,700,-5.604908,3,990,[0],0,1,100.0,55.060139
3182,48,-2.150384,13,950,80.0,-6.026843,3,690,-5.622161,3,960,[0],0,1,100.0,54.188267
3187,71,-2.888208,13,1110,80.0,-5.927992,3,520,-5.617398,3,810,[0],0,1,100.0,67.588104
3193,45,-2.053517,13,940,80.0,-6.029325,3,710,-5.610985,3,980,[0],0,1,100.0,55.107384
3202,44,-2.044427,13,940,80.0,-6.035007,3,710,-5.605433,3,990,[0],0,1,100.0,55.10178
3209,44,-1.967944,13,920,80.0,-6.021913,3,720,-5.597649,3,1000,[0],0,1,100.0,54.983055
3213,45,-2.032883,13,930,80.0,-6.042662,3,700,-5.60452,3,990,[0],0,1,100.0,55.039043
3217,70,-0.72816,13,1080,80.0,-7.501736,11,4140,-6.277984,3,500,[0],0,1,100.0,67.995712
3217,70,-2.824394,13,1090,80.0,-5.923698,3,540,-5.624445,3,820,[0],0,1,100.0,67.152695
3223,43,-1.999514,13,930,80.0,-6.027056,3,720,-5.604249,3,990,[0],0,1,100.0,55.0112
3227,58,-2.503824,13,1020,80.0,-5.995869,3,630,-5.640608,3,890,[0],0,1,100.0,68.654366
3242,45,-2.054656,13,940,80.0,-6.027591,3,710,-5.611724,3,980,[0],0,1,100.0,55.196724
3251,45,-2.053229,13,940,80.0,-6.029754,3,710,-5.611113,3,980,[0],0,1,100.0,55.100273
3256,69,-0.712427,13,1080,80.0,-7.503369,11,4140,-6.307044,3,500,[0 -1 0],0,1,13.8740474731,71.436012
3256,69,-0.712427,13,1080,80.0,-7.503369,11,4140,-6.307044,3,500,[0 -1 0],-1,2,77.3787626639,67.353539
3256,69,-0.712427,13,1080,80.0,-7.503369,11,4140,-6.307044,3,500,[0 -1 0],0,3,8.74718986307,67.521965
3256,69,-2.794909,13,1080,80.0,-5.914146,3,550,-5.621864,3,830,[0],0,1,100.0,66.693138
3266,45,-2.032628,13,930,80.0,-6.042979,3,700,-5.60463,3,990,[0],0,1,100.0,55.187813
3272,54,-2.356655,13,990,80.0,-6.043669,3,640,-5.628407,3,930,[0],0,1,100.0,54.356155
3276,68,-0.643488,13,1070,80.0,-7.506366,11,4140,-6.335454,3,510,[0 -1 0],0,1,15.8648322187,71.423653
3276,68,-0.643488,13,1070,80.0,-7.506366,11,4140,-6.335454,3,510,[0 -1 0],-1,2,75.3233361812,67.278366
3276,68,-0.643488,13,1070,80.0,-7.506366,11,4140,-6.335454,3,510,[0 -1 0],0,3,8.81183160004,67.435814
3276,68,-2.777316,13,1080,80.0,-5.935019,3,550,-5.622293,3,840,[0],0,1,100.0,67.096062
3287,70,-2.845951,13,1100,80.0,-5.933553,3,530,-5.624295,3,820,[0],0,1,100.0,68.875847
3292,65,-0.491569,13,1050,80.0,-7.513286,11,4140,-6.434569,3,520,[0 -1 0],0,1,17.2266876171,71.431793
3292,65,-0.491569,13,1050,80.0,-7.513286,11,4140,-6.434569,3,520,[0 -1 0],-1,2,76.5335106062,66.268486
3292,65,-0.491569,13,1050,80.0,-7.513286,11,4140,-6.434569,3,520,[0 -1 0],0,3,6.23980177676,66.363762
3292,65,-2.691111,13,1060,80.0,-5.950857,3,570,-5.646014,3,840,[0],0,1,100.0,67.822685
3306,47,-2.059472,13,930,80.0,-6.030558,3,700,-5.611068,3,980,[0],0,1,100.0,55.404816
3310,65,-2.69754,13,1060,80.0,-5.942337,3,570,-5.63643,3,840,[0],0,1,100.0,67.971344
3320,48,-2.17057,13,960,80.0,-6.028177,3,690,-5.628559,3,950,[0],0,1,100.0,55.810867
3325,62,-2.603986,13,1040,80.0,-5.937939,3,600,-5.637276,3,870,[0],0,1,100.0,66.976685
3334,65,-0.537164,13,1060,80.0,-7.512648,11,4140,-6.428671,3,520,[0],0,1,100.0,67.905113
3334,65,-2.714292,13,1070,80.0,-5.943145,3,570,-5.640855,3,840,[0],0,1,100.0,67.525375
3339,72,-2.911229,13,1120,80.0,-5.942645,3,510,-5.632808,3,790,[0],0,1,100.0,67.163376
3344,46,-2.011066,13,920,80.0,-6.023431,3,710,-5.605808,3,990,[0],0,1,100.0,55.456913
3348,47,-2.096401,13,940,80.0,-6.021286,3,700,-5.61705,3,970,[0],0,1,100.0,55.602577
3351,48,-2.169801,13,960,80.0,-6.036342,3,690,-5.628014,3,950,[0],0,1,100.0,55.795052
3362,52,-2.3272,13,990,80.0,-6.035487,3,660,-5.639643,3,920,[0],0,1,100.0,54.708191
3369,56,-2.413209,13,1000,80.0,-6.027064,3,630,-5.635643,3,910,[0],0,1,100.0,54.221748
3376,46,-2.080259,13,940,80.0,-6.03054,3,700,-5.617704,3,970,[0],0,1,100.0,55.585812
3380,47,-2.089475,13,940,80.0,-6.0321,3,700,-5.61813,3,970,[0],0,1,100.0,55.704239
3398,68,-0.692215,13,1080,80.0,-7.505783,11,4140,-6.345116,3,500,[0 -1 0],0,1,16.6423698175,71.467705
3398,68,-0.692215,13,1080,80.0,-7.505783,11,4140,-6.345116,3,500,[0 -1 0],-1,2,73.7360779054,67.391319
3398,68,-0.692215,13,1080,80.0,-7.505783,11,4140,-6.345116,3,500,[0 -1 0],0,3,9.6215522771,67.589897
3398,68,-2.786504,13,1080,80.0,-5.935209,3,550,-5.627197,3,830,[0],0,1,100.0,66.354561
3403,52,-2.328718,13,990,80.0,-6.034215,3,660,-5.639864,3,920,[0],0,1,100.0,56.401711
3408,57,-2.449932,13,1010,80.0,-6.024018,3,630,-5.641851,3,900,[0],0,1,100.0,54.203533
3420,71,-2.854574,13,1100,80.0,-5.92842,3,530,-5.625377,3,810,[0],0,1,100.0,66.999191
3422,51,-2.216094,13,960,80.0,-6.017578,3,680,-5.625054,3,950,[0],0,1,100.0,55.388203
3426,49,-2.183581,13,960,80.0,-6.03174,3,690,-5.620641,3,960,[0],0,1,100.0,56.13443
3440,66,-0.566719,13,1060,80.0,-7.51041,11,4140,-6.371819,3,520,[0 -1 0],0,1,16.0222638926,71.370102
3440,66,-0.566719,13,1060,80.0,-7.51041,11,4140,-6.371819,3,520,[0 -1 0],-1,2,75.0870613448,67.148895
3440,66,-0.566719,13,1060,80.0,-7.51041,11,4140,-6.371819,3,520,[0 -1 0],0,3,8.89067476263,67.298988
3440,66,-2.739713,13,1070,80.0,-5.943168,3,560,-5.632825,3,840,[0],0,1,100.0,66.94236
3445,47,-2.133996,13,950,80.0,-6.022576,3,700,-5.622708,3,960,[0],0,1,100.0,55.720646
3450,48,-2.168449,13,960,80.0,-6.036282,3,690,-5.624296,3,960,[0],0,1,100.0,55.794323
3455,53,-2.313296,13,980,80.0,-6.03133,3,660,-5.639045,3,920,[0],0,1,100.0,56.280441
3465,48,-2.172411,13,960,80.0,-6.030103,3,690,-5.621684,3,960,[0],0,1,100.0,55.987572
3470,49,-2.188415,13,960,80.0,-6.036065,3,680,-5.621859,3,960,[0],0,1,100.0,55.710674
3473,48,-2.136741,13,950,80.0,-6.023598,3,700,-5.623331,3,960,[0],0,1,100.0,55.745705
3477,49,-2.195316,13,960,80.0,-6.021292,3,690,-5.627831,3,950,[0],0,1,100.0,56.029636
3486,49,-2.188918,13,960,80.0,-6.037477,3,680,-5.615292,3,970,[0],0,1,100.0,55.788727
3496,55,-2.39822,13,1000,80.0,-6.051587,3,630,-5.632044,3,920,[0],0,1,100.0,56.620827
3500,48,-2.146883,13,950,80.0,-6.028625,3,690,-5.615522,3,970,[0],0,1,100.0,55.834793
3511,70,-0.765764,13,1090,80.0,-7.501727,11,4140,-6.283051,3,500,[0 -1 0],0,1,22.0393127464,72.942413
3511,70,-0.765764,13,1090,80.0,-7.501727,11,4140,-6.283051,3,500,[0 -1 0],-1,2,69.3728955018,67.049026
3511,70,-0.765764,13,1090,80.0,-7.501727,11,4140,-6.283051,3,500,[0 -1 0],0,3,8.58779175181,67.362999
3511,70,-2.82518,13,1090,80.0,-5.920829,3,540,-5.625428,3,820,[0],0,1,100.0,67.134422
3512,61,-2.557326,13,1030,80.0,-5.968383,3,590,-5.63738,3,880,[0],0,1,100.0,67.17408
3525,54,-2.349823,13,990,80.0,-6.047548,3,640,-5.630396,3,930,[0],0,1,100.0,56.471127
3533,68,-0.637111,13,1070,80.0,-7.501102,11,4150,-6.34849,3,510,[0],0,1,100.0,67.703896
3533,68,-2.775188,13,1080,80.0,-5.959541,3,540,-5.624238,3,840,[0],0,1,100.0,67.225662
3537,49,-2.196359,13,960,80.0,-6.021591,3,690,-5.627632,3,950,[0],0,1,100.0,56.118084
3540,70,-0.728891,13,1080,80.0,-7.502008,11,4140,-6.276151,3,500,[0],0,1,100.0,67.768188
3540,70,-2.828621,13,1090,80.0,-5.924119,3,540,-5.624328,3,820,[0],0,1,100.0,66.519127
3551,73,-2.927599,13,1120,80.0,-5.917517,3,510,-5.615064,3,800,[0],0,1,100.0,67.511902
3555,67,-2.761088,13,1080,80.0,-5.94434,3,560,-5.631375,3,840,[0],0,1,100.0,66.673332
3561,66,-0.49868,13,1050,80.0,-7.513238,11,4140,-6.416756,3,520,[0 -1 0],0,1,16.1640386114,71.470261
3561,66,-0.49868,13,1050,80.0,-7.513238,11,4140,-6.416756,3,520,[0 -1 0],-1,2,74.8486120271,67.376999
3561,66,-0.49868,13,1050,80.0,-7.513238,11,4140,-6.416756,3,520,[0 -1 0],0,3,8.98734936147,67.551735
3561,66,-2.703802,13,1060,80.0,-5.962516,3,560,-5.6326,3,850,[0],0,1,100.0,67.052994
3563,67,-0.606144,13,1070,80.0,-7.51112,11,4140,-6.402135,3,510,[0],0,1,100.0,67.51136
3563,67,-2.739621,13,1070,80.0,-5.966286,3,550,-5.623404,3,850,[0],0,1,100.0,69.263054
3572,70,-0.763235,13,1090,80.0,-7.508034,11,4130,-6.289136,3,500,[0 -1 0],0,1,11.971220527,71.784279
3572,70,-0.763235,13,1090,80.0,-7.508034,11,4130,-6.289136,3,500,[0 -1 0],-1,2,77.6438973648,67.320984
3572,70,-0.763235,13,1090,80.0,-7.508034,11,4130,-6.289136,3,500,[0 -1 0],0,3,10.3848821082,67.640091
3572,70,-2.82129,13,1090,80.0,-5.906381,3,550,-5.633698,3,810,[0],0,1,100.0,69.151665
3576,55,-2.370293,13,990,80.0,-6.032847,3,640,-5.633173,3,920,[0],0,1,100.0,55.800308
3581,69,-0.665184,13,1070,80.0,-7.504441,11,4140,-6.296476,3,510,[0],0,1,100.0,67.680878
3581,69,-2.792125,13,1080,80.0,-5.927506,3,550,-5.624094,3,830,[0],0,1,100.0,69.575195
3597,68,-0.685577,13,1080,80.0,-7.506527,11,4140,-6.333879,3,510,[0],0,1,100.0,67.555534
3597,68,-2.782342,13,1080,80.0,-5.939611,3,550,-5.629581,3,830,[0],0,1,100.0,69.155594
3610,50,-2.237432,13,970,80.0,-6.026198,3,680,-5.63313,3,940,[0],0,1,100.0,56.209736
3614,53,-2.335861,13,990,80.0,-6.042896,3,650,-5.63981,3,920,[0],0,1,100.0,56.337387
3616,57,-2.45167,13,1010,80.0,-6.037545,3,620,-5.633993,3,910,[0],0,1,100.0,56.781788
3625,51,-2.242715,13,970,80.0,-6.025514,3,680,-5.631344,3,940,[0],0,1,100.0,56.23312
3628,50,-2.198148,13,960,80.0,-6.021418,3,690,-5.628795,3,950,[0],0,1,100.0,56.061863
3636,48,-2.178713,13,960,80.0,-6.030597,3,690,-5.622448,3,960,[0],0,1,100.0,55.213955
3642,50,-2.236488,13,970,80.0,-6.030248,3,680,-5.633496,3,940,[0],0,1,100.0,56.152824
3649,70,-0.766659,13,1090,80.0,-7.501913,11,4140,-6.281871,3,500,[0 -1 0],0,1,11.9853111265,71.812965
3649,70,-0.766659,13,1090,80.0,-7.501913,11,4140,-6.281871,3,500,[0 -1 0],-1,2,77.6399491094,67.141914
3649,70,-0.766659,13,1090,80.0,-7.501913,11,4140,-6.281871,3,500,[0 -1 0],0,3,10.3747397641,67.509682
3649,70,-2.847933,13,1100,80.0,-5.943876,3,530,-5.631817,3,810,[0],0,1,100.0,66.798859
3652,70,-0.78087,13,1090,80.0,-7.506248,11,4130,-6.255816,3,500,[0 -1 0],0,1,13.8078456294,71.770844
3652,70,-0.78087,13,1090,80.0,-7.506248,11,4130,-6.255816,3,500,[0 -1 0],-1,2,76.6739846323,67.315071
3652,70,-0.78087,13,1090,80.0,-7.506248,11,4130,-6.255816,3,500,[0 -1 0],0,3,9.51816973829,67.626808
3652,70,-2.833316,13,1090,80.0,-5.914403,3,540,-5.628984,3,810,[0],0,1,100.0,67.556541
3660,54,-2.317862,13,980,80.0,-6.033212,3,650,-5.630824,3,930,[0],0,1,100.0,56.381908
3670,55,-2.394849,13,1000,80.0,-6.053656,3,630,-5.635437,3,920,[0],0,1,100.0,55.81271
3678,57,-2.459175,13,1010,80.0,-6.015249,3,630,-5.639464,3,900,[0],0,1,100.0,56.746471
3681,67,-0.618856,13,1070,80.0,-7.509207,11,4140,-6.38271,3,510,[0],0,1,100.0,67.936935
3681,67,-2.721935,13,1060,80.0,-5.938376,3,560,-5.622034,3,850,[0],0,1,100.0,67.339218
3686,52,-2.327134,13,990,80.0,-6.03668,3,660,-5.64071,3,920,[0],0,1,100.0,56.460838
3691,70,-0.723908,13,1080,80.0,-7.496407,11,4150,-6.288503,3,500,[0],0,1,100.0,67.729782
3691,70,-2.842682,13,1100,80.0,-5.949332,3,530,-5.634252,3,810,[0],0,1,100.0,66.771736
3698,37,1.161112,13,880,80.0,-7.603621,11,4250,-7.064474,3,650,[0 -1 0],0,1,13.7024346258,71.312492
3698,37,1.161112,13,880,80.0,-7.603621,11,4250,-7.064474,3,650,[0 -1 0],-1,2,77.8935978359,65.513802
3698,37,1.161112,13,880,80.0,-7.603621,11,4250,-7.064474,3,650,[0 -1 0],0,3,8.40396753832,65.680527
3698,37,-1.662844,13,870,80.0,-5.966369,3,780,-5.55832,3,1050,[0],0,1,100.0,55.452736
3702,68,-0.648757,13,1070,80.0,-7.499773,11,4150,-6.325596,3,510,[0 -1 0],0,1,17.6712127878,71.494225
3702,68,-0.648757,13,1070,80.0,-7.499773,11,4150,-6.325596,3,510,[0 -1 0],-1,2,74.5094588649,66.62426
3702,68,-0.648757,13,1070,80.0,-7.499773,11,4150,-6.325596,3,510,[0 -1 0],0,3,7.81932834726,66.766792
3702,68,-2.807378,13,1090,80.0,-5.933497,3,550,-5.628114,3,830,[0],0,1,100.0,69.110596
3713,70,-0.728301,13,1080,80.0,-7.502314,11,4140,-6.278263,3,500,[0],0,1,100.0,67.92511
3713,70,-2.829554,13,1090,80.0,-5.927773,3,540,-5.633117,3,810,[0],0,1,100.0,66.873642
3718,59,-2.528928,13,1030,80.0,-6.013031,3,620,-5.639218,3,890,[0],0,1,100.0,68.527702
3721,70,-2.822822,13,1090,80.0,-5.931302,3,540,-5.625873,3,820,[0],0,1,100.0,66.850494
3725,69,-0.699449,13,1080,80.0,-7.510825,11,4130,-6.335828,3,500,[0],0,1,100.0,67.786514
3725,69,-2.808381,13,1090,80.0,-5.928497,3,550,-5.633535,3,820,[0],0,1,100.0,66.883026
3732,58,-2.491125,13,1020,80.0,-6.003212,3,630,-5.643992,3,890,[0],0,1,100.0,56.809254
3738,53,-2.330222,13,990,80.0,-6.046703,3,650,-5.63445,3,930,[0],0,1,100.0,56.514626
3744,71,-0.784894,13,1090,80.0,-7.50039,11,4140,-6.244237,3,500,[0 -1 0],0,1,18.6955511674,72.589676
3744,71,-0.784894,13,1090,80.0,-7.50039,11,4140,-6.244237,3,500,[0 -1 0],-1,2,74.3349982576,67.45401
3744,71,-0.784894,13,1090,80.0,-7.50039,11,4140,-6.244237,3,500,[0 -1 0],0,3,6.96945057498,67.585449
3744,71,-2.859987,13,1100,80.0,-5.946426,3,520,-5.61706,3,820,[0],0,1,100.0,70.086685
3746,69,-0.660612,13,1070,80.0,-7.505058,11,4140,-6.305075,3,510,[0],0,1,100.0,67.955338
3746,69,-2.789261,13,1080,80.0,-5.930519,3,550,-5.625012,3,830,[0],0,1,100.0,67.102318
3753,61,-2.592942,13,1040,80.0,-5.96276,3,590,-5.641534,3,870,[0],0,1,100.0,67.06826
3759,52,-2.32524,13,990,80.0,-6.039098,3,660,-5.643312,3,920,[0],0,1,100.0,56.495453
3766,59,-2.542125,13,1030,80.0,-5.98768,3,590,-5.627958,3,900,[0],0,1,100.0,68.577774
3775,61,-2.591053,13,1040,80.0,-5.969952,3,590,-5.634251,3,880,[0],0,1,100.0,68.429001
3789,63,-2.6683,13,1060,80.0,-5.973807,3,570,-5.645277,3,850,[0],0,1,100.0,67.105972
3792,60,-2.527912,13,1020,80.0,-5.964772,3,600,-5.634294,3,890,[0],0,1,100.0,68.302422
3797,57,-2.420692,13,1000,80.0,-6.027495,3,630,-5.636788,3,910,[0],0,1,100.0,56.771416
3800,53,-2.364297,13,1000,80.0,-6.04446,3,650,-5.639862,3,920,[0],0,1,100.0,56.553593
3804,59,-2.52848,13,1030,80.0,-6.013806,3,620,-5.639545,3,890,[0],0,1,100.0,68.322136
3809,65,-2.700466,13,1060,80.0,-5.9653,3,560,-5.632862,3,850,[0],0,1,100.0,66.708122
3814,53,-2.301233,13,980,80.0,-6.031147,3,660,-5.635705,3,930,[0],0,1,100.0,56.439545
3822,71,-2.882479,13,1110,80.0,-5.947444,3,520,-5.623631,3,810,[0],0,1,100.0,68.770668
3826,71,-2.854748,13,1100,80.0,-5.933696,3,530,-5.628676,3,810,[0],0,1,100.0,67.049713
3835,60,-2.495578,13,1010,80.0,-5.947497,3,610,-5.635705,3,890,[0],0,1,100.0,56.709972
3840,62,-2.605635,13,1040,80.0,-5.937031,3,600,-5.644856,3,860,[0],0,1,100.0,68.487312
3846,63,-2.640491,13,1050,80.0,-5.950216,3,590,-5.639832,3,860,[0],0,1,100.0,68.400017
3856,63,-2.636181,13,1050,80.0,-5.950883,3,590,-5.642962,3,860,[0],0,1,100.0,68.192276
3860,63,-2.639072,13,1050,80.0,-5.951717,3,590,-5.642004,3,860,[0],0,1,100.0,68.306305
3865,62,-2.594296,13,1040,80.0,-5.946775,3,600,-5.642071,3,870,[0],0,1,100.0,68.112816
3868,64,-2.700827,13,1070,80.0,-5.963854,3,570,-5.648109,3,840,[0],0,1,100.0,68.41922
3880,62,-2.603643,13,1040,80.0,-5.945092,3,600,-5.638749,3,870,[0],0,1,100.0,68.233894
3883,54,-2.35229,13,990,80.0,-6.046699,3,640,-5.624358,3,940,[0],0,1,100.0,56.616825
3887,62,-2.606589,13,1040,80.0,-5.957808,3,590,-5.637058,3,870,[0],0,1,100.0,68.357841
3895,61,-2.590394,13,1040,80.0,-5.97116,3,590,-5.634752,3,880,[0],0,1,100.0,68.261299
3900,61,-2.558583,13,1030,80.0,-5.971741,3,590,-5.637529,3,880,[0],0,1,100.0,68.108437
3903,62,-2.603506,13,1040,80.0,-5.945331,3,600,-5.638838,3,870,[0],0,1,100.0,68.188545
3907,61,-2.558546,13,1030,80.0,-5.971817,3,590,-5.637557,3,880,[0],0,1,100.0,68.18045
3911,62,-2.605215,13,1040,80.0,-5.937863,3,600,-5.645133,3,860,[0],0,1,100.0,68.293846
3916,62,-2.629289,13,1050,80.0,-5.953832,3,590,-5.644637,3,860,[0],0,1,100.0,68.216164
3920,63,-2.633353,13,1050,80.0,-5.950999,3,590,-5.642498,3,860,[0],0,1,100.0,68.163902
3926,59,-2.517134,13,1020,80.0,-5.956855,3,610,-5.635652,3,890,[0],0,1,100.0,68.145737
3929,63,-2.633307,13,1050,80.0,-5.951094,3,590,-5.642535,3,860,[0],0,1,100.0,68.21479
3933,62,-2.60333,13,1040,80.0,-5.945638,3,600,-5.638953,3,870,[0],0,1,100.0,68.176476
3938,61,-2.590776,13,1040,80.0,-5.969882,3,590,-5.634867,3,880,[0],0,1,100.0,68.095291
3948,55,-2.367283,13,990,80.0,-6.037652,3,640,-5.634453,3,920,[0],0,1,100.0,56.610928
3954,55,-2.371716,13,990,80.0,-6.028935,3,640,-5.633499,3,920,[0],0,1,100.0,56.735123
3958,58,-2.489975,13,1020,80.0,-6.005406,3,630,-5.644726,3,890,[0],0,1,100.0,57.056686
3963,61,-2.590038,13,1040,80.0,-5.971813,3,590,-5.63502,3,880,[0],0,1,100.0,68.080719
3968,61,-2.594234,13,1040,80.0,-5.963487,3,590,-5.641585,3,870,[0],0,1,100.0,68.096024
3973,61,-0.301364,13,1030,80.0,-7.529795,11,4130,-6.549332,3,540,[0 -1 0],0,1,16.5081896816,71.370613
3973,61,-0.301364,13,1030,80.0,-7.529795,11,4130,-6.549332,3,540,[0 -1 0],-1,2,72.5170234955,66.984634
3973,61,-0.301364,13,1030,80.0,-7.529795,11,4130,-6.549332,3,540,[0 -1 0],0,3,10.9747868229,67.26487
3973,61,-2.568361,13,1030,80.0,-5.955204,3,600,-5.634143,3,880,[0],0,1,100.0,67.008705
3978,62,-2.60307,13,1040,80.0,-5.946096,3,600,-5.639118,3,870,[0],0,1,100.0,67.128952
3983,63,-2.632082,13,1050,80.0,-5.968983,3,580,-5.643187,3,860,[0],0,1,100.0,68.000954
3988,62,-2.593652,13,1040,80.0,-5.948053,3,600,-5.642524,3,870,[0],0,1,100.0,67.985954
3993,62,-2.600613,13,1040,80.0,-5.962204,3,590,-5.640301,3,870,[0],0,1,100.0,68.037506
3997,63,-0.399171,13,1040,80.0,-7.518391,11,4140,-6.490322,3,530,[0 -1 0],0,1,18.2346179442,71.533394
3997,63,-0.399171,13,1040,80.0,-7.518391,11,4140,-6.490322,3,530,[0 -1 0],-1,2,69.9649101579,67.393288
3997,63,-0.399171,13,1040,80.0,-7.518391,11,4140,-6.490322,3,530,[0 -1 0],0,3,11.8004718979,67.679298
3997,63,-2.642178,13,1050,80.0,-5.945127,3,590,-5.647496,3,850,[0],0,1,100.0,68.01326
3999,59,-2.502509,13,1020,80.0,-6.001154,3,630,-5.641,3,890,[0],0,1,100.0,67.900894
