3002,46,2.150983,21,2720,80.0,-2.606379,8,420,5.961524,22,1000,[-1],-1,1,100.0,59.475292
3007,63,1.92695,21,2460,80.0,-2.594371,8,550,5.608675,22,1150,[0 -1],0,1,45.9198898198,66.638786
3007,63,1.92695,21,2460,80.0,-2.594371,8,550,5.608675,22,1150,[0 -1],-1,2,54.0801101802,54.98315
3019,46,2.148044,21,2720,80.0,-2.566745,8,410,5.961673,22,1000,[-1 0 -1],-1,1,43.6169722126,64.862305
3019,46,2.148044,21,2720,80.0,-2.566745,8,410,5.961673,22,1000,[-1 0 -1],0,2,16.4037818517,65.656746
3019,46,2.148044,21,2720,80.0,-2.566745,8,410,5.961673,22,1000,[-1 0 -1],-1,3,39.9792459357,59.734653
3027,73,1.965315,21,2440,80.0,-2.584838,8,640,5.530765,22,1090,[0 -1],0,1,55.046930297,67.355888
3027,73,1.965315,21,2440,80.0,-2.584838,8,640,5.530765,22,1090,[0 -1],-1,2,44.953069703,61.566639
3037,69,1.994698,21,2490,80.0,-2.603786,8,600,5.587505,22,1080,[-1],-1,1,100.0,53.138599
3044,62,1.966398,21,2490,80.0,-2.550477,8,540,5.649446,22,1120,[-1],-1,1,100.0,54.214535
3047,59,1.958096,21,2490,80.0,-2.628098,8,540,5.66433,22,1150,[-1],-1,1,100.0,54.058208
3058,62,1.972647,21,2490,80.0,-2.565488,8,550,5.630441,22,1130,[-1],-1,1,100.0,54.12281
3061,69,1.874147,21,2380,80.0,-2.604589,8,610,5.502135,22,1190,[-1],-1,1,100.0,56.040771
3065,42,2.098164,21,2690,80.0,-2.579528,8,390,5.984327,22,1060,[-1],-1,1,100.0,51.131516
3067,59,2.514284,21,2990,80.0,-2.604846,8,530,5.977234,22,630,[0 -1],0,1,43.8206011369,69.478615
3067,59,2.514284,21,2990,80.0,-2.604846,8,530,5.977234,22,630,[0 -1],-1,2,56.1793988631,54.965347
3071,60,2.51064,21,2980,80.0,-2.552708,8,540,5.974854,22,620,[0 -1],0,1,43.3115060804,69.446907
3071,60,2.51064,21,2980,80.0,-2.552708,8,540,5.974854,22,620,[0 -1],-1,2,56.6884939196,54.942123
3077,75,1.826899,21,2320,80.0,-2.642696,8,660,5.411377,22,1220,[-1],-1,1,100.0,62.369713
3082,44,2.112996,21,2690,80.0,-2.596498,8,410,5.967592,22,1050,[-1],-1,1,100.0,50.955563
3093,49,1.969992,21,2550,80.0,-2.620224,8,450,5.793184,22,1170,[-1],-1,1,100.0,53.664745
3098,65,1.89734,21,2420,80.0,-2.592104,8,570,5.558626,22,1190,[0 -1],0,1,46.3721250373,66.707649
3098,65,1.89734,21,2420,80.0,-2.592104,8,570,5.558626,22,1190,[0 -1],-1,2,53.6278749627,55.835854
3109,44,2.101167,21,2680,80.0,-2.597857,8,410,5.960839,22,1060,[-1],-1,1,100.0,51.363438
3118,43,2.05433,21,2660,80.0,-2.621326,8,390,5.943768,22,1100,[-1],-1,1,100.0,52.213322
3124,64,1.907913,21,2420,80.0,-2.552825,8,570,5.569165,22,1190,[0 -1],0,1,46.5409049656,66.566788
3124,64,1.907913,21,2420,80.0,-2.552825,8,570,5.569165,22,1190,[0 -1],-1,2,53.4590950344,55.753414
3129,69,1.930016,21,2430,80.0,-2.577823,8,600,5.552658,22,1130,[-1],-1,1,100.0,55.135201
3139,74,1.74581,21,2230,80.0,-2.576209,8,660,5.356242,22,1320,[-1],-1,1,100.0,63.063755
3150,58,2.1661,21,2680,80.0,-2.566477,8,510,5.800962,22,960,[0 -1],0,1,47.8286288908,69.886261
3150,58,2.1661,21,2680,80.0,-2.566477,8,510,5.800962,22,960,[0 -1],-1,2,52.1713711092,59.85553
3155,64,1.896594,21,2410,80.0,-2.552478,8,570,5.556419,22,1200,[0 -1],0,1,47.9570060379,66.681633
3155,64,1.896594,21,2410,80.0,-2.552478,8,570,5.556419,22,1200,[0 -1],-1,2,52.0429939621,56.221081
3158,44,1.933819,21,2550,80.0,-2.594728,8,400,5.851761,22,1200,[-1],-1,1,100.0,54.019791
3162,43,2.019727,21,2620,80.0,-2.542298,8,390,5.920582,22,1140,[0 -1],0,1,0.737689212493,69.267776
3162,43,2.019727,21,2620,80.0,-2.542298,8,390,5.920582,22,1140,[0 -1],-1,2,99.2623107875,53.520603
3166,63,2.213749,21,2700,80.0,-2.552723,8,550,5.779896,22,900,[0 -1],0,1,46.4460755848,68.93264
3166,63,2.213749,21,2700,80.0,-2.552723,8,550,5.779896,22,900,[0 -1],-1,2,53.5539244152,58.189945
3169,47,1.928282,21,2520,80.0,-2.565442,8,430,5.804142,22,1210,[-1],-1,1,100.0,54.66502
3175,44,2.041569,21,2630,80.0,-2.601094,8,410,5.920415,22,1120,[0 -1],0,1,0.732006819347,69.094475
3175,44,2.041569,21,2630,80.0,-2.601094,8,410,5.920415,22,1120,[0 -1],-1,2,99.2679931807,53.263794
3180,44,1.973918,21,2590,80.0,-2.600238,8,390,5.885752,22,1170,[-1],-1,1,100.0,53.985104
3185,49,2.044967,21,2600,80.0,-2.542822,8,450,5.844832,22,1100,[0 -1],0,1,52.0566297342,68.540749
3185,49,2.044967,21,2600,80.0,-2.542822,8,450,5.844832,22,1100,[0 -1],-1,2,47.9433702658,61.381405
3191,64,2.133201,21,2630,80.0,-2.592458,8,560,5.715137,22,960,[0 -1],0,1,47.2100800191,69.15905
3191,64,2.133201,21,2630,80.0,-2.592458,8,560,5.715137,22,960,[0 -1],-1,2,52.7899199809,59.358551
3197,44,2.01403,21,2620,80.0,-2.624743,8,400,5.900351,22,1140,[-1],-1,1,100.0,53.64658
3201,61,2.112435,21,2620,80.0,-2.599703,8,540,5.725362,22,1000,[0 -1],0,1,48.5978623835,69.400124
3201,61,2.112435,21,2620,80.0,-2.599703,8,540,5.725362,22,1000,[0 -1],-1,2,51.4021376165,59.910633
3208,70,1.797869,21,2310,80.0,-2.581113,8,610,5.441208,22,1270,[0 -1],0,1,57.704447244,67.21653
3208,70,1.797869,21,2310,80.0,-2.581113,8,610,5.441208,22,1270,[0 -1],-1,2,42.295552756,58.883942
3211,45,1.902634,21,2520,80.0,-2.622649,8,410,5.826687,22,1230,[-1],-1,1,100.0,55.154026
3215,44,1.894658,21,2520,80.0,-2.615308,8,400,5.838613,22,1230,[0 -1],0,1,0.772949261225,69.947876
3215,44,1.894658,21,2520,80.0,-2.615308,8,400,5.838613,22,1230,[0 -1],-1,2,99.2270507388,55.170479
3221,68,2.044863,21,2520,80.0,-2.581001,8,610,5.636307,22,1020,[-1],-1,1,100.0,52.245956
3226,64,2.0253,21,2520,80.0,-2.556064,8,570,5.650598,22,1060,[0 -1],0,1,1.12600536193,67.773293
3226,64,2.0253,21,2520,80.0,-2.556064,8,570,5.650598,22,1060,[0 -1],-1,2,98.8739946381,52.510174
3228,58,1.902292,21,2450,80.0,-2.590647,8,520,5.638416,22,1210,[-1],-1,1,100.0,55.986244
3234,45,1.888193,21,2510,80.0,-2.583484,8,400,5.818549,22,1250,[-1],-1,1,100.0,55.537945
3241,61,1.814487,21,2370,80.0,-2.560701,8,530,5.547487,22,1280,[0 -1],0,1,51.2538104705,67.343811
3241,61,1.814487,21,2370,80.0,-2.560701,8,530,5.547487,22,1280,[0 -1],-1,2,48.7461895295,58.177807
3248,49,1.862364,21,2470,80.0,-2.62084,8,440,5.749581,22,1250,[0 -1],0,1,0.786971808639,69.768326
3248,49,1.862364,21,2470,80.0,-2.62084,8,440,5.749581,22,1250,[0 -1],-1,2,99.2130281914,56.092876
3255,46,1.850022,21,2470,80.0,-2.593941,8,420,5.784581,22,1270,[-1],-1,1,100.0,55.747772
3258,60,1.947877,21,2490,80.0,-2.620302,8,530,5.653072,22,1150,[-1],-1,1,100.0,54.459641
3268,68,1.737604,21,2270,80.0,-2.626418,8,600,5.409336,22,1330,[0 -1],0,1,59.2230863805,66.730408
3268,68,1.737604,21,2270,80.0,-2.626418,8,600,5.409336,22,1330,[0 -1],-1,2,40.7769136195,59.330738
3274,68,1.790814,21,2300,80.0,-2.580075,8,610,5.446824,22,1280,[-1],-1,1,100.0,64.01828
3278,49,1.847558,21,2460,80.0,-2.636402,8,440,5.746035,22,1270,[-1],-1,1,100.0,55.725708
3285,58,1.85098,21,2410,80.0,-2.602439,8,520,5.604823,22,1260,[0 -1],0,1,47.1580481837,67.204193
3285,58,1.85098,21,2410,80.0,-2.602439,8,520,5.604823,22,1260,[0 -1],-1,2,52.8419518163,57.518848
3291,55,1.902009,21,2460,80.0,-2.63502,8,510,5.679789,22,1210,[0 -1],0,1,47.9350637766,65.187141
3291,55,1.902009,21,2460,80.0,-2.63502,8,510,5.679789,22,1210,[0 -1],-1,2,52.0649362234,55.228004
3298,45,1.831051,21,2460,80.0,-2.596117,8,410,5.771211,22,1300,[0 -1],0,1,0.793772332823,69.867493
3298,45,1.831051,21,2460,80.0,-2.596117,8,410,5.771211,22,1300,[0 -1],-1,2,99.2062276672,56.923782
3304,55,1.819494,21,2400,80.0,-2.640555,8,500,5.6297,22,1300,[0 -1],0,1,49.9489702457,66.994484
3304,55,1.819494,21,2400,80.0,-2.640555,8,500,5.6297,22,1300,[0 -1],-1,2,50.0510297543,57.725777
3308,49,1.822516,21,2440,80.0,-2.627764,8,440,5.720946,22,1300,[0 -1],0,1,0.79407909953,69.586708
3308,49,1.822516,21,2440,80.0,-2.627764,8,440,5.720946,22,1300,[0 -1],-1,2,99.2059209005,57.112827
3313,68,1.920784,21,2420,80.0,-2.590115,8,600,5.548523,22,1160,[0 -1],0,1,5.47037741464,67.928947
3313,68,1.920784,21,2420,80.0,-2.590115,8,600,5.548523,22,1160,[0 -1],-1,2,94.5296225854,55.038315
3318,69,1.73409,21,2250,80.0,-2.573745,8,610,5.392099,22,1350,[0 -1],0,1,59.7219893825,66.562248
3318,69,1.73409,21,2250,80.0,-2.573745,8,610,5.392099,22,1350,[0 -1],-1,2,40.2780106175,59.992462
3332,46,1.824025,21,2450,80.0,-2.606103,8,420,5.766305,22,1300,[0 -1],0,1,0.794382943829,69.66658
3332,46,1.824025,21,2450,80.0,-2.606103,8,420,5.766305,22,1300,[0 -1],-1,2,99.2056170562,57.041389
3337,47,1.821552,21,2440,80.0,-2.603857,8,430,5.755371,22,1300,[0 -1],0,1,0.396626747276,69.53331
3337,47,1.821552,21,2440,80.0,-2.603857,8,430,5.755371,22,1300,[0 -1],-1,2,99.6033732527,57.327892
3340,58,1.802234,21,2370,80.0,-2.558719,8,510,5.579937,22,1300,[0 -1],0,1,51.237057509,67.440132
3340,58,1.802234,21,2370,80.0,-2.558719,8,510,5.579937,22,1300,[0 -1],-1,2,48.762942491,58.499802
3346,62,1.868404,21,2410,80.0,-2.582395,8,540,5.57706,22,1230,[0 -1],0,1,49.6215427507,65.035515
3346,62,1.868404,21,2410,80.0,-2.582395,8,540,5.57706,22,1230,[0 -1],-1,2,50.3784572493,55.582401
3350,73,1.720813,21,2220,80.0,-2.567956,8,640,5.350524,22,1340,[0],0,1,100.0,63.956772
3356,61,1.896268,21,2440,80.0,-2.575744,8,530,5.611665,22,1200,[-1],-1,1,100.0,55.732574
3362,64,1.781172,21,2320,80.0,-2.563314,8,560,5.492123,22,1310,[0 -1],0,1,56.9735346647,67.210228
3362,64,1.781172,21,2320,80.0,-2.563314,8,560,5.492123,22,1310,[0 -1],-1,2,43.0264653353,59.171516
3366,70,1.919714,21,2400,80.0,-2.545604,8,620,5.522299,22,1160,[0 -1],0,1,5.12138170339,67.916122
3366,70,1.919714,21,2400,80.0,-2.545604,8,620,5.522299,22,1160,[0 -1],-1,2,94.8786182966,55.481579
3373,62,1.875066,21,2410,80.0,-2.577971,8,550,5.573233,22,1220,[0 -1],0,1,36.2140238671,66.448891
3373,62,1.875066,21,2410,80.0,-2.577971,8,550,5.573233,22,1220,[0 -1],-1,2,63.7859761329,55.777981
3378,64,1.864042,21,2390,80.0,-2.552479,8,560,5.551071,22,1230,[0 -1],0,1,35.7006085406,67.04097
3378,64,1.864042,21,2390,80.0,-2.552479,8,560,5.551071,22,1230,[0 -1],-1,2,64.2993914594,56.556381
3381,46,1.818488,21,2440,80.0,-2.580078,8,420,5.742109,22,1320,[0 -1],0,1,1.18758434548,69.402626
3381,46,1.818488,21,2440,80.0,-2.580078,8,420,5.742109,22,1320,[0 -1],-1,2,98.8124156545,57.765648
3390,47,1.805118,21,2420,80.0,-2.559765,8,430,5.719093,22,1330,[-1],-1,1,100.0,58.118557
3394,62,1.847185,21,2390,80.0,-2.601998,8,550,5.567964,22,1240,[-1],-1,1,100.0,56.79718
3401,46,1.796215,21,2420,80.0,-2.561532,8,420,5.725317,22,1340,[-1],-1,1,100.0,63.328197
3413,63,1.842233,21,2380,80.0,-2.566326,8,550,5.549633,22,1250,[0 -1],0,1,39.3396326014,66.826973
3413,63,1.842233,21,2380,80.0,-2.566326,8,550,5.549633,22,1250,[0 -1],-1,2,60.6603673986,56.940674
3418,47,1.80495,21,2420,80.0,-2.560947,8,430,5.719286,22,1330,[0 -1],0,1,0.401034928849,69.63707
3418,47,1.80495,21,2420,80.0,-2.560947,8,430,5.719286,22,1330,[0 -1],-1,2,99.5989650712,58.270607
3423,51,1.8068,21,2410,80.0,-2.605754,8,460,5.67382,22,1320,[0 -1],0,1,0.403073762499,69.812408
3423,51,1.8068,21,2410,80.0,-2.605754,8,460,5.67382,22,1320,[0 -1],-1,2,99.5969262375,57.968254
3429,48,1.806225,21,2420,80.0,-2.601298,8,440,5.724972,22,1320,[0 -1],0,1,0.400274622071,69.587929
3429,48,1.806225,21,2420,80.0,-2.601298,8,440,5.724972,22,1320,[0 -1],-1,2,99.5997253779,58.144173
3433,68,1.875339,21,2380,80.0,-2.579447,8,600,5.515888,22,1200,[0 -1],0,1,5.1666996765,67.756721
3433,68,1.875339,21,2380,80.0,-2.579447,8,600,5.515888,22,1200,[0 -1],-1,2,94.8333003235,56.1395
3439,48,1.807717,21,2420,80.0,-2.593296,8,440,5.724805,22,1320,[0 -1],0,1,48.4959523902,67.152969
3439,48,1.807717,21,2420,80.0,-2.593296,8,440,5.724805,22,1320,[0 -1],-1,2,51.5040476098,58.30175
3442,70,1.685707,21,2210,80.0,-2.568482,8,610,5.335415,22,1390,[0],0,1,100.0,63.877602
3447,65,1.83645,21,2370,80.0,-2.59827,8,570,5.519772,22,1240,[0 -1],0,1,5.25212314225,68.531303
3447,65,1.83645,21,2370,80.0,-2.59827,8,570,5.519772,22,1240,[0 -1],-1,2,94.7478768577,57.356178
3453,47,1.805261,21,2420,80.0,-2.615364,8,440,5.718027,22,1330,[0 -1],0,1,52.074686114,67.111778
3453,47,1.805261,21,2420,80.0,-2.615364,8,440,5.718027,22,1330,[0 -1],-1,2,47.925313886,58.482491
3457,47,1.805238,21,2420,80.0,-2.61553,8,440,5.718052,22,1330,[0 -1],0,1,53.3836246072,67.034668
3457,47,1.805238,21,2420,80.0,-2.61553,8,440,5.718052,22,1330,[0 -1],-1,2,46.6163753928,58.556854
3466,64,1.833724,21,2360,80.0,-2.572889,8,570,5.513826,22,1270,[0 -1],0,1,44.4641263668,66.894485
3466,64,1.833724,21,2360,80.0,-2.572889,8,570,5.513826,22,1270,[0 -1],-1,2,55.5358736332,57.743156
3510,65,1.802369,21,2330,80.0,-2.546405,8,570,5.49544,22,1290,[0 -1],0,1,47.5822388321,67.348755
3510,65,1.802369,21,2330,80.0,-2.546405,8,570,5.49544,22,1290,[0 -1],-1,2,52.4177611679,58.778664
3516,52,1.796452,21,2390,80.0,-2.578137,8,470,5.652013,22,1330,[0 -1],0,1,49.7481025479,67.509743
3516,52,1.796452,21,2390,80.0,-2.578137,8,470,5.652013,22,1330,[0 -1],-1,2,50.2518974521,58.948025
3525,49,1.771592,21,2390,80.0,-2.64184,8,450,5.66214,22,1360,[0 -1],0,1,54.8997014613,67.363411
3525,49,1.771592,21,2390,80.0,-2.64184,8,450,5.66214,22,1360,[0 -1],-1,2,45.1002985387,59.271095
3530,66,1.788285,21,2320,80.0,-2.589936,8,580,5.472448,22,1290,[0 -1],0,1,40.7714540396,67.58815
3530,66,1.788285,21,2320,80.0,-2.589936,8,580,5.472448,22,1290,[0 -1],-1,2,59.2285459604,58.431038
3535,53,1.789574,21,2370,80.0,-2.579984,8,490,5.618731,22,1340,[0 -1],0,1,50.4937371595,67.475502
3535,53,1.789574,21,2370,80.0,-2.579984,8,490,5.618731,22,1340,[0 -1],-1,2,49.5062628405,59.071415
3539,67,1.780841,21,2320,80.0,-2.608571,8,580,5.461851,22,1290,[0 -1],0,1,41.5543369621,67.540283
3539,67,1.780841,21,2320,80.0,-2.608571,8,580,5.461851,22,1290,[0 -1],-1,2,58.4456630379,58.460045
3543,67,1.76266,21,2290,80.0,-2.579741,8,590,5.443549,22,1310,[0 -1],0,1,41.7612508386,67.60762
3543,67,1.76266,21,2290,80.0,-2.579741,8,590,5.443549,22,1310,[0 -1],-1,2,58.2387491614,58.839329
3546,71,1.786031,21,2280,80.0,-2.562032,8,630,5.426533,22,1280,[0 -1],0,1,42.1588734876,67.295815
3546,71,1.786031,21,2280,80.0,-2.562032,8,630,5.426533,22,1280,[0 -1],-1,2,57.8411265124,58.447304
3549,67,1.763371,21,2290,80.0,-2.585422,8,590,5.448295,22,1310,[0 -1],0,1,42.7034084662,67.567482
3549,67,1.763371,21,2290,80.0,-2.585422,8,590,5.448295,22,1310,[0 -1],-1,2,57.2965915338,58.930897
3554,69,1.758928,21,2270,80.0,-2.555948,8,610,5.421512,22,1310,[0 -1],0,1,42.4719070063,67.474632
3554,69,1.758928,21,2270,80.0,-2.555948,8,610,5.421512,22,1310,[0 -1],-1,2,57.5280929937,58.817974
3560,65,1.71528,21,2250,80.0,-2.575419,8,580,5.405924,22,1390,[0 -1],0,1,60.833194375,66.881432
3560,65,1.71528,21,2250,80.0,-2.575419,8,580,5.405924,22,1390,[0 -1],-1,2,39.166805625,60.800957
3567,71,1.724377,21,2240,80.0,-2.623165,8,630,5.372627,22,1340,[0 -1],0,1,52.6214135759,67.045738
3567,71,1.724377,21,2240,80.0,-2.623165,8,630,5.372627,22,1340,[0 -1],-1,2,47.3785864241,59.426098
3570,61,1.726779,21,2280,80.0,-2.540918,8,540,5.467107,22,1390,[0 -1],0,1,62.8572213673,66.504448
3570,61,1.726779,21,2280,80.0,-2.540918,8,540,5.467107,22,1390,[0 -1],-1,2,37.1427786327,60.178276
3574,68,1.781449,21,2300,80.0,-2.584429,8,600,5.451419,22,1290,[0 -1],0,1,43.5876446191,67.511177
3574,68,1.781449,21,2300,80.0,-2.584429,8,600,5.451419,22,1290,[0 -1],-1,2,56.4123553809,58.791737
3579,70,1.757615,21,2260,80.0,-2.547579,8,620,5.401321,22,1320,[0 -1],0,1,47.0111223739,67.23159
3579,70,1.757615,21,2260,80.0,-2.547579,8,620,5.401321,22,1320,[0 -1],-1,2,52.9888776261,59.107048
3584,54,1.723014,21,2320,80.0,-2.577954,8,480,5.551103,22,1400,[0 -1],0,1,55.4473152953,67.058273
3584,54,1.723014,21,2320,80.0,-2.577954,8,480,5.551103,22,1400,[0 -1],-1,2,44.5526847047,60.705441
3590,69,1.74376,21,2260,80.0,-2.577562,8,610,5.40071,22,1340,[0 -1],0,1,48.3853935082,67.376595
3590,69,1.74376,21,2260,80.0,-2.577562,8,610,5.40071,22,1340,[0 -1],-1,2,51.6146064918,59.445072
3596,61,1.688198,21,2260,80.0,-2.619485,8,540,5.434793,22,1420,[0 -1],0,1,63.3473047244,66.206657
3596,61,1.688198,21,2260,80.0,-2.619485,8,540,5.434793,22,1420,[0 -1],-1,2,36.6526952756,61.179108
3598,70,1.676455,21,2210,80.0,-2.623846,8,610,5.328191,22,1410,[0 -1],0,1,60.9718917841,66.183395
3598,70,1.676455,21,2210,80.0,-2.623846,8,610,5.328191,22,1410,[0 -1],-1,2,39.0281082159,61.676559
3600,68,1.733136,21,2260,80.0,-2.600066,8,600,5.40782,22,1350,[0 -1],0,1,48.7866398725,67.502541
3600,68,1.733136,21,2260,80.0,-2.600066,8,600,5.40782,22,1350,[0 -1],-1,2,51.2133601275,59.650505
3603,68,1.690173,21,2220,80.0,-2.588711,8,600,5.362648,22,1400,[0 -1],0,1,61.9798350137,66.735931
3603,68,1.690173,21,2220,80.0,-2.588711,8,600,5.362648,22,1400,[0 -1],-1,2,38.0201649863,60.804756
3609,50,1.759898,21,2380,80.0,-2.64298,8,450,5.654506,22,1370,[0 -1],0,1,56.5356074286,67.415855
3609,50,1.759898,21,2380,80.0,-2.64298,8,450,5.654506,22,1370,[0 -1],-1,2,43.4643925714,59.980221
3612,69,1.720989,21,2240,80.0,-2.580972,8,610,5.382416,22,1360,[0],0,1,100.0,64.023407
3618,50,1.74298,21,2360,80.0,-2.612249,8,450,5.636196,22,1380,[0 -1],0,1,56.1179478348,67.539619
3618,50,1.74298,21,2360,80.0,-2.612249,8,450,5.636196,22,1380,[0 -1],-1,2,43.8820521652,63.200687
3621,69,1.741794,21,2260,80.0,-2.593777,8,610,5.401485,22,1340,[0 -1],0,1,50.5716590631,67.496384
3621,69,1.741794,21,2260,80.0,-2.593777,8,610,5.401485,22,1340,[0 -1],-1,2,49.4283409369,59.816311
3623,69,1.73712,21,2250,80.0,-2.594654,8,620,5.39885,22,1340,[0 -1],0,1,50.9870024936,67.367058
3623,69,1.73712,21,2250,80.0,-2.594654,8,620,5.39885,22,1340,[0 -1],-1,2,49.0129975064,59.737003
3626,69,1.734817,21,2250,80.0,-2.56144,8,610,5.400043,22,1340,[0 -1],0,1,52.7958460121,67.46212
3626,69,1.734817,21,2250,80.0,-2.56144,8,610,5.400043,22,1340,[0 -1],-1,2,47.2041539879,59.968697
3633,67,1.652318,21,2190,80.0,-2.583424,8,590,5.322299,22,1450,[0 -1],0,1,60.7171520294,66.783318
3633,67,1.652318,21,2190,80.0,-2.583424,8,590,5.322299,22,1450,[0 -1],-1,2,39.2828479706,62.604183
3635,68,1.713616,21,2260,80.0,-2.647083,8,590,5.399391,22,1360,[0 -1],0,1,51.3896790487,67.571159
3635,68,1.713616,21,2260,80.0,-2.647083,8,590,5.399391,22,1360,[0 -1],-1,2,48.6103209513,60.034363
3642,70,1.741961,21,2260,80.0,-2.618732,8,620,5.388391,22,1330,[0 -1],0,1,52.385580982,67.300728
3642,70,1.741961,21,2260,80.0,-2.618732,8,620,5.388391,22,1330,[0 -1],-1,2,47.614419018,59.719421
3645,70,1.721848,21,2230,80.0,-2.546914,8,620,5.379223,22,1350,[0 -1],0,1,55.6864515583,67.707832
3645,70,1.721848,21,2230,80.0,-2.546914,8,620,5.379223,22,1350,[0 -1],-1,2,44.3135484417,60.616013
3647,69,1.709328,21,2230,80.0,-2.58219,8,610,5.373594,22,1370,[0 -1],0,1,52.7880622228,67.382301
3647,69,1.709328,21,2230,80.0,-2.58219,8,610,5.373594,22,1370,[0 -1],-1,2,47.2119377772,60.114017
3653,53,1.737205,21,2340,80.0,-2.587976,8,470,5.576069,22,1390,[0 -1],0,1,55.2653072154,67.213837
3653,53,1.737205,21,2340,80.0,-2.587976,8,470,5.576069,22,1390,[0 -1],-1,2,44.7346927846,60.442612
3658,57,1.73454,21,2310,80.0,-2.570003,8,510,5.530145,22,1390,[0 -1],0,1,63.6284580684,66.862862
3658,57,1.73454,21,2310,80.0,-2.570003,8,510,5.530145,22,1390,[0 -1],-1,2,36.3715419316,60.280846
3661,69,1.720425,21,2240,80.0,-2.585618,8,610,5.385882,22,1360,[0 -1],0,1,54.4363570321,67.828697
3661,69,1.720425,21,2240,80.0,-2.585618,8,610,5.385882,22,1360,[0 -1],-1,2,45.5636429679,60.633209
3668,68,1.73004,21,2250,80.0,-2.598706,8,610,5.393172,22,1350,[0 -1],0,1,54.6264956194,67.774429
3668,68,1.73004,21,2250,80.0,-2.598706,8,610,5.393172,22,1350,[0 -1],-1,2,45.3735043806,60.518013
3675,69,1.720544,21,2240,80.0,-2.583466,8,610,5.374375,22,1370,[0],0,1,100.0,64.618378
3679,68,1.728449,21,2250,80.0,-2.603317,8,610,5.385881,22,1370,[0 -1],0,1,57.04239082,67.717766
3679,68,1.728449,21,2250,80.0,-2.603317,8,610,5.385881,22,1370,[0 -1],-1,2,42.95760918,60.704708
3681,69,1.712552,21,2230,80.0,-2.565117,8,610,5.37475,22,1370,[0 -1],0,1,56.4745514257,67.721931
3681,69,1.712552,21,2230,80.0,-2.565117,8,610,5.37475,22,1370,[0 -1],-1,2,43.5254485743,60.825993
3684,51,1.741714,21,2350,80.0,-2.595414,8,460,5.610278,22,1390,[-1],-1,1,100.0,63.535419
3691,69,1.707579,21,2230,80.0,-2.596538,8,610,5.376696,22,1370,[0 -1],0,1,56.2559788419,67.601303
3691,69,1.707579,21,2230,80.0,-2.596538,8,610,5.376696,22,1370,[0 -1],-1,2,43.7440211581,60.637077
3696,69,1.716762,21,2230,80.0,-2.548033,8,610,5.367836,22,1370,[0 -1],0,1,57.0844629237,67.651886
3696,69,1.716762,21,2230,80.0,-2.548033,8,610,5.367836,22,1370,[0 -1],-1,2,42.9155370763,60.758263
3699,69,1.690718,21,2230,80.0,-2.626173,8,600,5.367184,22,1380,[0 -1],0,1,57.4208151158,67.051254
3699,69,1.690718,21,2230,80.0,-2.626173,8,600,5.367184,22,1380,[0 -1],-1,2,42.5791848842,60.237526
3703,69,1.704222,21,2240,80.0,-2.610203,8,600,5.368646,22,1380,[0 -1],0,1,58.4697847566,67.600601
3703,69,1.704222,21,2240,80.0,-2.610203,8,600,5.368646,22,1380,[0 -1],-1,2,41.5302152434,60.841911
3706,69,1.687689,21,2220,80.0,-2.627254,8,610,5.340801,22,1400,[0 -1],0,1,60.3716703937,67.587944
3706,69,1.687689,21,2220,80.0,-2.627254,8,610,5.340801,22,1400,[0 -1],-1,2,39.6283296063,61.186871
3708,70,1.720539,21,2230,80.0,-2.559992,8,620,5.361844,22,1370,[0 -1],0,1,58.3015495475,67.521545
3708,70,1.720539,21,2230,80.0,-2.559992,8,620,5.361844,22,1370,[0 -1],-1,2,41.6984504525,60.695194
3712,69,1.708934,21,2230,80.0,-2.586892,8,610,5.366885,22,1380,[0 -1],0,1,59.5110567528,67.543213
3712,69,1.708934,21,2230,80.0,-2.586892,8,610,5.366885,22,1380,[0 -1],-1,2,40.4889432472,60.90382
3717,69,1.712204,21,2230,80.0,-2.562435,8,610,5.363904,22,1380,[0 -1],0,1,59.5209277451,67.461845
3717,69,1.712204,21,2230,80.0,-2.562435,8,610,5.363904,22,1380,[0 -1],-1,2,40.4790722549,60.798225
3724,69,1.705702,21,2240,80.0,-2.637977,8,610,5.364725,22,1380,[0 -1],0,1,60.264816973,67.043671
3724,69,1.705702,21,2240,80.0,-2.637977,8,610,5.364725,22,1380,[0 -1],-1,2,39.735183027,60.445107
3729,69,1.69057,21,2230,80.0,-2.628219,8,600,5.351436,22,1400,[0 -1],0,1,61.6965278462,67.10424
3729,69,1.69057,21,2230,80.0,-2.628219,8,600,5.351436,22,1400,[0 -1],-1,2,38.3034721538,60.742424
3738,70,1.707759,21,2220,80.0,-2.575137,8,620,5.354092,22,1380,[0 -1],0,1,61.3818551979,67.367897
3738,70,1.707759,21,2220,80.0,-2.575137,8,620,5.354092,22,1380,[0 -1],-1,2,38.6181448021,60.946037
3742,70,1.686012,21,2200,80.0,-2.564803,8,620,5.338594,22,1400,[0 -1],0,1,62.6770619146,67.177132
3742,70,1.686012,21,2200,80.0,-2.564803,8,620,5.338594,22,1400,[0 -1],-1,2,37.3229380854,61.076973
3746,67,1.635674,21,2190,80.0,-2.654228,8,590,5.313515,22,1460,[-1],-1,1,100.0,54.960999
3752,66,1.64815,21,2210,80.0,-2.62495,8,570,5.337412,22,1450,[-1],-1,1,100.0,62.389431
3758,59,1.702825,21,2290,80.0,-2.645079,8,520,5.472143,22,1410,[0 -1],0,1,63.5984989072,67.196373
3758,59,1.702825,21,2290,80.0,-2.645079,8,520,5.472143,22,1410,[0 -1],-1,2,36.4015010928,61.115803
3760,72,1.678792,21,2190,80.0,-2.576271,8,630,5.307167,22,1400,[0],0,1,100.0,64.577995
3762,69,1.689059,21,2210,80.0,-2.566694,8,610,5.349846,22,1400,[0 -1],0,1,62.992629202,66.976952
3762,69,1.689059,21,2210,80.0,-2.566694,8,610,5.349846,22,1400,[0 -1],-1,2,37.007370798,60.855209
3764,71,1.670216,21,2190,80.0,-2.579034,8,620,5.30899,22,1410,[0],0,1,100.0,64.016449
3769,62,1.703429,21,2270,80.0,-2.600308,8,540,5.438864,22,1410,[0 -1],0,1,63.3209606382,67.265572
3769,62,1.703429,21,2270,80.0,-2.600308,8,540,5.438864,22,1410,[0 -1],-1,2,36.6790393618,61.121834
3772,70,1.67605,21,2190,80.0,-2.562408,8,620,5.3274,22,1410,[0 -1],0,1,63.0122818358,66.712395
3772,70,1.67605,21,2190,80.0,-2.562408,8,620,5.3274,22,1410,[0 -1],-1,2,36.9877181642,60.907009
3775,55,1.721316,21,2310,80.0,-2.570364,8,490,5.525771,22,1410,[0 -1],0,1,55.1330282082,67.057938
3775,55,1.721316,21,2310,80.0,-2.570364,8,490,5.525771,22,1410,[0 -1],-1,2,44.8669717918,61.310432
3777,52,1.720132,21,2320,80.0,-2.515427,8,460,5.578448,22,1410,[-1],-1,1,100.0,63.628452
3782,62,1.702794,21,2270,80.0,-2.595947,8,540,5.437805,22,1410,[0 -1],0,1,63.4130512828,67.120369
3782,62,1.702794,21,2270,80.0,-2.595947,8,540,5.437805,22,1410,[0 -1],-1,2,36.5869487172,61.19437
3787,70,1.672289,21,2190,80.0,-2.542151,8,610,5.330919,22,1410,[0 -1],0,1,63.0025350539,66.864876
3787,70,1.672289,21,2190,80.0,-2.542151,8,610,5.330919,22,1410,[0 -1],-1,2,36.9974649461,61.108871
3792,54,1.723435,21,2310,80.0,-2.519582,8,480,5.550607,22,1410,[0 -1],0,1,55.5250533411,66.986839
3792,54,1.723435,21,2310,80.0,-2.519582,8,480,5.550607,22,1410,[0 -1],-1,2,44.4749466589,61.34877
3797,53,1.705118,21,2310,80.0,-2.593631,8,470,5.535315,22,1430,[-1],-1,1,100.0,63.500996
3800,70,1.691383,21,2200,80.0,-2.541472,8,620,5.317624,22,1410,[0],0,1,100.0,63.966278
3802,70,1.689821,21,2200,80.0,-2.550938,8,620,5.320311,22,1410,[0],0,1,100.0,63.8867
3806,71,1.666749,21,2190,80.0,-2.592114,8,620,5.314266,22,1410,[0],0,1,100.0,64.062508
3813,62,1.692785,21,2260,80.0,-2.601903,8,540,5.429402,22,1420,[0],0,1,100.0,63.578308
3820,53,1.706008,21,2300,80.0,-2.53322,8,470,5.535214,22,1440,[-1],-1,1,100.0,63.846951
3824,56,1.697605,21,2300,80.0,-2.628652,8,490,5.510655,22,1420,[0 -1],0,1,55.3868649048,67.405029
3824,56,1.697605,21,2300,80.0,-2.628652,8,490,5.510655,22,1420,[0 -1],-1,2,44.6131350952,61.788517
3827,63,1.679093,21,2240,80.0,-2.594146,8,550,5.396649,22,1440,[0],0,1,100.0,63.582726
3831,71,1.664613,21,2190,80.0,-2.603696,8,620,5.312455,22,1420,[0],0,1,100.0,64.148636
3837,72,1.651341,21,2170,80.0,-2.598269,8,630,5.27928,22,1440,[0],0,1,100.0,63.755337
3841,71,1.668914,21,2190,80.0,-2.584723,8,620,5.30329,22,1420,[0],0,1,100.0,63.440453
3845,53,1.707774,21,2300,80.0,-2.519605,8,470,5.541705,22,1430,[-1],-1,1,100.0,63.855774
3849,56,1.66889,21,2270,80.0,-2.632368,8,490,5.462135,22,1470,[-1],-1,1,100.0,62.267349
3855,71,1.661426,21,2190,80.0,-2.613043,8,620,5.310344,22,1420,[0],0,1,100.0,63.801167
3856,58,1.67784,21,2260,80.0,-2.579553,8,510,5.445554,22,1450,[0 -1],0,1,63.7713478399,67.244553
3856,58,1.67784,21,2260,80.0,-2.579553,8,510,5.445554,22,1450,[0 -1],-1,2,36.2286521601,62.000038
3862,72,1.654726,21,2190,80.0,-2.603554,8,610,5.29842,22,1420,[0],0,1,100.0,64.208267
3867,63,1.65994,21,2220,80.0,-2.616674,8,560,5.383009,22,1450,[0],0,1,100.0,64.290901
3872,61,1.67658,21,2250,80.0,-2.629874,8,540,5.405979,22,1450,[0 -1],0,1,63.4552794424,67.203072
3872,61,1.67658,21,2250,80.0,-2.629874,8,540,5.405979,22,1450,[0 -1],-1,2,36.5447205576,62.037094
3877,63,1.6488,21,2210,80.0,-2.601104,8,550,5.357091,22,1480,[-1],-1,1,100.0,63.164909
3880,65,1.672777,21,2210,80.0,-2.562156,8,580,5.348511,22,1450,[0 -1],0,1,62.8562079415,66.673668
3880,65,1.672777,21,2210,80.0,-2.562156,8,580,5.348511,22,1450,[0 -1],-1,2,37.1437920585,62.178471
3885,70,1.596778,21,2130,80.0,-2.598619,8,610,5.230094,22,1510,[-1],-1,1,100.0,57.451599
3888,62,1.678584,21,2240,80.0,-2.606067,8,550,5.387909,22,1450,[0],0,1,100.0,64.557854
3893,61,1.659721,21,2230,80.0,-2.614129,8,540,5.380117,22,1470,[0 -1],0,1,63.6317695612,67.030869
3893,61,1.659721,21,2230,80.0,-2.614129,8,540,5.380117,22,1470,[0 -1],-1,2,36.3682304388,62.329384
3896,59,1.662754,21,2240,80.0,-2.604002,8,520,5.418805,22,1470,[0 -1],0,1,64.0005059662,66.931885
3896,59,1.662754,21,2240,80.0,-2.604002,8,520,5.418805,22,1470,[0 -1],-1,2,35.9994940338,62.447933
3912,69,1.577497,21,2100,80.0,-2.57594,8,610,5.203474,22,1550,[0],0,1,100.0,64.570534
3916,61,1.65626,21,2230,80.0,-2.631398,8,540,5.386022,22,1470,[0 -1],0,1,63.9939847088,66.886635
3916,61,1.65626,21,2230,80.0,-2.631398,8,540,5.386022,22,1470,[0 -1],-1,2,36.0060152912,62.499195
3922,62,1.642227,21,2210,80.0,-2.622854,8,550,5.365162,22,1480,[0 -1],0,1,64.3509091686,66.810295
3922,62,1.642227,21,2210,80.0,-2.622854,8,550,5.365162,22,1480,[0 -1],-1,2,35.6490908314,62.604763
3927,63,1.659514,21,2220,80.0,-2.587207,8,550,5.374419,22,1460,[0 -1],0,1,63.6493178515,66.314728
3927,63,1.659514,21,2220,80.0,-2.587207,8,550,5.374419,22,1460,[0 -1],-1,2,36.3506821485,62.310173
3932,63,1.644366,21,2200,80.0,-2.604128,8,560,5.347775,22,1480,[0],0,1,100.0,64.519608
3937,62,1.662773,21,2230,80.0,-2.589103,8,540,5.388001,22,1460,[0 -1],0,1,62.7219101519,66.744919
3937,62,1.662773,21,2230,80.0,-2.589103,8,540,5.388001,22,1460,[0 -1],-1,2,37.2780898481,62.483212
3941,64,1.658443,21,2210,80.0,-2.576925,8,560,5.352448,22,1470,[0],0,1,100.0,63.670959
3945,56,1.670917,21,2270,80.0,-2.616164,8,490,5.461722,22,1460,[-1],-1,1,100.0,63.819332
3950,63,1.659405,21,2220,80.0,-2.587985,8,550,5.374552,22,1460,[0 -1],0,1,63.1765372627,67.209221
3950,63,1.659405,21,2220,80.0,-2.587985,8,550,5.374552,22,1460,[0 -1],-1,2,36.8234627373,62.566948
3955,63,1.65938,21,2220,80.0,-2.588153,8,550,5.374578,22,1460,[0 -1],0,1,63.1564036094,67.200493
3955,63,1.65938,21,2220,80.0,-2.588153,8,550,5.374578,22,1460,[0 -1],-1,2,36.8435963906,62.656616
3958,68,1.625902,21,2160,80.0,-2.594254,8,600,5.284411,22,1480,[-1],-1,1,100.0,56.182728
3963,66,1.592382,21,2140,80.0,-2.609939,8,580,5.245052,22,1540,[0 -1],0,1,3.53317486868,67.790855
3963,66,1.592382,21,2140,80.0,-2.609939,8,580,5.245052,22,1540,[0 -1],-1,2,96.4668251313,58.684891
3968,63,1.658443,21,2220,80.0,-2.60167,8,550,5.365376,22,1470,[0 -1],0,1,63.267903609,66.98027
3968,63,1.658443,21,2220,80.0,-2.60167,8,550,5.365376,22,1470,[0 -1],-1,2,36.732096391,62.680077
3974,63,1.644168,21,2200,80.0,-2.60554,8,560,5.348026,22,1480,[-1],-1,1,100.0,62.830963
3975,63,1.65841,21,2220,80.0,-2.601903,8,550,5.365419,22,1470,[0 -1],0,1,62.8393873333,66.915283
3975,63,1.65841,21,2220,80.0,-2.601903,8,550,5.365419,22,1470,[0 -1],-1,2,37.1606126667,62.682308
3977,61,1.644035,21,2220,80.0,-2.643774,8,540,5.37855,22,1480,[-1],-1,1,100.0,62.908558
3982,62,1.647837,21,2210,80.0,-2.608863,8,550,5.361053,22,1480,[-1],-1,1,100.0,62.893967
3987,62,1.657917,21,2220,80.0,-2.609412,8,550,5.36857,22,1470,[0 -1],0,1,3.79601715426,67.107498
3987,62,1.657917,21,2220,80.0,-2.609412,8,550,5.36857,22,1470,[0 -1],-1,2,96.2039828457,56.608585
3992,66,1.631009,21,2180,80.0,-2.623801,8,580,5.300677,22,1490,[-1],-1,1,100.0,56.359344
3995,63,1.631072,21,2190,80.0,-2.617766,8,560,5.341887,22,1490,[0 -1],0,1,3.881144429,67.698662
3995,63,1.631072,21,2190,80.0,-2.617766,8,560,5.341887,22,1490,[0 -1],-1,2,96.118855571,56.889526
3998,63,1.645949,21,2200,80.0,-2.58957,8,560,5.345938,22,1480,[0],0,1,100.0,64.529228
3999,63,1.648695,21,2210,80.0,-2.602692,8,550,5.354861,22,1480,[-1],-1,1,100.0,63.005604
3008,71,1.969865,21,2450,80.0,-2.56775,8,620,5.55321,22,1100,[0 -1],0,1,54.6910843126,67.436226
3008,71,1.969865,21,2450,80.0,-2.56775,8,620,5.55321,22,1100,[0 -1],-1,2,45.3089156874,61.361828
3028,73,2.010432,21,2480,80.0,-2.587024,8,640,5.566685,22,1040,[0 -1],0,1,55.6935765426,67.385048
3028,73,2.010432,21,2480,80.0,-2.587024,8,640,5.566685,22,1040,[0 -1],-1,2,44.3064234574,59.978546
3083,42,2.08711,21,2680,80.0,-2.584385,8,390,5.978307,22,1070,[0 -1],0,1,53.669681883,67.765388
3083,42,2.08711,21,2680,80.0,-2.584385,8,390,5.978307,22,1070,[0 -1],-1,2,46.330318117,58.685818
3096,72,1.902282,21,2380,80.0,-2.576627,8,640,5.491037,22,1160,[0 -1],0,1,56.2620373058,67.379158
3096,72,1.902282,21,2380,80.0,-2.576627,8,640,5.491037,22,1160,[0 -1],-1,2,43.7379626942,62.648373
3127,52,1.892859,21,2480,80.0,-2.637272,8,470,5.711079,22,1230,[-1],-1,1,100.0,55.041824
3132,44,2.057823,21,2660,80.0,-2.603219,8,390,5.933027,22,1100,[-1],-1,1,100.0,52.420731
3142,44,2.100942,21,2680,80.0,-2.599492,8,410,5.961064,22,1060,[-1],-1,1,100.0,51.458729
3149,46,1.989581,21,2580,80.0,-2.584321,8,420,5.854641,22,1150,[-1],-1,1,100.0,53.244438
3154,44,2.10086,21,2680,80.0,-2.600078,8,410,5.95335,22,1070,[0 -1],0,1,0.718694216612,69.253059
3154,44,2.10086,21,2680,80.0,-2.600078,8,410,5.95335,22,1070,[0 -1],-1,2,99.2813057834,52.32959
3158,44,1.933819,21,2550,80.0,-2.594728,8,400,5.851761,22,1200,[-1],-1,1,100.0,54.019791
3166,45,1.986896,21,2590,80.0,-2.580265,8,400,5.877221,22,1160,[-1],-1,1,100.0,53.661457
3169,66,1.865588,21,2390,80.0,-2.572073,8,570,5.533726,22,1220,[0 -1],0,1,53.6688982126,67.380028
3169,66,1.865588,21,2390,80.0,-2.572073,8,570,5.533726,22,1220,[0 -1],-1,2,46.3311017874,57.786118
3173,45,1.993767,21,2590,80.0,-2.577468,8,410,5.868011,22,1150,[-1],-1,1,100.0,53.425804
3182,48,1.884247,21,2490,80.0,-2.638854,8,440,5.7623,22,1240,[-1],-1,1,100.0,54.874531
3187,71,1.805296,21,2300,80.0,-2.573041,8,630,5.426836,22,1260,[0 -1],0,1,57.1003899965,66.984894
3187,71,1.805296,21,2300,80.0,-2.573041,8,630,5.426836,22,1260,[0 -1],-1,2,42.8996100035,58.731678
3193,45,1.947695,21,2560,80.0,-2.583684,8,400,5.855914,22,1190,[-1],-1,1,100.0,54.19968
3202,44,1.979579,21,2590,80.0,-2.620821,8,400,5.885812,22,1160,[-1],-1,1,100.0,53.960335
3209,44,1.920123,21,2530,80.0,-2.60271,8,410,5.854075,22,1220,[0 -1],0,1,0.379487815465,68.819199
3209,44,1.920123,21,2530,80.0,-2.60271,8,410,5.854075,22,1220,[0 -1],-1,2,99.6205121845,54.998638
3213,45,1.943666,21,2550,80.0,-2.592192,8,410,5.842112,22,1190,[-1],-1,1,100.0,54.740894
3217,70,1.770958,21,2290,80.0,-2.60324,8,610,5.418925,22,1300,[0 -1],0,1,58.759089104,67.259285
3217,70,1.770958,21,2290,80.0,-2.60324,8,610,5.418925,22,1300,[0 -1],-1,2,41.240910896,59.171585
3223,43,1.885763,21,2520,80.0,-2.615782,8,390,5.840931,22,1240,[-1],-1,1,100.0,55.450169
3227,58,1.853631,21,2410,80.0,-2.544426,8,510,5.606894,22,1260,[0 -1],0,1,44.798720965,67.183746
3227,58,1.853631,21,2410,80.0,-2.544426,8,510,5.606894,22,1260,[0 -1],-1,2,55.201279035,57.112873
3242,45,1.887156,21,2510,80.0,-2.581862,8,400,5.818104,22,1250,[-1],-1,1,100.0,55.44981
3251,45,1.910374,21,2530,80.0,-2.586396,8,400,5.836754,22,1220,[-1],-1,1,100.0,55.236752
3256,69,1.793033,21,2300,80.0,-2.564965,8,610,5.442377,22,1280,[0 -1],0,1,58.1373445626,67.260628
3256,69,1.793033,21,2300,80.0,-2.564965,8,610,5.442377,22,1280,[0 -1],-1,2,41.8626554374,59.048557
3266,45,1.83126,21,2460,80.0,-2.594662,8,410,5.770979,22,1300,[0 -1],0,1,0.794803209782,70.188728
3266,45,1.83126,21,2460,80.0,-2.594662,8,410,5.770979,22,1300,[0 -1],-1,2,99.2051967902,56.598438
3272,54,1.828164,21,2410,80.0,-2.613464,8,490,5.64913,22,1280,[-1],-1,1,100.0,57.020615
3276,68,1.79923,21,2330,80.0,-2.623021,8,590,5.456265,22,1280,[0 -1],0,1,54.2064752267,67.441811
3276,68,1.79923,21,2330,80.0,-2.623021,8,590,5.456265,22,1280,[0 -1],-1,2,45.7935247733,58.616276
3287,70,1.772642,21,2290,80.0,-2.558628,8,600,5.430584,22,1280,[0 -1],0,1,50.4824867573,67.675285
3287,70,1.772642,21,2290,80.0,-2.558628,8,600,5.430584,22,1280,[0 -1],-1,2,49.5175132427,58.799988
3292,65,1.97288,21,2490,80.0,-2.587365,8,560,5.616364,22,1110,[0 -1],0,1,8.6425824349,67.049469
3292,65,1.97288,21,2490,80.0,-2.587365,8,560,5.616364,22,1110,[0 -1],-1,2,91.3574175651,53.482883
3306,47,1.83581,21,2450,80.0,-2.596643,8,430,5.760019,22,1290,[0 -1],0,1,0.793762562573,69.713455
3306,47,1.83581,21,2450,80.0,-2.596643,8,430,5.760019,22,1290,[0 -1],-1,2,99.2062374374,56.651859
3310,65,1.904241,21,2410,80.0,-2.546164,8,580,5.557005,22,1190,[0 -1],0,1,5.55895645831,68.556709
3310,65,1.904241,21,2410,80.0,-2.546164,8,580,5.557005,22,1190,[0 -1],-1,2,94.4410435417,55.773869
3320,48,1.828046,21,2450,80.0,-2.628462,8,430,5.744027,22,1280,[0 -1],0,1,0.790089364477,69.63279
3320,48,1.828046,21,2450,80.0,-2.628462,8,430,5.744027,22,1280,[0 -1],-1,2,99.2099106355,56.468365
3325,62,1.750054,21,2310,80.0,-2.576998,8,540,5.494712,22,1340,[0 -1],0,1,61.4711080897,66.904259
3325,62,1.750054,21,2310,80.0,-2.576998,8,540,5.494712,22,1340,[0 -1],-1,2,38.5288919103,59.449261
3334,65,1.854007,21,2370,80.0,-2.564563,8,580,5.530639,22,1230,[0 -1],0,1,4.41632879462,68.325661
3334,65,1.854007,21,2370,80.0,-2.564563,8,580,5.530639,22,1230,[0 -1],-1,2,95.5836712054,56.860825
3339,72,1.702688,21,2230,80.0,-2.620439,8,620,5.355963,22,1350,[0 -1],0,1,59.2826172645,66.398491
3339,72,1.702688,21,2230,80.0,-2.620439,8,620,5.355963,22,1350,[0 -1],-1,2,40.7173827355,60.3731
3344,46,1.82619,21,2450,80.0,-2.603186,8,420,5.763556,22,1300,[0 -1],0,1,0.792636154436,69.663803
3344,46,1.82619,21,2450,80.0,-2.603186,8,420,5.763556,22,1300,[0 -1],-1,2,99.2073638456,57.248695
3348,47,1.81739,21,2430,80.0,-2.557954,8,430,5.741758,22,1300,[-1],-1,1,100.0,57.31461
3351,48,1.823932,21,2450,80.0,-2.637958,8,430,5.737967,22,1300,[0 -1],0,1,0.789917684953,69.634552
3351,48,1.823932,21,2450,80.0,-2.637958,8,430,5.737967,22,1300,[0 -1],-1,2,99.210082315,57.270599
3362,52,1.801725,21,2390,80.0,-2.588931,8,480,5.653752,22,1320,[0 -1],0,1,51.5845347313,67.014229
3362,52,1.801725,21,2390,80.0,-2.588931,8,480,5.653752,22,1320,[0 -1],-1,2,48.4154652687,58.163601
3369,56,1.781036,21,2370,80.0,-2.60316,8,490,5.591323,22,1320,[0 -1],0,1,53.865931561,67.095802
3369,56,1.781036,21,2370,80.0,-2.60316,8,490,5.591323,22,1320,[0 -1],-1,2,46.134068439,58.635563
3376,46,1.818519,21,2440,80.0,-2.579863,8,420,5.74207,22,1320,[0 -1],0,1,0.794007683116,69.431396
3376,46,1.818519,21,2440,80.0,-2.579863,8,420,5.74207,22,1320,[0 -1],-1,2,99.2059923169,57.76804
3380,47,1.823783,21,2440,80.0,-2.594439,8,430,5.743839,22,1310,[0 -1],0,1,0.399032025538,69.850967
3380,47,1.823783,21,2440,80.0,-2.594439,8,430,5.743839,22,1310,[0 -1],-1,2,99.6009679745,57.717377
3398,68,1.727601,21,2250,80.0,-2.558277,8,600,5.403179,22,1350,[0 -1],0,1,60.2628678266,66.85276
3398,68,1.727601,21,2250,80.0,-2.558277,8,600,5.403179,22,1350,[0 -1],-1,2,39.7371321734,59.856628
3403,52,1.803629,21,2390,80.0,-2.58665,8,480,5.656293,22,1310,[0 -1],0,1,0.408173979237,69.868912
3403,52,1.803629,21,2390,80.0,-2.58665,8,480,5.656293,22,1310,[0 -1],-1,2,99.5918260208,57.832687
3408,57,1.768735,21,2340,80.0,-2.565379,8,510,5.563639,22,1350,[0],0,1,100.0,63.741665
3420,71,1.677772,21,2200,80.0,-2.56203,8,610,5.315007,22,1410,[0],0,1,100.0,63.961624
3422,51,1.809708,21,2410,80.0,-2.592091,8,460,5.682264,22,1310,[0 -1],0,1,51.9315034651,67.005379
3422,51,1.809708,21,2410,80.0,-2.592091,8,460,5.682264,22,1310,[0 -1],-1,2,48.0684965349,58.261826
3426,49,1.809839,21,2430,80.0,-2.62857,8,440,5.717808,22,1310,[0 -1],0,1,0.79836709384,69.590454
3426,49,1.809839,21,2430,80.0,-2.62857,8,440,5.717808,22,1310,[0 -1],-1,2,99.2016329062,57.958839
3433,77,1.632616,21,2140,80.0,-2.597628,8,660,5.224543,22,1430,[0 -1],0,1,51.9550370783,66.419022
3433,77,1.632616,21,2140,80.0,-2.597628,8,660,5.224543,22,1430,[0 -1],-1,2,48.0449629217,61.783398
3440,66,1.70037,21,2240,80.0,-2.612407,8,590,5.38885,22,1390,[0 -1],0,1,60.5115068033,66.378441
3440,66,1.70037,21,2240,80.0,-2.612407,8,590,5.38885,22,1390,[0 -1],-1,2,39.4884931967,61.103542
3445,47,1.805564,21,2420,80.0,-2.606043,8,440,5.725274,22,1320,[0 -1],0,1,50.9485024668,67.061234
3445,47,1.805564,21,2420,80.0,-2.606043,8,440,5.725274,22,1320,[0 -1],-1,2,49.0514975332,58.330448
3450,48,1.78964,21,2420,80.0,-2.646015,8,430,5.713836,22,1330,[0 -1],0,1,51.3177993528,67.035347
3450,48,1.78964,21,2420,80.0,-2.646015,8,430,5.713836,22,1330,[0 -1],-1,2,48.6822006472,58.412994
3455,53,1.788691,21,2390,80.0,-2.615791,8,470,5.648205,22,1320,[0 -1],0,1,1.21293269799,69.399178
3455,53,1.788691,21,2390,80.0,-2.615791,8,470,5.648205,22,1320,[0 -1],-1,2,98.787067302,58.160942
3465,48,1.793287,21,2420,80.0,-2.619103,8,430,5.70723,22,1330,[0 -1],0,1,53.1968846224,67.013878
3465,48,1.793287,21,2420,80.0,-2.619103,8,430,5.70723,22,1330,[0 -1],-1,2,46.8031153776,58.521641
3470,49,1.781535,21,2400,80.0,-2.600655,8,440,5.683098,22,1340,[0 -1],0,1,55.835995046,66.906082
3470,49,1.781535,21,2400,80.0,-2.600655,8,440,5.683098,22,1340,[0 -1],-1,2,44.164004954,58.704674
3473,48,1.806852,21,2420,80.0,-2.598782,8,440,5.723794,22,1320,[-1],-1,1,100.0,63.02528
3477,49,1.794599,21,2410,80.0,-2.639858,8,450,5.696631,22,1320,[0 -1],0,1,51.1337897998,66.928703
3477,49,1.794599,21,2410,80.0,-2.639858,8,450,5.696631,22,1320,[0 -1],-1,2,48.8662102002,58.318066
3486,49,1.780402,21,2400,80.0,-2.60528,8,440,5.682961,22,1340,[0 -1],0,1,56.385217721,66.94574
3486,49,1.780402,21,2400,80.0,-2.60528,8,440,5.682961,22,1340,[0 -1],-1,2,43.614782279,58.896587
3496,55,1.777983,21,2360,80.0,-2.61892,8,500,5.589587,22,1340,[0 -1],0,1,54.5432797735,67.92308
3496,55,1.777983,21,2360,80.0,-2.61892,8,500,5.589587,22,1340,[0 -1],-1,2,45.4567202265,63.352482
3500,48,1.772593,21,2400,80.0,-2.656369,8,440,5.693312,22,1340,[0 -1],0,1,0.808934815511,69.771835
3500,48,1.772593,21,2400,80.0,-2.656369,8,440,5.693312,22,1340,[0 -1],-1,2,99.1910651845,58.667248
3511,70,1.695878,21,2210,80.0,-2.570812,8,620,5.34681,22,1390,[0 -1],0,1,60.7172358789,66.418381
3511,70,1.695878,21,2210,80.0,-2.570812,8,620,5.34681,22,1390,[0 -1],-1,2,39.2827641211,60.953514
3512,61,1.72604,21,2300,80.0,-2.61569,8,530,5.479095,22,1380,[0 -1],0,1,62.2511954878,66.319176
3512,61,1.72604,21,2300,80.0,-2.61569,8,530,5.479095,22,1380,[0 -1],-1,2,37.7488045122,60.408882
3525,54,1.773069,21,2370,80.0,-2.66495,8,490,5.615971,22,1340,[0 -1],0,1,0.412521554583,69.976662
3525,54,1.773069,21,2370,80.0,-2.66495,8,490,5.615971,22,1340,[0 -1],-1,2,99.5874784454,58.946178
3533,68,1.672046,21,2220,80.0,-2.637598,8,590,5.345303,22,1420,[0 -1],0,1,61.0314454704,66.538422
3533,68,1.672046,21,2220,80.0,-2.637598,8,590,5.345303,22,1420,[0 -1],-1,2,38.9685545296,61.645767
3537,49,1.770911,21,2390,80.0,-2.640728,8,450,5.663199,22,1360,[0 -1],0,1,56.2068829582,67.281525
3537,49,1.770911,21,2390,80.0,-2.640728,8,450,5.663199,22,1360,[0 -1],-1,2,43.7931170418,59.43169
3540,70,1.692447,21,2220,80.0,-2.597199,8,610,5.344652,22,1390,[0 -1],0,1,60.4111180371,66.409431
3540,70,1.692447,21,2220,80.0,-2.597199,8,610,5.344652,22,1390,[0 -1],-1,2,39.5888819629,61.238098
3551,73,1.67095,21,2190,80.0,-2.594542,8,630,5.306935,22,1390,[0],0,1,100.0,63.337654
3555,67,1.665873,21,2210,80.0,-2.613893,8,590,5.353186,22,1430,[0 -1],0,1,61.2473611879,65.903015
3555,67,1.665873,21,2210,80.0,-2.613893,8,590,5.353186,22,1430,[0 -1],-1,2,38.7526388121,61.889801
3561,66,1.678415,21,2230,80.0,-2.631755,8,580,5.362428,22,1430,[0 -1],0,1,61.4119704406,65.970291
3561,66,1.678415,21,2230,80.0,-2.631755,8,580,5.362428,22,1430,[0 -1],-1,2,38.5880295594,61.862297
3563,67,1.736636,21,2290,80.0,-2.655294,8,580,5.439671,22,1330,[0 -1],0,1,44.282872625,67.579987
3563,67,1.736636,21,2290,80.0,-2.655294,8,580,5.439671,22,1330,[0 -1],-1,2,55.717127375,59.194424
3572,70,1.698984,21,2230,80.0,-2.58285,8,600,5.364418,22,1370,[0 -1],0,1,60.7714957945,66.76532
3572,70,1.698984,21,2230,80.0,-2.58285,8,600,5.364418,22,1370,[0 -1],-1,2,39.2285042055,60.71339
3576,55,1.739833,21,2330,80.0,-2.577044,8,490,5.572587,22,1370,[0 -1],0,1,54.8490350346,67.386177
3576,55,1.739833,21,2330,80.0,-2.577044,8,490,5.572587,22,1370,[0 -1],-1,2,45.1509649654,60.023315
3581,69,1.759929,21,2290,80.0,-2.621449,8,600,5.423246,22,1310,[0 -1],0,1,45.4938322256,67.759155
3581,69,1.759929,21,2290,80.0,-2.621449,8,600,5.423246,22,1310,[0 -1],-1,2,54.5061677744,59.352982
3597,68,1.724866,21,2250,80.0,-2.578771,8,600,5.396395,22,1360,[0 -1],0,1,49.3583855254,67.473251
3597,68,1.724866,21,2250,80.0,-2.578771,8,600,5.396395,22,1360,[0 -1],-1,2,50.6416144746,59.75684
3610,50,1.746035,21,2360,80.0,-2.642552,8,460,5.621551,22,1390,[0 -1],0,1,56.7170741456,67.402992
3610,50,1.746035,21,2360,80.0,-2.642552,8,460,5.621551,22,1390,[0 -1],-1,2,43.2829258544,60.296173
3614,53,1.761179,21,2350,80.0,-2.51534,8,470,5.602902,22,1370,[0 -1],0,1,55.8046650335,66.845688
3614,53,1.761179,21,2350,80.0,-2.51534,8,470,5.602902,22,1370,[0 -1],-1,2,44.1953349665,59.970173
3616,57,1.739207,21,2330,80.0,-2.664809,8,510,5.536734,22,1380,[0 -1],0,1,59.4690598889,66.945503
3616,57,1.739207,21,2330,80.0,-2.664809,8,510,5.536734,22,1380,[0 -1],-1,2,40.5309401111,59.714596
3625,51,1.757118,21,2370,80.0,-2.624202,8,460,5.647292,22,1360,[0 -1],0,1,55.5761638536,67.372559
3625,51,1.757118,21,2370,80.0,-2.624202,8,460,5.647292,22,1360,[0 -1],-1,2,44.4238361464,59.918034
3628,50,1.7497,21,2370,80.0,-2.63446,8,450,5.650829,22,1370,[-1],-1,1,100.0,63.717674
3636,48,1.757858,21,2370,80.0,-2.547459,8,440,5.656763,22,1380,[0 -1],0,1,55.7152698657,66.971397
3636,48,1.757858,21,2370,80.0,-2.547459,8,440,5.656763,22,1380,[0 -1],-1,2,44.2847301343,60.613312
3642,50,1.757785,21,2370,80.0,-2.639827,8,460,5.632376,22,1380,[0 -1],0,1,55.4650947636,67.382828
3642,50,1.757785,21,2370,80.0,-2.639827,8,460,5.632376,22,1380,[0 -1],-1,2,44.5349052364,60.311993
3649,70,1.644125,21,2160,80.0,-2.56121,8,620,5.291237,22,1450,[-1],-1,1,100.0,55.340614
3652,70,1.662626,21,2190,80.0,-2.620706,8,620,5.310029,22,1420,[0],0,1,100.0,63.768578
3660,54,1.72814,21,2330,80.0,-2.572435,8,470,5.571925,22,1390,[0 -1],0,1,55.5190962883,67.227005
3660,54,1.72814,21,2330,80.0,-2.572435,8,470,5.571925,22,1390,[0 -1],-1,2,44.4809037117,60.351604
3670,55,1.721224,21,2330,80.0,-2.594803,8,470,5.557533,22,1390,[0 -1],0,1,55.332561084,66.798996
3670,55,1.721224,21,2330,80.0,-2.594803,8,470,5.557533,22,1390,[0 -1],-1,2,44.667438916,60.889675
3678,57,1.713019,21,2300,80.0,-2.582004,8,500,5.499129,22,1410,[0 -1],0,1,54.5972701365,67.165504
3678,57,1.713019,21,2300,80.0,-2.582004,8,500,5.499129,22,1410,[0 -1],-1,2,45.4027298635,63.049664
3681,67,1.664489,21,2220,80.0,-2.63693,8,580,5.354505,22,1420,[0 -1],0,1,61.5541199587,66.478378
3681,67,1.664489,21,2220,80.0,-2.63693,8,580,5.354505,22,1420,[0 -1],-1,2,38.4458800413,61.877022
3686,52,1.735134,21,2330,80.0,-2.598042,8,480,5.577753,22,1400,[0 -1],0,1,55.5551064948,67.641113
3686,52,1.735134,21,2330,80.0,-2.598042,8,480,5.577753,22,1400,[0 -1],-1,2,44.4448935052,60.771542
3691,70,1.643765,21,2160,80.0,-2.531424,8,610,5.27236,22,1470,[-1],-1,1,100.0,55.781322
3698,37,1.749611,21,2430,80.0,-2.589297,8,340,5.625751,22,1410,[0 -1],0,1,59.9897046522,66.235069
3698,37,1.749611,21,2430,80.0,-2.589297,8,340,5.625751,22,1410,[0 -1],-1,2,40.0102953478,60.364735
3702,68,1.693459,21,2220,80.0,-2.567498,8,600,5.36575,22,1390,[0 -1],0,1,62.3663063777,66.994194
3702,68,1.693459,21,2220,80.0,-2.567498,8,600,5.36575,22,1390,[0 -1],-1,2,37.6336936223,60.6754
3713,70,1.638007,21,2170,80.0,-2.595342,8,610,5.298296,22,1440,[0],0,1,100.0,63.620567
3718,59,1.725569,21,2300,80.0,-2.597634,8,520,5.496971,22,1390,[0 -1],0,1,61.2474618771,67.463585
3718,59,1.725569,21,2300,80.0,-2.597634,8,520,5.496971,22,1390,[0 -1],-1,2,38.7525381229,60.686638
3721,70,1.633461,21,2150,80.0,-2.574495,8,620,5.261016,22,1480,[0 -1],0,1,3.50549193737,67.468582
3721,70,1.633461,21,2150,80.0,-2.574495,8,620,5.261016,22,1480,[0 -1],-1,2,96.4945080626,56.372532
3725,69,1.631918,21,2160,80.0,-2.597095,8,610,5.276486,22,1480,[0 -1],0,1,61.315142612,66.449417
3725,69,1.631918,21,2160,80.0,-2.597095,8,610,5.276486,22,1480,[0 -1],-1,2,38.684857388,61.841637
3732,58,1.719377,21,2300,80.0,-2.593526,8,510,5.497548,22,1400,[0],0,1,100.0,63.900219
3738,53,1.736607,21,2330,80.0,-2.538071,8,470,5.585779,22,1390,[0 -1],0,1,55.599709036,67.179802
3738,53,1.736607,21,2330,80.0,-2.538071,8,470,5.585779,22,1390,[0 -1],-1,2,44.400290964,60.918068
3744,71,1.686989,21,2210,80.0,-2.599285,8,620,5.335958,22,1390,[0 -1],0,1,62.4292302235,67.341393
3744,71,1.686989,21,2210,80.0,-2.599285,8,620,5.335958,22,1390,[0 -1],-1,2,37.5707697765,61.134663
3746,69,1.634135,21,2160,80.0,-2.58818,8,610,5.283719,22,1470,[0 -1],0,1,3.05467874962,67.505348
3746,69,1.634135,21,2160,80.0,-2.58818,8,610,5.283719,22,1470,[0 -1],-1,2,96.9453212504,55.994644
3753,61,1.661584,21,2230,80.0,-2.608666,8,540,5.388483,22,1460,[-1],-1,1,100.0,62.643948
3759,52,1.720213,21,2320,80.0,-2.514793,8,460,5.578358,22,1410,[-1],-1,1,100.0,63.765762
3766,59,1.69916,21,2270,80.0,-2.592824,8,530,5.452743,22,1430,[0],0,1,100.0,63.923264
3775,61,1.68724,21,2260,80.0,-2.626389,8,540,5.435842,22,1420,[0 -1],0,1,63.933240612,67.177574
3775,61,1.68724,21,2260,80.0,-2.626389,8,540,5.435842,22,1420,[0 -1],-1,2,36.066759388,61.291904
3789,63,1.655583,21,2210,80.0,-2.59455,8,560,5.342371,22,1480,[0],0,1,100.0,64.091286
3792,60,1.685863,21,2250,80.0,-2.546259,8,530,5.430863,22,1440,[0 -1],0,1,63.8180325359,67.02652
3792,60,1.685863,21,2250,80.0,-2.546259,8,530,5.430863,22,1440,[0 -1],-1,2,36.1819674641,61.539597
3797,57,1.695303,21,2290,80.0,-2.582898,8,490,5.490714,22,1430,[0 -1],0,1,55.1179267908,66.91449
3797,57,1.695303,21,2290,80.0,-2.582898,8,490,5.490714,22,1430,[0 -1],-1,2,44.8820732092,61.566944
3800,53,1.708225,21,2300,80.0,-2.518989,8,470,5.552568,22,1420,[0 -1],0,1,56.1210847976,66.940422
3800,53,1.708225,21,2300,80.0,-2.518989,8,470,5.552568,22,1420,[0 -1],-1,2,43.8789152024,61.562771
3804,59,1.693398,21,2270,80.0,-2.600782,8,520,5.448833,22,1440,[0 -1],0,1,63.6958355808,66.496124
3804,59,1.693398,21,2270,80.0,-2.600782,8,520,5.448833,22,1440,[0 -1],-1,2,36.3041644192,61.628551
3809,65,1.625728,21,2180,80.0,-2.604218,8,570,5.308877,22,1490,[0],0,1,100.0,64.01445
3814,53,1.705391,21,2300,80.0,-2.535987,8,470,5.536351,22,1440,[-1],-1,1,100.0,63.569759
3822,71,1.63059,21,2170,80.0,-2.623554,8,610,5.265491,22,1460,[-1],-1,1,100.0,55.705647
3826,71,1.610639,21,2140,80.0,-2.619757,8,620,5.233409,22,1500,[0 -1],0,1,3.93272431339,67.123131
3826,71,1.610639,21,2140,80.0,-2.619757,8,620,5.233409,22,1500,[0 -1],-1,2,96.0672756866,57.150196
3835,60,1.690945,21,2260,80.0,-2.586262,8,530,5.445986,22,1430,[0 -1],0,1,63.690789656,66.319435
3835,60,1.690945,21,2260,80.0,-2.586262,8,530,5.445986,22,1430,[0 -1],-1,2,36.309210344,61.53363
3840,62,1.678751,21,2240,80.0,-2.603999,8,550,5.410258,22,1430,[0],0,1,100.0,63.515659
3846,63,1.671289,21,2230,80.0,-2.612662,8,560,5.392468,22,1440,[0 -1],0,1,63.0262363659,66.852814
3846,63,1.671289,21,2230,80.0,-2.612662,8,560,5.392468,22,1440,[0 -1],-1,2,36.9737636341,61.776741
3856,63,1.670529,21,2230,80.0,-2.585272,8,550,5.374226,22,1460,[0],0,1,100.0,64.808189
3860,63,1.671269,21,2230,80.0,-2.571027,8,550,5.383289,22,1450,[0 -1],0,1,64.2650283979,66.361076
3860,63,1.671269,21,2230,80.0,-2.571027,8,550,5.383289,22,1450,[0 -1],-1,2,35.7349716021,61.97118
3865,62,1.671894,21,2240,80.0,-2.603742,8,540,5.399897,22,1450,[0],0,1,100.0,64.772171
3868,64,1.653826,21,2200,80.0,-2.587518,8,570,5.343967,22,1470,[0 -1],0,1,63.9553975529,66.719177
3868,64,1.653826,21,2200,80.0,-2.587518,8,570,5.343967,22,1470,[0 -1],-1,2,36.0446024471,62.261356
3880,62,1.672986,21,2240,80.0,-2.587148,8,540,5.39799,22,1450,[0],0,1,100.0,64.655418
3883,54,1.703541,21,2290,80.0,-2.514646,8,480,5.517809,22,1440,[0 -1],0,1,55.711365102,67.021706
3883,54,1.703541,21,2290,80.0,-2.514646,8,480,5.517809,22,1440,[0 -1],-1,2,44.288634898,62.090595
3887,62,1.672681,21,2240,80.0,-2.621647,8,550,5.395182,22,1450,[0 -1],0,1,63.4243148435,67.109749
3887,62,1.672681,21,2240,80.0,-2.621647,8,550,5.395182,22,1450,[0 -1],-1,2,36.5756851565,62.129112
3895,61,1.676472,21,2250,80.0,-2.630676,8,540,5.406126,22,1450,[0 -1],0,1,63.1226227133,66.994896
3895,61,1.676472,21,2250,80.0,-2.630676,8,540,5.406126,22,1450,[0 -1],-1,2,36.8773772867,62.192348
3900,61,1.662762,21,2240,80.0,-2.617507,8,530,5.392877,22,1470,[0 -1],0,1,63.5873608557,66.989197
3900,61,1.662762,21,2240,80.0,-2.617507,8,530,5.392877,22,1470,[0 -1],-1,2,36.4126391443,62.499264
3903,62,1.672873,21,2240,80.0,-2.587943,8,540,5.398134,22,1450,[0 -1],0,1,63.392207356,66.976974
3903,62,1.672873,21,2240,80.0,-2.587943,8,540,5.398134,22,1450,[0 -1],-1,2,36.607792644,62.155144
3907,61,1.662729,21,2240,80.0,-2.617748,8,530,5.392925,22,1470,[0 -1],0,1,63.5741487613,66.910187
3907,61,1.662729,21,2240,80.0,-2.617748,8,530,5.392925,22,1470,[0 -1],-1,2,36.4258512387,62.506203
3911,62,1.658196,21,2220,80.0,-2.606473,8,550,5.370727,22,1470,[0 -1],0,1,63.859470756,66.860924
3911,62,1.658196,21,2220,80.0,-2.606473,8,550,5.370727,22,1470,[0 -1],-1,2,36.140529244,62.392754
3916,62,1.658256,21,2220,80.0,-2.607028,8,550,5.368119,22,1470,[0 -1],0,1,63.4374602995,66.89167
3916,62,1.658256,21,2220,80.0,-2.607028,8,550,5.368119,22,1470,[0 -1],-1,2,36.5625397005,62.41679
3920,63,1.658673,21,2220,80.0,-2.600056,8,550,5.365071,22,1470,[-1],-1,1,100.0,62.508648
3926,59,1.658011,21,2230,80.0,-2.598442,8,530,5.412824,22,1470,[0 -1],0,1,63.5505073963,66.775452
3926,59,1.658011,21,2230,80.0,-2.598442,8,530,5.412824,22,1470,[0 -1],-1,2,36.4494926037,62.49189
3929,63,1.65863,21,2220,80.0,-2.600362,8,550,5.365129,22,1470,[-1],-1,1,100.0,62.437439
3933,62,1.662792,21,2230,80.0,-2.588968,8,540,5.38798,22,1460,[0 -1],0,1,62.742475858,66.774742
3933,62,1.662792,21,2230,80.0,-2.588968,8,540,5.38798,22,1460,[0 -1],-1,2,37.257524142,62.382099
3938,61,1.657901,21,2230,80.0,-2.629973,8,540,5.381413,22,1470,[0 -1],0,1,63.5293454996,66.729042
3938,61,1.657901,21,2230,80.0,-2.629973,8,540,5.381413,22,1470,[0 -1],-1,2,36.4706545004,62.568508
3948,55,1.670001,21,2280,80.0,-2.642515,8,480,5.472445,22,1470,[-1],-1,1,100.0,63.811817
3954,55,1.663205,21,2250,80.0,-2.564292,8,490,5.452412,22,1480,[-1],-1,1,100.0,64.082855
3958,58,1.667196,21,2250,80.0,-2.601429,8,510,5.438295,22,1460,[-1],-1,1,100.0,62.63195
3963,61,1.64634,21,2220,80.0,-2.632993,8,540,5.375657,22,1480,[-1],-1,1,100.0,62.764877
3968,61,1.649663,21,2220,80.0,-2.616672,8,540,5.370011,22,1480,[-1],-1,1,100.0,62.791512
3973,61,1.636777,21,2210,80.0,-2.633956,8,540,5.36568,22,1490,[0 -1],0,1,3.41792993811,67.798714
3973,61,1.636777,21,2210,80.0,-2.633956,8,540,5.36568,22,1490,[0 -1],-1,2,96.5820700619,57.543503
3978,62,1.642859,21,2210,80.0,-2.590476,8,540,5.367348,22,1480,[-1],-1,1,100.0,62.878212
3983,63,1.628259,21,2190,80.0,-2.602469,8,550,5.34409,22,1490,[-1],-1,1,100.0,62.87299
3988,62,1.63183,21,2200,80.0,-2.607912,8,540,5.358809,22,1490,[-1],-1,1,100.0,63.019299
3993,62,1.631589,21,2200,80.0,-2.599109,8,540,5.353673,22,1490,[-1],-1,1,100.0,63.033516
3997,63,1.647105,21,2200,80.0,-2.591086,8,560,5.347381,22,1480,[0],0,1,100.0,64.492386
3999,59,1.670614,21,2230,80.0,-2.554071,8,530,5.40642,22,1480,[-1],-1,1,100.0,62.886425
