3002,46,2.913736,23,3350,80.0,6.949528,12,1090,7.222821,15,5810,[0 1 0],0,1,1.7542057035,60.396412
3002,46,2.913736,23,3350,80.0,6.949528,12,1090,7.222821,15,5810,[0 1 0],1,2,29.9345208627,65.293625
3002,46,2.913736,23,3350,80.0,6.949528,12,1090,7.222821,15,5810,[0 1 0],0,3,68.3112734338,64.539207
3007,63,3.013853,23,3260,80.0,6.937064,12,1090,7.217756,15,5850,[0 1 0],0,1,1.46378008721,57.192413
3007,63,3.013853,23,3260,80.0,6.937064,12,1090,7.217756,15,5850,[0 1 0],1,2,29.8864705995,61.240944
3007,63,3.013853,23,3260,80.0,6.937064,12,1090,7.217756,15,5850,[0 1 0],0,3,68.6497493133,63.003906
3010,42,2.885734,23,3330,80.0,6.968088,12,1110,7.223944,15,5830,[0 1 0],0,1,1.51359695775,60.329002
3010,42,2.885734,23,3330,80.0,6.968088,12,1110,7.223944,15,5830,[0 1 0],1,2,29.6403324642,65.279991
3010,42,2.885734,23,3330,80.0,6.968088,12,1110,7.223944,15,5830,[0 1 0],0,3,68.846070578,64.626389
3015,42,2.886979,23,3330,80.0,6.965878,12,1110,7.224432,15,5830,[0 1 0],0,1,1.51388195863,60.342014
3015,42,2.886979,23,3330,80.0,6.965878,12,1110,7.224432,15,5830,[0 1 0],1,2,29.9085833718,65.260612
3015,42,2.886979,23,3330,80.0,6.965878,12,1110,7.224432,15,5830,[0 1 0],0,3,68.5775346696,64.621628
3019,46,2.91299,23,3350,80.0,6.963931,12,1080,7.22385,15,5810,[0 1 0],0,1,1.484313505,59.394424
3019,46,2.91299,23,3350,80.0,6.963931,12,1080,7.22385,15,5810,[0 1 0],1,2,37.3833352075,64.611191
3019,46,2.91299,23,3350,80.0,6.963931,12,1080,7.22385,15,5810,[0 1 0],0,3,61.1323512875,64.170578
3022,42,2.879127,23,3320,80.0,6.966218,12,1110,7.22114,15,5840,[0 1 0],0,1,1.51485083019,60.167618
3022,42,2.879127,23,3320,80.0,6.966218,12,1110,7.22114,15,5840,[0 1 0],1,2,31.5888451034,65.119789
3022,42,2.879127,23,3320,80.0,6.966218,12,1110,7.22114,15,5840,[0 1 0],0,3,66.8963040664,64.645569
3027,73,3.04912,23,3260,80.0,6.757982,12,1070,7.319528,15,5840,[1],1,1,100.0,62.379467
3033,41,2.875593,23,3320,80.0,6.964611,12,1120,7.222837,15,5840,[0 1 0],0,1,1.506769132,59.932419
3033,41,2.875593,23,3320,80.0,6.964611,12,1120,7.222837,15,5840,[0 1 0],1,2,37.4738014766,65.027588
3033,41,2.875593,23,3320,80.0,6.964611,12,1120,7.222837,15,5840,[0 1 0],0,3,61.0194293914,64.628067
3037,69,3.043297,23,3280,80.0,6.85869,12,1070,7.214391,15,5820,[0 1 0],0,1,1.21742783756,57.360153
3037,69,3.043297,23,3280,80.0,6.85869,12,1070,7.214391,15,5820,[0 1 0],1,2,33.3909423369,61.428177
3037,69,3.043297,23,3280,80.0,6.85869,12,1070,7.214391,15,5820,[0 1 0],0,3,65.3916298255,63.229107
3044,62,3.031844,23,3300,80.0,7.012126,12,1070,7.232166,15,5820,[0 1 0],0,1,1.69999620537,57.614536
3044,62,3.031844,23,3300,80.0,7.012126,12,1070,7.232166,15,5820,[0 1 0],1,2,28.9834174477,61.759426
3044,62,3.031844,23,3300,80.0,7.012126,12,1070,7.232166,15,5820,[0 1 0],0,3,69.3165863469,63.701115
3047,59,3.017976,23,3290,80.0,7.032122,12,1090,7.237525,15,5830,[0 1 0],0,1,1.46391673974,57.559231
3047,59,3.017976,23,3290,80.0,7.032122,12,1090,7.237525,15,5830,[0 1 0],1,2,28.6083260265,61.763561
3047,59,3.017976,23,3290,80.0,7.032122,12,1090,7.237525,15,5830,[0 1 0],0,3,69.9277572338,63.791809
3054,49,2.92288,23,3350,80.0,6.942756,12,1070,7.22137,15,5800,[0 1 0],0,1,1.99064546305,59.848244
3054,49,2.92288,23,3350,80.0,6.942756,12,1070,7.22137,15,5800,[0 1 0],1,2,36.1478016838,64.766937
3054,49,2.92288,23,3350,80.0,6.942756,12,1070,7.22137,15,5800,[0 1 0],0,3,61.8615528531,64.449432
3058,62,3.022404,23,3280,80.0,6.957115,12,1090,7.232184,15,5820,[0 1 0],0,1,1.22321821066,57.488907
3058,62,3.022404,23,3280,80.0,6.957115,12,1090,7.232184,15,5820,[0 1 0],1,2,29.3945069857,61.618938
3058,62,3.022404,23,3280,80.0,6.957115,12,1090,7.232184,15,5820,[0 1 0],0,3,69.3822748036,63.551548
3061,69,3.014675,23,3220,80.0,6.766914,12,1110,7.182304,15,5890,[1],1,1,100.0,62.017704
3065,42,2.872017,23,3310,80.0,6.937125,12,1130,7.218058,15,5850,[0 1 0],0,1,1.47042125582,58.237858
3065,42,2.872017,23,3310,80.0,6.937125,12,1130,7.218058,15,5850,[0 1 0],1,2,38.7608341849,63.722706
3065,42,2.872017,23,3310,80.0,6.937125,12,1130,7.218058,15,5850,[0 1 0],0,3,59.7687445593,64.631805
3067,59,3.067684,23,3390,80.0,6.867335,12,1020,7.271624,15,5740,[0 1 0],0,1,2.22658020591,60.177532
3067,59,3.067684,23,3390,80.0,6.867335,12,1020,7.271624,15,5740,[0 1 0],1,2,28.2027325791,64.342621
3067,59,3.067684,23,3390,80.0,6.867335,12,1020,7.271624,15,5740,[0 1 0],0,3,69.570687215,66.397697
3071,60,3.064264,23,3360,80.0,7.101241,12,1040,7.262793,15,5740,[0 1 0],0,1,1.97919973113,59.516521
3071,60,3.064264,23,3360,80.0,7.101241,12,1040,7.262793,15,5740,[0 1 0],1,2,28.695595347,63.737858
3071,60,3.064264,23,3360,80.0,7.101241,12,1040,7.262793,15,5740,[0 1 0],0,3,69.3252049219,65.951317
3077,75,3.017894,23,3180,80.0,6.619616,12,1120,7.26835,15,5930,[1],1,1,100.0,60.8927
3082,44,2.876431,23,3310,80.0,6.932945,12,1120,7.217315,15,5840,[0 1 0],0,1,1.23425263875,58.667908
3082,44,2.876431,23,3310,80.0,6.932945,12,1120,7.217315,15,5840,[0 1 0],1,2,38.3932962585,63.943768
3082,44,2.876431,23,3310,80.0,6.932945,12,1120,7.217315,15,5840,[0 1 0],0,3,60.3724511028,64.591469
3088,45,2.875352,23,3300,80.0,6.913681,12,1120,7.214565,15,5840,[0 1 0],0,1,1.49915921679,59.195026
3088,45,2.875352,23,3300,80.0,6.913681,12,1120,7.214565,15,5840,[0 1 0],1,2,37.4599796692,64.206299
3088,45,2.875352,23,3300,80.0,6.913681,12,1120,7.214565,15,5840,[0 1 0],0,3,61.040861114,64.643547
3093,49,2.88511,23,3290,80.0,6.866692,12,1110,7.202383,15,5850,[0 1 0],0,1,1.22284289562,57.834114
3093,49,2.88511,23,3290,80.0,6.866692,12,1110,7.202383,15,5850,[0 1 0],1,2,27.0881113025,62.776638
3093,49,2.88511,23,3290,80.0,6.866692,12,1110,7.202383,15,5850,[0 1 0],0,3,71.6890458019,63.921547
3098,65,3.013986,23,3250,80.0,6.883297,12,1100,7.204384,15,5870,[0 1 0],0,1,1.46080931531,56.839287
3098,65,3.013986,23,3250,80.0,6.883297,12,1100,7.204384,15,5870,[0 1 0],1,2,29.9975941876,60.84634
3098,65,3.013986,23,3250,80.0,6.883297,12,1100,7.204384,15,5870,[0 1 0],0,3,68.5415964971,62.57378
3103,45,2.876726,23,3300,80.0,6.90696,12,1120,7.214827,15,5840,[0 1 0],0,1,1.49789269849,59.231121
3103,45,2.876726,23,3300,80.0,6.90696,12,1120,7.214827,15,5840,[0 1 0],1,2,37.9855336599,64.269981
3103,45,2.876726,23,3300,80.0,6.90696,12,1120,7.214827,15,5840,[0 1 0],0,3,60.5165736416,64.724373
3109,44,2.876379,23,3310,80.0,6.933152,12,1120,7.21732,15,5840,[0 1 0],0,1,1.47342173864,58.444881
3109,44,2.876379,23,3310,80.0,6.933152,12,1120,7.21732,15,5840,[0 1 0],1,2,37.9283312554,63.677853
3109,44,2.876379,23,3310,80.0,6.933152,12,1120,7.21732,15,5840,[0 1 0],0,3,60.5982470059,64.419441
3114,44,2.87637,23,3310,80.0,6.933189,12,1120,7.217325,15,5840,[0 1 0],0,1,1.24637461377,59.12513
3114,44,2.87637,23,3310,80.0,6.933189,12,1120,7.217325,15,5840,[0 1 0],1,2,37.6130267473,64.180313
3114,44,2.87637,23,3310,80.0,6.933189,12,1120,7.217325,15,5840,[0 1 0],0,3,61.1405986389,64.582794
3118,43,2.86069,23,3290,80.0,6.926599,12,1130,7.214628,15,5850,[0 1 0],0,1,0.987127326086,58.368984
3118,43,2.86069,23,3290,80.0,6.926599,12,1130,7.214628,15,5850,[0 1 0],1,2,38.2054482568,63.610264
3118,43,2.86069,23,3290,80.0,6.926599,12,1130,7.214628,15,5850,[0 1 0],0,3,60.8074244171,64.469208
3124,64,3.005572,23,3240,80.0,6.902468,12,1100,7.201962,15,5880,[0 1 0],0,1,1.45999497885,56.760475
3124,64,3.005572,23,3240,80.0,6.902468,12,1100,7.201962,15,5880,[0 1 0],1,2,29.8169212646,60.783932
3124,64,3.005572,23,3240,80.0,6.902468,12,1100,7.201962,15,5880,[0 1 0],0,3,68.7230837566,62.544853
3129,69,3.017717,23,3230,80.0,6.776381,12,1110,7.191453,15,5870,[1],1,1,100.0,62.310478
3134,44,2.869367,23,3300,80.0,6.917827,12,1130,7.213843,15,5850,[0 1 0],0,1,1.74053335864,58.882938
3134,44,2.869367,23,3300,80.0,6.917827,12,1130,7.213843,15,5850,[0 1 0],1,2,37.5457910221,63.918022
3134,44,2.869367,23,3300,80.0,6.917827,12,1130,7.213843,15,5850,[0 1 0],0,3,60.7136756192,64.437286
3144,43,2.860639,23,3290,80.0,6.911387,12,1140,7.214635,15,5850,[0 1 0],0,1,1.48942848175,58.706665
3144,43,2.860639,23,3290,80.0,6.911387,12,1140,7.214635,15,5850,[0 1 0],1,2,37.5086788218,63.747864
3144,43,2.860639,23,3290,80.0,6.911387,12,1140,7.214635,15,5850,[0 1 0],0,3,61.0018926965,64.416756
3150,58,3.033694,23,3340,80.0,6.832973,12,1050,7.252166,15,5800,[0 1 0],0,1,1.73405523079,59.468651
3150,58,3.033694,23,3340,80.0,6.832973,12,1050,7.252166,15,5800,[0 1 0],1,2,28.2440814105,63.547405
3150,58,3.033694,23,3340,80.0,6.832973,12,1050,7.252166,15,5800,[0 1 0],0,3,70.0218633587,65.440804
3155,64,3.006052,23,3240,80.0,6.876977,12,1110,7.202563,15,5880,[0 1 0],0,1,1.45545214694,56.539909
3155,64,3.006052,23,3240,80.0,6.876977,12,1110,7.202563,15,5880,[0 1 0],1,2,29.4675905792,60.570621
3155,64,3.006052,23,3240,80.0,6.876977,12,1110,7.202563,15,5880,[0 1 0],0,3,69.0769572739,62.394894
3158,44,2.859212,23,3280,80.0,6.906593,12,1130,7.208075,15,5860,[0 1 0],0,1,1.47966889063,57.982735
3158,44,2.859212,23,3280,80.0,6.906593,12,1130,7.208075,15,5860,[0 1 0],1,2,37.5308264352,63.104572
3158,44,2.859212,23,3280,80.0,6.906593,12,1130,7.208075,15,5860,[0 1 0],0,3,60.9895046741,63.945629
3162,43,2.845427,23,3270,80.0,6.913321,12,1140,7.209002,15,5870,[0 1 0],0,1,0.98740862643,58.025318
3162,43,2.845427,23,3270,80.0,6.913321,12,1140,7.209002,15,5870,[0 1 0],1,2,38.1271767002,63.189129
3162,43,2.845427,23,3270,80.0,6.913321,12,1140,7.209002,15,5870,[0 1 0],0,3,60.8854146734,64.035362
3166,63,3.052677,23,3330,80.0,7.008647,12,1060,7.248682,15,5770,[0 1 0],0,1,1.7152012063,58.571941
3166,63,3.052677,23,3330,80.0,7.008647,12,1060,7.248682,15,5770,[0 1 0],1,2,29.5306757139,62.73254
3166,63,3.052677,23,3330,80.0,7.008647,12,1060,7.248682,15,5770,[0 1 0],0,3,68.7541230798,64.834572
3169,47,2.876205,23,3290,80.0,6.883493,12,1120,7.205875,15,5860,[0 1 0],0,1,1.22166869486,57.87595
3169,47,2.876205,23,3290,80.0,6.883493,12,1120,7.205875,15,5860,[0 1 0],1,2,26.3043808944,62.834782
3169,47,2.876205,23,3290,80.0,6.883493,12,1120,7.205875,15,5860,[0 1 0],0,3,72.4739504107,63.987934
3175,44,2.848657,23,3270,80.0,6.902483,12,1140,7.206694,15,5870,[0 1 0],0,1,1.23631902781,57.969067
3175,44,2.848657,23,3270,80.0,6.902483,12,1140,7.206694,15,5870,[0 1 0],1,2,37.8994077169,63.088036
3175,44,2.848657,23,3270,80.0,6.902483,12,1140,7.206694,15,5870,[0 1 0],0,3,60.8642732553,63.943386
3180,44,2.849036,23,3270,80.0,6.902515,12,1140,7.207219,15,5870,[0 1 0],0,1,1.2316333279,57.918224
3180,44,2.849036,23,3270,80.0,6.902515,12,1140,7.207219,15,5870,[0 1 0],1,2,37.3429308081,63.024769
3180,44,2.849036,23,3270,80.0,6.902515,12,1140,7.207219,15,5870,[0 1 0],0,3,61.425435864,64.163147
3185,49,2.876457,23,3280,80.0,6.856493,12,1120,7.200332,15,5860,[0 1 0],0,1,0.736087375767,57.751637
3185,49,2.876457,23,3280,80.0,6.856493,12,1120,7.200332,15,5860,[0 1 0],1,2,37.2502219719,62.789757
3185,49,2.876457,23,3280,80.0,6.856493,12,1120,7.200332,15,5860,[0 1 0],0,3,62.0136906524,63.772713
3191,64,3.05708,23,3330,80.0,6.992649,12,1050,7.237826,15,5790,[0 1 0],0,1,1.70274712374,58.321983
3191,64,3.05708,23,3330,80.0,6.992649,12,1050,7.237826,15,5790,[0 1 0],1,2,30.0455505987,62.489426
3191,64,3.05708,23,3330,80.0,6.992649,12,1050,7.237826,15,5790,[0 1 0],0,3,68.2517022775,64.542503
3197,44,2.850718,23,3270,80.0,6.897811,12,1140,7.201139,15,5880,[0 1 0],0,1,1.23158611039,57.793896
3197,44,2.850718,23,3270,80.0,6.897811,12,1140,7.201139,15,5880,[0 1 0],1,2,25.4770599116,62.802238
3197,44,2.850718,23,3270,80.0,6.897811,12,1140,7.201139,15,5880,[0 1 0],0,3,73.291353978,64.049271
3201,61,3.036327,23,3310,80.0,7.002295,12,1080,7.242997,15,5800,[0 1 0],0,1,1.46453997939,58.147125
3201,61,3.036327,23,3310,80.0,7.002295,12,1080,7.242997,15,5800,[0 1 0],1,2,29.4203295924,62.356125
3201,61,3.036327,23,3310,80.0,7.002295,12,1080,7.242997,15,5800,[0 1 0],0,3,69.1151304282,64.478767
3211,45,2.846539,23,3260,80.0,6.869775,12,1150,7.197217,15,5890,[0 1 0],0,1,0.988404515124,57.739285
3211,45,2.846539,23,3260,80.0,6.869775,12,1150,7.197217,15,5890,[0 1 0],1,2,26.0436897871,62.713322
3211,45,2.846539,23,3260,80.0,6.869775,12,1150,7.197217,15,5890,[0 1 0],0,3,72.9679056977,64.796463
3215,44,2.837864,23,3250,80.0,6.86314,12,1160,7.198281,15,5890,[0 1 0],0,1,0.987816289322,57.697155
3215,44,2.837864,23,3250,80.0,6.86314,12,1160,7.198281,15,5890,[0 1 0],1,2,25.8558984401,62.679443
3215,44,2.837864,23,3250,80.0,6.86314,12,1160,7.198281,15,5890,[0 1 0],0,3,73.1562852705,64.774048
3221,68,3.068665,23,3330,80.0,6.930443,12,1040,7.226784,15,5790,[0 1 0],0,1,1.6905829175,57.84222
3221,68,3.068665,23,3330,80.0,6.930443,12,1040,7.226784,15,5790,[0 1 0],1,2,34.1809741291,62.029068
3221,68,3.068665,23,3330,80.0,6.930443,12,1040,7.226784,15,5790,[0 1 0],0,3,64.1284429534,64.100937
3226,64,3.039265,23,3300,80.0,6.935614,12,1080,7.23521,15,5800,[0 1 0],0,1,1.45777575309,57.622921
3226,64,3.039265,23,3300,80.0,6.935614,12,1080,7.23521,15,5800,[0 1 0],1,2,30.0286619972,61.824726
3226,64,3.039265,23,3300,80.0,6.935614,12,1080,7.23521,15,5800,[0 1 0],0,3,68.5135622497,64.014694
3228,58,2.98752,23,3260,80.0,6.727826,12,1110,7.224317,15,5870,[0 1 0],0,1,1.48521976071,57.94236
3228,58,2.98752,23,3260,80.0,6.727826,12,1110,7.224317,15,5870,[0 1 0],1,2,28.4283343088,61.942791
3228,58,2.98752,23,3260,80.0,6.727826,12,1110,7.224317,15,5870,[0 1 0],0,3,70.0864459305,63.656223
3234,45,2.846069,23,3260,80.0,6.872293,12,1150,7.201086,15,5890,[0 1 0],0,1,0.985439742862,57.528053
3234,45,2.846069,23,3260,80.0,6.872293,12,1150,7.201086,15,5890,[0 1 0],1,2,25.969801661,62.510979
3234,45,2.846069,23,3260,80.0,6.872293,12,1150,7.201086,15,5890,[0 1 0],0,3,73.0447585961,64.563622
3241,61,2.97431,23,3200,80.0,6.891665,12,1140,7.193495,15,5920,[0 1 0],0,1,0.979220931827,56.150967
3241,61,2.97431,23,3200,80.0,6.891665,12,1140,7.193495,15,5920,[0 1 0],1,2,29.446152641,60.22681
3241,61,2.97431,23,3200,80.0,6.891665,12,1140,7.193495,15,5920,[0 1 0],0,3,69.5746264272,62.109634
3248,49,2.852064,23,3240,80.0,6.805512,12,1150,7.184635,15,5900,[0 1 0],0,1,1.24387741273,57.747456
3248,49,2.852064,23,3240,80.0,6.805512,12,1150,7.184635,15,5900,[0 1 0],1,2,26.946159952,62.432003
3248,49,2.852064,23,3240,80.0,6.805512,12,1150,7.184635,15,5900,[0 1 0],0,3,71.8099626353,64.20076
3255,46,2.851823,23,3260,80.0,6.870049,12,1140,7.193587,15,5890,[0 1 0],0,1,1.46937364347,57.410229
3255,46,2.851823,23,3260,80.0,6.870049,12,1140,7.193587,15,5890,[0 1 0],1,2,37.5506597776,62.430626
3255,46,2.851823,23,3260,80.0,6.870049,12,1140,7.193587,15,5890,[0 1 0],0,3,60.979966579,64.407349
3258,60,3.014091,23,3280,80.0,6.996133,12,1100,7.234305,15,5830,[0 1 0],0,1,1.21243365028,57.19183
3258,60,3.014091,23,3280,80.0,6.996133,12,1100,7.234305,15,5830,[0 1 0],1,2,29.2578378585,61.463902
3258,60,3.014091,23,3280,80.0,6.996133,12,1100,7.234305,15,5830,[0 1 0],0,3,69.5297284912,63.639496
3278,49,2.855729,23,3250,80.0,6.832411,12,1140,7.184713,15,5900,[0 1 0],0,1,0.99399940283,58.071075
3278,49,2.855729,23,3250,80.0,6.832411,12,1140,7.184713,15,5900,[0 1 0],1,2,26.9420070697,62.743206
3278,49,2.855729,23,3250,80.0,6.832411,12,1140,7.184713,15,5900,[0 1 0],0,3,72.0639935274,64.451454
3285,58,2.966019,23,3220,80.0,6.6952,12,1130,7.208103,15,5910,[0 1 0],0,1,1.22626543781,56.799713
3285,58,2.966019,23,3220,80.0,6.6952,12,1130,7.208103,15,5910,[0 1 0],1,2,28.2848828722,60.813873
3285,58,2.966019,23,3220,80.0,6.6952,12,1130,7.208103,15,5910,[0 1 0],0,3,70.48885169,62.500931
3291,55,2.984965,23,3270,80.0,6.757674,12,1120,7.188822,15,5860,[0 1 0],0,1,1.23893125372,58.098133
3291,55,2.984965,23,3270,80.0,6.757674,12,1120,7.188822,15,5860,[0 1 0],1,2,28.0286586888,62.163067
3291,55,2.984965,23,3270,80.0,6.757674,12,1120,7.188822,15,5860,[0 1 0],0,3,70.7324100574,64.003494
3298,45,2.836658,23,3240,80.0,6.844119,12,1160,7.1888,15,5910,[0 1 0],0,1,1.24452795103,57.824104
3298,45,2.836658,23,3240,80.0,6.844119,12,1160,7.1888,15,5910,[0 1 0],1,2,25.4426064386,62.578445
3298,45,2.836658,23,3240,80.0,6.844119,12,1160,7.1888,15,5910,[0 1 0],0,3,73.3128656104,64.33107
3304,55,2.955396,23,3220,80.0,6.718779,12,1150,7.168616,15,5910,[0 1 0],0,1,1.22532334922,56.609253
3304,55,2.955396,23,3220,80.0,6.718779,12,1150,7.168616,15,5910,[0 1 0],1,2,27.4365457551,60.684696
3304,55,2.955396,23,3220,80.0,6.718779,12,1150,7.168616,15,5910,[0 1 0],0,3,71.3381308957,62.413639
3308,49,2.850509,23,3240,80.0,6.811861,12,1150,7.180017,15,5910,[0 1 0],0,1,1.23446032299,57.275585
3308,49,2.850509,23,3240,80.0,6.811861,12,1150,7.180017,15,5910,[0 1 0],1,2,26.7369582898,61.969742
3308,49,2.850509,23,3240,80.0,6.811861,12,1150,7.180017,15,5910,[0 1 0],0,3,72.0285813872,63.657234
3313,68,3.016819,23,3240,80.0,6.811572,12,1110,7.201257,15,5860,[1],1,1,100.0,62.488712
3332,46,2.831772,23,3230,80.0,6.822356,12,1170,7.180031,15,5920,[0 1 0],0,1,0.989503502066,57.385906
3332,46,2.831772,23,3230,80.0,6.822356,12,1170,7.180031,15,5920,[0 1 0],1,2,26.0792378883,62.150738
3332,46,2.831772,23,3230,80.0,6.822356,12,1170,7.180031,15,5920,[0 1 0],0,3,72.9312586097,63.867744
3337,47,2.835712,23,3230,80.0,6.809953,12,1170,7.181284,15,5920,[0 1 0],0,1,0.986781402667,57.208458
3337,47,2.835712,23,3230,80.0,6.809953,12,1170,7.181284,15,5920,[0 1 0],1,2,26.5411175105,61.945297
3337,47,2.835712,23,3230,80.0,6.809953,12,1170,7.181284,15,5920,[0 1 0],0,3,72.4721010868,63.641022
3340,58,2.95542,23,3200,80.0,6.662032,12,1150,7.198545,15,5930,[0 1 0],0,1,0.983580861319,56.431339
3340,58,2.95542,23,3200,80.0,6.662032,12,1150,7.198545,15,5930,[0 1 0],1,2,28.5473568714,60.432892
3340,58,2.95542,23,3200,80.0,6.662032,12,1150,7.198545,15,5930,[0 1 0],0,3,70.4690622673,62.147747
3346,62,2.996013,23,3240,80.0,6.922704,12,1120,7.220005,15,5860,[0 1 0],0,1,0.978893811302,56.849724
3346,62,2.996013,23,3240,80.0,6.922704,12,1120,7.220005,15,5860,[0 1 0],1,2,29.4219496624,60.929119
3346,62,2.996013,23,3240,80.0,6.922704,12,1120,7.220005,15,5860,[0 1 0],0,3,69.5991565263,62.819225
3356,61,2.98876,23,3230,80.0,6.938808,12,1120,7.214053,15,5870,[0 1 0],0,1,1.22384754356,56.785835
3356,61,2.98876,23,3230,80.0,6.938808,12,1120,7.214053,15,5870,[0 1 0],1,2,29.00615809,60.855053
3356,61,2.98876,23,3230,80.0,6.938808,12,1120,7.214053,15,5870,[0 1 0],0,3,69.7699943664,62.74012
3366,70,4.406501,23,3250,80.0,6.799244,12,1090,7.189485,15,5870,[1],1,1,100.0,62.372654
3373,62,2.993553,23,3230,80.0,6.905229,12,1120,7.203512,15,5890,[0 1 0],0,1,1.46134140661,56.564228
3373,62,2.993553,23,3230,80.0,6.905229,12,1120,7.203512,15,5890,[0 1 0],1,2,29.3636469492,60.624844
3373,62,2.993553,23,3230,80.0,6.905229,12,1120,7.203512,15,5890,[0 1 0],0,3,69.1750116442,62.543671
3378,64,2.998093,23,3230,80.0,6.897239,12,1110,7.198731,15,5890,[0 1 0],0,1,1.22236342999,56.627895
3378,64,2.998093,23,3230,80.0,6.897239,12,1110,7.198731,15,5890,[0 1 0],1,2,29.8838754742,60.636776
3378,64,2.998093,23,3230,80.0,6.897239,12,1110,7.198731,15,5890,[0 1 0],0,3,68.8937610959,62.502258
3381,46,2.821644,23,3210,80.0,6.796501,12,1180,7.179128,15,5930,[0 1 0],0,1,0.984111812268,56.804569
3381,46,2.821644,23,3210,80.0,6.796501,12,1180,7.179128,15,5930,[0 1 0],1,2,26.4783622195,61.552158
3381,46,2.821644,23,3210,80.0,6.796501,12,1180,7.179128,15,5930,[0 1 0],0,3,72.5375259683,63.23605
3390,47,2.82577,23,3210,80.0,6.798381,12,1170,7.176448,15,5930,[0 1 0],0,1,1.23025249468,56.751644
3390,47,2.82577,23,3210,80.0,6.798381,12,1170,7.176448,15,5930,[0 1 0],1,2,26.4943662247,61.475422
3390,47,2.82577,23,3210,80.0,6.798381,12,1170,7.176448,15,5930,[0 1 0],0,3,72.2753812806,63.152096
3394,62,2.986623,23,3220,80.0,6.876651,12,1140,7.203243,15,5890,[0 1 0],0,1,1.22047282381,56.395859
3394,62,2.986623,23,3220,80.0,6.876651,12,1140,7.203243,15,5890,[0 1 0],1,2,29.3516420465,60.45966
3394,62,2.986623,23,3220,80.0,6.876651,12,1140,7.203243,15,5890,[0 1 0],0,3,69.4278851297,62.393143
3401,46,2.82177,23,3210,80.0,6.795916,12,1180,7.179442,15,5930,[0 1 0],0,1,0.237420615535,54.682953
3401,46,2.82177,23,3210,80.0,6.795916,12,1180,7.179442,15,5930,[0 1 0],1,2,27.1646311676,59.906361
3401,46,2.82177,23,3210,80.0,6.795916,12,1180,7.179442,15,5930,[0 1 0],0,3,72.5979482169,62.148285
3413,63,2.984058,23,3210,80.0,6.861237,12,1140,7.197346,15,5900,[0 1 0],0,1,0.488882805014,56.269054
3413,63,2.984058,23,3210,80.0,6.861237,12,1140,7.197346,15,5900,[0 1 0],1,2,30.1885132096,60.311413
3413,63,2.984058,23,3210,80.0,6.861237,12,1140,7.197346,15,5900,[0 1 0],0,3,69.3226039854,62.234863
3418,47,2.819994,23,3200,80.0,6.780446,12,1180,7.168,15,5950,[0 1 0],0,1,0.491155291171,56.47554
3418,47,2.819994,23,3200,80.0,6.780446,12,1180,7.168,15,5950,[0 1 0],1,2,26.916679712,61.197529
3418,47,2.819994,23,3200,80.0,6.780446,12,1180,7.168,15,5950,[0 1 0],0,3,72.5921649969,62.782269
3423,51,2.835182,23,3200,80.0,6.743438,12,1170,7.161455,15,5940,[0 1 0],0,1,0.492012153288,56.484089
3423,51,2.835182,23,3200,80.0,6.743438,12,1170,7.161455,15,5940,[0 1 0],1,2,27.4399686367,61.124176
3423,51,2.835182,23,3200,80.0,6.743438,12,1170,7.161455,15,5940,[0 1 0],0,3,72.06801921,62.706585
3429,48,2.816711,23,3190,80.0,6.758265,12,1190,7.165863,15,5950,[0 1 0],0,1,0.492364428141,56.367752
3429,48,2.816711,23,3190,80.0,6.758265,12,1190,7.165863,15,5950,[0 1 0],1,2,26.6592779309,61.078186
3429,48,2.816711,23,3190,80.0,6.758265,12,1190,7.165863,15,5950,[0 1 0],0,3,72.848357641,62.683952
3433,68,3.002688,23,3210,80.0,6.764206,12,1130,7.188541,15,5890,[1],1,1,100.0,61.983849
3439,48,2.811083,23,3180,80.0,6.757902,12,1190,7.16226,15,5960,[0 1 0],0,1,0.492266493389,56.281517
3439,48,2.811083,23,3180,80.0,6.757902,12,1190,7.16226,15,5960,[0 1 0],1,2,26.731055124,61.000778
3439,48,2.811083,23,3180,80.0,6.757902,12,1190,7.16226,15,5960,[0 1 0],0,3,72.7766783826,62.608612
3447,65,2.988815,23,3200,80.0,6.820988,12,1130,7.185546,15,5910,[1],1,1,100.0,61.853558
3466,64,2.978895,23,3190,80.0,6.828525,12,1140,7.180682,15,5930,[1],1,1,100.0,61.624592
3003,42,2.887574,23,3330,80.0,6.965227,12,1110,7.228886,15,5810,[0 1 0],0,1,1.2611171239,60.355843
3003,42,2.887574,23,3330,80.0,6.965227,12,1110,7.228886,15,5810,[0 1 0],1,2,29.6258999576,65.305679
3003,42,2.887574,23,3330,80.0,6.965227,12,1110,7.228886,15,5810,[0 1 0],0,3,69.1129829185,64.609138
3008,71,3.03407,23,3250,80.0,6.797478,12,1080,7.195544,15,5850,[1],1,1,100.0,62.448895
3021,44,2.898558,23,3340,80.0,6.961175,12,1100,7.223789,15,5820,[0 1 0],0,1,1.51153390611,60.223969
3021,44,2.898558,23,3340,80.0,6.961175,12,1100,7.223789,15,5820,[0 1 0],1,2,30.8886841759,65.143112
3021,44,2.898558,23,3340,80.0,6.961175,12,1100,7.223789,15,5820,[0 1 0],0,3,67.599781918,64.554565
3028,73,3.075212,23,3310,80.0,6.815393,12,1040,7.337375,15,5800,[1],1,1,100.0,63.227715
3041,43,2.882682,23,3320,80.0,6.938578,12,1120,7.22262,15,5830,[0 1 0],0,1,1.76334062948,60.047607
3041,43,2.882682,23,3320,80.0,6.938578,12,1120,7.22262,15,5830,[0 1 0],1,2,37.2028077591,65.047546
3041,43,2.882682,23,3320,80.0,6.938578,12,1120,7.22262,15,5830,[0 1 0],0,3,61.0338516114,64.683472
3045,42,2.887824,23,3330,80.0,6.962552,12,1110,7.222517,15,5830,[0 1 0],0,1,1.74875089222,59.872181
3045,42,2.887824,23,3330,80.0,6.962552,12,1110,7.222517,15,5830,[0 1 0],1,2,37.4572673654,64.894608
3045,42,2.887824,23,3330,80.0,6.962552,12,1110,7.222517,15,5830,[0 1 0],0,3,60.7939817424,64.528976
3050,44,2.883717,23,3320,80.0,6.932693,12,1120,7.220634,15,5830,[0 1 0],0,1,1.75771299179,59.943058
3050,44,2.883717,23,3320,80.0,6.932693,12,1120,7.220634,15,5830,[0 1 0],1,2,37.1270874611,64.929214
3050,44,2.883717,23,3320,80.0,6.932693,12,1120,7.220634,15,5830,[0 1 0],0,3,61.1151995471,64.598412
3059,39,2.847114,23,3290,80.0,6.943656,12,1150,7.219511,15,5860,[0 1 0],0,1,0.746773993572,58.782276
3059,39,2.847114,23,3290,80.0,6.943656,12,1150,7.219511,15,5860,[0 1 0],1,2,39.4197480234,64.216728
3059,39,2.847114,23,3290,80.0,6.943656,12,1150,7.219511,15,5860,[0 1 0],0,3,59.833477983,64.313164
3065,48,2.916228,23,3340,80.0,6.914391,12,1090,7.220042,15,5800,[0 1 0],0,1,1.49812734082,59.738289
3065,48,2.916228,23,3340,80.0,6.914391,12,1090,7.220042,15,5800,[0 1 0],1,2,36.4487999024,64.633972
3065,48,2.916228,23,3340,80.0,6.914391,12,1090,7.220042,15,5800,[0 1 0],0,3,62.0530727568,64.440376
3070,44,2.883676,23,3320,80.0,6.93285,12,1120,7.220644,15,5830,[0 1 0],0,1,1.50364563139,59.68409
3070,44,2.883676,23,3320,80.0,6.93285,12,1120,7.220644,15,5830,[0 1 0],1,2,25.3775663637,64.585129
3070,44,2.883676,23,3320,80.0,6.93285,12,1120,7.220644,15,5830,[0 1 0],0,3,73.1187880049,64.52224
3075,44,2.876445,23,3310,80.0,6.932889,12,1120,7.217311,15,5840,[0 1 0],0,1,1.75534884601,59.575211
3075,44,2.876445,23,3310,80.0,6.932889,12,1120,7.217311,15,5840,[0 1 0],1,2,25.0868211626,64.502419
3075,44,2.876445,23,3310,80.0,6.932889,12,1120,7.217311,15,5840,[0 1 0],0,3,73.1578299914,64.533585
3079,44,2.876436,23,3310,80.0,6.93292,12,1120,7.21731,15,5840,[0 1 0],0,1,1.75521597199,59.521572
3079,44,2.876436,23,3310,80.0,6.93292,12,1120,7.21731,15,5840,[0 1 0],1,2,37.2711359228,64.569603
3079,44,2.876436,23,3310,80.0,6.93292,12,1120,7.21731,15,5840,[0 1 0],0,3,60.9736481052,64.57193
3083,42,2.871333,23,3310,80.0,6.937239,12,1130,7.221383,15,5850,[0 1 0],0,1,1.47720278396,58.55492
3083,42,2.871333,23,3310,80.0,6.937239,12,1130,7.221383,15,5850,[0 1 0],1,2,38.1364518725,63.877422
3083,42,2.871333,23,3310,80.0,6.937239,12,1130,7.221383,15,5850,[0 1 0],0,3,60.3863453435,64.551376
3096,72,3.024924,23,3220,80.0,6.742697,12,1090,7.248246,15,5880,[1],1,1,100.0,61.909924
3111,43,2.866502,23,3300,80.0,6.928138,12,1130,7.216083,15,5850,[0 1 0],0,1,1.24777014461,59.224945
3111,43,2.866502,23,3300,80.0,6.928138,12,1130,7.216083,15,5850,[0 1 0],1,2,37.9825027517,64.284035
3111,43,2.866502,23,3300,80.0,6.928138,12,1130,7.216083,15,5850,[0 1 0],0,3,60.7697271037,64.691887
3116,44,2.864604,23,3290,80.0,6.927401,12,1120,7.210209,15,5850,[0 1 0],0,1,1.00338595069,59.074116
3116,44,2.864604,23,3290,80.0,6.927401,12,1120,7.210209,15,5850,[0 1 0],1,2,38.0733463684,64.117989
3116,44,2.864604,23,3290,80.0,6.927401,12,1120,7.210209,15,5850,[0 1 0],0,3,60.9232676809,64.592026
3127,52,2.890091,23,3280,80.0,6.80762,12,1120,7.192663,15,5860,[0 1 0],0,1,1.21385902031,57.239037
3127,52,2.890091,23,3280,80.0,6.80762,12,1120,7.192663,15,5860,[0 1 0],1,2,36.92520908,62.226791
3127,52,2.890091,23,3280,80.0,6.80762,12,1120,7.192663,15,5860,[0 1 0],0,3,61.8609318996,64.250046
3132,44,2.862704,23,3290,80.0,6.901992,12,1140,7.215229,15,5850,[0 1 0],0,1,0.986056250892,58.292881
3132,44,2.862704,23,3290,80.0,6.901992,12,1140,7.215229,15,5850,[0 1 0],1,2,38.376243278,63.494083
3132,44,2.862704,23,3290,80.0,6.901992,12,1140,7.215229,15,5850,[0 1 0],0,3,60.6377004711,64.352669
3142,44,2.862434,23,3290,80.0,6.917883,12,1130,7.210316,15,5860,[0 1 0],0,1,1.4784370808,58.180134
3142,44,2.862434,23,3290,80.0,6.917883,12,1130,7.210316,15,5860,[0 1 0],1,2,38.292852318,63.377689
3142,44,2.862434,23,3290,80.0,6.917883,12,1130,7.210316,15,5860,[0 1 0],0,3,60.2287106012,64.324425
3149,46,2.873091,23,3290,80.0,6.895683,12,1120,7.206207,15,5860,[0 1 0],0,1,1.23083381835,58.112286
3149,46,2.873091,23,3290,80.0,6.895683,12,1120,7.206207,15,5860,[0 1 0],1,2,37.7722862023,63.207569
3149,46,2.873091,23,3290,80.0,6.895683,12,1120,7.206207,15,5860,[0 1 0],0,3,60.9968799794,64.043671
3154,44,2.855488,23,3280,80.0,6.902318,12,1140,7.210321,15,5860,[0 1 0],0,1,1.23184461569,58.121502
3154,44,2.855488,23,3280,80.0,6.902318,12,1140,7.210321,15,5860,[0 1 0],1,2,38.1423019261,63.280006
3154,44,2.855488,23,3280,80.0,6.902318,12,1140,7.210321,15,5860,[0 1 0],0,3,60.6258534582,64.262131
3158,44,2.859212,23,3280,80.0,6.906593,12,1130,7.208075,15,5860,[0 1 0],0,1,1.47966889063,57.982735
3158,44,2.859212,23,3280,80.0,6.906593,12,1130,7.208075,15,5860,[0 1 0],1,2,37.5308264352,63.104572
3158,44,2.859212,23,3280,80.0,6.906593,12,1130,7.208075,15,5860,[0 1 0],0,3,60.9895046741,63.945629
3166,45,2.859471,23,3280,80.0,6.904432,12,1130,7.212067,15,5860,[0 1 0],0,1,1.23491063651,58.04472
3166,45,2.859471,23,3280,80.0,6.904432,12,1130,7.212067,15,5860,[0 1 0],1,2,37.8801658035,63.157875
3166,45,2.859471,23,3280,80.0,6.904432,12,1130,7.212067,15,5860,[0 1 0],0,3,60.88492356,64.009369
3169,66,2.994262,23,3210,80.0,6.818209,12,1130,7.188797,15,5900,[0 1 0],0,1,0.975895384015,56.173309
3169,66,2.994262,23,3210,80.0,6.818209,12,1130,7.188797,15,5900,[0 1 0],1,2,30.0644090953,60.173328
3169,66,2.994262,23,3210,80.0,6.818209,12,1130,7.188797,15,5900,[0 1 0],0,3,68.9596955206,61.955936
3173,45,2.869621,23,3290,80.0,6.891365,12,1130,7.206385,15,5860,[0 1 0],0,1,1.47170672346,58.026096
3173,45,2.869621,23,3290,80.0,6.891365,12,1130,7.206385,15,5860,[0 1 0],1,2,37.0541146943,63.1119
3173,45,2.869621,23,3290,80.0,6.891365,12,1130,7.206385,15,5860,[0 1 0],0,3,61.4741785823,63.894283
3182,48,2.868298,23,3270,80.0,6.848714,12,1130,7.194798,15,5870,[0 1 0],0,1,1.22106553531,57.383953
3182,48,2.868298,23,3270,80.0,6.848714,12,1130,7.194798,15,5870,[0 1 0],1,2,37.4067441125,62.421501
3182,48,2.868298,23,3270,80.0,6.848714,12,1130,7.194798,15,5870,[0 1 0],0,3,61.3721903521,64.407402
3193,45,2.859534,23,3280,80.0,6.903511,12,1130,7.201446,15,5880,[0 1 0],0,1,1.47408873211,57.815109
3193,45,2.859534,23,3280,80.0,6.903511,12,1130,7.201446,15,5880,[0 1 0],1,2,25.6780138996,62.813984
3193,45,2.859534,23,3280,80.0,6.903511,12,1130,7.201446,15,5880,[0 1 0],0,3,72.8478973682,64.052635
3202,44,2.857437,23,3280,80.0,6.912461,12,1130,7.202035,15,5880,[0 1 0],0,1,1.71701264615,57.742397
3202,44,2.857437,23,3280,80.0,6.912461,12,1130,7.202035,15,5880,[0 1 0],1,2,25.3495585779,62.743504
3202,44,2.857437,23,3280,80.0,6.912461,12,1130,7.202035,15,5880,[0 1 0],0,3,72.9334287759,64.019104
3209,44,2.848592,23,3270,80.0,6.886456,12,1150,7.199372,15,5890,[0 1 0],0,1,1.47517240718,57.705051
3209,44,2.848592,23,3270,80.0,6.886456,12,1150,7.199372,15,5890,[0 1 0],1,2,25.4654274451,62.7099
3209,44,2.848592,23,3270,80.0,6.886456,12,1150,7.199372,15,5890,[0 1 0],0,3,73.0594001477,64.814346
3213,45,2.84983,23,3260,80.0,6.843386,12,1160,7.20037,15,5880,[0 1 0],0,1,0.988461538462,57.751671
3213,45,2.84983,23,3260,80.0,6.843386,12,1160,7.20037,15,5880,[0 1 0],1,2,26.0480769231,62.715725
3213,45,2.84983,23,3260,80.0,6.843386,12,1160,7.20037,15,5880,[0 1 0],0,3,72.9634615385,64.783653
3223,43,2.836377,23,3250,80.0,6.869854,12,1160,7.200267,15,5890,[0 1 0],0,1,0.740012718969,57.60886
3223,43,2.836377,23,3250,80.0,6.869854,12,1160,7.200267,15,5890,[0 1 0],1,2,25.7828910601,62.607704
3223,43,2.836377,23,3250,80.0,6.869854,12,1160,7.200267,15,5890,[0 1 0],0,3,73.4770962209,64.663452
3227,58,2.977022,23,3240,80.0,6.712581,12,1120,7.217486,15,5890,[0 1 0],0,1,1.47373103442,57.153553
3227,58,2.977022,23,3240,80.0,6.712581,12,1120,7.217486,15,5890,[0 1 0],1,2,28.2735879162,61.187668
3227,58,2.977022,23,3240,80.0,6.712581,12,1120,7.217486,15,5890,[0 1 0],0,3,70.2526810494,62.870983
3242,45,2.846312,23,3260,80.0,6.872362,12,1150,7.199473,15,5890,[0 1 0],0,1,0.979676514657,57.454945
3242,45,2.846312,23,3260,80.0,6.872362,12,1150,7.199473,15,5890,[0 1 0],1,2,37.0999654232,62.522949
3242,45,2.846312,23,3260,80.0,6.872362,12,1150,7.199473,15,5890,[0 1 0],0,3,61.9203580622,64.487915
3251,45,2.839826,23,3250,80.0,6.854196,12,1160,7.193949,15,5900,[0 1 0],0,1,1.22967420867,57.406986
3251,45,2.839826,23,3250,80.0,6.854196,12,1160,7.193949,15,5900,[0 1 0],1,2,38.0128464788,62.480106
3251,45,2.839826,23,3250,80.0,6.854196,12,1160,7.193949,15,5900,[0 1 0],0,3,60.7574793125,64.473015
3266,45,2.83673,23,3240,80.0,6.843847,12,1160,7.192771,15,5900,[0 1 0],0,1,0.739109011333,57.325108
3266,45,2.83673,23,3240,80.0,6.843847,12,1160,7.192771,15,5900,[0 1 0],1,2,37.7322396452,62.346668
3266,45,2.83673,23,3240,80.0,6.843847,12,1160,7.192771,15,5900,[0 1 0],0,3,61.5286513434,64.336411
3272,54,2.965816,23,3240,80.0,6.758527,12,1130,7.169751,15,5910,[0 1 0],0,1,1.47344606549,57.09116
3272,54,2.965816,23,3240,80.0,6.758527,12,1130,7.169751,15,5910,[0 1 0],1,2,27.2365151647,61.188934
3272,54,2.965816,23,3240,80.0,6.758527,12,1130,7.169751,15,5910,[0 1 0],0,3,71.2900387698,62.923054
3292,65,3.023044,23,3270,80.0,6.933093,12,1080,7.216381,15,5840,[0 1 0],0,1,1.21547384339,57.070515
3292,65,3.023044,23,3270,80.0,6.933093,12,1080,7.216381,15,5840,[0 1 0],1,2,34.9175966158,61.255116
3292,65,3.023044,23,3270,80.0,6.933093,12,1080,7.216381,15,5840,[0 1 0],0,3,63.8669295408,63.290588
3306,47,2.848005,23,3250,80.0,6.843593,12,1150,7.18485,15,5910,[0 1 0],0,1,1.48718245472,57.752235
3306,47,2.848005,23,3250,80.0,6.843593,12,1150,7.18485,15,5910,[0 1 0],1,2,26.0835599792,62.476738
3306,47,2.848005,23,3250,80.0,6.843593,12,1150,7.18485,15,5910,[0 1 0],0,3,72.4292575661,64.254631
3310,65,3.024419,23,3270,80.0,6.900264,12,1090,7.208236,15,5860,[1],1,1,100.0,63.076927
3320,48,2.847612,23,3240,80.0,6.802564,12,1160,7.187003,15,5900,[0 1 0],0,1,1.23906141098,57.548615
3320,48,2.847612,23,3240,80.0,6.802564,12,1160,7.187003,15,5900,[0 1 0],1,2,26.6107798343,62.253948
3320,48,2.847612,23,3240,80.0,6.802564,12,1160,7.187003,15,5900,[0 1 0],0,3,72.1501587547,64.01136
3334,65,2.992551,23,3210,80.0,6.82748,12,1130,7.191373,15,5900,[1],1,1,100.0,62.012112
3344,46,2.82621,23,3220,80.0,6.819949,12,1170,7.177458,15,5930,[0 1 0],0,1,0.988355691314,57.242409
3344,46,2.82621,23,3220,80.0,6.819949,12,1170,7.177458,15,5930,[0 1 0],1,2,26.3412356392,61.996944
3344,46,2.82621,23,3220,80.0,6.819949,12,1170,7.177458,15,5930,[0 1 0],0,3,72.6704086695,63.729881
3348,47,2.831726,23,3220,80.0,6.798024,12,1170,7.180586,15,5920,[0 1 0],0,1,0.741742998705,57.236961
3348,47,2.831726,23,3220,80.0,6.798024,12,1170,7.180586,15,5920,[0 1 0],1,2,26.8692020909,61.960297
3348,47,2.831726,23,3220,80.0,6.798024,12,1170,7.180586,15,5920,[0 1 0],0,3,72.3890549104,63.660248
3351,48,2.834316,23,3220,80.0,6.810588,12,1160,7.173717,15,5930,[0 1 0],0,1,1.48132308201,57.202503
3351,48,2.834316,23,3220,80.0,6.810588,12,1160,7.173717,15,5930,[0 1 0],1,2,26.5685597924,61.908443
3351,48,2.834316,23,3220,80.0,6.810588,12,1160,7.173717,15,5930,[0 1 0],0,3,71.9501171256,63.626415
3362,52,2.853665,23,3220,80.0,6.757843,12,1150,7.164815,15,5930,[0 1 0],0,1,0.975827849971,56.417404
3362,52,2.853665,23,3220,80.0,6.757843,12,1150,7.164815,15,5930,[0 1 0],1,2,27.6818256923,61.019032
3362,52,2.853665,23,3220,80.0,6.757843,12,1150,7.164815,15,5930,[0 1 0],0,3,71.3423464578,62.560944
3376,46,2.821655,23,3210,80.0,6.796461,12,1180,7.179124,15,5930,[0 1 0],0,1,0.741051727168,56.872177
3376,46,2.821655,23,3210,80.0,6.796461,12,1180,7.179124,15,5930,[0 1 0],1,2,26.5265275039,61.621449
3376,46,2.821655,23,3210,80.0,6.796461,12,1180,7.179124,15,5930,[0 1 0],0,3,72.732420769,63.313591
3380,47,2.830184,23,3220,80.0,6.807975,12,1170,7.177365,15,5930,[0 1 0],0,1,0.983842429663,56.837505
3380,47,2.830184,23,3220,80.0,6.807975,12,1170,7.177365,15,5930,[0 1 0],1,2,26.6648519375,61.576031
3380,47,2.830184,23,3220,80.0,6.807975,12,1170,7.177365,15,5930,[0 1 0],0,3,72.3513056328,63.239746
3403,52,2.939289,23,3200,80.0,6.718036,12,1170,7.16486,15,5930,[0 1 0],0,1,0.988380644212,56.692211
3403,52,2.939289,23,3200,80.0,6.718036,12,1170,7.16486,15,5930,[0 1 0],1,2,26.9323920184,60.7873
3403,52,2.939289,23,3200,80.0,6.718036,12,1170,7.16486,15,5930,[0 1 0],0,3,72.0792273374,62.585037
3422,51,2.841544,23,3210,80.0,6.743288,12,1170,7.165004,15,5940,[0 1 0],0,1,0.975267223219,56.181812
3422,51,2.841544,23,3210,80.0,6.743288,12,1170,7.165004,15,5940,[0 1 0],1,2,27.1816727783,60.815231
3422,51,2.841544,23,3210,80.0,6.743288,12,1170,7.165004,15,5940,[0 1 0],0,3,71.8430599984,62.365356
3426,49,2.832659,23,3210,80.0,6.759727,12,1180,7.168736,15,5940,[0 1 0],0,1,0.734311765566,56.43494
3426,49,2.832659,23,3210,80.0,6.759727,12,1180,7.168736,15,5940,[0 1 0],1,2,26.7784874933,61.12196
3426,49,2.832659,23,3210,80.0,6.759727,12,1180,7.168736,15,5940,[0 1 0],0,3,72.4872007411,62.69558
3445,47,2.810926,23,3180,80.0,6.758267,12,1190,7.162673,15,5960,[0 1 0],0,1,0.492780761839,56.224457
3445,47,2.810926,23,3180,80.0,6.758267,12,1190,7.162673,15,5960,[0 1 0],1,2,26.7303996452,60.94957
3445,47,2.810926,23,3180,80.0,6.758267,12,1190,7.162673,15,5960,[0 1 0],0,3,72.776819593,62.557148
3450,48,2.817036,23,3190,80.0,6.775517,12,1180,7.161957,15,5960,[0 1 0],0,1,0.98177819667,56.179436
3450,48,2.817036,23,3190,80.0,6.775517,12,1180,7.161957,15,5960,[0 1 0],1,2,26.6209158027,60.890995
3450,48,2.817036,23,3190,80.0,6.775517,12,1180,7.161957,15,5960,[0 1 0],0,3,72.3973060006,62.49641
3455,53,2.929315,23,3180,80.0,6.694951,12,1180,7.15545,15,5950,[0 1 0],0,1,0.493018853041,56.23608
3455,53,2.929315,23,3180,80.0,6.694951,12,1180,7.15545,15,5950,[0 1 0],1,2,27.36846257,60.331993
3455,53,2.929315,23,3180,80.0,6.694951,12,1180,7.15545,15,5950,[0 1 0],0,3,72.138518577,62.1101
3465,48,2.818585,23,3190,80.0,6.750422,12,1190,7.161323,15,5960,[0 1 0],0,1,0.977294581706,56.063519
3465,48,2.818585,23,3190,80.0,6.750422,12,1190,7.161323,15,5960,[0 1 0],1,2,26.5449300391,60.763699
3465,48,2.818585,23,3190,80.0,6.750422,12,1190,7.161323,15,5960,[0 1 0],0,3,72.4777753792,62.377693
3473,48,2.811434,23,3180,80.0,6.738314,12,1200,7.16204,15,5960,[1 0],1,1,38.3777239709,59.264038
3473,48,2.811434,23,3180,80.0,6.738314,12,1200,7.16204,15,5960,[1 0],0,2,61.6222760291,61.396656
