3002,46,5.961524,22,1000,80.0,2.150983,21,2720,-0.864765,20,890,[-1],-1,1,100.0,45.704891
3002,46,6.36678,22,940,80.0,2.531232,26,430,0.253781,18,520,[-1],-1,1,100.0,47.677971
3007,63,5.608675,22,1150,80.0,1.92695,21,2460,-0.29744,20,970,[-1],-1,1,100.0,32.670773
3007,63,6.118043,22,890,80.0,2.345339,26,530,-0.073369,18,640,[0],0,1,100.0,58.698658
3010,42,6.514093,22,500,80.0,2.62622,14,3240,-1.012125,20,890,[-1],-1,1,100.0,45.917843
3010,42,6.402725,22,960,80.0,2.590928,26,410,0.316984,18,480,[-1],-1,1,100.0,47.365349
3015,42,6.47571,22,530,80.0,2.657126,14,3220,-1.021668,20,890,[-1],-1,1,100.0,46.052437
3015,42,6.399291,22,960,80.0,2.617855,26,410,0.279557,18,480,[-1],-1,1,100.0,47.11478
3019,46,5.961673,22,1000,80.0,2.148044,21,2720,-0.855567,20,890,[-1],-1,1,100.0,42.584274
3019,46,6.366235,22,940,80.0,2.510108,26,430,0.288205,18,520,[-1],-1,1,100.0,47.701473
3022,42,6.476723,22,530,80.0,2.662896,14,3210,-1.015153,20,890,[-1],-1,1,100.0,45.863346
3022,42,6.400075,22,960,80.0,2.600345,26,410,0.306512,18,480,[-1],-1,1,100.0,47.170532
3027,73,5.530765,22,1090,80.0,1.965315,21,2440,2.082386,16,420,[-1],-1,1,100.0,43.101673
3027,73,6.015553,22,820,80.0,2.2743,26,610,-0.000894,18,720,[-1],-1,1,100.0,51.549145
3033,41,6.49314,22,520,80.0,2.609692,14,3230,-1.05337,20,890,[-1],-1,1,100.0,45.214443
3033,41,6.405073,22,970,80.0,2.583731,26,400,0.318706,18,470,[-1],-1,1,100.0,47.081776
3037,69,5.587505,22,1080,80.0,1.994698,21,2490,-0.129224,20,1010,[-1],-1,1,100.0,32.155445
3037,69,6.081933,22,840,80.0,2.31714,26,590,0.028393,18,680,[0],0,1,100.0,58.286625
3044,62,5.649446,22,1120,80.0,1.966398,21,2490,-0.325088,20,960,[-1],-1,1,100.0,32.703442
3044,62,6.153411,22,890,80.0,2.380955,26,520,0.086676,18,620,[0],0,1,100.0,58.670895
3047,59,5.66433,22,1150,80.0,1.958096,21,2490,-0.492806,20,930,[-1],-1,1,100.0,31.756878
3047,59,6.179266,22,910,80.0,2.381699,26,500,-0.010495,18,610,[0],0,1,100.0,58.810543
3054,49,6.287408,22,560,80.0,2.610247,14,3150,-0.826071,20,880,[-1],-1,1,100.0,46.223434
3054,49,6.343551,22,920,80.0,2.522294,26,450,0.312019,18,540,[-1],-1,1,100.0,48.335785
3058,62,5.630441,22,1130,80.0,1.972647,21,2490,-0.385357,20,950,[-1],-1,1,100.0,32.397484
3058,62,6.153297,22,880,80.0,2.414164,26,520,0.1122,18,630,[0],0,1,100.0,58.792385
3061,69,5.502135,22,1190,80.0,1.874147,21,2380,-0.140776,20,1010,[-1],-1,1,100.0,33.64447
3061,69,6.00652,22,880,80.0,2.190215,26,570,-0.112536,18,670,[0],0,1,100.0,58.650272
3065,42,5.984327,22,1060,80.0,2.098164,21,2690,-1.02079,20,890,[-1],-1,1,100.0,29.10495
3065,42,6.377262,22,980,80.0,2.476646,26,390,0.28377,18,480,[-1],-1,1,100.0,47.259777
3067,59,5.977234,22,630,80.0,2.514284,21,2990,-0.367113,20,950,[-1],-1,1,100.0,47.036648
3067,59,6.263315,22,840,80.0,2.609494,26,530,0.287902,18,620,[-1],-1,1,100.0,60.050495
3071,60,5.974854,22,620,80.0,2.51064,21,2980,-0.285993,20,960,[-1],-1,1,100.0,47.211288
3071,60,6.261219,22,830,80.0,2.606252,26,550,0.271306,18,640,[-1],-1,1,100.0,59.950764
3077,75,5.411377,22,1220,80.0,1.826899,21,2320,1.953575,16,420,[-1],-1,1,100.0,42.198238
3077,75,5.894491,22,870,80.0,2.144444,26,590,1.247627,18,490,[-1],-1,1,100.0,42.131306
3082,44,5.967592,22,1050,80.0,2.112996,21,2690,-1.005799,20,880,[-1],-1,1,100.0,29.069696
3082,44,6.375999,22,960,80.0,2.59781,26,390,0.315018,18,500,[-1],-1,1,100.0,47.533478
3088,45,6.303962,22,590,80.0,2.600871,14,3150,-0.983465,20,880,[-1],-1,1,100.0,45.739738
3088,45,6.352662,22,960,80.0,2.479278,26,410,0.229157,18,510,[-1],-1,1,100.0,47.00877
3093,49,5.793184,22,1170,80.0,1.969992,21,2550,-0.920905,20,860,[-1],-1,1,100.0,30.550407
3093,49,6.292969,22,950,80.0,2.468136,26,430,0.122924,18,530,[-1],-1,1,100.0,46.360332
3098,65,5.558626,22,1190,80.0,1.89734,21,2420,-0.322832,20,970,[-1],-1,1,100.0,33.664566
3098,65,6.084395,22,890,80.0,2.306729,26,520,8.9e-05,18,650,[0],0,1,100.0,58.584137
3103,45,6.288172,22,590,80.0,2.603039,14,3150,-0.991427,20,870,[-1],-1,1,100.0,45.453869
3103,45,6.370735,22,940,80.0,2.489452,26,430,0.31244,18,520,[-1],-1,1,100.0,47.917664
3109,44,5.960839,22,1060,80.0,2.101167,21,2680,-1.005355,20,880,[-1],-1,1,100.0,29.511429
3109,44,6.376058,22,960,80.0,2.596325,26,390,0.317232,18,500,[-1],-1,1,100.0,47.470905
3114,44,6.347919,22,580,80.0,2.616383,14,3160,-1.005274,20,880,[-1],-1,1,100.0,46.062214
3114,44,6.376071,22,960,80.0,2.596053,26,390,0.317638,18,500,[-1],-1,1,100.0,47.607052
3118,43,5.943768,22,1100,80.0,2.05433,21,2660,-1.062678,20,880,[-1],-1,1,100.0,29.918652
3118,43,6.373472,22,970,80.0,2.50753,26,400,0.253068,18,490,[-1],-1,1,100.0,47.570389
3124,64,5.569165,22,1190,80.0,1.907913,21,2420,-0.361383,20,960,[-1],-1,1,100.0,33.616261
3124,64,6.088022,22,900,80.0,2.293188,26,510,0.012576,18,640,[-1],-1,1,100.0,58.372971
3129,69,5.552658,22,1130,80.0,1.930016,21,2430,-0.094994,20,1010,[-1],-1,1,100.0,34.021084
3129,69,6.049,22,860,80.0,2.260721,26,570,-0.023721,18,680,[0],0,1,100.0,58.45319
3134,44,6.309438,22,600,80.0,2.599898,14,3140,-1.00495,20,880,[-1],-1,1,100.0,45.948978
3134,44,6.351599,22,980,80.0,2.594971,26,390,0.116936,18,480,[-1],-1,1,100.0,47.386021
3139,74,5.356242,22,1320,80.0,1.74581,21,2230,1.924524,16,380,[-1],-1,1,100.0,41.751766
3139,74,4.735237,22,580,80.0,2.58684,2,1300,2.623816,2,1270,[0],0,1,100.0,57.451283
3139,74,5.866794,22,910,80.0,2.085412,26,560,-0.284572,18,680,[-1],-1,1,100.0,52.042767
3144,43,6.288155,22,620,80.0,2.925978,14,3140,-1.062281,20,880,[-1],-1,1,100.0,45.794189
3144,43,6.337386,22,1000,80.0,2.438098,26,390,0.045815,18,470,[-1],-1,1,100.0,47.02483
3150,58,5.800962,22,960,80.0,2.1661,21,2680,-0.468328,20,930,[-1],-1,1,100.0,47.279549
3150,58,6.21535,22,890,80.0,2.499054,26,500,0.045131,18,600,[-1],-1,1,100.0,49.421829
3155,64,5.556419,22,1200,80.0,1.896594,21,2410,-0.357139,20,960,[-1],-1,1,100.0,34.174007
3155,64,6.082451,22,900,80.0,2.255049,26,520,-0.066492,18,650,[-1],-1,1,100.0,58.719418
3158,44,5.851761,22,1200,80.0,1.933819,21,2550,-1.033424,20,870,[-1],-1,1,100.0,30.547653
3158,44,6.337564,22,980,80.0,2.40827,26,410,0.120862,18,490,[-1],-1,1,100.0,47.238804
3162,43,5.920582,22,1140,80.0,2.019727,21,2620,-1.114291,20,870,[-1],-1,1,100.0,31.128147
3162,43,6.341654,22,1000,80.0,2.386274,26,390,0.121033,18,470,[-1],-1,1,100.0,46.971077
3166,63,5.779896,22,900,80.0,2.213749,21,2700,-0.28066,20,970,[-1],-1,1,100.0,46.390903
3166,63,6.215586,22,830,80.0,2.526529,26,560,0.240422,18,650,[-1],-1,1,100.0,59.754223
3169,47,5.804142,22,1210,80.0,1.928282,21,2520,-0.987415,20,860,[-1],-1,1,100.0,31.456711
3169,47,6.30378,22,970,80.0,2.448929,26,400,0.199087,18,510,[-1],-1,1,100.0,47.522793
3175,44,5.920415,22,1120,80.0,2.041569,21,2630,-1.074809,20,870,[-1],-1,1,100.0,31.143393
3175,44,6.339434,22,990,80.0,2.526125,26,380,0.120071,18,480,[-1],-1,1,100.0,47.072475
3180,44,5.885752,22,1170,80.0,1.973918,21,2590,-1.0759,20,870,[-1],-1,1,100.0,31.101206
3180,44,6.338536,22,990,80.0,2.400958,26,400,0.116985,18,480,[-1],-1,1,100.0,47.226082
3185,49,5.844832,22,1100,80.0,2.044967,21,2600,-0.840889,20,870,[-1],-1,1,100.0,44.450199
3185,49,6.299563,22,950,80.0,2.368886,26,440,0.177308,18,530,[-1],-1,1,100.0,47.984211
3191,64,5.715137,22,960,80.0,2.133201,21,2630,-0.203348,20,990,[-1],-1,1,100.0,46.790512
3191,64,6.169742,22,840,80.0,2.489275,26,570,-0.002003,18,660,[0],0,1,100.0,59.126316
3197,44,5.900351,22,1140,80.0,2.01403,21,2620,-1.085577,20,870,[-1],-1,1,100.0,31.429892
3197,44,6.335096,22,990,80.0,2.436572,26,400,0.068931,18,480,[-1],-1,1,100.0,47.368874
3201,61,5.725362,22,1000,80.0,2.112435,21,2620,-0.360655,20,950,[-1],-1,1,100.0,46.698025
3201,61,6.1871,22,870,80.0,2.424716,26,520,0.163914,18,640,[-1],-1,1,100.0,60.069363
3208,70,5.441208,22,1270,80.0,1.797869,21,2310,-0.201428,20,990,[-1],-1,1,100.0,36.511372
3208,70,4.8036,22,560,80.0,2.599764,2,1330,2.591092,2,1270,[0],0,1,100.0,57.828568
3208,70,5.936893,22,920,80.0,2.088695,26,540,-0.223726,18,660,[-1],-1,1,100.0,58.479908
3211,45,5.826687,22,1230,80.0,1.902634,21,2520,-1.044551,20,870,[-1],-1,1,100.0,31.731264
3211,45,6.320761,22,990,80.0,2.441805,26,390,0.070996,18,490,[-1],-1,1,100.0,47.442287
3215,44,5.838613,22,1230,80.0,1.894658,21,2520,-1.019341,20,880,[-1],-1,1,100.0,31.809963
3215,44,6.320775,22,1000,80.0,2.448752,26,380,0.045613,18,480,[-1],-1,1,100.0,47.193542
3221,68,5.636307,22,1020,80.0,2.044863,21,2520,-0.030849,20,1020,[-1],-1,1,100.0,33.223305
3221,68,6.126252,22,820,80.0,2.379004,26,590,0.128794,18,690,[0],0,1,100.0,57.236641
3226,64,5.650598,22,1060,80.0,2.0253,21,2520,-0.199498,20,990,[-1],-1,1,100.0,32.508175
3226,64,6.1428,22,860,80.0,2.388947,26,550,0.013655,18,660,[-1],-1,1,100.0,59.867092
3228,58,5.638416,22,1210,80.0,1.902292,21,2450,-0.598961,20,910,[-1],-1,1,100.0,33.9496
3228,58,6.154484,22,930,80.0,2.330311,26,480,-0.08599,18,590,[-1],-1,1,100.0,59.081234
3234,45,5.818549,22,1250,80.0,1.888193,21,2510,-1.10913,20,860,[-1],-1,1,100.0,31.852537
3234,45,6.309668,22,1000,80.0,2.418437,26,370,0.096669,18,490,[-1],-1,1,100.0,47.461643
3241,61,5.547487,22,1280,80.0,1.814487,21,2370,-0.528189,20,920,[-1],-1,1,100.0,35.567791
3241,61,6.108659,22,930,80.0,2.270429,26,490,-0.053111,18,610,[-1],-1,1,100.0,58.267365
3248,49,5.749581,22,1250,80.0,1.862364,21,2470,-0.898786,20,860,[-1],-1,1,100.0,32.738987
3248,49,6.244051,22,990,80.0,2.337548,26,400,0.027466,18,510,[-1],-1,1,100.0,46.988029
3255,46,5.784581,22,1270,80.0,1.850022,21,2470,-1.009906,20,870,[-1],-1,1,100.0,31.96279
3255,46,6.287067,22,1000,80.0,2.413369,26,390,-0.057086,18,490,[-1],-1,1,100.0,47.310925
3258,60,5.653072,22,1150,80.0,1.947877,21,2490,-0.458553,20,930,[-1],-1,1,100.0,33.283642
3258,60,6.176315,22,900,80.0,2.344311,26,500,0.048036,18,630,[-1],-1,1,100.0,59.674431
3268,68,5.409336,22,1330,80.0,1.737604,21,2270,-0.268361,20,980,[-1],-1,1,100.0,36.127407
3268,68,4.805024,22,590,80.0,2.551172,2,1300,2.546855,2,1250,[0],0,1,100.0,57.310101
3268,68,5.946146,22,930,80.0,2.163375,26,520,-0.232685,18,640,[-1],-1,1,100.0,56.095947
3274,68,5.446824,22,1280,80.0,1.790814,21,2300,2.04651,16,350,[-1],-1,1,100.0,43.373398
3274,68,4.840861,22,540,80.0,2.619711,2,1350,2.591558,2,1280,[0],0,1,100.0,57.858727
3274,68,5.964162,22,920,80.0,2.158542,26,520,-0.158023,18,650,[-1],-1,1,100.0,56.970299
3278,49,5.746035,22,1270,80.0,1.847558,21,2460,-0.959773,20,860,[-1],-1,1,100.0,32.071007
3278,49,6.270207,22,980,80.0,2.382308,26,410,0.044928,18,510,[-1],-1,1,100.0,47.892838
3285,58,5.604823,22,1260,80.0,1.85098,21,2410,-0.649275,20,900,[-1],-1,1,100.0,35.158566
3285,58,6.128202,22,950,80.0,2.253066,26,470,-0.134505,18,580,[-1],-1,1,100.0,46.989353
3291,55,5.679789,22,1210,80.0,1.902009,21,2460,-0.665042,20,890,[-1],-1,1,100.0,33.075882
3291,55,6.18143,22,950,80.0,2.307035,26,460,-0.121905,18,570,[-1],-1,1,100.0,48.975178
3298,45,5.771211,22,1300,80.0,1.831051,21,2460,-1.128622,20,850,[-1],-1,1,100.0,33.04763
3298,45,6.281442,22,1010,80.0,2.404779,26,380,-0.067943,18,480,[-1],-1,1,100.0,47.568195
3304,55,5.6297,22,1300,80.0,1.819494,21,2400,-0.838095,20,860,[-1],-1,1,100.0,34.500298
3304,55,6.152177,22,980,80.0,2.239617,26,440,-0.208982,18,550,[-1],-1,1,100.0,46.545238
3308,49,5.720946,22,1300,80.0,1.822516,21,2440,-1.024884,20,850,[-1],-1,1,100.0,33.484699
3308,49,6.252985,22,990,80.0,2.329844,26,400,0.038878,18,510,[-1],-1,1,100.0,47.583221
3313,68,5.548523,22,1160,80.0,1.920784,21,2420,-0.207405,20,990,[-1],-1,1,100.0,34.149994
3313,68,6.033207,22,890,80.0,2.27546,26,540,-0.072421,18,650,[-1],-1,1,100.0,59.038177
3318,69,5.392099,22,1350,80.0,1.73409,21,2250,-0.322322,20,960,[-1],-1,1,100.0,36.706802
3318,69,4.773504,22,630,80.0,2.491753,2,1260,2.506545,2,1220,[0],0,1,100.0,56.880543
3318,69,5.893164,22,960,80.0,2.083043,26,500,-0.313513,18,630,[-1],-1,1,100.0,57.983479
3332,46,5.766305,22,1300,80.0,1.824025,21,2450,-1.0768,20,860,[-1],-1,1,100.0,33.310841
3332,46,6.276966,22,1010,80.0,2.330888,26,380,-0.04088,18,490,[-1],-1,1,100.0,47.632214
3337,47,5.755371,22,1300,80.0,1.821552,21,2440,-1.035804,20,860,[-1],-1,1,100.0,33.768307
3337,47,6.276474,22,1000,80.0,2.340365,26,390,-0.036486,18,500,[-1],-1,1,100.0,47.660767
3340,58,5.579937,22,1300,80.0,1.802234,21,2370,-0.651417,20,900,[-1],-1,1,100.0,35.957829
3340,58,6.115128,22,960,80.0,2.19669,26,460,-0.046088,18,570,[-1],-1,1,100.0,58.901157
3346,62,5.57706,22,1230,80.0,1.868404,21,2410,-0.479839,20,930,[-1],-1,1,100.0,33.496944
3346,62,6.129088,22,910,80.0,2.300724,26,510,0.058478,18,610,[-1],-1,1,100.0,59.785477
3350,73,5.350524,22,1340,80.0,1.720813,21,2220,1.941056,16,380,[-1],-1,1,100.0,43.315601
3350,73,4.697052,22,650,80.0,2.49646,2,1240,2.561747,2,1230,[0],0,1,100.0,56.876312
3350,73,5.85986,22,930,80.0,2.039434,26,550,-0.374573,18,670,[-1],-1,1,100.0,55.497234
3356,61,5.611665,22,1200,80.0,1.896268,21,2440,-0.472238,20,930,[-1],-1,1,100.0,34.322319
3356,61,6.13183,22,920,80.0,2.301022,26,500,-0.032707,18,610,[-1],-1,1,100.0,59.678562
3362,64,5.492123,22,1310,80.0,1.781172,21,2320,-0.449938,20,940,[-1],-1,1,100.0,36.79871
3362,64,4.958437,22,510,80.0,2.61018,2,1370,2.560899,2,1290,[0],0,1,100.0,58.237667
3362,64,6.043593,22,940,80.0,2.186403,26,500,-0.1235,18,610,[-1],-1,1,100.0,58.6329
3366,70,5.522299,22,1160,80.0,1.919714,21,2400,-0.14871,20,1000,[-1],-1,1,100.0,35.07666
3366,70,6.033448,22,860,80.0,2.290339,26,570,-0.071514,18,680,[-1],-1,1,100.0,59.545624
3373,62,5.573233,22,1220,80.0,1.875066,21,2410,-0.435217,20,940,[-1],-1,1,100.0,34.070671
3373,62,6.112938,22,910,80.0,2.301534,26,500,0.05851,18,620,[-1],-1,1,100.0,58.589573
3378,64,5.551071,22,1230,80.0,1.864042,21,2390,-0.401545,20,950,[-1],-1,1,100.0,35.161705
3378,64,6.088953,22,910,80.0,2.244874,26,510,0.009568,18,630,[-1],-1,1,100.0,58.170933
3381,46,5.742109,22,1320,80.0,1.818488,21,2440,-1.162984,20,840,[-1],-1,1,100.0,34.063
3381,46,6.234783,22,1030,80.0,2.30569,26,370,-0.190028,18,480,[-1],-1,1,100.0,47.606483
3390,47,5.719093,22,1330,80.0,1.805118,21,2420,-1.12516,20,840,[-1],-1,1,100.0,34.469524
3390,47,6.23262,22,1020,80.0,2.330327,26,380,-0.100058,18,480,[-1],-1,1,100.0,47.696358
3394,62,5.567964,22,1240,80.0,1.847185,21,2390,-0.43474,20,940,[-1],-1,1,100.0,35.216091
3394,62,6.108804,22,920,80.0,2.278699,26,500,-0.062585,18,620,[-1],-1,1,100.0,59.669552
3401,46,5.725317,22,1340,80.0,1.796215,21,2420,-1.16894,20,840,[-1],-1,1,100.0,41.984138
3401,46,6.218982,22,1040,80.0,2.257488,26,360,-0.213019,18,480,[-1],-1,1,100.0,47.368412
3413,63,5.549633,22,1250,80.0,1.842233,21,2380,-0.440591,20,940,[-1],-1,1,100.0,35.240158
3413,63,6.077912,22,930,80.0,2.225498,26,500,-0.043242,18,610,[-1],-1,1,100.0,58.271667
3418,47,5.719286,22,1330,80.0,1.80495,21,2420,-1.124889,20,840,[-1],-1,1,100.0,34.816669
3418,47,6.232817,22,1020,80.0,2.328966,26,380,-0.098252,18,480,[-1],-1,1,100.0,47.744881
3423,51,5.67382,22,1320,80.0,1.8068,21,2410,-1.02363,20,830,[-1],-1,1,100.0,34.808636
3423,51,6.196061,22,1000,80.0,2.252171,26,400,-0.074456,18,520,[-1],-1,1,100.0,48.373783
3429,48,5.724972,22,1320,80.0,1.806225,21,2420,-1.060543,20,850,[-1],-1,1,100.0,34.736374
3429,48,6.227826,22,1020,80.0,2.285473,26,390,-0.114876,18,480,[-1],-1,1,100.0,47.777092
3433,68,5.515888,22,1200,80.0,1.875339,21,2380,-0.208498,20,990,[-1],-1,1,100.0,35.256817
3433,68,6.026377,22,890,80.0,2.247421,26,550,-0.090862,18,650,[-1],-1,1,100.0,58.527271
3439,48,5.724805,22,1320,80.0,1.807717,21,2420,-1.065122,20,850,[-1],-1,1,100.0,35.01548
3439,48,6.211133,22,1030,80.0,2.239769,26,380,-0.137292,18,480,[-1],-1,1,100.0,47.710712
3442,70,5.335415,22,1390,80.0,1.685707,21,2210,1.777496,16,350,[-1],-1,1,100.0,42.645729
3442,70,4.687672,22,710,80.0,2.406876,2,1190,2.481207,2,1190,[0],0,1,100.0,55.945187
3442,70,5.853574,22,960,80.0,2.060302,26,510,-0.386256,18,640,[-1],-1,1,100.0,56.323689
3447,65,5.519772,22,1240,80.0,1.83645,21,2370,-0.315816,20,970,[-1],-1,1,100.0,36.120197
3447,65,6.01948,22,930,80.0,2.164721,26,510,-0.213881,18,640,[-1],-1,1,100.0,58.601955
3453,47,5.718027,22,1330,80.0,1.805261,21,2420,-1.124856,20,840,[-1],-1,1,100.0,35.136078
3453,47,5.28177,22,500,80.0,2.288273,2,1390,2.429578,2,1300,[0],0,1,100.0,59.196308
3453,47,6.229392,22,1020,80.0,2.275685,26,390,-0.10149,18,480,[-1],-1,1,100.0,47.812481
3457,47,5.718052,22,1330,80.0,1.805238,21,2420,-1.124819,20,840,[-1],-1,1,100.0,35.193863
3457,47,5.281812,22,500,80.0,2.288256,2,1390,2.429559,2,1300,[0],0,1,100.0,59.153625
3457,47,6.22942,22,1020,80.0,2.275492,26,390,-0.101241,18,480,[-1],-1,1,100.0,47.756672
3466,64,5.513826,22,1270,80.0,1.833724,21,2360,-0.45872,20,940,[-1],-1,1,100.0,36.126259
3466,64,6.030385,22,940,80.0,2.177543,26,490,-0.107436,18,620,[-1],-1,1,100.0,58.288651
3510,65,5.49544,22,1290,80.0,1.802369,21,2330,-0.414186,20,950,[-1],-1,1,100.0,37.412991
3510,65,4.908087,22,540,80.0,2.561091,2,1330,2.57097,2,1290,[0],0,1,100.0,58.215275
3510,65,6.036438,22,930,80.0,2.16794,26,500,-0.078156,18,630,[-1],-1,1,100.0,58.355724
3516,52,5.652013,22,1330,80.0,1.796452,21,2390,-0.98968,20,830,[-1],-1,1,100.0,36.032875
3516,52,5.182064,22,510,80.0,2.313399,2,1380,2.436372,2,1280,[0],0,1,100.0,58.543182
3516,52,6.127866,22,1030,80.0,2.170666,26,390,-0.279775,18,510,[-1],-1,1,100.0,48.12397
3525,49,5.66214,22,1360,80.0,1.771592,21,2390,-1.112609,20,830,[-1],-1,1,100.0,35.989231
3525,49,5.199033,22,530,80.0,2.258744,2,1360,2.415647,2,1280,[0],0,1,100.0,58.405811
3525,49,6.162938,22,1040,80.0,2.134031,26,380,-0.211547,18,490,[-1],-1,1,100.0,47.845257
3530,66,5.472448,22,1290,80.0,1.788285,21,2320,-0.331139,20,970,[-1],-1,1,100.0,36.969582
3530,66,4.894726,22,530,80.0,2.612419,2,1360,2.570335,2,1280,[0],0,1,100.0,57.915356
3530,66,5.986255,22,940,80.0,2.13334,26,510,-0.224214,18,630,[-1],-1,1,100.0,58.443913
3535,53,5.618731,22,1340,80.0,1.789574,21,2370,-0.944876,20,840,[-1],-1,1,100.0,36.282158
3535,53,5.117698,22,540,80.0,2.500216,2,1350,2.435181,2,1270,[0],0,1,100.0,57.979542
3535,53,6.130299,22,1010,80.0,2.175582,26,410,-0.24533,18,530,[-1],-1,1,100.0,48.394024
3539,67,5.461851,22,1290,80.0,1.780841,21,2320,-0.303192,20,980,[-1],-1,1,100.0,37.10117
3539,67,4.848548,22,560,80.0,2.578869,2,1330,2.57965,2,1280,[0],0,1,100.0,57.81366
3539,67,5.980605,22,930,80.0,2.168633,26,520,-0.191089,18,630,[-1],-1,1,100.0,58.486916
3543,67,5.443549,22,1310,80.0,1.76266,21,2290,-0.293824,20,980,[-1],-1,1,100.0,37.219151
3543,67,4.873137,22,530,80.0,2.606526,2,1350,2.57954,2,1280,[0],0,1,100.0,57.760117
3543,67,5.965381,22,940,80.0,2.104712,26,510,-0.236921,18,640,[-1],-1,1,100.0,58.531914
3546,71,5.426533,22,1280,80.0,1.786031,21,2280,-0.156255,20,1000,[-1],-1,1,100.0,37.308395
3546,71,4.814236,22,540,80.0,2.62872,2,1350,2.606528,2,1280,[0],0,1,100.0,57.797783
3546,71,5.959722,22,900,80.0,2.186856,26,540,-0.184753,18,670,[-1],-1,1,100.0,59.27673
3549,67,5.448295,22,1310,80.0,1.763371,21,2290,-0.295094,20,980,[-1],-1,1,100.0,37.351265
3549,67,4.861361,22,560,80.0,2.5649,2,1320,2.573081,2,1280,[0],0,1,100.0,57.700962
3549,67,5.968584,22,940,80.0,2.101745,26,510,-0.233529,18,640,[-1],-1,1,100.0,58.444645
3554,69,5.421512,22,1310,80.0,1.758928,21,2270,-0.230665,20,980,[-1],-1,1,100.0,37.432583
3554,69,4.812127,22,570,80.0,2.578776,2,1320,2.582408,2,1270,[0],0,1,100.0,57.690376
3554,69,5.95715,22,920,80.0,2.144377,26,530,-0.195565,18,650,[-1],-1,1,100.0,58.425846
3560,65,5.405924,22,1390,80.0,1.71528,21,2250,-0.514266,20,930,[-1],-1,1,100.0,38.007954
3560,65,4.7809,22,680,80.0,2.41,2,1220,2.41072,2,1180,[0],0,1,100.0,55.728756
3560,65,5.908615,22,1000,80.0,1.997498,26,460,-0.324374,18,600,[-1],-1,1,100.0,58.38166
3567,71,5.372627,22,1340,80.0,1.724377,21,2240,-0.205015,20,990,[-1],-1,1,100.0,37.688164
3567,71,4.754203,22,610,80.0,2.536215,2,1280,2.556949,2,1240,[0],0,1,100.0,56.999531
3567,71,5.900447,22,930,80.0,2.089581,26,530,-0.28823,18,660,[-1],-1,1,100.0,58.936333
3570,61,5.467107,22,1390,80.0,1.726779,21,2280,-0.690802,20,890,[-1],-1,1,100.0,37.195103
3570,61,4.898812,22,620,80.0,2.44798,2,1270,2.446661,2,1230,[0],0,1,100.0,56.369823
3570,61,6.002099,22,1000,80.0,2.041857,26,450,-0.326631,18,590,[-1],-1,1,100.0,57.400177
3574,68,5.451419,22,1290,80.0,1.781449,21,2300,-0.2582,20,980,[-1],-1,1,100.0,37.553642
3574,68,4.826498,22,580,80.0,2.541502,2,1300,2.554294,2,1260,[0],0,1,100.0,57.398048
3574,68,5.965737,22,930,80.0,2.149116,26,510,-0.153511,18,640,[-1],-1,1,100.0,58.307888
3579,70,5.401321,22,1320,80.0,1.757615,21,2260,-0.243399,20,980,[-1],-1,1,100.0,37.574692
3579,70,4.798601,22,570,80.0,2.570642,2,1310,2.589769,2,1270,[0],0,1,100.0,57.389111
3579,70,5.903094,22,940,80.0,2.076581,26,520,-0.281053,18,650,[-1],-1,1,100.0,58.710491
3584,54,5.551103,22,1400,80.0,1.723014,21,2320,-0.953949,20,840,[-1],-1,1,100.0,37.33609
3584,54,4.997231,22,620,80.0,2.406495,2,1280,2.381955,2,1230,[0],0,1,100.0,56.52924
3584,54,6.075616,22,1030,80.0,2.087371,26,400,-0.329378,18,530,[-1],-1,1,100.0,47.283394
3590,69,5.40071,22,1340,80.0,1.74376,21,2260,-0.314849,20,970,[-1],-1,1,100.0,37.731525
3590,69,4.8102,22,580,80.0,2.534824,2,1290,2.563654,2,1260,[0],0,1,100.0,57.240654
3590,69,5.94486,22,930,80.0,2.039731,26,530,-0.165589,18,650,[-1],-1,1,100.0,58.082428
3596,61,5.434793,22,1420,80.0,1.688198,21,2260,-0.692365,20,890,[-1],-1,1,100.0,37.797237
3596,61,4.840925,22,670,80.0,2.393022,2,1230,2.3757,2,1180,[0],0,1,100.0,55.466858
3596,61,5.962242,22,1020,80.0,2.009897,26,440,-0.346419,18,570,[-1],-1,1,100.0,58.393219
3598,70,5.328191,22,1410,80.0,1.676455,21,2210,-0.369074,20,950,[-1],-1,1,100.0,38.814106
3598,70,4.652259,22,770,80.0,2.339781,2,1150,2.414453,2,1150,[0],0,1,100.0,55.047531
3598,70,5.822706,22,990,80.0,1.950439,26,480,-0.365342,18,630,[-1],-1,1,100.0,56.813324
3600,68,5.40782,22,1350,80.0,1.733136,21,2260,-0.348765,20,970,[-1],-1,1,100.0,37.817413
3600,68,4.815362,22,600,80.0,2.525395,2,1290,2.537771,2,1250,[0],0,1,100.0,57.093887
3600,68,5.939745,22,950,80.0,2.128395,26,510,-0.274683,18,620,[-1],-1,1,100.0,58.378582
3603,68,5.362648,22,1400,80.0,1.690173,21,2220,-0.403095,20,950,[-1],-1,1,100.0,38.097305
3603,68,4.745399,22,680,80.0,2.427816,2,1220,2.438942,2,1180,[0],0,1,100.0,55.714401
3603,68,5.864841,22,990,80.0,2.012147,26,480,-0.364974,18,610,[-1],-1,1,100.0,58.26482
3609,50,5.654506,22,1370,80.0,1.759898,21,2380,-1.112767,20,830,[-1],-1,1,100.0,36.89645
3609,50,5.123982,22,580,80.0,2.192018,2,1320,2.340625,2,1230,[0],0,1,100.0,57.502911
3609,50,6.141144,22,1050,80.0,2.08578,26,370,-0.214345,18,490,[-1],-1,1,100.0,48.025715
3612,69,5.382416,22,1360,80.0,1.720989,21,2240,1.898975,16,330,[-1],-1,1,100.0,43.499371
3612,69,4.787297,22,610,80.0,2.522157,2,1280,2.534461,2,1240,[0],0,1,100.0,57.006466
3612,69,5.926472,22,940,80.0,2.077358,26,520,-0.229523,18,640,[-1],-1,1,100.0,57.303005
3618,50,5.636196,22,1380,80.0,1.74298,21,2360,-1.065732,20,830,[-1],-1,1,100.0,41.842899
3618,50,5.10804,22,590,80.0,2.166261,2,1300,2.354437,2,1240,[0],0,1,100.0,56.115005
3618,50,6.13203,22,1050,80.0,2.116235,26,370,-0.25712,18,490,[-1],-1,1,100.0,47.897057
3621,69,5.401485,22,1340,80.0,1.741794,21,2260,-0.310777,20,970,[-1],-1,1,100.0,38.176308
3621,69,4.797045,22,600,80.0,2.535347,2,1290,2.517835,2,1230,[0],0,1,100.0,56.883629
3621,69,5.898947,22,960,80.0,2.055992,26,500,-0.280159,18,630,[-1],-1,1,100.0,57.276199
3623,69,5.39885,22,1340,80.0,1.73712,21,2250,-0.28117,20,970,[-1],-1,1,100.0,38.196171
3623,69,4.791371,22,600,80.0,2.535444,2,1290,2.538276,2,1240,[0],0,1,100.0,56.892212
3623,69,5.925646,22,940,80.0,2.103932,26,520,-0.275489,18,640,[-1],-1,1,100.0,57.05909
3626,69,5.400043,22,1340,80.0,1.734817,21,2250,-0.278521,20,970,[-1],-1,1,100.0,38.402943
3626,69,4.781997,22,610,80.0,2.522274,2,1280,2.524284,2,1230,[0],0,1,100.0,56.69772
3626,69,5.926536,22,940,80.0,2.094523,26,520,-0.259037,18,640,[-1],-1,1,100.0,57.05788
3633,67,5.322299,22,1450,80.0,1.652318,21,2190,-0.485177,20,940,[-1],-1,1,100.0,39.353218
3633,67,4.606331,22,850,80.0,2.197337,2,1070,2.350236,2,1120,[0],0,1,100.0,54.407269
3633,67,5.806519,22,1030,80.0,1.87838,26,460,-0.522138,18,600,[-1],-1,1,100.0,57.510582
3635,68,5.399391,22,1360,80.0,1.713616,21,2260,-0.346518,20,970,[-1],-1,1,100.0,38.205688
3635,68,4.805719,22,610,80.0,2.511892,2,1280,2.524735,2,1240,[0],0,1,100.0,56.692593
3635,68,5.92084,22,960,80.0,2.083518,26,500,-0.268774,18,620,[-1],-1,1,100.0,57.202888
3642,70,5.388391,22,1330,80.0,1.741961,21,2260,-0.243884,20,980,[-1],-1,1,100.0,38.379608
3642,70,4.759147,22,620,80.0,2.504351,2,1260,2.533808,2,1230,[0],0,1,100.0,56.664772
3642,70,5.895326,22,940,80.0,2.09073,26,520,-0.307326,18,650,[-1],-1,1,100.0,58.99234
3645,70,5.379223,22,1350,80.0,1.721848,21,2230,-0.244811,20,980,[-1],-1,1,100.0,39.211948
3645,70,4.744961,22,640,80.0,2.486583,2,1250,2.520673,2,1220,[0],0,1,100.0,56.402756
3645,70,5.886774,22,950,80.0,2.033703,26,510,-0.283006,18,650,[-1],-1,1,100.0,58.752987
3647,69,5.373594,22,1370,80.0,1.709328,21,2230,-0.311854,20,970,[-1],-1,1,100.0,38.243885
3647,69,4.771862,22,630,80.0,2.493441,2,1260,2.506399,2,1220,[0],0,1,100.0,56.558727
3647,69,5.893105,22,960,80.0,2.030351,26,510,-0.298425,18,630,[-1],-1,1,100.0,57.172241
3653,53,5.576069,22,1390,80.0,1.737205,21,2340,-1.010166,20,830,[-1],-1,1,100.0,37.43095
3653,53,5.039423,22,600,80.0,2.428819,2,1300,2.372494,2,1230,[0],0,1,100.0,56.536079
3653,53,6.080475,22,1040,80.0,2.064598,26,390,-0.333183,18,520,[-1],-1,1,100.0,48.44339
3658,57,5.530145,22,1390,80.0,1.73454,21,2310,-0.864633,20,860,[-1],-1,1,100.0,37.310432
3658,57,4.961761,22,620,80.0,2.432152,2,1290,2.390831,2,1220,[0],0,1,100.0,56.525417
3658,57,6.051382,22,1020,80.0,2.056551,26,420,-0.378725,18,550,[-1],-1,1,100.0,48.787102
3661,69,5.385882,22,1360,80.0,1.720425,21,2240,-0.317937,20,960,[-1],-1,1,100.0,39.141216
3661,69,4.76922,22,640,80.0,2.491033,2,1260,2.488805,2,1210,[0],0,1,100.0,56.448879
3661,69,5.881619,22,970,80.0,2.019555,26,490,-0.289958,18,630,[-1],-1,1,100.0,57.236969
3668,68,5.393172,22,1350,80.0,1.73004,21,2250,-0.308699,20,970,[-1],-1,1,100.0,39.112587
3668,68,4.760239,22,650,80.0,2.476996,2,1250,2.489385,2,1210,[0],0,1,100.0,56.351822
3668,68,5.901361,22,960,80.0,2.048665,26,500,-0.269547,18,630,[-1],-1,1,100.0,57.178833
3675,69,5.374375,22,1370,80.0,1.720544,21,2240,1.830545,16,320,[-1],-1,1,100.0,44.210659
3675,69,4.740905,22,670,80.0,2.451403,2,1230,2.491243,2,1210,[0],0,1,100.0,56.290981
3675,69,5.892134,22,960,80.0,1.987632,26,500,-0.225743,18,640,[-1],-1,1,100.0,57.288124
3679,68,5.385881,22,1370,80.0,1.728449,21,2250,-0.409257,20,950,[-1],-1,1,100.0,39.024456
3679,68,4.767329,22,650,80.0,2.474447,2,1250,2.471625,2,1200,[0],0,1,100.0,56.235947
3679,68,5.893331,22,970,80.0,2.001369,26,490,-0.264654,18,630,[-1],-1,1,100.0,57.15197
3681,69,5.37475,22,1370,80.0,1.712552,21,2230,-0.325153,20,960,[-1],-1,1,100.0,39.16386
3681,69,4.733989,22,670,80.0,2.45094,2,1230,2.4815,2,1200,[0],0,1,100.0,56.22633
3681,69,5.891701,22,960,80.0,2.006545,26,500,-0.257348,18,640,[-1],-1,1,100.0,57.739265
3684,51,5.610278,22,1390,80.0,1.741714,21,2350,-1.093642,20,820,[-1],-1,1,100.0,42.902653
3684,51,5.077248,22,600,80.0,2.174145,2,1300,2.33358,2,1220,[0],0,1,100.0,55.410656
3684,51,6.09551,22,1060,80.0,2.08224,26,370,-0.35738,18,490,[-1],-1,1,100.0,48.014793
3691,69,5.376696,22,1370,80.0,1.707579,21,2230,-0.310098,20,970,[-1],-1,1,100.0,39.037216
3691,69,4.758696,22,650,80.0,2.478261,2,1250,2.474772,2,1200,[0],0,1,100.0,56.127369
3691,69,5.882324,22,970,80.0,2.008785,26,490,-0.276012,18,630,[-1],-1,1,100.0,57.236443
3696,69,5.367836,22,1370,80.0,1.716762,21,2230,-0.321004,20,970,[-1],-1,1,100.0,39.246929
3696,69,4.722479,22,680,80.0,2.441344,2,1220,2.484439,2,1200,[0],0,1,100.0,56.112434
3696,69,5.878733,22,960,80.0,2.072275,26,510,-0.361217,18,630,[-1],-1,1,100.0,57.116543
3699,69,5.367184,22,1380,80.0,1.690718,21,2230,-0.318947,20,960,[-1],-1,1,100.0,38.176037
3699,69,4.748085,22,660,80.0,2.477748,2,1250,2.463255,2,1190,[0],0,1,100.0,56.00206
3699,69,5.895592,22,960,80.0,2.070733,26,500,-0.299096,18,630,[-1],-1,1,100.0,57.479378
3703,69,5.368646,22,1380,80.0,1.704222,21,2240,-0.373709,20,950,[-1],-1,1,100.0,39.089642
3703,69,4.737153,22,670,80.0,2.449851,2,1230,2.479711,2,1200,[0],0,1,100.0,56.026802
3703,69,5.876901,22,970,80.0,2.002734,26,500,-0.325019,18,630,[-1],-1,1,100.0,57.660786
3706,69,5.340801,22,1400,80.0,1.687689,21,2220,-0.372899,20,950,[-1],-1,1,100.0,39.281025
3706,69,4.709312,22,700,80.0,2.397437,2,1190,2.482714,2,1200,[0],0,1,100.0,56.008591
3706,69,5.863454,22,970,80.0,2.029717,26,500,-0.364943,18,630,[-1],-1,1,100.0,57.163624
3708,70,5.361844,22,1370,80.0,1.720539,21,2230,-0.330181,20,960,[-1],-1,1,100.0,39.209167
3708,70,4.716076,22,680,80.0,2.444463,2,1220,2.489647,2,1200,[0],0,1,100.0,55.993587
3708,70,5.853776,22,970,80.0,2.018452,26,510,-0.401186,18,630,[-1],-1,1,100.0,57.199131
3712,69,5.366885,22,1380,80.0,1.708934,21,2230,-0.362743,20,950,[-1],-1,1,100.0,39.192207
3712,69,4.734875,22,680,80.0,2.420289,2,1210,2.475802,2,1200,[0],0,1,100.0,55.925667
3712,69,5.862787,22,980,80.0,2.01974,26,490,-0.361761,18,620,[-1],-1,1,100.0,57.698444
3717,69,5.363904,22,1380,80.0,1.712204,21,2230,-0.369507,20,950,[-1],-1,1,100.0,39.150379
3717,69,4.735552,22,670,80.0,2.437256,2,1220,2.482009,2,1200,[0],0,1,100.0,55.884682
3717,69,5.8548,22,980,80.0,2.007757,26,500,-0.399233,18,620,[-1],-1,1,100.0,57.692921
3724,69,5.364725,22,1380,80.0,1.705702,21,2240,-0.374894,20,950,[-1],-1,1,100.0,38.505478
3724,69,4.703175,22,710,80.0,2.393559,2,1190,2.467665,2,1190,[0],0,1,100.0,55.737816
3724,69,5.854526,22,980,80.0,2.016922,26,500,-0.416252,18,620,[-1],-1,1,100.0,57.134727
3729,69,5.351436,22,1400,80.0,1.69057,21,2230,-0.409119,20,950,[-1],-1,1,100.0,38.608212
3729,69,4.720758,22,700,80.0,2.419386,2,1210,2.460455,2,1190,[0],0,1,100.0,55.681015
3729,69,5.844807,22,990,80.0,1.979684,26,480,-0.367419,18,620,[-1],-1,1,100.0,57.494011
3738,70,5.354092,22,1380,80.0,1.707759,21,2220,-0.325952,20,960,[-1],-1,1,100.0,39.312912
3738,70,4.713291,22,690,80.0,2.428118,2,1210,2.470946,2,1190,[0],0,1,100.0,55.646664
3738,70,5.840146,22,980,80.0,1.958366,26,500,-0.377779,18,630,[-1],-1,1,100.0,58.771641
3742,70,5.338594,22,1400,80.0,1.686012,21,2200,-0.332536,20,960,[-1],-1,1,100.0,39.153305
3742,70,4.695968,22,710,80.0,2.397449,2,1190,2.475068,2,1190,[0],0,1,100.0,55.589157
3742,70,5.839087,22,980,80.0,1.969844,26,500,-0.394444,18,630,[-1],-1,1,100.0,57.132679
3746,67,5.313515,22,1460,80.0,1.635674,21,2190,-0.491116,20,940,[-1],-1,1,100.0,27.30913
3746,67,4.606807,22,850,80.0,2.16495,2,1050,2.364517,2,1130,[0],0,1,100.0,54.206676
3746,67,5.8044,22,1030,80.0,1.894973,26,460,-0.471291,18,590,[-1],-1,1,100.0,56.858124
3752,66,5.337412,22,1450,80.0,1.64815,21,2210,-0.533289,20,930,[-1],-1,1,100.0,39.472507
3752,66,4.625069,22,840,80.0,2.204984,2,1080,2.325792,2,1110,[0],0,1,100.0,54.100197
3752,66,5.810863,22,1040,80.0,1.870803,26,450,-0.538077,18,590,[-1],-1,1,100.0,57.911076
3758,59,5.472143,22,1410,80.0,1.702825,21,2290,-0.785213,20,870,[-1],-1,1,100.0,38.44442
3758,59,4.846082,22,690,80.0,2.351989,2,1210,2.355107,2,1180,[0],0,1,100.0,55.100231
3758,59,5.969741,22,1040,80.0,1.9605,26,420,-0.391674,18,560,[-1],-1,1,100.0,57.903961
3760,72,5.307167,22,1400,80.0,1.678792,21,2190,1.810812,16,350,[-1],-1,1,100.0,44.368092
3760,72,4.633254,22,760,80.0,2.358822,2,1150,2.482746,2,1180,[0],0,1,100.0,55.475147
3760,72,5.821116,22,960,80.0,1.980734,26,510,-0.369745,18,660,[-1],-1,1,100.0,58.794689
3762,69,5.349846,22,1400,80.0,1.689059,21,2210,-0.371554,20,950,[-1],-1,1,100.0,38.856186
3762,69,4.695556,22,720,80.0,2.392584,2,1190,2.438743,2,1170,[0],0,1,100.0,55.329514
3762,69,5.840557,22,990,80.0,1.95874,26,490,-0.394066,18,620,[-1],-1,1,100.0,57.179558
3764,71,5.30899,22,1410,80.0,1.670216,21,2190,1.794672,16,340,[-1],-1,1,100.0,43.505726
3764,71,4.66247,22,730,80.0,2.411414,2,1190,2.460219,2,1170,[0],0,1,100.0,55.34549
3764,71,5.822337,22,970,80.0,1.969435,26,500,-0.367567,18,650,[-1],-1,1,100.0,59.210865
3769,62,5.438864,22,1410,80.0,1.703429,21,2270,-0.694691,20,890,[-1],-1,1,100.0,38.566917
3769,62,4.808658,22,700,80.0,2.353099,2,1200,2.346132,2,1160,[0],0,1,100.0,55.045982
3769,62,5.954289,22,1020,80.0,1.981065,26,430,-0.21957,18,570,[-1],-1,1,100.0,57.450691
3772,70,5.3274,22,1410,80.0,1.67605,21,2190,-0.329636,20,960,[-1],-1,1,100.0,38.752968
3772,70,4.647326,22,770,80.0,2.341176,2,1150,2.433541,2,1160,[0],0,1,100.0,55.230659
3772,70,5.836903,22,980,80.0,1.973393,26,500,-0.397605,18,630,[-1],-1,1,100.0,57.158436
3775,55,5.525771,22,1410,80.0,1.721316,21,2310,-0.960451,20,840,[-1],-1,1,100.0,38.524654
3775,55,4.91082,22,680,80.0,2.340571,2,1230,2.299489,2,1170,[0],0,1,100.0,55.273628
3775,55,6.020774,22,1050,80.0,1.993668,26,390,-0.407194,18,530,[-1],-1,1,100.0,48.694599
3777,52,5.578448,22,1410,80.0,1.720132,21,2320,-1.059359,20,820,[-1],-1,1,100.0,43.030666
3777,52,4.953034,22,680,80.0,2.075145,2,1230,2.284683,2,1180,[0],0,1,100.0,54.466763
3777,52,6.035171,22,1080,80.0,1.957641,26,370,-0.47388,18,490,[-1],-1,1,100.0,48.022663
3782,62,5.437805,22,1410,80.0,1.702794,21,2270,-0.694608,20,890,[-1],-1,1,100.0,38.73156
3782,62,4.805812,22,700,80.0,2.365403,2,1210,2.336686,2,1150,[0],0,1,100.0,54.967026
3782,62,5.950015,22,1020,80.0,1.94301,26,440,-0.226402,18,570,[-1],-1,1,100.0,57.635231
3787,70,5.330919,22,1410,80.0,1.672289,21,2190,-0.320242,20,970,[-1],-1,1,100.0,39.079334
3787,70,4.665131,22,760,80.0,2.323276,2,1140,2.437583,2,1170,[0],0,1,100.0,55.104038
3787,70,5.844471,22,980,80.0,1.982803,26,490,-0.357233,18,630,[-1],-1,1,100.0,57.132526
3792,54,5.550607,22,1410,80.0,1.723435,21,2310,-1.005216,20,830,[-1],-1,1,100.0,38.504101
3792,54,4.905724,22,700,80.0,2.287797,2,1200,2.284969,2,1170,[0],0,1,100.0,55.057114
3792,54,6.018507,22,1070,80.0,1.96828,26,370,-0.426834,18,510,[-1],-1,1,100.0,48.368786
3797,53,5.535315,22,1430,80.0,1.705118,21,2310,-1.068792,20,820,[-1],-1,1,100.0,42.267673
3797,53,4.938334,22,680,80.0,2.316676,2,1220,2.264463,2,1160,[0],0,1,100.0,53.730145
3797,53,6.045966,22,1060,80.0,1.999698,26,380,-0.412355,18,510,[-1],-1,1,100.0,48.075459
3800,70,5.317624,22,1410,80.0,1.691383,21,2200,1.724578,16,320,[-1],-1,1,100.0,43.351139
3800,70,4.633692,22,780,80.0,2.315381,2,1130,2.437942,2,1160,[0],0,1,100.0,55.022346
3800,70,5.804305,22,990,80.0,1.915588,26,480,-0.365447,18,640,[-1],-1,1,100.0,58.986721
3802,70,5.320311,22,1410,80.0,1.689821,21,2200,1.732489,16,320,[-1],-1,1,100.0,43.26289
3802,70,4.650604,22,760,80.0,2.344622,2,1150,2.437419,2,1160,[0],0,1,100.0,55.00864
3802,70,5.789497,22,1000,80.0,1.946878,26,490,-0.491477,18,620,[-1],-1,1,100.0,58.701515
3806,71,5.314266,22,1410,80.0,1.666749,21,2190,1.804258,16,340,[-1],-1,1,100.0,43.551304
3806,71,4.63532,22,770,80.0,2.334282,2,1140,2.44523,2,1160,[0],0,1,100.0,54.988953
3806,71,5.812443,22,980,80.0,1.958178,26,500,-0.417409,18,640,[-1],-1,1,100.0,59.192913
3813,62,5.429402,22,1420,80.0,1.692785,21,2260,-0.694413,20,890,[-1],-1,1,100.0,42.420532
3813,62,4.798273,22,710,80.0,2.338571,2,1190,2.330892,2,1150,[0],0,1,100.0,53.498001
3813,62,5.917521,22,1040,80.0,1.979145,26,430,-0.371382,18,550,[-1],-1,1,100.0,57.467384
3820,53,5.535214,22,1440,80.0,1.706008,21,2300,-1.126151,20,810,[-1],-1,1,100.0,41.708214
3820,53,4.946969,22,680,80.0,2.310972,2,1220,2.272143,2,1170,[0],0,1,100.0,53.562584
3820,53,6.021619,22,1080,80.0,1.945643,26,360,-0.434161,18,500,[-1],-1,1,100.0,48.26973
3824,56,5.510655,22,1420,80.0,1.697605,21,2300,-0.915078,20,850,[-1],-1,1,100.0,39.031658
3824,56,4.828951,22,740,80.0,2.268564,2,1180,2.262433,2,1140,[0],0,1,100.0,54.800083
3824,56,5.995697,22,1060,80.0,1.940775,26,390,-0.473506,18,530,[-1],-1,1,100.0,48.662163
3827,63,5.396649,22,1440,80.0,1.679093,21,2240,-0.699661,20,890,[-1],-1,1,100.0,42.948212
3827,63,4.764523,22,730,80.0,2.329931,2,1180,2.32735,2,1140,[0],0,1,100.0,53.436504
3827,63,5.895443,22,1040,80.0,1.949258,26,430,-0.37894,18,560,[-1],-1,1,100.0,57.514946
3831,71,5.312455,22,1420,80.0,1.664613,21,2190,1.811956,16,320,[-1],-1,1,100.0,43.54179
3831,71,4.615884,22,810,80.0,2.280519,2,1110,2.426153,2,1150,[0],0,1,100.0,54.736511
3831,71,5.786015,22,1000,80.0,1.894786,26,490,-0.467045,18,630,[-1],-1,1,100.0,58.766171
3837,72,5.27928,22,1440,80.0,1.651341,21,2170,1.651882,16,340,[-1],-1,1,100.0,44.478069
3837,72,4.596019,22,820,80.0,2.258742,2,1090,2.450771,2,1160,[0],0,1,100.0,53.467331
3837,72,5.780694,22,990,80.0,1.909991,26,500,-0.46502,18,640,[-1],-1,1,100.0,58.895641
3841,71,5.30329,22,1420,80.0,1.668914,21,2190,-0.340387,20,960,[-1],-1,1,100.0,43.430622
3841,71,4.613898,22,800,80.0,2.303397,2,1120,2.43182,2,1150,[0],0,1,100.0,53.52404
3841,71,5.771318,22,1000,80.0,1.920962,26,490,-0.499332,18,630,[-1],-1,1,100.0,59.072231
3845,53,5.541705,22,1430,80.0,1.707774,21,2300,-1.063426,20,820,[-1],-1,1,100.0,42.152744
3845,53,4.912936,22,700,80.0,2.284957,2,1200,2.24867,2,1150,[0],0,1,100.0,53.355129
3845,53,6.035269,22,1070,80.0,1.966675,26,380,-0.452178,18,500,[-1],-1,1,100.0,48.165131
3849,56,5.462135,22,1470,80.0,1.66889,21,2270,-1.031671,20,830,[-1],-1,1,100.0,38.846321
3849,56,4.799462,22,770,80.0,2.228449,2,1150,2.24433,2,1130,[0],0,1,100.0,54.244862
3849,56,5.958589,22,1080,80.0,1.887032,26,380,-0.5578,18,520,[-1],-1,1,100.0,48.087326
3855,71,5.310344,22,1420,80.0,1.661426,21,2190,1.782681,16,330,[-1],-1,1,100.0,49.791443
3855,71,4.577683,22,860,80.0,2.187157,2,1050,2.408925,2,1140,[0],0,1,100.0,53.416798
3855,71,5.768259,22,1010,80.0,1.917667,26,480,-0.512282,18,620,[-1],-1,1,100.0,58.581596
3856,58,5.445554,22,1450,80.0,1.67784,21,2260,-0.871683,20,860,[-1],-1,1,100.0,39.1077
3856,58,4.781444,22,760,80.0,2.254903,2,1160,2.287364,2,1140,[0],0,1,100.0,54.590347
3856,58,5.924202,22,1070,80.0,1.863274,26,400,-0.417301,18,520,[-1],-1,1,100.0,48.840488
3862,72,5.29842,22,1420,80.0,1.654726,21,2190,-0.299824,20,970,[-1],-1,1,100.0,48.372501
3862,72,4.596924,22,820,80.0,2.258189,2,1090,2.423528,2,1140,[0],0,1,100.0,53.649143
3862,72,5.764786,22,1000,80.0,1.867804,26,490,-0.467937,18,640,[-1],-1,1,100.0,58.754005
3867,63,5.383009,22,1450,80.0,1.65994,21,2220,-0.649394,20,900,[-1],-1,1,100.0,47.975723
3867,63,4.663993,22,830,80.0,2.181673,2,1080,2.303898,2,1120,[0],0,1,100.0,53.448677
3867,63,5.871228,22,1050,80.0,1.880206,26,430,-0.490414,18,570,[-1],-1,1,100.0,57.40818
3872,61,5.405979,22,1450,80.0,1.67658,21,2250,-0.797276,20,870,[-1],-1,1,100.0,39.336758
3872,61,4.719168,22,790,80.0,2.214582,2,1110,2.286093,2,1120,[0],0,1,100.0,54.066242
3872,61,5.890834,22,1060,80.0,1.851664,26,410,-0.409714,18,560,[-1],-1,1,100.0,57.486664
3877,63,5.357091,22,1480,80.0,1.6488,21,2210,-0.749242,20,880,[-1],-1,1,100.0,40.177109
3877,63,4.614584,22,880,80.0,2.134279,2,1050,2.239908,2,1080,[0],0,1,100.0,53.161758
3877,63,5.838236,22,1070,80.0,1.809674,26,420,-0.535531,18,560,[-1],-1,1,100.0,56.904369
3880,65,5.348511,22,1450,80.0,1.672777,21,2210,-0.615409,20,910,[-1],-1,1,100.0,39.695435
3880,65,4.661752,22,810,80.0,2.228077,2,1100,2.329647,2,1120,[0],0,1,100.0,54.094337
3880,65,5.851606,22,1030,80.0,1.872528,26,450,-0.416508,18,590,[-1],-1,1,100.0,57.489162
3885,70,5.230094,22,1510,80.0,1.596778,21,2130,-0.469298,20,930,[-1],-1,1,100.0,30.616085
3885,70,4.481021,22,980,80.0,2.048819,2,970,2.275346,2,1040,[0],0,1,100.0,52.482738
3885,70,5.68771,22,1060,80.0,1.76954,26,450,-0.625827,18,600,[-1],-1,1,100.0,58.090179
3888,62,5.387909,22,1450,80.0,1.678584,21,2240,-0.750895,20,880,[-1],-1,1,100.0,48.148273
3888,62,4.698538,22,800,80.0,2.223973,2,1110,2.280914,2,1110,[0],0,1,100.0,53.287357
3888,62,5.880827,22,1050,80.0,1.890521,26,420,-0.366635,18,560,[-1],-1,1,100.0,57.406441
3893,61,5.380117,22,1470,80.0,1.659721,21,2230,-0.795879,20,870,[-1],-1,1,100.0,39.523525
3893,61,4.74745,22,760,80.0,2.26441,2,1140,2.286925,2,1120,[0],0,1,100.0,53.891872
3893,61,5.882841,22,1060,80.0,1.867383,26,410,-0.433181,18,560,[-1],-1,1,100.0,57.418911
3896,59,5.418805,22,1470,80.0,1.662754,21,2240,-0.874963,20,860,[-1],-1,1,100.0,39.401825
3896,59,4.755207,22,780,80.0,2.215919,2,1130,2.274187,2,1130,[0],0,1,100.0,54.202663
3896,59,5.912891,22,1070,80.0,1.844938,26,390,-0.375604,18,530,[-1],-1,1,100.0,57.352898
3912,69,5.203474,22,1550,80.0,1.577497,21,2100,-0.555983,20,910,[-1],-1,1,100.0,47.492409
3912,69,4.447399,22,1030,80.0,1.954203,2,920,2.23428,2,1020,[0],0,1,100.0,51.198627
3912,69,5.655899,22,1090,80.0,1.690019,26,430,-0.671282,18,580,[-1],-1,1,100.0,56.265579
3916,61,5.386022,22,1470,80.0,1.65626,21,2230,-0.797067,20,870,[-1],-1,1,100.0,39.681435
3916,61,4.668315,22,840,80.0,2.169101,2,1080,2.256733,2,1100,[0],0,1,100.0,53.66172
3916,61,5.891195,22,1060,80.0,1.849805,26,410,-0.40756,18,560,[-1],-1,1,100.0,57.37685
3922,62,5.365162,22,1480,80.0,1.642227,21,2210,-0.748774,20,880,[-1],-1,1,100.0,39.734783
3922,62,4.662342,22,840,80.0,2.159458,2,1070,2.265945,2,1100,[0],0,1,100.0,53.622322
3922,62,5.888889,22,1050,80.0,1.866988,26,420,-0.410641,18,570,[-1],-1,1,100.0,57.20546
3927,63,5.374419,22,1460,80.0,1.659514,21,2220,-0.699534,20,890,[-1],-1,1,100.0,39.732765
3927,63,4.683756,22,810,80.0,2.227171,2,1110,2.272509,2,1100,[0],0,1,100.0,53.579376
3927,63,5.874784,22,1050,80.0,1.864653,26,430,-0.391279,18,560,[-1],-1,1,100.0,57.257393
3932,63,5.347775,22,1480,80.0,1.644366,21,2200,-0.703293,20,890,[-1],-1,1,100.0,47.880348
3932,63,4.643173,22,850,80.0,2.153774,2,1060,2.274577,2,1100,[0],0,1,100.0,52.987228
3932,63,5.881604,22,1040,80.0,1.898797,26,430,-0.362855,18,570,[-1],-1,1,100.0,57.226189
3937,62,5.388001,22,1460,80.0,1.662773,21,2230,-0.750102,20,880,[-1],-1,1,100.0,39.869961
3937,62,4.653427,22,850,80.0,2.142334,2,1060,2.262904,2,1100,[0],0,1,100.0,53.456902
3937,62,5.877517,22,1060,80.0,1.850184,26,420,-0.395495,18,550,[-1],-1,1,100.0,57.293766
3941,64,5.352448,22,1470,80.0,1.658443,21,2210,-0.706893,20,890,[-1],-1,1,100.0,47.134785
3941,64,4.648003,22,840,80.0,2.186578,2,1080,2.280886,2,1100,[0],0,1,100.0,52.747154
3941,64,5.854267,22,1050,80.0,1.841593,26,430,-0.408911,18,570,[-1],-1,1,100.0,57.393547
3945,56,5.461722,22,1460,80.0,1.670917,21,2270,-0.967716,20,840,[-1],-1,1,100.0,48.119556
3945,56,4.744829,22,810,80.0,2.157877,2,1100,2.204804,2,1100,[0],0,1,100.0,52.915558
3945,56,5.944667,22,1080,80.0,1.910382,26,380,-0.574558,18,520,[-1],-1,1,100.0,48.510826
3950,63,5.374552,22,1460,80.0,1.659405,21,2220,-0.699417,20,890,[-1],-1,1,100.0,39.997665
3950,63,4.626705,22,870,80.0,2.134027,2,1050,2.272374,2,1100,[0],0,1,100.0,53.334454
3950,63,5.874996,22,1050,80.0,1.863701,26,430,-0.39016,18,560,[-1],-1,1,100.0,57.334888
3955,63,5.374578,22,1460,80.0,1.65938,21,2220,-0.699393,20,890,[-1],-1,1,100.0,40.080292
3955,63,4.626727,22,870,80.0,2.134005,2,1050,2.272345,2,1100,[0],0,1,100.0,53.327213
3955,63,5.875038,22,1050,80.0,1.863496,26,430,-0.389918,18,560,[-1],-1,1,100.0,57.284542
3958,68,5.284411,22,1480,80.0,1.625902,21,2160,-0.491374,20,930,[-1],-1,1,100.0,29.844496
3958,68,4.561265,22,900,80.0,2.119863,2,1020,2.330925,2,1100,[0],0,1,100.0,53.439869
3958,68,5.770982,22,1040,80.0,1.833444,26,460,-0.500289,18,590,[-1],-1,1,100.0,57.256645
3963,66,5.245052,22,1540,80.0,1.592382,21,2140,-0.664222,20,900,[-1],-1,1,100.0,32.102383
3963,66,5.199023,22,2160,80.0,2.66071,6,4550,1.870075,2,890,[0 -1 0],0,1,38.1511435777,57.581436
3963,66,5.199023,22,2160,80.0,2.66071,6,4550,1.870075,2,890,[0 -1 0],-1,2,60.5733831927,49.411339
3963,66,5.199023,22,2160,80.0,2.66071,6,4550,1.870075,2,890,[0 -1 0],0,3,1.27547322956,49.429817
3963,66,4.444052,22,1060,80.0,1.870075,2,890,2.215752,2,1030,[0],0,1,100.0,51.868607
3963,66,5.714981,22,1090,80.0,1.707323,26,420,-0.636143,18,570,[-1],-1,1,100.0,57.332214
3968,63,5.365376,22,1470,80.0,1.658443,21,2220,-0.747548,20,880,[-1],-1,1,100.0,39.980057
3968,63,4.62928,22,870,80.0,2.134077,2,1050,2.267875,2,1100,[0],0,1,100.0,53.131615
3968,63,5.877297,22,1050,80.0,1.850856,26,430,-0.370432,18,560,[-1],-1,1,100.0,57.234909
3974,63,5.348026,22,1480,80.0,1.644168,21,2200,-0.703115,20,890,[-1],-1,1,100.0,40.107857
3974,63,4.623656,22,870,80.0,2.12213,2,1040,2.274361,2,1100,[0],0,1,100.0,53.122082
3974,63,5.805599,22,1080,80.0,1.803666,26,410,-0.513073,18,550,[-1],-1,1,100.0,57.412098
3975,63,5.365419,22,1470,80.0,1.65841,21,2220,-0.74752,20,880,[-1],-1,1,100.0,40.022064
3975,63,4.629303,22,870,80.0,2.134046,2,1050,2.267838,2,1100,[0],0,1,100.0,53.095409
3975,63,5.838626,22,1070,80.0,1.804044,26,420,-0.44601,18,550,[-1],-1,1,100.0,57.024845
3977,61,5.37855,22,1480,80.0,1.644035,21,2220,-0.794925,20,870,[-1],-1,1,100.0,40.078415
3977,61,4.649495,22,860,80.0,2.1382,2,1060,2.24053,2,1090,[0],0,1,100.0,53.040642
3977,61,5.856253,22,1080,80.0,1.830873,26,410,-0.536845,18,540,[-1],-1,1,100.0,57.135605
3982,62,5.361053,22,1480,80.0,1.647837,21,2210,-0.752136,20,880,[-1],-1,1,100.0,40.204712
3982,62,4.624053,22,880,80.0,2.098595,2,1030,2.263684,2,1100,[0],0,1,100.0,53.019863
3982,62,5.808161,22,1090,80.0,1.787343,26,400,-0.51485,18,540,[-1],-1,1,100.0,57.368214
3987,62,5.36857,22,1470,80.0,1.657917,21,2220,-0.750494,20,880,[-1],-1,1,100.0,30.456963
3987,62,4.610785,22,890,80.0,2.082996,2,1020,2.251817,2,1090,[0],0,1,100.0,52.990002
3987,62,5.805667,22,1090,80.0,1.790772,26,400,-0.516608,18,540,[-1],-1,1,100.0,57.409309
3992,66,5.300677,22,1490,80.0,1.631009,21,2180,-0.616955,20,910,[-1],-1,1,100.0,29.828323
3992,66,4.568825,22,910,80.0,2.089906,2,1010,2.275984,2,1080,[0],0,1,100.0,53.021786
3992,66,5.783292,22,1060,80.0,1.814011,26,430,-0.539869,18,580,[-1],-1,1,100.0,57.114666
3995,63,5.341887,22,1490,80.0,1.631072,21,2190,-0.702616,20,890,[-1],-1,1,100.0,30.610447
3995,63,4.596841,22,900,80.0,2.086447,2,1020,2.231473,2,1070,[0],0,1,100.0,52.943836
3995,63,5.813103,22,1080,80.0,1.789742,26,410,-0.493029,18,550,[-1],-1,1,100.0,57.263233
3998,63,5.345938,22,1480,80.0,1.645949,21,2200,-0.706439,20,890,[-1],-1,1,100.0,47.893215
3998,63,4.595224,22,900,80.0,2.087344,2,1020,2.235247,2,1070,[0],0,1,100.0,52.203987
3998,63,5.803624,22,1080,80.0,1.818815,26,410,-0.540303,18,550,[-1],-1,1,100.0,57.069164
3999,63,5.354861,22,1480,80.0,1.648695,21,2210,-0.747425,20,880,[-1],-1,1,100.0,40.399731
3999,63,4.61048,22,890,80.0,2.085289,2,1020,2.239694,2,1080,[0],0,1,100.0,52.917168
3999,63,5.819911,22,1080,80.0,1.754508,26,410,-0.444883,18,550,[-1],-1,1,100.0,57.094482
3003,42,6.494542,22,520,80.0,2.659065,14,3240,-1.030169,20,890,[-1],-1,1,100.0,45.407867
3003,42,6.396691,22,960,80.0,2.64149,26,410,0.24728,18,480,[-1],-1,1,100.0,47.271919
3008,71,5.55321,22,1100,80.0,1.969865,21,2450,2.097418,16,390,[-1],-1,1,100.0,42.440929
3008,71,6.025764,22,850,80.0,2.237001,26,580,-0.032298,18,700,[0],0,1,100.0,58.784466
3021,44,6.404375,22,550,80.0,2.642081,14,3190,-1.006833,20,880,[-1],-1,1,100.0,45.887379
3021,44,6.387046,22,950,80.0,2.669027,26,400,0.309874,18,500,[-1],-1,1,100.0,47.417141
3028,73,5.566685,22,1040,80.0,2.010432,21,2480,2.09433,16,440,[-1],-1,1,100.0,42.025513
3028,73,6.017052,22,820,80.0,2.311247,26,620,-0.063224,18,710,[-1],-1,1,100.0,49.968567
3041,43,6.417049,22,550,80.0,2.632099,14,3200,-0.993276,20,890,[-1],-1,1,100.0,46.222607
3041,43,6.37169,22,970,80.0,2.522558,26,400,0.234212,18,490,[-1],-1,1,100.0,47.381683
3045,42,6.412632,22,560,80.0,2.633083,14,3190,-1.031379,20,890,[-1],-1,1,100.0,45.842937
3045,42,6.384965,22,970,80.0,2.644645,26,390,0.234996,18,480,[-1],-1,1,100.0,47.13018
3050,44,6.385836,22,560,80.0,2.633407,14,3180,-1.006336,20,880,[-1],-1,1,100.0,46.640652
3050,44,6.387128,22,950,80.0,2.667391,26,400,0.312344,18,500,[-1],-1,1,100.0,47.330391
3059,39,6.490111,22,540,80.0,2.600962,14,3240,-1.196369,20,880,[-1],-1,1,100.0,45.471077
3059,39,6.039451,22,990,80.0,2.537843,26,380,0.364443,18,450,[-1],-1,1,100.0,47.741226
3065,48,6.267759,22,570,80.0,2.600008,14,3140,-0.81945,20,880,[-1],-1,1,100.0,46.20052
3065,48,6.346651,22,920,80.0,2.506327,26,450,0.231961,18,550,[-1],-1,1,100.0,48.428135
3070,44,6.366904,22,570,80.0,2.6249,14,3170,-1.005999,20,880,[-1],-1,1,100.0,46.343258
3070,44,6.375967,22,960,80.0,2.598479,26,390,0.31402,18,500,[-1],-1,1,100.0,47.350418
3075,44,6.366954,22,570,80.0,2.624873,14,3170,-1.005916,20,880,[-1],-1,1,100.0,46.253521
3075,44,6.375978,22,960,80.0,2.5982,26,390,0.314437,18,500,[-1],-1,1,100.0,47.479599
3079,44,6.366996,22,570,80.0,2.624851,14,3170,-1.005848,20,880,[-1],-1,1,100.0,46.206841
3079,44,6.375988,22,960,80.0,2.597979,26,390,0.314768,18,500,[-1],-1,1,100.0,47.578053
3083,42,5.978307,22,1070,80.0,2.08711,21,2680,-1.020479,20,890,[-1],-1,1,100.0,39.966988
3083,42,6.378088,22,980,80.0,2.475654,26,390,0.285255,18,480,[-1],-1,1,100.0,47.341343
3096,72,5.491037,22,1160,80.0,1.902282,21,2380,2.063309,16,400,[-1],-1,1,100.0,43.206692
3096,72,5.99164,22,850,80.0,2.235173,26,600,-0.080314,18,690,[0],0,1,100.0,58.576336
3111,43,6.343297,22,590,80.0,2.618003,14,3170,-1.114992,20,870,[-1],-1,1,100.0,45.93277
3111,43,6.378219,22,970,80.0,2.456867,26,400,0.323653,18,490,[-1],-1,1,100.0,47.464287
3116,44,6.305384,22,600,80.0,2.593632,14,3150,-1.019156,20,880,[-1],-1,1,100.0,45.746552
3116,44,6.356295,22,970,80.0,2.517903,26,410,0.154715,18,490,[-1],-1,1,100.0,47.367176
3127,52,5.711079,22,1230,80.0,1.892859,21,2480,-0.867482,20,850,[-1],-1,1,100.0,31.367601
3127,52,6.244471,22,950,80.0,2.391573,26,440,0.021602,18,550,[-1],-1,1,100.0,46.009315
3132,44,5.933027,22,1100,80.0,2.057823,21,2660,-1.074259,20,870,[-1],-1,1,100.0,30.187094
3132,44,6.339539,22,990,80.0,2.398587,26,400,0.119221,18,480,[-1],-1,1,100.0,47.230621
3142,44,5.961064,22,1060,80.0,2.100942,21,2680,-1.004821,20,880,[-1],-1,1,100.0,29.64868
3142,44,6.351642,22,980,80.0,2.594541,26,390,0.117554,18,480,[-1],-1,1,100.0,47.166134
3149,46,5.854641,22,1150,80.0,1.989581,21,2580,-0.952616,20,870,[-1],-1,1,100.0,30.606512
3149,46,6.319363,22,970,80.0,2.49083,26,400,0.117627,18,510,[-1],-1,1,100.0,47.626579
3154,44,5.95335,22,1070,80.0,2.10086,21,2680,-1.075104,20,870,[-1],-1,1,100.0,30.861526
3154,44,6.339332,22,990,80.0,2.527246,26,380,0.118475,18,480,[-1],-1,1,100.0,47.237904
3158,44,5.851761,22,1200,80.0,1.933819,21,2550,-1.033424,20,870,[-1],-1,1,100.0,30.547653
3158,44,6.337564,22,980,80.0,2.40827,26,410,0.120862,18,490,[-1],-1,1,100.0,47.238804
3166,45,5.877221,22,1160,80.0,1.986896,21,2590,-1.040379,20,870,[-1],-1,1,100.0,30.921268
3166,45,6.33606,22,980,80.0,2.42979,26,410,0.091612,18,490,[-1],-1,1,100.0,47.335014
3169,66,5.533726,22,1220,80.0,1.865588,21,2390,-0.329922,20,970,[-1],-1,1,100.0,35.959328
3169,66,6.049252,22,910,80.0,2.239295,26,520,-0.109059,18,640,[-1],-1,1,100.0,58.214851
3173,45,5.868011,22,1150,80.0,1.993767,21,2590,-0.997108,20,870,[-1],-1,1,100.0,30.862745
3173,45,6.33281,22,970,80.0,2.43325,26,420,0.105787,18,500,[-1],-1,1,100.0,47.471813
3182,48,5.7623,22,1240,80.0,1.884247,21,2490,-0.954837,20,860,[-1],-1,1,100.0,30.993675
3182,48,6.284398,22,970,80.0,2.375562,26,410,0.147765,18,520,[-1],-1,1,100.0,46.75219
3187,71,5.426836,22,1260,80.0,1.805296,21,2300,-0.131065,20,1010,[-1],-1,1,100.0,36.472038
3187,71,4.771999,22,570,80.0,2.585801,2,1310,2.616899,2,1280,[0],0,1,100.0,57.811481
3187,71,5.917506,22,910,80.0,2.069916,26,550,-0.16623,18,670,[-1],-1,1,100.0,58.494728
3193,45,5.855914,22,1190,80.0,1.947695,21,2560,-1.03626,20,870,[-1],-1,1,100.0,31.056686
3193,45,6.33423,22,980,80.0,2.420231,26,410,0.109982,18,490,[-1],-1,1,100.0,47.312527
3202,44,5.885812,22,1160,80.0,1.979579,21,2590,-1.017811,20,880,[-1],-1,1,100.0,31.31711
3202,44,6.334175,22,990,80.0,2.445523,26,400,0.056447,18,480,[-1],-1,1,100.0,47.281185
3209,44,5.854075,22,1220,80.0,1.920123,21,2530,-1.074339,20,870,[-1],-1,1,100.0,31.672001
3209,44,6.339594,22,990,80.0,2.524339,26,380,0.122612,18,480,[-1],-1,1,100.0,47.374516
3213,45,5.842112,22,1190,80.0,1.943666,21,2550,-0.989738,20,870,[-1],-1,1,100.0,31.975756
3213,45,6.308308,22,990,80.0,2.409209,26,380,0.125933,18,500,[-1],-1,1,100.0,47.471817
3217,70,5.418925,22,1300,80.0,1.770958,21,2290,-0.238541,20,980,[-1],-1,1,100.0,36.479935
3217,70,4.818295,22,550,80.0,2.583827,2,1320,2.615255,2,1290,[0],0,1,100.0,57.868473
3217,70,5.9413,22,920,80.0,2.064142,26,540,-0.186862,18,660,[-1],-1,1,100.0,56.572605
3223,43,5.840931,22,1240,80.0,1.885763,21,2520,-1.068341,20,870,[-1],-1,1,100.0,31.937765
3223,43,6.340934,22,990,80.0,2.510104,26,380,0.138939,18,480,[-1],-1,1,100.0,47.25795
3227,58,5.606894,22,1260,80.0,1.853631,21,2410,-0.656454,20,900,[-1],-1,1,100.0,34.354855
3227,58,6.158526,22,930,80.0,2.318604,26,480,0.011812,18,580,[-1],-1,1,100.0,58.570736
3242,45,5.818104,22,1250,80.0,1.887156,21,2510,-1.10903,20,860,[-1],-1,1,100.0,31.770092
3242,45,6.309001,22,1000,80.0,2.418009,26,370,0.097251,18,490,[-1],-1,1,100.0,47.45903
3251,45,5.836754,22,1220,80.0,1.910374,21,2530,-1.03544,20,870,[-1],-1,1,100.0,32.050854
3251,45,6.307189,22,1000,80.0,2.286312,26,390,0.114252,18,490,[-1],-1,1,100.0,47.330967
3256,69,5.442377,22,1280,80.0,1.793033,21,2300,-0.222494,20,990,[-1],-1,1,100.0,36.778954
3256,69,4.82865,22,550,80.0,2.606865,2,1340,2.580293,2,1270,[0],0,1,100.0,57.652065
3256,69,5.955654,22,920,80.0,2.097778,26,540,-0.181402,18,650,[-1],-1,1,100.0,56.447758
3266,45,5.770979,22,1300,80.0,1.83126,21,2460,-1.128974,20,850,[-1],-1,1,100.0,32.576954
3266,45,6.281225,22,1010,80.0,2.406421,26,380,-0.070158,18,480,[-1],-1,1,100.0,47.345615
3272,54,5.64913,22,1280,80.0,1.828164,21,2410,-0.768943,20,870,[-1],-1,1,100.0,33.79985
3272,54,6.188953,22,960,80.0,2.316106,26,440,-0.086252,18,560,[-1],-1,1,100.0,47.065018
3276,68,5.456265,22,1280,80.0,1.79923,21,2330,-0.304434,20,980,[-1],-1,1,100.0,36.256462
3276,68,4.881409,22,510,80.0,2.625962,2,1360,2.61139,2,1300,[0],0,1,100.0,58.161442
3276,68,5.982656,22,920,80.0,2.19956,26,520,-0.165348,18,640,[-1],-1,1,100.0,57.971466
3287,70,5.430584,22,1280,80.0,1.772642,21,2290,-0.141116,20,1020,[-1],-1,1,100.0,36.750507
3287,70,4.83041,22,530,80.0,2.626437,2,1350,2.628967,2,1300,[0],0,1,100.0,58.219921
3287,70,5.969569,22,900,80.0,2.158606,26,560,-0.19934,18,660,[-1],-1,1,100.0,58.745777
3292,65,5.616364,22,1110,80.0,1.97288,21,2490,-0.256313,20,970,[-1],-1,1,100.0,32.974194
3292,65,6.095703,22,890,80.0,2.266806,26,540,-0.081047,18,650,[0],0,1,100.0,59.023121
3306,47,5.760019,22,1290,80.0,1.83581,21,2450,-1.039975,20,860,[-1],-1,1,100.0,33.122028
3306,47,6.273156,22,1000,80.0,2.354239,26,390,-0.049978,18,500,[-1],-1,1,100.0,47.689346
3310,65,5.557005,22,1190,80.0,1.904241,21,2410,-0.32509,20,960,[-1],-1,1,100.0,34.681511
3310,65,6.09577,22,880,80.0,2.269273,26,550,-0.001613,18,650,[-1],-1,1,100.0,59.747044
3320,48,5.744027,22,1280,80.0,1.828046,21,2450,-0.941448,20,860,[-1],-1,1,100.0,33.06263
3320,48,6.259404,22,990,80.0,2.390071,26,400,0.02496,18,500,[-1],-1,1,100.0,48.091579
3325,62,5.494712,22,1340,80.0,1.750054,21,2310,-0.53526,20,920,[-1],-1,1,100.0,36.340694
3325,62,4.963591,22,540,80.0,2.55417,2,1340,2.530677,2,1280,[0],0,1,100.0,57.819717
3325,62,6.048535,22,960,80.0,2.159333,26,480,-0.099409,18,590,[-1],-1,1,100.0,57.993011
3334,65,5.530639,22,1230,80.0,1.854007,21,2370,-0.313318,20,970,[-1],-1,1,100.0,35.288902
3334,65,6.056885,22,910,80.0,2.281845,26,520,-0.111837,18,630,[-1],-1,1,100.0,58.826683
3339,72,5.355963,22,1350,80.0,1.702688,21,2230,-0.172221,20,1000,[-1],-1,1,100.0,37.391361
3339,72,4.696643,22,680,80.0,2.45688,2,1220,2.522352,2,1210,[0],0,1,100.0,56.417473
3339,72,5.864041,22,940,80.0,1.980815,26,530,-0.291857,18,670,[-1],-1,1,100.0,58.355556
3344,46,5.763556,22,1300,80.0,1.82619,21,2450,-1.076958,20,860,[-1],-1,1,100.0,33.652382
3344,46,6.27562,22,1010,80.0,2.340867,26,380,-0.052004,18,490,[-1],-1,1,100.0,47.792229
3348,47,5.741758,22,1300,80.0,1.81739,21,2430,-0.989568,20,860,[-1],-1,1,100.0,33.734734
3348,47,6.262703,22,1000,80.0,2.393844,26,390,-0.004847,18,490,[-1],-1,1,100.0,47.830643
3351,48,5.737967,22,1300,80.0,1.823932,21,2450,-1.067132,20,850,[-1],-1,1,100.0,33.849033
3351,48,6.254149,22,1000,80.0,2.313712,26,390,0.045579,18,500,[-1],-1,1,100.0,48.060238
3362,52,5.653752,22,1320,80.0,1.801725,21,2390,-0.935805,20,840,[-1],-1,1,100.0,34.83979
3362,52,6.185394,22,990,80.0,2.21949,26,410,-0.06797,18,540,[-1],-1,1,100.0,47.104771
3369,56,5.591323,22,1320,80.0,1.781036,21,2370,-0.73513,20,880,[-1],-1,1,100.0,35.468483
3369,56,5.108224,22,500,80.0,2.574807,2,1390,2.506155,2,1300,[0],0,1,100.0,58.459995
3369,56,6.107099,22,990,80.0,2.184809,26,430,-0.260152,18,560,[-1],-1,1,100.0,46.676441
3376,46,5.74207,22,1320,80.0,1.818519,21,2440,-1.163031,20,840,[-1],-1,1,100.0,34.073635
3376,46,6.234749,22,1030,80.0,2.305938,26,370,-0.190351,18,480,[-1],-1,1,100.0,47.5266
3380,47,5.743839,22,1310,80.0,1.823783,21,2440,-1.105554,20,850,[-1],-1,1,100.0,34.182949
3380,47,6.259317,22,1010,80.0,2.290066,26,380,-0.050699,18,500,[-1],-1,1,100.0,48.000023
3398,68,5.403179,22,1350,80.0,1.727601,21,2250,-0.316058,20,970,[-1],-1,1,100.0,36.950912
3398,68,4.798263,22,610,80.0,2.514709,2,1280,2.516857,2,1230,[0],0,1,100.0,56.773533
3398,68,5.910951,22,960,80.0,2.046901,26,500,-0.267999,18,630,[-1],-1,1,100.0,56.606991
3403,52,5.656293,22,1310,80.0,1.803629,21,2390,-0.866608,20,850,[-1],-1,1,100.0,34.743023
3403,52,6.193551,22,980,80.0,2.278227,26,420,-0.071658,18,540,[-1],-1,1,100.0,48.71109
3408,57,5.563639,22,1350,80.0,1.768735,21,2340,-0.804869,20,870,[-1],-1,1,100.0,43.414631
3408,57,5.064797,22,530,80.0,2.532834,2,1360,2.482546,2,1280,[0],0,1,100.0,57.003033
3408,57,6.098877,22,990,80.0,2.172222,26,440,-0.217908,18,550,[-1],-1,1,100.0,46.559349
3420,71,5.315007,22,1410,80.0,1.677772,21,2200,1.767527,16,330,[-1],-1,1,100.0,42.851322
3420,71,4.655777,22,750,80.0,2.379227,2,1170,2.452494,2,1170,[0],0,1,100.0,55.539341
3420,71,5.816712,22,980,80.0,1.985898,26,510,-0.470992,18,630,[-1],-1,1,100.0,58.149246
3422,51,5.682264,22,1310,80.0,1.809708,21,2410,-0.961068,20,840,[-1],-1,1,100.0,35.18832
3422,51,6.19687,22,1000,80.0,2.25935,26,400,-0.088512,18,520,[-1],-1,1,100.0,47.719162
3426,49,5.717808,22,1310,80.0,1.809839,21,2430,-1.027801,20,850,[-1],-1,1,100.0,34.774075
3426,49,6.222585,22,1010,80.0,2.269538,26,390,-0.054458,18,500,[-1],-1,1,100.0,48.392582
3433,77,5.224543,22,1430,80.0,1.632616,21,2140,1.73238,16,390,[-1],-1,1,100.0,37.52058
3433,77,4.524942,22,850,80.0,2.272934,2,1070,2.50928,2,1160,[0],0,1,100.0,55.138996
3433,77,5.726884,22,950,80.0,1.895722,26,550,1.086598,18,460,[-1],-1,1,100.0,43.462872
3440,66,5.38885,22,1390,80.0,1.70037,21,2240,-0.435398,20,950,[-1],-1,1,100.0,37.786644
3440,66,4.751315,22,690,80.0,2.405027,2,1210,2.41294,2,1170,[0],0,1,100.0,55.772774
3440,66,5.894106,22,990,80.0,2.020387,26,480,-0.401044,18,610,[-1],-1,1,100.0,57.881203
3445,47,5.725274,22,1320,80.0,1.805564,21,2420,-1.058174,20,850,[-1],-1,1,100.0,35.078995
3445,47,6.228585,22,1020,80.0,2.28047,26,390,-0.107931,18,480,[-1],-1,1,100.0,47.74165
3450,48,5.713836,22,1330,80.0,1.78964,21,2420,-1.064931,20,850,[-1],-1,1,100.0,35.073925
3450,48,6.225477,22,1020,80.0,2.245195,26,380,-0.0431,18,490,[-1],-1,1,100.0,47.941643
3455,53,5.648205,22,1320,80.0,1.788691,21,2390,-0.882149,20,850,[-1],-1,1,100.0,35.123569
3455,53,6.173879,22,990,80.0,2.264804,26,410,-0.127986,18,540,[-1],-1,1,100.0,48.615784
3465,48,5.70723,22,1330,80.0,1.793287,21,2420,-1.082775,20,840,[-1],-1,1,100.0,35.258598
3465,48,6.200883,22,1030,80.0,2.212524,26,370,-0.089011,18,490,[-1],-1,1,100.0,48.045368
3470,49,5.683098,22,1340,80.0,1.781535,21,2400,-1.045917,20,840,[-1],-1,1,100.0,35.390507
3470,49,5.250511,22,500,80.0,2.304267,2,1390,2.443052,2,1300,[0],0,1,100.0,58.90535
3470,49,6.197586,22,1020,80.0,2.241725,26,380,-0.102451,18,500,[-1],-1,1,100.0,47.845573
3473,48,5.723794,22,1320,80.0,1.806852,21,2420,-1.060364,20,850,[-1],-1,1,100.0,42.004601
3473,48,6.210815,22,1030,80.0,2.232685,26,380,-0.123518,18,480,[-1],-1,1,100.0,47.705978
3477,49,5.696631,22,1320,80.0,1.794599,21,2410,-0.98062,20,850,[-1],-1,1,100.0,35.197361
3477,49,5.239993,22,500,80.0,2.275265,2,1370,2.463917,2,1310,[0],0,1,100.0,58.96854
3477,49,6.195457,22,1020,80.0,2.196319,26,390,-0.120193,18,500,[-1],-1,1,100.0,48.031734
3486,49,5.682961,22,1340,80.0,1.780402,21,2400,-1.041422,20,840,[-1],-1,1,100.0,35.639229
3486,49,5.250622,22,500,80.0,2.304782,2,1390,2.443173,2,1300,[0],0,1,100.0,58.890373
3486,49,6.198455,22,1020,80.0,2.232197,26,380,-0.090341,18,500,[-1],-1,1,100.0,47.882359
3496,55,5.589587,22,1340,80.0,1.777983,21,2360,-0.841219,20,860,[-1],-1,1,100.0,43.603851
3496,55,5.115682,22,510,80.0,2.554812,2,1380,2.500656,2,1300,[0],0,1,100.0,57.28178
3496,55,6.128432,22,990,80.0,2.211204,26,430,-0.245809,18,550,[-1],-1,1,100.0,48.822632
3500,48,5.693312,22,1340,80.0,1.772593,21,2400,-1.019975,20,850,[-1],-1,1,100.0,35.280949
3500,48,5.234782,22,520,80.0,2.261818,2,1370,2.424142,2,1290,[0],0,1,100.0,58.667583
3500,48,6.196552,22,1030,80.0,2.173378,26,380,-0.109103,18,490,[-1],-1,1,100.0,47.968487
3511,70,5.34681,22,1390,80.0,1.695878,21,2210,-0.323685,20,970,[-1],-1,1,100.0,38.020882
3511,70,4.690703,22,720,80.0,2.384815,2,1180,2.472086,2,1190,[0],0,1,100.0,55.7411
3511,70,5.838098,22,980,80.0,2.005122,26,490,-0.38315,18,630,[-1],-1,1,100.0,57.836098
3512,61,5.479095,22,1380,80.0,1.72604,21,2300,-0.68376,20,890,[-1],-1,1,100.0,37.21693
3512,61,4.872211,22,650,80.0,2.404397,2,1240,2.426694,2,1220,[0],0,1,100.0,56.091534
3512,61,6.0083,22,1000,80.0,2.05669,26,440,-0.281797,18,590,[-1],-1,1,100.0,58.188633
3525,54,5.615971,22,1340,80.0,1.773069,21,2370,-0.88691,20,850,[-1],-1,1,100.0,36.073318
3525,54,5.095176,22,550,80.0,2.488578,2,1340,2.45364,2,1280,[0],0,1,100.0,58.026661
3525,54,6.122804,22,1010,80.0,2.097614,26,410,-0.189285,18,540,[-1],-1,1,100.0,48.795433
3533,68,5.345303,22,1420,80.0,1.672046,21,2220,-0.444864,20,950,[-1],-1,1,100.0,38.40937
3533,68,4.721073,22,710,80.0,2.384568,2,1190,2.423728,2,1170,[0],0,1,100.0,55.460289
3533,68,5.86646,22,990,80.0,1.960346,26,470,-0.360636,18,630,[-1],-1,1,100.0,57.961147
3537,49,5.663199,22,1360,80.0,1.770911,21,2390,-1.114645,20,830,[-1],-1,1,100.0,36.217663
3537,49,5.169573,22,550,80.0,2.225062,2,1340,2.401155,2,1270,[0],0,1,100.0,58.280151
3537,49,6.162481,22,1040,80.0,2.137633,26,380,-0.216162,18,490,[-1],-1,1,100.0,48.053719
3540,70,5.344652,22,1390,80.0,1.692447,21,2220,-0.333535,20,960,[-1],-1,1,100.0,38.472095
3540,70,4.678444,22,730,80.0,2.386674,2,1180,2.447537,2,1170,[0],0,1,100.0,55.418972
3540,70,5.818871,22,990,80.0,1.939085,26,490,-0.412334,18,630,[-1],-1,1,100.0,56.687981
3551,73,5.306935,22,1390,80.0,1.67095,21,2190,1.839736,16,370,[-1],-1,1,100.0,42.9217
3551,73,4.631125,22,750,80.0,2.379667,2,1160,2.492936,2,1180,[0],0,1,100.0,55.490421
3551,73,5.798435,22,960,80.0,1.973324,26,510,-0.334847,18,660,[-1],-1,1,100.0,58.174683
3555,67,5.353186,22,1430,80.0,1.665873,21,2210,-0.484825,20,940,[-1],-1,1,100.0,38.454548
3555,67,4.682958,22,770,80.0,2.29884,2,1140,2.357755,2,1130,[0],0,1,100.0,54.912071
3555,67,5.840673,22,1020,80.0,1.884932,26,450,-0.3247,18,600,[-1],-1,1,100.0,57.455486
3561,66,5.362428,22,1430,80.0,1.678415,21,2230,-0.567838,20,920,[-1],-1,1,100.0,38.387333
3561,66,4.698249,22,760,80.0,2.294694,2,1140,2.376389,2,1150,[0],0,1,100.0,54.947411
3561,66,5.880552,22,1010,80.0,1.944754,26,460,-0.449878,18,610,[-1],-1,1,100.0,57.646908
3563,67,5.439671,22,1330,80.0,1.736636,21,2290,-0.338851,20,970,[-1],-1,1,100.0,37.306499
3563,67,4.873845,22,550,80.0,2.558541,2,1320,2.558334,2,1270,[0],0,1,100.0,57.505314
3563,67,5.981952,22,940,80.0,2.156517,26,510,-0.258951,18,630,[-1],-1,1,100.0,58.015469
3572,70,5.364418,22,1370,80.0,1.698984,21,2230,-0.273208,20,990,[-1],-1,1,100.0,38.310368
3572,70,4.683167,22,730,80.0,2.355061,2,1160,2.470028,2,1190,[0],0,1,100.0,55.730911
3572,70,5.841428,22,980,80.0,1.915835,26,510,-0.373086,18,630,[-1],-1,1,100.0,58.754139
3576,55,5.572587,22,1370,80.0,1.739833,21,2330,-0.846346,20,860,[-1],-1,1,100.0,37.038689
3576,55,5.011357,22,600,80.0,2.436716,2,1300,2.404913,2,1240,[0],0,1,100.0,57.043427
3576,55,6.067396,22,1030,80.0,2.039028,26,400,-0.317437,18,540,[-1],-1,1,100.0,47.97831
3581,69,5.423246,22,1310,80.0,1.759929,21,2290,-0.272344,20,970,[-1],-1,1,100.0,38.149944
3581,69,4.818526,22,570,80.0,2.576079,2,1320,2.549917,2,1250,[0],0,1,100.0,57.365978
3581,69,5.945073,22,930,80.0,2.119723,26,510,-0.16354,18,650,[-1],-1,1,100.0,58.308361
3597,68,5.396395,22,1360,80.0,1.724866,21,2250,-0.357762,20,960,[-1],-1,1,100.0,37.799088
3597,68,4.834417,22,570,80.0,2.567112,2,1320,2.543247,2,1250,[0],0,1,100.0,57.139801
3597,68,5.931752,22,950,80.0,2.069927,26,510,-0.238035,18,630,[-1],-1,1,100.0,57.793671
3610,50,5.621551,22,1390,80.0,1.746035,21,2360,-1.135202,20,820,[-1],-1,1,100.0,36.949432
3610,50,5.104422,22,590,80.0,2.183663,2,1310,2.359277,2,1240,[0],0,1,100.0,57.484119
3610,50,6.145194,22,1040,80.0,2.085833,26,380,-0.197064,18,500,[-1],-1,1,100.0,48.224297
3614,53,5.602902,22,1370,80.0,1.761179,21,2350,-1.004733,20,830,[-1],-1,1,100.0,37.028088
3614,53,5.061741,22,590,80.0,2.424368,2,1300,2.384289,2,1240,[0],0,1,100.0,56.926579
3614,53,6.089799,22,1040,80.0,2.084948,26,400,-0.373865,18,510,[-1],-1,1,100.0,48.251446
3616,57,5.536734,22,1380,80.0,1.739207,21,2330,-0.864632,20,860,[-1],-1,1,100.0,36.801498
3616,57,4.983608,22,600,80.0,2.462127,2,1310,2.406526,2,1230,[0],0,1,100.0,56.974022
3616,57,6.066349,22,1010,80.0,2.121273,26,430,-0.393176,18,550,[-1],-1,1,100.0,48.861141
3625,51,5.647292,22,1360,80.0,1.757118,21,2370,-1.009127,20,840,[-1],-1,1,100.0,36.9767
3625,51,5.081674,22,600,80.0,2.170979,2,1300,2.347923,2,1230,[0],0,1,100.0,57.340111
3625,51,6.138278,22,1040,80.0,2.110708,26,380,-0.218844,18,500,[-1],-1,1,100.0,48.194221
3628,50,5.650829,22,1370,80.0,1.7497,21,2370,-1.046518,20,840,[-1],-1,1,100.0,42.830433
3628,50,5.097468,22,600,80.0,2.163597,2,1300,2.353121,2,1240,[0],0,1,100.0,56.02961
3628,50,6.123519,22,1060,80.0,2.08707,26,370,-0.31097,18,480,[-1],-1,1,100.0,47.78577
3636,48,5.656763,22,1380,80.0,1.757858,21,2370,-1.148654,20,830,[-1],-1,1,100.0,37.368813
3636,48,5.113455,22,600,80.0,2.138444,2,1290,2.312478,2,1220,[0],0,1,100.0,56.733318
3636,48,6.126662,22,1070,80.0,2.05232,26,360,-0.293198,18,470,[-1],-1,1,100.0,47.019615
3642,50,5.632376,22,1380,80.0,1.757785,21,2370,-1.13921,20,820,[-1],-1,1,100.0,37.235306
3642,50,5.085046,22,600,80.0,2.17051,2,1300,2.344415,2,1230,[0],0,1,100.0,57.159161
3642,50,6.127128,22,1050,80.0,2.092285,26,380,-0.298474,18,490,[-1],-1,1,100.0,48.014206
3649,70,5.291237,22,1450,80.0,1.644125,21,2160,-0.378787,20,950,[-1],-1,1,100.0,27.576349
3649,70,4.576353,22,860,80.0,2.184463,2,1050,2.379639,2,1120,[0],0,1,100.0,54.092552
3649,70,5.764935,22,1020,80.0,1.84677,26,470,-0.470614,18,620,[-1],-1,1,100.0,57.578331
3652,70,5.310029,22,1420,80.0,1.662626,21,2190,1.734057,16,340,[-1],-1,1,100.0,42.900177
3652,70,4.595856,22,830,80.0,2.221931,2,1070,2.423887,2,1150,[0],0,1,100.0,54.638126
3652,70,5.786698,22,1000,80.0,1.916759,26,480,-0.436158,18,630,[-1],-1,1,100.0,58.321232
3660,54,5.571925,22,1390,80.0,1.72814,21,2330,-0.9481,20,840,[-1],-1,1,100.0,37.347103
3660,54,5.009941,22,620,80.0,2.402417,2,1280,2.357974,2,1220,[0],0,1,100.0,56.453873
3660,54,6.075818,22,1040,80.0,2.081584,26,390,-0.351429,18,520,[-1],-1,1,100.0,48.371868
3670,55,5.557533,22,1390,80.0,1.721224,21,2330,-0.905542,20,850,[-1],-1,1,100.0,37.873363
3670,55,4.963027,22,640,80.0,2.380127,2,1260,2.311892,2,1180,[0],0,1,100.0,55.819122
3670,55,6.036062,22,1050,80.0,1.967328,26,390,-0.388335,18,530,[-1],-1,1,100.0,47.915863
3678,57,5.499129,22,1410,80.0,1.713019,21,2300,-0.868569,20,860,[-1],-1,1,100.0,41.676918
3678,57,4.96382,22,610,80.0,2.436381,2,1290,2.382625,2,1210,[0],0,1,100.0,55.222553
3678,57,6.016056,22,1030,80.0,2.01142,26,420,-0.359749,18,540,[-1],-1,1,100.0,48.75423
3681,67,5.354505,22,1420,80.0,1.664489,21,2220,-0.438056,20,950,[-1],-1,1,100.0,39.19968
3681,67,4.670756,22,780,80.0,2.303303,2,1140,2.358457,2,1130,[0],0,1,100.0,54.745373
3681,67,5.830542,22,1020,80.0,1.910439,26,450,-0.440231,18,610,[-1],-1,1,100.0,57.951885
3686,52,5.577753,22,1400,80.0,1.735134,21,2330,-1.05736,20,820,[-1],-1,1,100.0,37.765076
3686,52,5.001006,22,640,80.0,2.367818,2,1260,2.33376,2,1210,[0],0,1,100.0,56.151031
3686,52,6.079468,22,1050,80.0,2.038761,26,380,-0.322526,18,510,[-1],-1,1,100.0,48.354187
3691,70,5.27236,22,1470,80.0,1.643765,21,2160,-0.466252,20,930,[-1],-1,1,100.0,28.128702
3691,70,4.549594,22,900,80.0,2.150508,2,1030,2.361019,2,1110,[0],0,1,100.0,53.929668
3691,70,5.749787,22,1030,80.0,1.834836,26,470,-0.528414,18,610,[-1],-1,1,100.0,56.370728
3698,37,5.625751,22,1410,80.0,1.749611,21,2430,-1.523266,20,850,[-1],-1,1,100.0,36.640411
3698,37,5.335878,22,580,80.0,2.04261,2,1300,2.203923,2,1220,[0],0,1,100.0,56.264908
3698,37,5.895985,22,1140,80.0,2.057457,26,270,-0.218651,18,370,[-1],-1,1,100.0,47.267845
3702,68,5.36575,22,1390,80.0,1.693459,21,2220,-0.35435,20,970,[-1],-1,1,100.0,38.497993
3702,68,4.708551,22,710,80.0,2.374457,2,1180,2.461699,2,1190,[0],0,1,100.0,55.575878
3702,68,5.872383,22,980,80.0,1.999099,26,490,-0.325318,18,620,[-1],-1,1,100.0,58.137314
3713,70,5.298296,22,1440,80.0,1.638007,21,2170,1.749038,16,340,[-1],-1,1,100.0,42.874531
3713,70,4.607986,22,820,80.0,2.248961,2,1090,2.407243,2,1140,[0],0,1,100.0,54.467838
3713,70,5.780792,22,1010,80.0,1.898085,26,480,-0.483938,18,620,[-1],-1,1,100.0,56.872898
3718,59,5.496971,22,1390,80.0,1.725569,21,2300,-0.763974,20,880,[-1],-1,1,100.0,38.061005
3718,59,4.877939,22,670,80.0,2.374426,2,1240,2.349059,2,1180,[0],0,1,100.0,55.905418
3718,59,5.985929,22,1030,80.0,2.003776,26,420,-0.302605,18,540,[-1],-1,1,100.0,57.72979
3721,70,5.261016,22,1480,80.0,1.633461,21,2150,-0.463799,20,930,[-1],-1,1,100.0,28.82181
3721,70,4.532863,22,920,80.0,2.116659,2,1010,2.334344,2,1090,[0],0,1,100.0,53.501545
3721,70,5.728882,22,1040,80.0,1.831226,26,470,-0.591003,18,600,[-1],-1,1,100.0,57.560368
3725,69,5.276486,22,1480,80.0,1.631918,21,2160,1.641803,16,290,[-1],-1,1,100.0,37.224934
3725,69,4.539132,22,920,80.0,2.110078,2,1010,2.322945,2,1090,[0],0,1,100.0,53.645554
3725,69,5.73646,22,1050,80.0,1.832607,26,450,-0.5588,18,590,[-1],-1,1,100.0,56.464321
3732,58,5.497548,22,1400,80.0,1.719377,21,2300,-0.814528,20,870,[-1],-1,1,100.0,42.704086
3732,58,4.91015,22,650,80.0,2.384872,2,1250,2.354328,2,1190,[0],0,1,100.0,54.772419
3732,58,6.001187,22,1030,80.0,2.001896,26,410,-0.238853,18,540,[-1],-1,1,100.0,48.759975
3738,53,5.585779,22,1390,80.0,1.736607,21,2330,-0.99522,20,830,[-1],-1,1,100.0,38.093861
3738,53,4.973769,22,660,80.0,2.354177,2,1250,2.287541,2,1180,[0],0,1,100.0,55.611206
3738,53,6.058697,22,1060,80.0,1.993911,26,370,-0.333386,18,510,[-1],-1,1,100.0,48.464111
3744,71,5.335958,22,1390,80.0,1.686989,21,2210,-0.294003,20,970,[-1],-1,1,100.0,39.547894
3744,71,4.660808,22,740,80.0,2.376896,2,1170,2.484574,2,1190,[0],0,1,100.0,55.588326
3744,71,5.853182,22,960,80.0,1.986521,26,510,-0.333197,18,650,[-1],-1,1,100.0,59.204956
3746,69,5.283719,22,1470,80.0,1.634135,21,2160,-0.456008,20,930,[-1],-1,1,100.0,28.597752
3746,69,4.548563,22,910,80.0,2.109583,2,1010,2.336753,2,1100,[0],0,1,100.0,53.558735
3746,69,5.77071,22,1030,80.0,1.845702,26,450,-0.430574,18,610,[-1],-1,1,100.0,57.712143
3753,61,5.388483,22,1460,80.0,1.661584,21,2230,-0.743819,20,880,[-1],-1,1,100.0,39.353416
3753,61,4.677833,22,830,80.0,2.173757,2,1080,2.27224,2,1110,[0],0,1,100.0,53.875423
3753,61,5.900001,22,1050,80.0,1.925316,26,420,-0.444497,18,560,[-1],-1,1,100.0,58.038345
3759,52,5.578358,22,1410,80.0,1.720213,21,2320,-1.059494,20,820,[-1],-1,1,100.0,43.172131
3759,52,4.952922,22,680,80.0,2.075223,2,1230,2.299914,2,1190,[0],0,1,100.0,54.710262
3759,52,6.07201,22,1060,80.0,2.013919,26,380,-0.383636,18,500,[-1],-1,1,100.0,48.281818
3766,59,5.452743,22,1430,80.0,1.69916,21,2270,-0.843146,20,860,[-1],-1,1,100.0,42.463825
3766,59,4.858336,22,680,80.0,2.364063,2,1220,2.341178,2,1170,[0],0,1,100.0,53.975571
3766,59,5.970244,22,1040,80.0,1.964686,26,420,-0.400518,18,560,[-1],-1,1,100.0,57.871487
3775,61,5.435842,22,1420,80.0,1.68724,21,2260,-0.691001,20,890,[-1],-1,1,100.0,38.620399
3775,61,4.801448,22,710,80.0,2.333727,2,1190,2.3451,2,1160,[0],0,1,100.0,54.994595
3775,61,5.945755,22,1030,80.0,1.953106,26,430,-0.336548,18,570,[-1],-1,1,100.0,57.587292
3789,63,5.342371,22,1480,80.0,1.655583,21,2210,-0.752397,20,880,[-1],-1,1,100.0,42.575073
3789,63,4.611692,22,880,80.0,2.123274,2,1040,2.26446,2,1090,[0],0,1,100.0,52.429363
3789,63,5.838069,22,1060,80.0,1.866807,26,420,-0.533759,18,570,[-1],-1,1,100.0,57.872261
3792,60,5.430863,22,1440,80.0,1.685863,21,2250,-0.792282,20,870,[-1],-1,1,100.0,38.679958
3792,60,4.801149,22,720,80.0,2.313225,2,1180,2.334926,2,1160,[0],0,1,100.0,54.883411
3792,60,5.969215,22,1030,80.0,1.974592,26,430,-0.39783,18,570,[-1],-1,1,100.0,57.483669
3797,57,5.490714,22,1430,80.0,1.695303,21,2290,-0.920659,20,850,[-1],-1,1,100.0,38.708572
3797,57,4.85517,22,710,80.0,2.290064,2,1190,2.314307,2,1170,[0],0,1,100.0,55.072659
3797,57,5.997379,22,1050,80.0,1.946248,26,400,-0.453907,18,540,[-1],-1,1,100.0,48.687305
3800,53,5.552568,22,1420,80.0,1.708225,21,2300,-1.003085,20,830,[-1],-1,1,100.0,38.555157
3800,53,4.909359,22,700,80.0,2.29909,2,1210,2.280562,2,1170,[0],0,1,100.0,54.959053
3800,53,6.014315,22,1080,80.0,1.92539,26,370,-0.467043,18,500,[-1],-1,1,100.0,48.295166
3804,59,5.448833,22,1440,80.0,1.693398,21,2270,-0.875363,20,860,[-1],-1,1,100.0,38.665565
3804,59,4.811497,22,730,80.0,2.303198,2,1190,2.318806,2,1160,[0],0,1,100.0,55.020081
3804,59,5.950193,22,1050,80.0,1.949509,26,410,-0.380291,18,530,[-1],-1,1,100.0,57.461445
3809,65,5.308877,22,1490,80.0,1.625728,21,2180,-0.618188,20,910,[-1],-1,1,100.0,44.441868
3809,65,4.586648,22,890,80.0,2.118647,2,1030,2.274392,2,1080,[0],0,1,100.0,52.187111
3809,65,5.812907,22,1050,80.0,1.83426,26,440,-0.579987,18,590,[-1],-1,1,100.0,57.835777
3814,53,5.536351,22,1440,80.0,1.705391,21,2300,-1.1259,20,810,[-1],-1,1,100.0,42.172375
3814,53,4.949999,22,680,80.0,2.309663,2,1220,2.271739,2,1170,[0],0,1,100.0,53.658012
3814,53,6.024655,22,1080,80.0,1.937369,26,360,-0.428924,18,500,[-1],-1,1,100.0,48.151016
3822,71,5.265491,22,1460,80.0,1.63059,21,2170,-0.386224,20,950,[-1],-1,1,100.0,29.025045
3822,71,4.54454,22,890,80.0,2.16035,2,1030,2.379119,2,1110,[0],0,1,100.0,53.703991
3822,71,5.717655,22,1030,80.0,1.838724,26,470,-0.575831,18,620,[-1],-1,1,100.0,58.144512
3826,71,5.233409,22,1500,80.0,1.610639,21,2140,-0.466593,20,930,[-1],-1,1,100.0,30.207119
3826,71,4.487514,22,970,80.0,2.054929,2,970,2.304554,2,1060,[0],0,1,100.0,52.964272
3826,71,5.673394,22,1060,80.0,1.750722,26,440,-0.580095,18,610,[-1],-1,1,100.0,57.669926
3835,60,5.445986,22,1430,80.0,1.690945,21,2260,-0.781108,20,870,[-1],-1,1,100.0,38.778515
3835,60,4.778653,22,750,80.0,2.267252,2,1150,2.312634,2,1150,[0],0,1,100.0,54.35841
3835,60,5.958631,22,1040,80.0,1.975369,26,420,-0.407055,18,560,[-1],-1,1,100.0,48.806839
3840,62,5.410258,22,1430,80.0,1.678751,21,2240,-0.648001,20,900,[-1],-1,1,100.0,42.305336
3840,62,4.759871,22,740,80.0,2.328235,2,1180,2.308381,2,1130,[0],0,1,100.0,53.260933
3840,62,5.901563,22,1040,80.0,1.937061,26,430,-0.367116,18,560,[-1],-1,1,100.0,57.629505
3846,63,5.392468,22,1440,80.0,1.671289,21,2230,-0.651557,20,900,[-1],-1,1,100.0,39.198345
3846,63,4.710652,22,780,80.0,2.274188,2,1140,2.318141,2,1130,[0],0,1,100.0,54.38504
3846,63,5.887224,22,1040,80.0,1.93687,26,440,-0.42324,18,560,[-1],-1,1,100.0,57.5
3856,63,5.374226,22,1460,80.0,1.670529,21,2230,-0.752865,20,880,[-1],-1,1,100.0,48.357578
3856,63,4.717306,22,780,80.0,2.239662,2,1120,2.314519,2,1130,[0],0,1,100.0,53.641117
3856,63,5.894356,22,1040,80.0,1.912003,26,440,-0.392936,18,560,[-1],-1,1,100.0,57.290188
3860,63,5.383289,22,1450,80.0,1.671269,21,2230,-0.703298,20,890,[-1],-1,1,100.0,39.276115
3860,63,4.741002,22,750,80.0,2.301882,2,1160,2.317193,2,1130,[0],0,1,100.0,54.228058
3860,63,5.871532,22,1050,80.0,1.88314,26,430,-0.416733,18,560,[-1],-1,1,100.0,57.406723
3865,62,5.399897,22,1450,80.0,1.671894,21,2240,-0.747,20,880,[-1],-1,1,100.0,48.34412
3865,62,4.71801,22,790,80.0,2.218629,2,1110,2.301267,2,1130,[0],0,1,100.0,53.514084
3865,62,5.89933,22,1050,80.0,1.929881,26,420,-0.368735,18,550,[-1],-1,1,100.0,57.275486
3868,64,5.343967,22,1470,80.0,1.653826,21,2200,-0.658747,20,900,[-1],-1,1,100.0,39.486507
3868,64,4.673269,22,810,80.0,2.238075,2,1110,2.312549,2,1120,[0],0,1,100.0,54.190441
3868,64,5.877737,22,1030,80.0,1.92713,26,440,-0.385925,18,580,[-1],-1,1,100.0,57.410675
3880,62,5.39799,22,1450,80.0,1.672986,21,2240,-0.750381,20,880,[-1],-1,1,100.0,48.242916
3880,62,4.703372,22,800,80.0,2.204378,2,1100,2.277861,2,1110,[0],0,1,100.0,53.35471
3880,62,5.876996,22,1060,80.0,1.852577,26,420,-0.398288,18,550,[-1],-1,1,100.0,57.45887
3883,54,5.517809,22,1440,80.0,1.703541,21,2290,-1.068079,20,820,[-1],-1,1,100.0,39.033962
3883,54,4.569048,22,1040,80.0,1.660218,2,860,2.242909,2,1140,[0],0,1,100.0,54.206776
3883,54,5.997085,22,1080,80.0,1.872317,26,370,-0.43789,18,510,[-1],-1,1,100.0,48.511662
3887,62,5.395182,22,1450,80.0,1.672681,21,2240,-0.748947,20,880,[-1],-1,1,100.0,39.534866
3887,62,4.691722,22,810,80.0,2.190743,2,1090,2.280721,2,1110,[0],0,1,100.0,53.940708
3887,62,5.888597,22,1050,80.0,1.868457,26,420,-0.412357,18,570,[-1],-1,1,100.0,57.578369
3895,61,5.406126,22,1450,80.0,1.676472,21,2250,-0.797166,20,870,[-1],-1,1,100.0,39.553852
3895,61,4.719277,22,790,80.0,2.214464,2,1110,2.285978,2,1120,[0],0,1,100.0,53.863911
3895,61,5.891024,22,1060,80.0,1.850686,26,410,-0.408582,18,560,[-1],-1,1,100.0,57.490326
3900,61,5.392877,22,1470,80.0,1.662762,21,2240,-0.847551,20,860,[-1],-1,1,100.0,39.584911
3900,61,4.759097,22,760,80.0,2.257181,2,1140,2.277496,2,1120,[0],0,1,100.0,53.816998
3900,61,5.903836,22,1060,80.0,1.902757,26,410,-0.517727,18,560,[-1],-1,1,100.0,57.220146
3903,62,5.398134,22,1450,80.0,1.672873,21,2240,-0.750268,20,880,[-1],-1,1,100.0,39.58704
3903,62,4.693816,22,810,80.0,2.188504,2,1090,2.277741,2,1110,[0],0,1,100.0,53.822456
3903,62,5.87721,22,1060,80.0,1.851603,26,420,-0.397152,18,550,[-1],-1,1,100.0,57.375687
3907,61,5.392925,22,1470,80.0,1.662729,21,2240,-0.847524,20,860,[-1],-1,1,100.0,39.589252
3907,61,4.706838,22,810,80.0,2.181232,2,1090,2.277463,2,1120,[0],0,1,100.0,53.741013
3907,61,5.9039,22,1060,80.0,1.902466,26,410,-0.517391,18,560,[-1],-1,1,100.0,57.411026
3911,62,5.370727,22,1470,80.0,1.658196,21,2220,-0.75242,20,880,[-1],-1,1,100.0,39.644646
3911,62,4.66276,22,840,80.0,2.177836,2,1080,2.264056,2,1100,[0],0,1,100.0,53.745983
3911,62,5.883659,22,1050,80.0,1.8861,26,420,-0.363544,18,560,[-1],-1,1,100.0,57.430676
3916,62,5.368119,22,1470,80.0,1.658256,21,2220,-0.750779,20,880,[-1],-1,1,100.0,39.686291
3916,62,4.658673,22,840,80.0,2.178694,2,1080,2.266149,2,1100,[0],0,1,100.0,53.70229
3916,62,5.881083,22,1050,80.0,1.889345,26,420,-0.365246,18,560,[-1],-1,1,100.0,57.373882
3920,63,5.365071,22,1470,80.0,1.658673,21,2220,-0.747741,20,880,[-1],-1,1,100.0,39.764271
3920,63,4.659231,22,840,80.0,2.180179,2,1080,2.268123,2,1100,[0],0,1,100.0,53.669575
3920,63,5.876859,22,1050,80.0,1.852841,26,430,-0.372764,18,560,[-1],-1,1,100.0,57.331093
3926,59,5.412824,22,1470,80.0,1.658011,21,2230,-0.842265,20,860,[-1],-1,1,100.0,39.610722
3926,59,4.749382,22,780,80.0,2.24666,2,1140,2.237589,2,1100,[0],0,1,100.0,53.494274
3926,59,5.915257,22,1070,80.0,1.857455,26,400,-0.471603,18,550,[-1],-1,1,100.0,57.383034
3929,63,5.365129,22,1470,80.0,1.65863,21,2220,-0.747706,20,880,[-1],-1,1,100.0,39.607162
3929,63,4.65927,22,840,80.0,2.180134,2,1080,2.268076,2,1100,[0],0,1,100.0,53.548069
3929,63,5.876941,22,1050,80.0,1.852465,26,430,-0.372323,18,560,[-1],-1,1,100.0,57.388851
3933,62,5.38798,22,1460,80.0,1.662792,21,2230,-0.750121,20,880,[-1],-1,1,100.0,39.767834
3933,62,4.653414,22,850,80.0,2.142355,2,1060,2.262926,2,1100,[0],0,1,100.0,53.485909
3933,62,5.877478,22,1060,80.0,1.85035,26,420,-0.395689,18,550,[-1],-1,1,100.0,57.33617
3938,61,5.381413,22,1470,80.0,1.657901,21,2230,-0.792205,20,870,[-1],-1,1,100.0,39.747593
3938,61,4.655656,22,850,80.0,2.158608,2,1070,2.257592,2,1100,[0],0,1,100.0,53.429684
3938,61,5.883737,22,1060,80.0,1.85303,26,410,-0.409916,18,560,[-1],-1,1,100.0,57.306118
3948,55,5.472445,22,1470,80.0,1.670001,21,2280,-1.084774,20,820,[-1],-1,1,100.0,48.006783
3948,55,4.802926,22,770,80.0,2.222526,2,1150,2.193619,2,1100,[0],0,1,100.0,52.889267
3948,55,5.958888,22,1090,80.0,1.866363,26,370,-0.564505,18,510,[-1],-1,1,100.0,48.403507
3954,55,5.452412,22,1480,80.0,1.663205,21,2250,-1.024452,20,830,[-1],-1,1,100.0,48.260002
3954,55,4.789692,22,780,80.0,2.211473,2,1140,2.19511,2,1100,[0],0,1,100.0,52.860455
3954,55,5.963534,22,1080,80.0,1.848354,26,380,-0.510514,18,520,[-1],-1,1,100.0,48.521904
3958,58,5.438295,22,1460,80.0,1.667196,21,2250,-0.869837,20,860,[-1],-1,1,100.0,39.769814
3958,58,4.709414,22,830,80.0,2.136416,2,1080,2.20503,2,1090,[0],0,1,100.0,53.609791
3958,58,5.909736,22,1080,80.0,1.890278,26,390,-0.475202,18,510,[-1],-1,1,100.0,48.745411
3963,61,5.375657,22,1480,80.0,1.64634,21,2220,-0.79685,20,870,[-1],-1,1,100.0,39.970711
3963,61,4.658949,22,850,80.0,2.153123,2,1070,2.242018,2,1090,[0],0,1,100.0,53.190334
3963,61,5.872168,22,1070,80.0,1.847864,26,410,-0.482044,18,550,[-1],-1,1,100.0,57.268555
3968,61,5.370011,22,1480,80.0,1.649663,21,2220,-0.79559,20,870,[-1],-1,1,100.0,40.027534
3968,61,4.637227,22,870,80.0,2.126395,2,1050,2.242967,2,1090,[0],0,1,100.0,53.145393
3968,61,5.864363,22,1070,80.0,1.864276,26,410,-0.507091,18,550,[-1],-1,1,100.0,57.275421
3973,61,5.36568,22,1490,80.0,1.636777,21,2210,-0.798271,20,870,[-1],-1,1,100.0,31.277357
3973,61,4.589905,22,920,80.0,2.04161,2,1000,2.199284,2,1060,[0],0,1,100.0,52.480213
3973,61,5.814808,22,1100,80.0,1.752105,26,390,-0.563671,18,540,[-1],-1,1,100.0,57.509186
3978,62,5.367348,22,1480,80.0,1.642859,21,2210,-0.749906,20,880,[-1],-1,1,100.0,40.147732
3978,62,4.643917,22,860,80.0,2.126134,2,1050,2.262684,2,1100,[0],0,1,100.0,53.049717
3978,62,5.839708,22,1080,80.0,1.800841,26,410,-0.471763,18,540,[-1],-1,1,100.0,57.308445
3983,63,5.34409,22,1490,80.0,1.628259,21,2190,-0.696065,20,890,[-1],-1,1,100.0,40.062256
3983,63,4.617664,22,880,80.0,2.11682,2,1040,2.255512,2,1090,[0],0,1,100.0,53.024849
3983,63,5.839011,22,1070,80.0,1.802307,26,420,-0.526039,18,560,[-1],-1,1,100.0,57.086243
3988,62,5.358809,22,1490,80.0,1.63183,21,2200,-0.746399,20,880,[-1],-1,1,100.0,40.15044
3988,62,4.619125,22,890,80.0,2.09361,2,1030,2.228153,2,1080,[0],0,1,100.0,52.962307
3988,62,5.843697,22,1080,80.0,1.827739,26,400,-0.440475,18,540,[-1],-1,1,100.0,57.298317
3993,62,5.353673,22,1490,80.0,1.631589,21,2200,-0.741731,20,880,[-1],-1,1,100.0,40.197735
3993,62,4.601244,22,900,80.0,2.081715,2,1020,2.221937,2,1070,[0],0,1,100.0,52.924686
3993,62,5.835828,22,1080,80.0,1.797547,26,410,-0.533601,18,550,[-1],-1,1,100.0,57.276764
3997,63,5.347381,22,1480,80.0,1.647105,21,2200,-0.706443,20,890,[-1],-1,1,100.0,47.871281
3997,63,4.599297,22,900,80.0,2.088469,2,1020,2.231217,2,1070,[0],0,1,100.0,52.212517
3997,63,5.804078,22,1080,80.0,1.818796,26,410,-0.53907,18,550,[-1],-1,1,100.0,57.065399
3999,59,5.40642,22,1480,80.0,1.670614,21,2230,-0.929406,20,850,[-1],-1,1,100.0,39.951458
3999,59,4.64886,22,880,80.0,2.09442,2,1050,2.186197,2,1070,[0],0,1,100.0,53.17384
3999,59,5.875673,22,1090,80.0,1.793164,26,380,-0.458332,18,520,[-1],-1,1,100.0,57.08934
