3002,46,-3.415794,29,240,80.0,-6.891076,3,610,-0.476728,9,2410,[0],0,1,100.0,71.743401
3007,63,-3.470935,29,300,80.0,-6.43026,3,540,-0.524847,9,2280,[0],0,1,100.0,71.7696
3007,63,-3.550121,29,550,80.0,-5.641905,3,850,-0.793422,28,420,[0],0,1,100.0,71.459641
3010,42,-3.343709,29,230,80.0,-6.988891,3,620,-0.458514,9,2430,[0],0,1,100.0,71.861626
3015,42,-3.331508,29,230,80.0,-6.98023,3,620,-0.459507,9,2430,[0],0,1,100.0,71.758904
3019,46,-3.435029,29,240,80.0,-6.900062,3,610,-0.477066,9,2410,[0],0,1,100.0,71.741989
3022,42,-3.341063,29,230,80.0,-6.950973,3,630,-0.459799,9,2430,[0],0,1,100.0,71.717766
3027,73,-3.613855,29,580,80.0,-5.62477,3,780,-0.837751,28,430,[0],0,1,100.0,63.274803
3033,41,-3.332112,29,220,80.0,-6.983961,3,630,-0.457821,9,2440,[0],0,1,100.0,71.74054
3037,69,-3.484148,29,330,80.0,-6.277964,3,510,-0.537993,9,2220,[0],0,1,100.0,70.101135
3037,69,-3.567173,29,560,80.0,-5.620201,3,830,-0.818374,28,420,[0],0,1,100.0,71.879738
3044,62,-3.447427,29,300,80.0,-6.491349,3,540,-0.518125,9,2290,[0],0,1,100.0,70.06263
3044,62,-3.550212,29,530,80.0,-5.634684,3,870,-0.82452,28,420,[0],0,1,100.0,71.615211
3047,59,-3.434063,29,290,80.0,-6.578776,3,550,-0.510155,9,2310,[0],0,1,100.0,70.226746
3047,59,-3.534268,29,530,80.0,-5.64349,3,880,-0.813036,28,410,[0],0,1,100.0,71.674622
3054,49,-3.493974,29,240,80.0,-6.862889,3,590,-0.492033,9,2400,[0],0,1,100.0,72.031258
3058,62,-3.473499,29,310,80.0,-6.499121,3,530,-0.516124,9,2290,[0],0,1,100.0,70.179642
3058,62,-3.557733,29,540,80.0,-5.638399,3,860,-0.815066,28,420,[0],0,1,100.0,71.705887
3061,69,-3.595774,29,560,80.0,-5.630727,3,810,-0.830845,28,430,[0],0,1,100.0,71.812927
3065,42,-3.333699,29,230,80.0,-6.981259,3,620,-0.459597,9,2430,[0],0,1,100.0,71.796196
3067,59,-3.446571,29,290,80.0,-6.59614,3,550,-0.507759,9,2320,[0],0,1,100.0,72.082397
3067,59,-3.517572,29,540,80.0,-5.645359,3,880,-0.792009,28,400,[0],0,1,100.0,72.246223
3071,60,-3.473364,29,290,80.0,-6.564913,3,540,-0.51633,9,2310,[0],0,1,100.0,72.098
3071,60,-3.512244,29,540,80.0,-5.636088,3,880,-0.79816,28,400,[0],0,1,100.0,72.210739
3077,75,-5.608522,29,780,80.0,-8.089413,3,1850,-3.605156,29,580,[1],1,1,100.0,55.030201
3077,75,-3.605156,29,580,80.0,-5.608522,29,780,-0.829041,28,440,[0],0,1,100.0,56.910591
3082,44,-3.358694,29,230,80.0,-6.936308,3,620,-0.463117,9,2440,[0],0,1,100.0,71.865135
3088,45,-3.33034,29,240,80.0,-6.887054,3,620,-0.469499,9,2410,[0],0,1,100.0,71.687759
3093,49,-3.379106,29,250,80.0,-6.798616,3,600,-0.485128,9,2390,[0],0,1,100.0,71.882736
3098,65,-3.502614,29,320,80.0,-6.443284,3,510,-0.524266,9,2270,[0],0,1,100.0,70.275742
3098,65,-3.579146,29,560,80.0,-5.646437,3,830,-0.641473,9,2160,[0],0,1,100.0,71.261711
3103,45,-3.392403,29,250,80.0,-6.914058,3,610,-0.469993,9,2400,[0],0,1,100.0,71.899361
3109,44,-3.359847,29,230,80.0,-6.936873,3,620,-0.463187,9,2440,[0],0,1,100.0,71.743767
3114,44,-3.360059,29,230,80.0,-6.936978,3,620,-0.4632,9,2440,[0],0,1,100.0,71.832024
3118,43,-3.384346,29,230,80.0,-6.985335,3,610,-0.466993,9,2430,[0],0,1,100.0,71.982361
3124,64,-3.490172,29,310,80.0,-6.45328,3,520,-0.523777,9,2280,[0],0,1,100.0,70.273903
3124,64,-3.581002,29,550,80.0,-5.643573,3,840,-0.806951,28,430,[0],0,1,100.0,72.095963
3129,69,-3.461187,29,330,80.0,-6.271503,3,510,-0.536605,9,2220,[0],0,1,100.0,70.255989
3129,69,-3.575924,29,570,80.0,-5.628466,3,820,-0.806611,28,420,[0],0,1,100.0,72.147926
3134,44,-3.360897,29,230,80.0,-6.93739,3,620,-0.463251,9,2440,[0],0,1,100.0,71.919106
3139,74,-3.61151,29,580,80.0,-5.618081,3,790,-0.817344,28,440,[0],0,1,100.0,63.312092
3144,43,-3.385442,29,230,80.0,-6.985857,3,610,-0.46704,9,2430,[0],0,1,100.0,71.763481
3150,58,-3.494612,29,290,80.0,-6.649382,3,540,-0.508082,9,2330,[0],0,1,100.0,72.323944
3150,58,-3.518227,29,530,80.0,-5.634223,3,900,-0.814195,28,400,[0],0,1,100.0,65.944267
3155,64,-3.489506,29,310,80.0,-6.453001,3,520,-0.526288,9,2270,[0],0,1,100.0,70.382278
3155,64,-3.580702,29,550,80.0,-5.643644,3,840,-0.807336,28,430,[0],0,1,100.0,71.891396
3158,44,-3.378109,29,240,80.0,-6.902095,3,620,-0.468971,9,2410,[0],0,1,100.0,71.895729
3162,43,-3.295275,29,230,80.0,-6.938293,3,630,-0.459524,9,2420,[0],0,1,100.0,71.745079
3166,63,-3.465314,29,310,80.0,-6.487674,3,530,-0.51899,9,2280,[0],0,1,100.0,72.008247
3166,63,-3.552953,29,540,80.0,-5.637901,3,860,-0.810928,28,420,[0],0,1,100.0,72.341888
3169,47,-3.40884,29,250,80.0,-6.875818,3,600,-0.474566,9,2410,[0],0,1,100.0,71.991226
3175,44,-3.362586,29,230,80.0,-6.970005,3,610,-0.463354,9,2440,[0],0,1,100.0,71.670311
3180,44,-3.367949,29,230,80.0,-6.962361,3,610,-0.468226,9,2420,[0],0,1,100.0,71.793312
3185,49,-3.410307,29,250,80.0,-6.847402,3,590,-0.486081,9,2380,[0],0,1,100.0,71.821594
3191,64,-3.437618,29,320,80.0,-6.44709,3,520,-0.520095,9,2260,[0],0,1,100.0,70.202721
3191,64,-3.579347,29,550,80.0,-5.6436,3,840,-0.643572,9,2160,[0],0,1,100.0,69.553719
3197,44,-3.407398,29,240,80.0,-6.960276,3,610,-0.468129,9,2420,[0],0,1,100.0,71.97699
3201,61,-3.48489,29,300,80.0,-6.554982,3,530,-0.515993,9,2300,[0],0,1,100.0,72.20401
3201,61,-3.547738,29,540,80.0,-5.637801,3,870,-0.816818,28,410,[0],0,1,100.0,72.455345
3208,70,-3.607466,29,570,80.0,-5.63022,3,810,-0.839523,28,420,[0],0,1,100.0,71.547134
3211,45,-3.353063,29,240,80.0,-6.904305,3,620,-0.467056,9,2420,[0],0,1,100.0,71.916199
3215,44,-3.324499,29,230,80.0,-6.890206,3,630,-0.466468,9,2430,[0],0,1,100.0,71.816963
3221,68,-3.496803,29,330,80.0,-6.337641,3,500,-0.536199,9,2230,[0],0,1,100.0,69.641602
3221,68,-3.577586,29,560,80.0,-5.624247,3,830,-0.824435,28,420,[0],0,1,100.0,72.037453
3226,64,-3.492495,29,310,80.0,-6.455519,3,520,-0.526461,9,2270,[0],0,1,100.0,72.081993
3226,64,-3.582811,29,550,80.0,-5.644068,3,840,-0.808924,28,430,[0],0,1,100.0,72.448151
3228,58,-3.471132,29,290,80.0,-6.611876,3,550,-0.510107,9,2320,[0],0,1,100.0,71.817108
3228,58,-3.508714,29,530,80.0,-5.631881,3,900,-0.805445,28,400,[0],0,1,100.0,71.988289
3234,45,-3.38118,29,240,80.0,-6.903561,3,620,-0.465117,9,2430,[0],0,1,100.0,71.853935
3241,61,-3.445982,29,290,80.0,-6.528756,3,540,-0.517913,9,2300,[0],0,1,100.0,70.171143
3241,61,-3.524902,29,530,80.0,-5.632003,3,880,-0.80039,28,420,[0],0,1,100.0,71.815437
3248,49,-3.429127,29,250,80.0,-6.854851,3,590,-0.482792,9,2400,[0],0,1,100.0,71.992165
3255,46,-3.410608,29,240,80.0,-6.888182,3,610,-0.475199,9,2420,[0],0,1,100.0,71.857155
3258,60,-3.486367,29,290,80.0,-6.546391,3,550,-0.517536,9,2310,[0],0,1,100.0,71.947182
3258,60,-3.531316,29,540,80.0,-5.639383,3,880,-0.791711,28,410,[0],0,1,100.0,72.218254
3268,68,-3.49153,29,330,80.0,-6.342055,3,500,-0.532404,9,2240,[0],0,1,100.0,70.336876
3268,68,-3.582226,29,560,80.0,-5.632832,3,820,-0.81001,28,430,[0],0,1,100.0,72.931519
3274,68,-3.497206,29,330,80.0,-6.33567,3,500,-0.532643,9,2240,[0],0,1,100.0,70.418152
3274,68,-3.578268,29,560,80.0,-5.624304,3,830,-0.826851,28,420,[0],0,1,100.0,71.501183
3278,49,-3.443462,29,250,80.0,-6.867961,3,590,-0.484175,9,2400,[0],0,1,100.0,72.013145
3285,58,-3.43336,29,280,80.0,-6.594358,3,560,-0.51015,9,2320,[0],0,1,100.0,72.11232
3285,58,-3.543097,29,520,80.0,-5.640981,3,890,-0.838524,28,410,[0],0,1,100.0,63.553688
3291,55,-3.468508,29,280,80.0,-6.670424,3,570,-0.502108,9,2340,[0],0,1,100.0,72.353943
3291,55,-3.492564,29,510,80.0,-5.631314,3,920,-0.850959,28,390,[0],0,1,100.0,65.917969
3298,45,-3.40031,29,250,80.0,-6.917618,3,610,-0.466522,9,2420,[0],0,1,100.0,72.1036
3304,55,-3.456791,29,270,80.0,-6.701499,3,570,-0.501984,9,2350,[0],0,1,100.0,71.957176
3304,55,-3.523234,29,510,80.0,-5.634163,3,920,-0.87279,28,390,[0],0,1,100.0,63.556911
3308,49,-3.434726,29,250,80.0,-6.85773,3,590,-0.484406,9,2400,[0],0,1,100.0,72.182869
3313,68,-3.486597,29,320,80.0,-6.350477,3,510,-0.532007,9,2250,[0],0,1,100.0,70.899986
3313,68,-3.58474,29,550,80.0,-5.623323,3,840,-0.826342,28,430,[0],0,1,100.0,72.596558
3318,69,-3.488849,29,330,80.0,-6.297513,3,510,-0.533084,9,2240,[0],0,1,100.0,70.426369
3318,69,-3.573461,29,560,80.0,-5.624502,3,830,-0.821625,28,420,[0],0,1,100.0,71.743858
3332,46,-3.46432,29,230,80.0,-6.902017,3,610,-0.481391,9,2430,[0],0,1,100.0,72.037285
3337,47,-3.366962,29,240,80.0,-6.868256,3,610,-0.475993,9,2410,[0],0,1,100.0,72.081703
3340,58,-3.488177,29,290,80.0,-6.620316,3,550,-0.510553,9,2320,[0],0,1,100.0,72.03286
3340,58,-3.515284,29,530,80.0,-5.6404,3,890,-0.830918,28,390,[0],0,1,100.0,72.260086
3346,62,-3.468649,29,300,80.0,-6.514565,3,540,-0.518351,9,2290,[0],0,1,100.0,72.306053
3346,62,-3.537399,29,540,80.0,-5.638273,3,870,-0.809388,28,410,[0],0,1,100.0,72.633247
3350,73,-3.601214,29,580,80.0,-5.62561,3,790,-0.818916,28,430,[0],0,1,100.0,70.813148
3356,61,-3.451395,29,290,80.0,-6.514036,3,550,-0.518281,9,2300,[0],0,1,100.0,72.212555
3356,61,-3.509102,29,540,80.0,-5.635243,3,880,-0.778552,28,410,[0],0,1,100.0,72.458939
3362,64,-3.438594,29,310,80.0,-6.461581,3,530,-0.519994,9,2270,[0],0,1,100.0,72.075806
3362,64,-3.561001,29,550,80.0,-5.641883,3,850,-0.799885,28,420,[0],0,1,100.0,72.135429
3366,70,-3.527531,29,330,80.0,-6.266619,3,500,-0.54289,9,2230,[0],0,1,100.0,72.00145
3366,70,-3.611694,29,570,80.0,-5.62955,3,810,-0.826491,28,430,[0],0,1,100.0,72.583107
3373,62,-3.484665,29,310,80.0,-6.507564,3,530,-0.516942,9,2290,[0],0,1,100.0,71.456696
3373,62,-3.567037,29,540,80.0,-5.640916,3,860,-0.801526,28,430,[0],0,1,100.0,72.620514
3378,64,-3.428166,29,310,80.0,-6.459981,3,530,-0.519752,9,2270,[0],0,1,100.0,71.442863
3378,64,-3.553263,29,550,80.0,-5.641206,3,850,-0.796442,28,420,[0],0,1,100.0,72.377472
3381,46,-3.393766,29,240,80.0,-6.880829,3,610,-0.473897,9,2420,[0],0,1,100.0,72.107559
3390,47,-3.452474,29,240,80.0,-6.884599,3,600,-0.480854,9,2420,[0],0,1,100.0,72.161774
3394,62,-3.452463,29,300,80.0,-6.52545,3,530,-0.51834,9,2290,[0],0,1,100.0,72.215034
3394,62,-3.579548,29,540,80.0,-5.64281,3,860,-0.809967,28,430,[0],0,1,100.0,72.576103
3401,46,-3.432249,29,230,80.0,-6.87954,3,610,-0.480172,9,2430,[0],0,1,100.0,71.949188
3413,63,-3.471614,29,310,80.0,-6.502255,3,530,-0.519404,9,2280,[0],0,1,100.0,71.143585
3413,63,-3.55974,29,540,80.0,-5.640188,3,860,-0.796796,28,430,[0],0,1,100.0,72.530296
3418,47,-3.453499,29,240,80.0,-6.885136,3,600,-0.480916,9,2420,[0],0,1,100.0,72.167648
3423,51,-3.433587,29,250,80.0,-6.786931,3,590,-0.49022,9,2390,[0],0,1,100.0,72.26548
3423,51,-3.471976,29,510,80.0,-5.636546,3,930,-0.865993,28,370,[0],0,1,100.0,65.732628
3429,48,-3.443812,29,240,80.0,-6.869842,3,600,-0.484117,9,2410,[0],0,1,100.0,72.188362
3433,68,-3.483721,29,320,80.0,-6.335359,3,510,-0.53572,9,2240,[0],0,1,100.0,70.644264
3433,68,-3.579171,29,550,80.0,-5.622327,3,840,-0.822307,28,430,[0],0,1,100.0,72.766098
3439,48,-3.433875,29,240,80.0,-6.866246,3,600,-0.483654,9,2410,[0],0,1,100.0,72.122536
3442,70,-3.514397,29,330,80.0,-6.245461,3,500,-0.541287,9,2230,[0],0,1,100.0,70.212914
3442,70,-3.599006,29,570,80.0,-5.633492,3,800,-0.81963,28,430,[0],0,1,100.0,71.805862
3447,65,-3.507007,29,320,80.0,-6.4425,3,510,-0.52791,9,2260,[0],0,1,100.0,70.637886
3447,65,-3.583352,29,560,80.0,-5.645687,3,830,-0.646017,9,2150,[0],0,1,100.0,70.108154
3453,47,-3.455388,29,240,80.0,-6.878448,3,600,-0.483519,9,2410,[0],0,1,100.0,72.201569
3457,47,-3.455531,29,240,80.0,-6.87852,3,600,-0.483526,9,2410,[0],0,1,100.0,72.153214
3466,64,-3.509176,29,310,80.0,-6.468141,3,520,-0.524291,9,2280,[0],0,1,100.0,71.306602
3466,64,-3.564779,29,560,80.0,-5.647069,3,840,-0.787114,28,420,[0],0,1,100.0,72.683907
3510,65,-3.483688,29,310,80.0,-6.455463,3,520,-0.526581,9,2270,[0],0,1,100.0,70.684502
3510,65,-3.550447,29,560,80.0,-5.64453,3,840,-0.77867,28,420,[0],0,1,100.0,72.809906
3516,52,-3.504233,29,250,80.0,-6.807372,3,570,-0.498282,9,2390,[0],0,1,100.0,72.177025
3516,52,-3.472714,29,520,80.0,-5.636255,3,930,-0.840863,28,370,[0],0,1,100.0,65.716789
3525,49,-3.462479,29,240,80.0,-6.838253,3,590,-0.49185,9,2400,[0],0,1,100.0,72.140282
3530,66,-3.466742,29,320,80.0,-6.404205,3,510,-0.528373,9,2250,[0],0,1,100.0,70.757439
3530,66,-3.556517,29,540,80.0,-5.61839,3,860,-0.832925,28,420,[0],0,1,100.0,72.851891
3535,53,-3.475746,29,260,80.0,-6.731145,3,580,-0.499075,9,2370,[0],0,1,100.0,72.218086
3535,53,-3.509681,29,510,80.0,-5.638557,3,920,-0.881874,28,380,[0],0,1,100.0,65.796295
3539,67,-3.500197,29,320,80.0,-6.372826,3,510,-0.533648,9,2250,[0],0,1,100.0,70.812637
3539,67,-3.56668,29,560,80.0,-5.628156,3,840,-0.824361,28,410,[0],0,1,100.0,72.951256
3543,67,-3.514061,29,320,80.0,-6.363727,3,510,-0.53541,9,2250,[0],0,1,100.0,70.81443
3543,67,-3.573615,29,560,80.0,-5.626938,3,840,-0.83103,28,410,[0],0,1,100.0,72.982384
3546,71,-3.595412,29,570,80.0,-5.626972,3,810,-0.834938,28,420,[0],0,1,100.0,73.07444
3549,67,-3.527592,29,320,80.0,-6.374978,3,510,-0.534949,9,2250,[0],0,1,100.0,70.924614
3549,67,-3.556844,29,550,80.0,-5.621445,3,850,-0.816183,28,420,[0],0,1,100.0,72.845451
3554,69,-3.479375,29,330,80.0,-6.282804,3,510,-0.536061,9,2230,[0],0,1,100.0,70.777611
3554,69,-3.591038,29,570,80.0,-5.62898,3,820,-0.818325,28,420,[0],0,1,100.0,72.957237
3560,65,-3.473829,29,310,80.0,-6.434806,3,520,-0.525343,9,2270,[0],0,1,100.0,71.973343
3560,65,-3.569902,29,550,80.0,-5.641418,3,840,-0.64303,9,2160,[0],0,1,100.0,70.708931
3567,71,-3.607903,29,580,80.0,-5.631446,3,800,-0.807719,28,430,[0],0,1,100.0,72.86692
3570,61,-3.51257,29,300,80.0,-6.575724,3,530,-0.518481,9,2300,[0],0,1,100.0,71.186302
3570,61,-3.512981,29,540,80.0,-5.628457,3,890,-0.782222,28,410,[0],0,1,100.0,72.128021
3574,68,-3.531792,29,330,80.0,-6.334057,3,510,-0.533811,9,2250,[0],0,1,100.0,70.4702
3574,68,-3.552477,29,560,80.0,-5.622187,3,840,-0.816002,28,410,[0],0,1,100.0,72.884048
3579,70,-3.527549,29,330,80.0,-6.276214,3,500,-0.542479,9,2230,[0],0,1,100.0,71.938622
3579,70,-3.584451,29,580,80.0,-5.631883,3,810,-0.795542,28,420,[0],0,1,100.0,72.350052
3584,54,-3.485973,29,270,80.0,-6.749461,3,560,-0.499967,9,2360,[0],0,1,100.0,72.197006
3584,54,-3.50983,29,500,80.0,-5.628822,3,930,-0.866834,28,400,[0],0,1,100.0,64.556915
3590,69,-3.49813,29,330,80.0,-6.295743,3,510,-0.538827,9,2220,[0],0,1,100.0,70.724861
3590,69,-3.602779,29,570,80.0,-5.634205,3,820,-0.807652,28,430,[0],0,1,100.0,71.923119
3596,61,-3.501723,29,300,80.0,-6.539255,3,540,-0.518611,9,2300,[0],0,1,100.0,72.136604
3596,61,-3.531848,29,530,80.0,-5.633444,3,880,-0.805294,28,420,[0],0,1,100.0,72.405701
3598,70,-3.513475,29,340,80.0,-6.286387,3,500,-0.535099,9,2230,[0],0,1,100.0,70.465714
3598,70,-3.579322,29,570,80.0,-5.626775,3,820,-0.81237,28,420,[0],0,1,100.0,71.939835
3600,68,-3.495778,29,320,80.0,-6.333873,3,520,-0.532688,9,2250,[0],0,1,100.0,70.845734
3600,68,-3.562203,29,560,80.0,-5.625388,3,840,-0.821177,28,410,[0],0,1,100.0,73.030273
3603,68,-3.49148,29,320,80.0,-6.342204,3,510,-0.533699,9,2250,[0],0,1,100.0,70.860748
3603,68,-3.583267,29,550,80.0,-5.623389,3,840,-0.826144,28,430,[0],0,1,100.0,72.566101
3609,50,-3.447533,29,240,80.0,-6.806396,3,600,-0.490596,9,2400,[0],0,1,100.0,72.242699
3612,69,-3.501229,29,330,80.0,-6.320274,3,500,-0.536824,9,2230,[0],0,1,100.0,70.346199
3612,69,-3.579734,29,560,80.0,-5.631938,3,820,-0.809386,28,430,[0],0,1,100.0,72.947701
3618,50,-3.495411,29,250,80.0,-6.853322,3,580,-0.490338,9,2400,[0],0,1,100.0,72.170853
3621,69,-3.50965,29,330,80.0,-6.332989,3,500,-0.534268,9,2240,[0],0,1,100.0,70.309746
3621,69,-3.587081,29,560,80.0,-5.62521,3,830,-0.833333,28,420,[0],0,1,100.0,72.877167
3623,69,-3.47343,29,330,80.0,-6.318049,3,500,-0.535113,9,2230,[0],0,1,100.0,70.167923
3623,69,-3.589552,29,570,80.0,-5.631511,3,820,-0.796324,28,430,[0],0,1,100.0,72.74028
3626,69,-3.482986,29,330,80.0,-6.316567,3,500,-0.536147,9,2230,[0],0,1,100.0,70.283745
3626,69,-3.594343,29,570,80.0,-5.630291,3,820,-0.800095,28,430,[0],0,1,100.0,72.841751
3633,67,-3.517096,29,320,80.0,-6.366391,3,510,-0.535591,9,2250,[0],0,1,100.0,70.419518
3633,67,-3.575815,29,560,80.0,-5.627406,3,840,-0.832743,28,410,[0],0,1,100.0,72.139603
3635,68,-3.5041,29,320,80.0,-6.385974,3,500,-0.532924,9,2250,[0],0,1,100.0,70.291977
3635,68,-3.564877,29,560,80.0,-5.624544,3,840,-0.806713,28,420,[0],0,1,100.0,72.920135
3642,70,-3.575155,29,580,80.0,-5.630196,3,810,-0.793537,28,420,[0],0,1,100.0,72.421944
3645,70,-3.611063,29,570,80.0,-5.629301,3,810,-0.825897,28,430,[0],0,1,100.0,72.97226
3647,69,-3.50119,29,330,80.0,-6.320457,3,500,-0.537043,9,2230,[0],0,1,100.0,70.281853
3647,69,-3.57993,29,560,80.0,-5.624272,3,830,-0.828725,28,420,[0],0,1,100.0,72.848328
3653,53,-3.474269,29,260,80.0,-6.769164,3,570,-0.498833,9,2370,[0],0,1,100.0,72.371979
3653,53,-3.480372,29,500,80.0,-5.632597,3,930,-0.884637,28,380,[0],0,1,100.0,65.94297
3658,57,-3.419649,29,280,80.0,-6.641555,3,570,-0.503214,9,2330,[0],0,1,100.0,72.378304
3658,57,-3.49027,29,520,80.0,-5.628682,3,920,-0.826289,28,390,[0],0,1,100.0,66.065247
3661,69,-3.502209,29,330,80.0,-6.334281,3,500,-0.533823,9,2240,[0],0,1,100.0,70.343361
3661,69,-3.583991,29,560,80.0,-5.626291,3,830,-0.810537,28,430,[0],0,1,100.0,72.869987
3668,68,-3.509068,29,330,80.0,-6.342841,3,500,-0.534161,9,2240,[0],0,1,100.0,70.369415
3668,68,-3.588662,29,560,80.0,-5.625895,3,830,-0.834078,28,420,[0],0,1,100.0,72.960991
3675,69,-3.503282,29,330,80.0,-6.322215,3,500,-0.536948,9,2230,[0],0,1,100.0,70.345543
3675,69,-3.581264,29,560,80.0,-5.632302,3,820,-0.810534,28,430,[0],0,1,100.0,72.848061
3679,68,-3.522657,29,330,80.0,-6.353919,3,500,-0.53525,9,2240,[0],0,1,100.0,70.285995
3679,68,-3.59867,29,560,80.0,-5.629226,3,830,-0.820392,28,430,[0],0,1,100.0,72.905006
3681,69,-3.484817,29,330,80.0,-6.29513,3,510,-0.535992,9,2230,[0],0,1,100.0,70.900734
3681,69,-3.595316,29,570,80.0,-5.63192,3,820,-0.819696,28,420,[0],0,1,100.0,71.902786
3684,51,-3.427063,29,250,80.0,-6.791715,3,590,-0.491097,9,2390,[0],0,1,100.0,72.29734
3684,51,-3.469994,29,510,80.0,-5.631589,3,940,-0.870137,28,370,[0],0,1,100.0,65.821136
3691,69,-3.511923,29,330,80.0,-6.335145,3,500,-0.534426,9,2240,[0],0,1,100.0,70.423912
3691,69,-3.588771,29,560,80.0,-5.625592,3,830,-0.834609,28,420,[0],0,1,100.0,72.956787
3696,69,-3.472505,29,330,80.0,-6.2958,3,500,-0.534979,9,2230,[0],0,1,100.0,70.362999
3696,69,-3.586564,29,570,80.0,-5.634852,3,810,-0.819414,28,420,[0],0,1,100.0,72.978745
3699,69,-3.500223,29,330,80.0,-6.299987,3,510,-0.534698,9,2240,[0],0,1,100.0,70.664864
3699,69,-3.578518,29,560,80.0,-5.624749,3,830,-0.827322,28,420,[0],0,1,100.0,72.203072
3703,69,-3.485193,29,330,80.0,-6.297168,3,510,-0.535788,9,2230,[0],0,1,100.0,70.884399
3703,69,-3.596824,29,570,80.0,-5.632119,3,820,-0.820826,28,420,[0],0,1,100.0,72.475441
3706,69,-3.513433,29,340,80.0,-6.30208,3,500,-0.533949,9,2230,[0],0,1,100.0,70.403923
3706,69,-3.581561,29,570,80.0,-5.628367,3,820,-0.814089,28,420,[0],0,1,100.0,72.963913
3708,70,-3.539489,29,330,80.0,-6.277631,3,500,-0.54362,9,2230,[0],0,1,100.0,70.394089
3708,70,-3.592858,29,580,80.0,-5.631524,3,810,-0.80513,28,420,[0],0,1,100.0,72.916809
3712,69,-3.502949,29,330,80.0,-6.304104,3,510,-0.534398,9,2240,[0],0,1,100.0,70.94133
3712,69,-3.582518,29,560,80.0,-5.624831,3,830,-0.830805,28,420,[0],0,1,100.0,72.61647
3717,69,-3.484678,29,330,80.0,-6.287634,3,510,-0.536392,9,2230,[0],0,1,100.0,70.923683
3717,69,-3.595024,29,570,80.0,-5.629849,3,820,-0.821303,28,420,[0],0,1,100.0,72.252029
3724,69,-3.521609,29,340,80.0,-6.31418,3,500,-0.535782,9,2230,[0],0,1,100.0,70.421516
3724,69,-3.588353,29,570,80.0,-5.628935,3,820,-0.817118,28,420,[0],0,1,100.0,72.973511
3729,69,-3.5003,29,330,80.0,-6.30695,3,510,-0.533817,9,2240,[0],0,1,100.0,70.717537
3729,69,-3.582044,29,560,80.0,-5.625946,3,830,-0.829744,28,420,[0],0,1,100.0,72.405022
3738,70,-3.574772,29,570,80.0,-5.625965,3,820,-0.808526,28,420,[0],0,1,100.0,72.720703
3742,70,-3.540252,29,330,80.0,-6.284623,3,500,-0.543416,9,2230,[0],0,1,100.0,70.425468
3742,70,-3.569549,29,570,80.0,-5.624609,3,820,-0.802907,28,420,[0],0,1,100.0,71.71138
3746,67,-3.50956,29,320,80.0,-6.393392,3,500,-0.534825,9,2250,[0],0,1,100.0,70.483971
3746,67,-3.568552,29,560,80.0,-5.625571,3,840,-0.807687,28,420,[0],0,1,100.0,72.467567
3752,66,-3.455205,29,320,80.0,-6.409044,3,510,-0.527431,9,2250,[0],0,1,100.0,70.919403
3752,66,-3.575941,29,550,80.0,-5.626623,3,850,-0.827355,28,420,[0],0,1,100.0,73.046371
3758,59,-3.442508,29,290,80.0,-6.622664,3,540,-0.511065,9,2310,[0],0,1,100.0,71.401955
3758,59,-3.515345,29,520,80.0,-5.631051,3,900,-0.820683,28,410,[0],0,1,100.0,72.89502
3760,72,-3.578447,29,580,80.0,-5.622825,3,800,-0.789899,28,430,[0],0,1,100.0,72.058411
3762,69,-3.487276,29,330,80.0,-6.320643,3,500,-0.536405,9,2230,[0],0,1,100.0,70.463791
3762,69,-3.597569,29,570,80.0,-5.630999,3,820,-0.802495,28,430,[0],0,1,100.0,73.033714
3764,71,-3.48869,29,330,80.0,-6.217218,3,500,-0.542467,9,2220,[0],0,1,100.0,72.210655
3764,71,-3.579336,29,570,80.0,-5.622576,3,810,-0.807702,28,430,[0],0,1,100.0,71.52581
3769,62,-3.536132,29,290,80.0,-6.532303,3,540,-0.523389,9,2310,[0],0,1,100.0,70.949562
3769,62,-3.548038,29,540,80.0,-5.641697,3,870,-0.81779,28,410,[0],0,1,100.0,72.664253
3772,70,-3.541495,29,330,80.0,-6.279472,3,500,-0.543742,9,2230,[0],0,1,100.0,70.47982
3772,70,-3.569669,29,570,80.0,-5.62417,3,820,-0.806231,28,420,[0],0,1,100.0,73.049149
3775,55,-3.442662,29,270,80.0,-6.688484,3,570,-0.501093,9,2350,[0],0,1,100.0,72.456879
3775,55,-3.50988,29,510,80.0,-5.633549,3,920,-0.866008,28,390,[0],0,1,100.0,66.131615
3777,52,-3.501559,29,250,80.0,-6.775212,3,580,-0.501071,9,2380,[0],0,1,100.0,72.29155
3777,52,-3.470394,29,520,80.0,-5.643354,3,920,-0.839525,28,370,[0],0,1,100.0,65.867332
3782,62,-3.483407,29,300,80.0,-6.520707,3,540,-0.519386,9,2290,[0],0,1,100.0,71.098328
3782,62,-3.546453,29,540,80.0,-5.639372,3,870,-0.816496,28,410,[0],0,1,100.0,72.864632
3787,70,-3.463941,29,330,80.0,-6.296626,3,500,-0.534587,9,2230,[0],0,1,100.0,70.522163
3787,70,-3.583622,29,570,80.0,-5.635973,3,810,-0.814638,28,420,[0],0,1,100.0,72.111389
3792,54,-3.475873,29,260,80.0,-6.717692,3,580,-0.500595,9,2370,[0],0,1,100.0,72.361305
3792,54,-3.478346,29,500,80.0,-5.631965,3,930,-0.880007,28,380,[0],0,1,100.0,65.993698
3797,53,-3.482189,29,260,80.0,-6.771559,3,570,-0.499201,9,2370,[0],0,1,100.0,72.288719
3797,53,-3.513162,29,510,80.0,-5.632117,3,930,-0.88618,28,380,[0],0,1,100.0,65.72142
3800,70,-3.579946,29,580,80.0,-5.628981,3,810,-0.816061,28,410,[0],0,1,100.0,72.256119
3802,70,-3.585172,29,580,80.0,-5.630095,3,810,-0.800457,28,420,[0],0,1,100.0,72.207748
3806,71,-3.497659,29,330,80.0,-6.229854,3,500,-0.544484,9,2220,[0],0,1,100.0,72.258286
3806,71,-3.587162,29,570,80.0,-5.622172,3,810,-0.812765,28,430,[0],0,1,100.0,71.590179
3813,62,-3.537474,29,290,80.0,-6.533323,3,540,-0.523478,9,2310,[0],0,1,100.0,71.010666
3813,62,-3.548936,29,540,80.0,-5.641874,3,870,-0.818513,28,410,[0],0,1,100.0,72.763084
3820,53,-3.461061,29,250,80.0,-6.761367,3,580,-0.499402,9,2380,[0],0,1,100.0,72.347069
3820,53,-3.477597,29,510,80.0,-5.635145,3,930,-0.876062,28,370,[0],0,1,100.0,65.959869
3824,56,-3.449539,29,280,80.0,-6.670941,3,570,-0.502694,9,2340,[0],0,1,100.0,72.415779
3824,56,-3.511671,29,520,80.0,-5.637753,3,910,-0.823,28,400,[0],0,1,100.0,66.102112
3827,63,-3.496192,29,310,80.0,-6.547661,3,520,-0.518048,9,2290,[0],0,1,100.0,70.298622
3827,63,-3.547089,29,550,80.0,-5.64279,3,860,-0.780788,28,420,[0],0,1,100.0,72.806984
3831,71,-3.572745,29,560,80.0,-5.61889,3,820,-0.836027,28,420,[0],0,1,100.0,72.215569
3837,72,-3.570217,29,570,80.0,-5.619987,3,810,-0.799521,28,430,[0],0,1,100.0,72.234322
3841,71,-3.489884,29,330,80.0,-6.235112,3,500,-0.542141,9,2220,[0],0,1,100.0,72.156258
3841,71,-3.582709,29,570,80.0,-5.622964,3,810,-0.809514,28,430,[0],0,1,100.0,71.572327
3845,53,-3.448598,29,250,80.0,-6.747904,3,580,-0.501716,9,2370,[0],0,1,100.0,72.303764
3845,53,-3.472291,29,510,80.0,-5.627072,3,940,-0.848654,28,380,[0],0,1,100.0,65.9347
3849,56,-3.47211,29,280,80.0,-6.670374,3,570,-0.502967,9,2340,[0],0,1,100.0,72.424217
3849,56,-3.524153,29,520,80.0,-5.639447,3,910,-0.832305,28,400,[0],0,1,100.0,65.539383
3855,71,-3.598023,29,570,80.0,-5.627935,3,810,-0.818337,28,430,[0],0,1,100.0,72.527069
3856,58,-3.455975,29,280,80.0,-6.614918,3,560,-0.510803,9,2320,[0],0,1,100.0,72.507118
3856,58,-3.526608,29,530,80.0,-5.643222,3,890,-0.819883,28,400,[0],0,1,100.0,66.274231
3862,72,-3.568787,29,570,80.0,-5.620594,3,810,-0.819466,28,420,[0],0,1,100.0,71.706581
3867,63,-3.488497,29,310,80.0,-6.500693,3,530,-0.520259,9,2280,[0],0,1,100.0,70.948532
3867,63,-3.566312,29,540,80.0,-5.63999,3,860,-0.803832,28,430,[0],0,1,100.0,72.273232
3872,61,-3.458891,29,290,80.0,-6.517434,3,550,-0.519113,9,2300,[0],0,1,100.0,71.093399
3872,61,-3.537633,29,530,80.0,-5.634658,3,880,-0.809923,28,420,[0],0,1,100.0,72.78875
3877,63,-3.439116,29,300,80.0,-6.514644,3,530,-0.519085,9,2280,[0],0,1,100.0,71.28495
3877,63,-3.551624,29,550,80.0,-5.644077,3,860,-0.804548,28,410,[0],0,1,100.0,72.634598
3880,65,-3.47006,29,310,80.0,-6.405226,3,530,-0.527873,9,2260,[0],0,1,100.0,71.043892
3880,65,-3.562619,29,570,80.0,-5.641711,3,840,-0.639324,9,2140,[0],0,1,100.0,70.886436
3885,70,-3.492379,29,340,80.0,-6.278266,3,500,-0.536718,9,2220,[0],0,1,100.0,72.294731
3885,70,-3.58707,29,580,80.0,-5.630073,3,810,-0.800728,28,420,[0],0,1,100.0,72.856125
3888,62,-3.502905,29,290,80.0,-6.501299,3,540,-0.524076,9,2300,[0],0,1,100.0,70.30983
3888,62,-3.551636,29,550,80.0,-5.644531,3,860,-0.801712,28,410,[0],0,1,100.0,72.336922
3893,61,-3.497695,29,300,80.0,-6.535762,3,540,-0.517562,9,2300,[0],0,1,100.0,70.312569
3893,61,-3.55664,29,540,80.0,-5.641309,3,870,-0.803327,28,420,[0],0,1,100.0,72.345955
3896,59,-3.486555,29,290,80.0,-6.618613,3,550,-0.509903,9,2320,[0],0,1,100.0,71.023972
3896,59,-3.513845,29,530,80.0,-5.639879,3,890,-0.812832,28,400,[0],0,1,100.0,72.875137
3912,69,-3.491673,29,330,80.0,-6.327404,3,500,-0.536425,9,2230,[0],0,1,100.0,70.430893
3912,69,-3.601351,29,570,80.0,-5.632576,3,820,-0.805649,28,430,[0],0,1,100.0,72.409424
3916,61,-3.460133,29,290,80.0,-6.518375,3,550,-0.519187,9,2300,[0],0,1,100.0,70.356758
3916,61,-3.538481,29,530,80.0,-5.634834,3,880,-0.810603,28,420,[0],0,1,100.0,72.885651
3922,62,-3.478742,29,300,80.0,-6.510218,3,540,-0.51986,9,2290,[0],0,1,100.0,70.159637
3922,62,-3.538848,29,540,80.0,-5.637204,3,870,-0.813438,28,410,[0],0,1,100.0,72.824829
3927,63,-3.443307,29,300,80.0,-6.481925,3,540,-0.520494,9,2280,[0],0,1,100.0,70.196053
3927,63,-3.543703,29,550,80.0,-5.641711,3,860,-0.796654,28,410,[0],0,1,100.0,72.171921
3932,63,-3.46775,29,290,80.0,-6.467155,3,540,-0.524708,9,2290,[0],0,1,100.0,70.962753
3932,63,-3.526716,29,550,80.0,-5.639962,3,860,-0.786947,28,410,[0],0,1,100.0,72.242935
3937,62,-3.47916,29,300,80.0,-6.515824,3,540,-0.519932,9,2290,[0],0,1,100.0,71.057472
3937,62,-3.542786,29,540,80.0,-5.638968,3,870,-0.813688,28,410,[0],0,1,100.0,72.259674
3941,64,-3.494299,29,300,80.0,-6.451042,3,540,-0.527008,9,2280,[0],0,1,100.0,71.039307
3941,64,-3.568111,29,550,80.0,-5.645127,3,850,-0.786159,28,430,[0],0,1,100.0,72.401176
3945,56,-3.453875,29,280,80.0,-6.649601,3,570,-0.50239,9,2340,[0],0,1,100.0,72.368904
3945,56,-3.511378,29,520,80.0,-5.636839,3,910,-0.823127,28,400,[0],0,1,100.0,66.121986
3950,63,-3.443938,29,300,80.0,-6.482435,3,540,-0.52053,9,2280,[0],0,1,100.0,70.379852
3950,63,-3.544147,29,550,80.0,-5.641798,3,860,-0.796996,28,410,[0],0,1,100.0,72.283455
3955,63,-3.444074,29,300,80.0,-6.482548,3,540,-0.520538,9,2280,[0],0,1,100.0,70.300957
3955,63,-3.544242,29,550,80.0,-5.641817,3,860,-0.79707,28,410,[0],0,1,100.0,72.384338
3958,68,-3.497158,29,320,80.0,-6.342912,3,510,-0.536869,9,2240,[0],0,1,100.0,70.867699
3958,68,-3.585778,29,570,80.0,-5.638936,3,820,-0.822925,28,410,[0],0,1,100.0,72.053452
3963,66,-3.482782,29,320,80.0,-6.389041,3,520,-0.529351,9,2250,[0],0,1,100.0,70.835411
3963,66,-3.565887,29,560,80.0,-5.636627,3,840,-0.812713,28,410,[0],0,1,100.0,72.612335
3968,63,-3.453292,29,300,80.0,-6.486508,3,540,-0.520626,9,2280,[0],0,1,100.0,70.273735
3968,63,-3.550404,29,550,80.0,-5.642677,3,860,-0.802869,28,410,[0],0,1,100.0,72.300591
3974,63,-3.468903,29,290,80.0,-6.468137,3,540,-0.524789,9,2290,[0],0,1,100.0,70.426323
3974,63,-3.527532,29,550,80.0,-5.640138,3,860,-0.787559,28,410,[0],0,1,100.0,72.456024
3975,63,-3.453481,29,300,80.0,-6.486668,3,540,-0.520636,9,2280,[0],0,1,100.0,70.02726
3975,63,-3.550539,29,550,80.0,-5.642706,3,860,-0.802972,28,410,[0],0,1,100.0,72.282951
3977,61,-3.473904,29,290,80.0,-6.524292,3,550,-0.519748,9,2300,[0],0,1,100.0,70.272392
3977,61,-3.518705,29,540,80.0,-5.637291,3,880,-0.786538,28,410,[0],0,1,100.0,72.746475
3982,62,-3.510062,29,290,80.0,-6.506277,3,540,-0.523843,9,2300,[0],0,1,100.0,70.36235
3982,62,-3.557162,29,550,80.0,-5.645395,3,860,-0.805738,28,410,[0],0,1,100.0,72.38903
3987,62,-3.505678,29,290,80.0,-6.50353,3,540,-0.524264,9,2300,[0],0,1,100.0,71.121147
3987,62,-3.553563,29,550,80.0,-5.644901,3,860,-0.803194,28,410,[0],0,1,100.0,72.508232
3992,66,-3.492434,29,320,80.0,-6.413543,3,520,-0.526025,9,2260,[0],0,1,100.0,70.806793
3992,66,-3.547721,29,550,80.0,-5.630716,3,850,-0.644842,9,2150,[0],0,1,100.0,70.796638
3995,63,-3.429731,29,300,80.0,-6.474722,3,540,-0.520348,9,2280,[0],0,1,100.0,70.284187
3995,63,-3.535381,29,550,80.0,-5.64046,3,860,-0.793724,28,410,[0],0,1,100.0,72.323792
3998,63,-3.509744,29,300,80.0,-6.487611,3,530,-0.525159,9,2290,[0],0,1,100.0,70.535942
3998,63,-3.574077,29,550,80.0,-5.64608,3,850,-0.791458,28,430,[0],0,1,100.0,72.190285
3999,63,-3.454126,29,300,80.0,-6.487188,3,540,-0.520674,9,2280,[0],0,1,100.0,70.101402
3999,63,-3.550994,29,550,80.0,-5.642793,3,860,-0.803323,28,410,[0],0,1,100.0,72.266304
3003,42,-3.431345,29,230,80.0,-7.009798,3,610,-0.465591,9,2440,[0],0,1,100.0,71.837334
3008,71,-3.601476,29,560,80.0,-5.622194,3,810,-0.826678,28,440,[0],0,1,100.0,71.279755
3021,44,-3.356018,29,230,80.0,-6.904315,3,630,-0.462954,9,2440,[0],0,1,100.0,71.744186
3028,73,-3.614907,29,580,80.0,-5.616866,3,790,-0.818226,28,440,[0],0,1,100.0,63.034363
3041,43,-3.376263,29,230,80.0,-6.957018,3,620,-0.466201,9,2430,[0],0,1,100.0,71.833298
3045,42,-3.358266,29,220,80.0,-6.978325,3,620,-0.463059,9,2450,[0],0,1,100.0,71.758179
3050,44,-3.357303,29,230,80.0,-6.904914,3,630,-0.463032,9,2440,[0],0,1,100.0,71.699074
3059,39,-3.338803,29,220,80.0,-7.057684,3,630,-0.737601,28,1340,[0],0,1,100.0,71.801743
3059,39,-3.473577,29,440,80.0,-5.580106,3,1020,-1.140439,28,480,[0],0,1,100.0,65.168488
3065,48,-3.502069,29,240,80.0,-6.857462,3,590,-0.492472,9,2400,[0],0,1,100.0,72.036919
3065,48,-3.451686,29,500,80.0,-5.627665,3,950,-0.931256,28,350,[0],0,1,100.0,65.342697
3070,44,-3.358176,29,230,80.0,-6.905322,3,630,-0.463085,9,2440,[0],0,1,100.0,71.716377
3075,44,-3.358393,29,230,80.0,-6.936158,3,620,-0.463098,9,2440,[0],0,1,100.0,71.736641
3079,44,-3.358566,29,230,80.0,-6.936241,3,620,-0.463109,9,2440,[0],0,1,100.0,71.811142
3083,42,-3.338616,29,230,80.0,-6.986779,3,620,-0.459171,9,2430,[0],0,1,100.0,71.840256
3096,72,-3.582285,29,570,80.0,-5.610189,3,810,-0.804458,28,440,[0],0,1,100.0,71.454163
3111,43,-3.2932,29,230,80.0,-6.937274,3,630,-0.459435,9,2420,[0],0,1,100.0,71.824234
3116,44,-3.448972,29,230,80.0,-6.953346,3,610,-0.473886,9,2430,[0],0,1,100.0,71.869987
3127,52,-3.474064,29,250,80.0,-6.76828,3,580,-0.49985,9,2380,[0],0,1,100.0,71.698349
3127,52,-3.450055,29,520,80.0,-5.629082,3,940,-0.845063,28,360,[0],0,1,100.0,62.889969
3132,44,-3.370002,29,230,80.0,-6.963133,3,610,-0.467645,9,2420,[0],0,1,100.0,71.839394
3142,44,-3.361231,29,230,80.0,-6.937555,3,620,-0.463271,9,2440,[0],0,1,100.0,71.778084
3149,46,-3.466484,29,250,80.0,-6.915934,3,600,-0.473423,9,2420,[0],0,1,100.0,71.970535
3154,44,-3.361727,29,230,80.0,-6.937799,3,620,-0.463302,9,2440,[0],0,1,100.0,71.852631
3158,44,-3.378109,29,240,80.0,-6.902095,3,620,-0.468971,9,2410,[0],0,1,100.0,71.895729
3166,45,-3.378439,29,240,80.0,-6.902251,3,620,-0.468814,9,2410,[0],0,1,100.0,71.815247
3169,66,-3.483881,29,320,80.0,-6.43145,3,510,-0.526782,9,2260,[0],0,1,100.0,70.124062
3169,66,-3.567712,29,560,80.0,-5.628875,3,850,-0.64316,9,2150,[0],0,1,100.0,71.148918
3173,45,-3.391741,29,250,80.0,-6.904948,3,610,-0.471067,9,2400,[0],0,1,100.0,71.827263
3182,48,-3.495542,29,240,80.0,-6.871532,3,590,-0.489909,9,2410,[0],0,1,100.0,71.756783
3187,71,-3.604587,29,570,80.0,-5.617398,3,810,-0.830932,28,430,[0],0,1,100.0,71.813599
3193,45,-3.432072,29,230,80.0,-6.93713,3,610,-0.476224,9,2420,[0],0,1,100.0,71.782936
3202,44,-3.403735,29,240,80.0,-6.95858,3,610,-0.468567,9,2420,[0],0,1,100.0,71.829147
3209,44,-3.363954,29,230,80.0,-6.970712,3,610,-0.463437,9,2440,[0],0,1,100.0,71.880409
3213,45,-3.396976,29,250,80.0,-6.916115,3,610,-0.46632,9,2420,[0],0,1,100.0,71.813202
3217,70,-3.494288,29,340,80.0,-6.277984,3,500,-0.538114,9,2210,[0],0,1,100.0,70.873329
3217,70,-3.594397,29,560,80.0,-5.624445,3,820,-0.831298,28,430,[0],0,1,100.0,71.441513
3223,43,-3.377272,29,230,80.0,-6.974189,3,610,-0.464122,9,2440,[0],0,1,100.0,71.79818
3227,58,-3.483686,29,290,80.0,-6.617208,3,550,-0.510042,9,2320,[0],0,1,100.0,70.329727
3227,58,-3.512045,29,530,80.0,-5.640608,3,890,-0.828537,28,390,[0],0,1,100.0,71.994652
3242,45,-3.377734,29,240,80.0,-6.901997,3,620,-0.465738,9,2430,[0],0,1,100.0,71.854668
3251,45,-3.434421,29,230,80.0,-6.938287,3,610,-0.476326,9,2420,[0],0,1,100.0,71.767952
3256,69,-3.487019,29,330,80.0,-6.307044,3,500,-0.538649,9,2220,[0],0,1,100.0,70.288429
3256,69,-3.569358,29,560,80.0,-5.621864,3,830,-0.820721,28,420,[0],0,1,100.0,71.63501
3266,45,-3.399075,29,250,80.0,-6.917058,3,610,-0.466447,9,2420,[0],0,1,100.0,71.953903
3272,54,-3.475233,29,270,80.0,-6.753434,3,560,-0.499214,9,2360,[0],0,1,100.0,72.052544
3272,54,-3.504024,29,500,80.0,-5.628407,3,930,-0.881297,28,390,[0],0,1,100.0,63.81699
3276,68,-3.480849,29,320,80.0,-6.335454,3,510,-0.532145,9,2250,[0],0,1,100.0,70.111633
3276,68,-3.576729,29,550,80.0,-5.622293,3,840,-0.840434,28,420,[0],0,1,100.0,72.023323
3287,70,-3.591512,29,560,80.0,-5.624295,3,820,-0.847832,28,420,[0],0,1,100.0,71.880165
3292,65,-3.486148,29,310,80.0,-6.434569,3,520,-0.529219,9,2260,[0],0,1,100.0,70.239777
3292,65,-3.575936,29,550,80.0,-5.646014,3,840,-0.642729,9,2160,[0],0,1,100.0,69.712234
3306,47,-3.422298,29,250,80.0,-6.901213,3,600,-0.476085,9,2410,[0],0,1,100.0,71.99115
3310,65,-3.497005,29,300,80.0,-6.413572,3,520,-0.535972,9,2260,[0],0,1,100.0,72.224693
3310,65,-3.550896,29,570,80.0,-5.63643,3,840,-0.63937,9,2140,[0],0,1,100.0,69.363358
3320,48,-3.356382,29,250,80.0,-6.849905,3,600,-0.476011,9,2400,[0],0,1,100.0,72.192261
3325,62,-3.467845,29,300,80.0,-6.508694,3,540,-0.518502,9,2290,[0],0,1,100.0,70.20079
3325,62,-3.535833,29,540,80.0,-5.637276,3,870,-0.807974,28,410,[0],0,1,100.0,72.178253
3334,65,-3.464536,29,310,80.0,-6.428671,3,520,-0.524634,9,2270,[0],0,1,100.0,70.878105
3334,65,-3.563568,29,550,80.0,-5.640855,3,840,-0.642574,9,2160,[0],0,1,100.0,70.486816
3339,72,-3.631948,29,580,80.0,-5.632808,3,790,-0.837357,28,430,[0],0,1,100.0,71.719833
3344,46,-3.464778,29,230,80.0,-6.902232,3,610,-0.481151,9,2430,[0],0,1,100.0,72.123466
3348,47,-3.450905,29,240,80.0,-6.883767,3,600,-0.48076,9,2420,[0],0,1,100.0,72.134933
3351,48,-3.368127,29,250,80.0,-6.862146,3,600,-0.477698,9,2400,[0],0,1,100.0,72.164001
3362,52,-3.468143,29,250,80.0,-6.764091,3,580,-0.499473,9,2380,[0],0,1,100.0,71.95343
3362,52,-3.48268,29,510,80.0,-5.639643,3,920,-0.854751,28,380,[0],0,1,100.0,64.172523
3369,56,-3.440658,29,280,80.0,-6.643042,3,570,-0.500693,9,2340,[0],0,1,100.0,72.087761
3369,56,-3.501682,29,520,80.0,-5.635643,3,910,-0.815342,28,400,[0],0,1,100.0,63.548141
3376,46,-3.393584,29,240,80.0,-6.880734,3,610,-0.473886,9,2420,[0],0,1,100.0,72.115944
3380,47,-3.357823,29,240,80.0,-6.86412,3,610,-0.47612,9,2410,[0],0,1,100.0,72.204063
3398,68,-3.512895,29,330,80.0,-6.345116,3,500,-0.53523,9,2240,[0],0,1,100.0,70.144928
3398,68,-3.59178,29,560,80.0,-5.627197,3,830,-0.813908,28,430,[0],0,1,100.0,71.498497
3403,52,-3.463469,29,250,80.0,-6.76186,3,580,-0.49809,9,2380,[0],0,1,100.0,72.324989
3403,52,-3.480595,29,510,80.0,-5.639864,3,920,-0.853344,28,380,[0],0,1,100.0,65.825279
3408,57,-3.467119,29,270,80.0,-6.657995,3,560,-0.50976,9,2340,[0],0,1,100.0,71.987778
3408,57,-3.515678,29,530,80.0,-5.641851,3,900,-0.821735,28,390,[0],0,1,100.0,63.533024
3420,71,-3.594448,29,570,80.0,-5.625377,3,810,-0.834647,28,420,[0],0,1,100.0,71.649529
3422,51,-3.436098,29,250,80.0,-6.816707,3,580,-0.490801,9,2390,[0],0,1,100.0,72.156372
3422,51,-3.443065,29,500,80.0,-5.625054,3,950,-0.895142,28,360,[0],0,1,100.0,64.965561
3426,49,-3.439014,29,250,80.0,-6.865964,3,590,-0.484685,9,2400,[0],0,1,100.0,72.416512
3433,77,-3.619744,29,600,80.0,-5.615626,3,760,-0.813223,28,440,[0],0,1,100.0,58.88681
3440,66,-3.495033,29,310,80.0,-6.371819,3,520,-0.533976,9,2260,[0],0,1,100.0,70.466377
3440,66,-3.571262,29,550,80.0,-5.632825,3,840,-0.823522,28,420,[0],0,1,100.0,71.885521
3445,47,-3.45153,29,240,80.0,-6.873503,3,600,-0.483738,9,2410,[0],0,1,100.0,72.135735
3450,48,-3.434497,29,240,80.0,-6.893904,3,590,-0.483616,9,2410,[0],0,1,100.0,72.152763
3455,53,-3.503634,29,260,80.0,-6.784524,3,570,-0.498098,9,2380,[0],0,1,100.0,72.233955
3455,53,-3.494876,29,520,80.0,-5.639045,3,920,-0.842661,28,380,[0],0,1,100.0,65.790054
3465,48,-3.412006,29,260,80.0,-6.875835,3,590,-0.476414,9,2400,[0],0,1,100.0,72.309891
3470,49,-3.474572,29,260,80.0,-6.879467,3,580,-0.483514,9,2400,[0],0,1,100.0,72.200981
3473,48,-3.441803,29,240,80.0,-6.868977,3,600,-0.484293,9,2410,[0],0,1,100.0,72.118668
3477,49,-3.460809,29,240,80.0,-6.837306,3,590,-0.491762,9,2400,[0],0,1,100.0,72.195114
3486,49,-3.417538,29,250,80.0,-6.852645,3,590,-0.483209,9,2400,[0],0,1,100.0,72.100365
3496,55,-3.437964,29,270,80.0,-6.702561,3,570,-0.500834,9,2350,[0],0,1,100.0,72.405724
3496,55,-3.480022,29,520,80.0,-5.632044,3,920,-0.835469,28,380,[0],0,1,100.0,66.015854
3500,48,-3.44772,29,250,80.0,-6.878058,3,590,-0.48421,9,2400,[0],0,1,100.0,72.200699
3511,70,-3.463125,29,330,80.0,-6.283051,3,500,-0.534619,9,2230,[0],0,1,100.0,71.779953
3511,70,-3.575159,29,570,80.0,-5.625428,3,820,-0.80888,28,420,[0],0,1,100.0,72.280876
3512,61,-3.484292,29,290,80.0,-6.561631,3,540,-0.516285,9,2310,[0],0,1,100.0,71.941055
3512,61,-3.554708,29,530,80.0,-5.63738,3,880,-0.840266,28,410,[0],0,1,100.0,72.189514
3525,54,-3.463346,29,260,80.0,-6.740489,3,570,-0.501726,9,2360,[0],0,1,100.0,72.388725
3525,54,-3.499884,29,510,80.0,-5.630396,3,930,-0.852228,28,390,[0],0,1,100.0,65.950356
3533,68,-3.491615,29,320,80.0,-6.34849,3,510,-0.53258,9,2250,[0],0,1,100.0,70.552208
3533,68,-3.557364,29,560,80.0,-5.624238,3,840,-0.799878,28,420,[0],0,1,100.0,72.410469
3537,49,-3.456094,29,240,80.0,-6.835232,3,590,-0.492272,9,2400,[0],0,1,100.0,72.289261
3540,70,-3.487117,29,340,80.0,-6.276151,3,500,-0.536344,9,2220,[0],0,1,100.0,70.292252
3540,70,-3.564482,29,570,80.0,-5.624328,3,820,-0.799295,28,420,[0],0,1,100.0,71.770248
3551,73,-3.618157,29,570,80.0,-5.615064,3,800,-0.83972,28,440,[0],0,1,100.0,72.114578
3555,67,-3.499256,29,310,80.0,-6.370602,3,520,-0.534241,9,2260,[0],0,1,100.0,70.274582
3555,67,-3.569506,29,550,80.0,-5.631375,3,840,-0.844403,28,410,[0],0,1,100.0,71.812202
3561,66,-3.500759,29,320,80.0,-6.416756,3,520,-0.527997,9,2260,[0],0,1,100.0,70.465179
3561,66,-3.552723,29,550,80.0,-5.6326,3,850,-0.644697,9,2150,[0],0,1,100.0,71.405403
3563,67,-3.447267,29,320,80.0,-6.402135,3,510,-0.527284,9,2250,[0],0,1,100.0,70.707008
3563,67,-3.568933,29,550,80.0,-5.623404,3,850,-0.823368,28,420,[0],0,1,100.0,72.664841
3572,70,-3.509557,29,320,80.0,-6.289136,3,500,-0.545814,9,2220,[0],0,1,100.0,72.218178
3572,70,-3.606777,29,560,80.0,-5.633698,3,810,-0.858867,28,420,[0],0,1,100.0,72.527565
3576,55,-3.500719,29,260,80.0,-6.695972,3,570,-0.508383,9,2360,[0],0,1,100.0,72.208054
3576,55,-3.512825,29,510,80.0,-5.633173,3,920,-0.866741,28,390,[0],0,1,100.0,65.241287
3581,69,-3.496374,29,330,80.0,-6.296476,3,510,-0.534434,9,2240,[0],0,1,100.0,70.656448
3581,69,-3.575648,29,560,80.0,-5.624094,3,830,-0.82515,28,420,[0],0,1,100.0,72.923157
3597,68,-3.479719,29,320,80.0,-6.333879,3,510,-0.53554,9,2240,[0],0,1,100.0,70.782158
3597,68,-3.602815,29,560,80.0,-5.629581,3,830,-0.823108,28,430,[0],0,1,100.0,72.651978
3610,50,-3.479622,29,250,80.0,-6.810113,3,590,-0.49274,9,2390,[0],0,1,100.0,72.328857
3610,50,-3.468085,29,500,80.0,-5.63313,3,940,-0.919385,28,360,[0],0,1,100.0,65.788841
3614,53,-3.504115,29,260,80.0,-6.775655,3,570,-0.501015,9,2370,[0],0,1,100.0,72.285286
3614,53,-3.498979,29,520,80.0,-5.63981,3,920,-0.845545,28,380,[0],0,1,100.0,65.8526
3616,57,-3.52029,29,280,80.0,-6.688373,3,550,-0.509201,9,2340,[0],0,1,100.0,72.410591
3616,57,-3.486594,29,520,80.0,-5.633993,3,910,-0.824891,28,390,[0],0,1,100.0,66.083641
3625,51,-3.464361,29,250,80.0,-6.802592,3,590,-0.492992,9,2390,[0],0,1,100.0,72.277916
3625,51,-3.458432,29,500,80.0,-5.631344,3,940,-0.884152,28,370,[0],0,1,100.0,65.775826
3628,50,-3.398878,29,250,80.0,-6.806686,3,600,-0.485963,9,2390,[0],0,1,100.0,72.208359
3636,48,-3.398079,29,240,80.0,-6.841402,3,600,-0.485388,9,2400,[0],0,1,100.0,72.105103
3642,50,-3.413539,29,240,80.0,-6.782258,3,600,-0.492834,9,2390,[0],0,1,100.0,72.260307
3642,50,-3.465941,29,500,80.0,-5.633496,3,940,-0.893752,28,370,[0],0,1,100.0,65.735878
3649,70,-3.537268,29,330,80.0,-6.281871,3,500,-0.543234,9,2230,[0],0,1,100.0,71.892082
3649,70,-3.59199,29,580,80.0,-5.631817,3,810,-0.801272,28,420,[0],0,1,100.0,71.933723
3652,70,-3.479789,29,340,80.0,-6.255816,3,500,-0.53471,9,2220,[0],0,1,100.0,72.146744
3652,70,-3.606527,29,570,80.0,-5.628984,3,810,-0.821866,28,430,[0],0,1,100.0,72.312996
3660,54,-3.467299,29,260,80.0,-6.750266,3,570,-0.499525,9,2370,[0],0,1,100.0,72.307037
3660,54,-3.476319,29,520,80.0,-5.630824,3,930,-0.827341,28,380,[0],0,1,100.0,65.923744
3670,55,-3.455351,29,270,80.0,-6.707545,3,570,-0.502171,9,2350,[0],0,1,100.0,72.380478
3670,55,-3.492728,29,520,80.0,-5.635437,3,920,-0.844671,28,380,[0],0,1,100.0,65.20108
3678,57,-3.438907,29,270,80.0,-6.611444,3,570,-0.510227,9,2330,[0],0,1,100.0,72.324127
3678,57,-3.497935,29,530,80.0,-5.639464,3,900,-0.81075,28,390,[0],0,1,100.0,66.059601
3681,67,-3.478915,29,310,80.0,-6.38271,3,510,-0.532526,9,2260,[0],0,1,100.0,70.716797
3681,67,-3.557357,29,550,80.0,-5.622034,3,850,-0.816495,28,420,[0],0,1,100.0,72.908195
3686,52,-3.473106,29,250,80.0,-6.767645,3,580,-0.498718,9,2380,[0],0,1,100.0,72.34285
3686,52,-3.486217,29,510,80.0,-5.64071,3,920,-0.859272,28,380,[0],0,1,100.0,65.895096
3691,70,-3.457532,29,330,80.0,-6.288503,3,500,-0.53698,9,2220,[0],0,1,100.0,70.342903
3691,70,-3.626905,29,570,80.0,-5.634252,3,810,-0.835083,28,430,[0],0,1,100.0,72.144547
3698,37,-3.24764,29,220,80.0,-7.064474,3,650,-0.736585,28,1310,[0],0,1,100.0,72.150391
3698,37,-3.466354,29,410,80.0,-5.55832,3,1050,-1.210872,28,480,[0],0,1,100.0,65.503426
3702,68,-3.478107,29,320,80.0,-6.325596,3,510,-0.53559,9,2240,[0],0,1,100.0,70.299942
3702,68,-3.542691,29,560,80.0,-5.628114,3,830,-0.811507,28,410,[0],0,1,100.0,72.916672
3713,70,-3.489156,29,340,80.0,-6.278263,3,500,-0.536435,9,2220,[0],0,1,100.0,70.359711
3713,70,-3.616279,29,570,80.0,-5.633117,3,810,-0.846652,28,420,[0],0,1,100.0,72.454048
3718,59,-3.481264,29,290,80.0,-6.614961,3,550,-0.509553,9,2320,[0],0,1,100.0,71.464783
3718,59,-3.51038,29,530,80.0,-5.639218,3,890,-0.809881,28,400,[0],0,1,100.0,72.745979
3721,70,-3.574373,29,570,80.0,-5.625873,3,820,-0.808231,28,420,[0],0,1,100.0,72.072014
3725,69,-3.513499,29,330,80.0,-6.335828,3,500,-0.534403,9,2240,[0],0,1,100.0,70.515259
3725,69,-3.59038,29,560,80.0,-5.633535,3,820,-0.815793,28,430,[0],0,1,100.0,72.299065
3732,58,-3.460347,29,280,80.0,-6.613438,3,560,-0.508777,9,2330,[0],0,1,100.0,72.281631
3732,58,-3.531394,29,530,80.0,-5.643992,3,890,-0.847574,28,390,[0],0,1,100.0,66.059593
3738,53,-3.525806,29,260,80.0,-6.790568,3,570,-0.499234,9,2380,[0],0,1,100.0,72.391502
3738,53,-3.482339,29,510,80.0,-5.63445,3,930,-0.856018,28,380,[0],0,1,100.0,65.975533
3744,71,-3.460572,29,340,80.0,-6.244237,3,500,-0.537286,9,2210,[0],0,1,100.0,72.208313
3744,71,-3.594839,29,570,80.0,-5.61706,3,820,-0.832901,28,420,[0],0,1,100.0,71.939987
3746,69,-3.504008,29,330,80.0,-6.305075,3,510,-0.53447,9,2240,[0],0,1,100.0,70.748207
3746,69,-3.58331,29,560,80.0,-5.625012,3,830,-0.831404,28,420,[0],0,1,100.0,72.480591
3753,61,-3.491796,29,300,80.0,-6.530623,3,540,-0.51704,9,2300,[0],0,1,100.0,72.129417
3753,61,-3.552264,29,540,80.0,-5.641534,3,870,-0.80092,28,420,[0],0,1,100.0,72.805702
3759,52,-3.501008,29,250,80.0,-6.774886,3,580,-0.501041,9,2380,[0],0,1,100.0,72.366287
3759,52,-3.470078,29,520,80.0,-5.643312,3,920,-0.839192,28,370,[0],0,1,100.0,65.933861
3766,59,-3.492277,29,280,80.0,-6.584708,3,550,-0.518067,9,2320,[0],0,1,100.0,71.461075
3766,59,-3.481834,29,530,80.0,-5.627958,3,900,-0.809976,28,390,[0],0,1,100.0,72.93364
3775,61,-3.507433,29,300,80.0,-6.543408,3,540,-0.518945,9,2300,[0],0,1,100.0,71.044235
3775,61,-3.535692,29,530,80.0,-5.634251,3,880,-0.80837,28,420,[0],0,1,100.0,72.718567
3789,63,-3.464168,29,310,80.0,-6.482107,3,530,-0.518744,9,2280,[0],0,1,100.0,72.076675
3789,63,-3.574291,29,550,80.0,-5.645277,3,850,-0.791601,28,430,[0],0,1,100.0,72.768211
3792,60,-3.504844,29,290,80.0,-6.588174,3,540,-0.517911,9,2310,[0],0,1,100.0,71.102333
3792,60,-3.512795,29,530,80.0,-5.634294,3,890,-0.800733,28,410,[0],0,1,100.0,72.826668
3797,57,-3.474666,29,270,80.0,-6.641982,3,570,-0.509874,9,2340,[0],0,1,100.0,72.377617
3797,57,-3.494331,29,520,80.0,-5.636788,3,910,-0.829178,28,390,[0],0,1,100.0,66.098869
3800,53,-3.445812,29,250,80.0,-6.741519,3,580,-0.501942,9,2370,[0],0,1,100.0,72.360924
3800,53,-3.47318,29,510,80.0,-5.639862,3,920,-0.87086,28,370,[0],0,1,100.0,65.975807
3804,59,-3.483879,29,290,80.0,-6.616767,3,550,-0.509726,9,2320,[0],0,1,100.0,71.063301
3804,59,-3.512093,29,530,80.0,-5.639545,3,890,-0.81134,28,400,[0],0,1,100.0,72.838402
3809,65,-3.50832,29,300,80.0,-6.398549,3,530,-0.534513,9,2270,[0],0,1,100.0,71.978561
3809,65,-3.560647,29,550,80.0,-5.632862,3,850,-0.645183,9,2150,[0],0,1,100.0,70.071259
3814,53,-3.464001,29,250,80.0,-6.762887,3,580,-0.499228,9,2380,[0],0,1,100.0,72.314957
3814,53,-3.479027,29,510,80.0,-5.635705,3,930,-0.878401,28,370,[0],0,1,100.0,65.924156
3822,71,-3.581963,29,570,80.0,-5.623631,3,810,-0.826519,28,420,[0],0,1,100.0,72.670441
3826,71,-3.577828,29,580,80.0,-5.628676,3,810,-0.796255,28,420,[0],0,1,100.0,72.417694
3835,60,-3.494339,29,280,80.0,-6.575747,3,550,-0.51679,9,2320,[0],0,1,100.0,72.347504
3835,60,-3.538488,29,530,80.0,-5.635705,3,890,-0.840122,28,400,[0],0,1,100.0,65.968414
3840,62,-3.506026,29,290,80.0,-6.503026,3,540,-0.523568,9,2300,[0],0,1,100.0,71.415901
3840,62,-3.554368,29,550,80.0,-5.644856,3,860,-0.80358,28,410,[0],0,1,100.0,72.932671
3846,63,-3.425629,29,300,80.0,-6.471366,3,540,-0.520103,9,2280,[0],0,1,100.0,71.122292
3846,63,-3.532427,29,550,80.0,-5.639832,3,860,-0.791508,28,410,[0],0,1,100.0,72.879837
3856,63,-3.490961,29,290,80.0,-6.489216,3,540,-0.526317,9,2290,[0],0,1,100.0,70.8937
3856,63,-3.54324,29,550,80.0,-5.642962,3,860,-0.796324,28,410,[0],0,1,100.0,72.77755
3860,63,-3.479393,29,290,80.0,-6.478292,3,540,-0.526098,9,2290,[0],0,1,100.0,70.930977
3860,63,-3.535261,29,550,80.0,-5.642004,3,860,-0.792301,28,410,[0],0,1,100.0,72.121323
3865,62,-3.539021,29,290,80.0,-6.534505,3,540,-0.52358,9,2310,[0],0,1,100.0,70.210709
3865,62,-3.549976,29,540,80.0,-5.642071,3,870,-0.819348,28,410,[0],0,1,100.0,71.773735
3868,64,-3.516759,29,310,80.0,-6.47835,3,520,-0.525142,9,2280,[0],0,1,100.0,70.214401
3868,64,-3.573249,29,560,80.0,-5.648109,3,840,-0.793487,28,420,[0],0,1,100.0,72.389275
3880,62,-3.477555,29,300,80.0,-6.514579,3,540,-0.51984,9,2290,[0],0,1,100.0,71.060234
3880,62,-3.541689,29,540,80.0,-5.638749,3,870,-0.81281,28,410,[0],0,1,100.0,72.943245
3883,54,-3.465756,29,260,80.0,-6.74019,3,570,-0.502698,9,2360,[0],0,1,100.0,72.49131
3883,54,-3.44516,29,510,80.0,-5.624358,3,940,-0.826337,28,380,[0],0,1,100.0,66.121735
3887,62,-3.477756,29,300,80.0,-6.509465,3,540,-0.519803,9,2290,[0],0,1,100.0,71.220177
3887,62,-3.538162,29,540,80.0,-5.637058,3,870,-0.812902,28,410,[0],0,1,100.0,73.001389
3895,61,-3.459543,29,290,80.0,-6.517929,3,550,-0.519152,9,2300,[0],0,1,100.0,71.445351
3895,61,-3.538079,29,530,80.0,-5.634752,3,880,-0.810281,28,420,[0],0,1,100.0,72.889915
3900,61,-3.487286,29,290,80.0,-6.562699,3,540,-0.517268,9,2310,[0],0,1,100.0,70.940887
3900,61,-3.555497,29,530,80.0,-5.637529,3,880,-0.841573,28,410,[0],0,1,100.0,72.143661
3903,62,-3.478208,29,300,80.0,-6.515085,3,540,-0.519877,9,2290,[0],0,1,100.0,70.301826
3903,62,-3.542134,29,540,80.0,-5.638838,3,870,-0.813168,28,410,[0],0,1,100.0,72.83432
3907,61,-3.487485,29,290,80.0,-6.562859,3,540,-0.517282,9,2310,[0],0,1,100.0,71.185158
3907,61,-3.555631,29,530,80.0,-5.637557,3,880,-0.841684,28,410,[0],0,1,100.0,72.276131
3911,62,-3.508077,29,290,80.0,-6.504674,3,540,-0.523707,9,2300,[0],0,1,100.0,71.116959
3911,62,-3.555789,29,550,80.0,-5.645133,3,860,-0.804678,28,410,[0],0,1,100.0,72.421036
3916,62,-3.503705,29,290,80.0,-6.501942,3,540,-0.524131,9,2300,[0],0,1,100.0,71.09761
3916,62,-3.55219,29,550,80.0,-5.644637,3,860,-0.802139,28,410,[0],0,1,100.0,72.233299
3920,63,-3.451976,29,300,80.0,-6.485437,3,540,-0.52055,9,2280,[0],0,1,100.0,70.289375
3920,63,-3.549477,29,550,80.0,-5.642498,3,860,-0.802154,28,410,[0],0,1,100.0,72.354507
3926,59,-3.496954,29,280,80.0,-6.588096,3,550,-0.518343,9,2320,[0],0,1,100.0,71.175461
3926,59,-3.484922,29,530,80.0,-5.635652,3,890,-0.812565,28,390,[0],0,1,100.0,72.928528
3929,63,-3.452224,29,300,80.0,-6.485639,3,540,-0.520565,9,2280,[0],0,1,100.0,70.335083
3929,63,-3.549653,29,550,80.0,-5.642535,3,860,-0.802289,28,410,[0],0,1,100.0,72.426079
3933,62,-3.479049,29,300,80.0,-6.515735,3,540,-0.519925,9,2290,[0],0,1,100.0,71.057785
3933,62,-3.542709,29,540,80.0,-5.638953,3,870,-0.813628,28,410,[0],0,1,100.0,72.47876
3938,61,-3.458483,29,290,80.0,-6.514834,3,550,-0.517514,9,2300,[0],0,1,100.0,70.995636
3938,61,-3.509432,29,540,80.0,-5.634867,3,880,-0.782828,28,410,[0],0,1,100.0,72.891914
3948,55,-3.454579,29,270,80.0,-6.738351,3,560,-0.502361,9,2350,[0],0,1,100.0,72.369621
3948,55,-3.490106,29,520,80.0,-5.634453,3,920,-0.821527,28,390,[0],0,1,100.0,66.071999
3954,55,-3.43333,29,270,80.0,-6.655666,3,580,-0.503285,9,2340,[0],0,1,100.0,72.415405
3954,55,-3.505804,29,510,80.0,-5.633499,3,920,-0.84243,28,400,[0],0,1,100.0,66.118851
3958,58,-3.466893,29,280,80.0,-6.618154,3,560,-0.509204,9,2330,[0],0,1,100.0,72.511917
3958,58,-3.535663,29,530,80.0,-5.644726,3,890,-0.851391,28,390,[0],0,1,100.0,66.289177
3963,61,-3.461427,29,290,80.0,-6.519351,3,550,-0.519264,9,2300,[0],0,1,100.0,71.047546
3963,61,-3.539368,29,530,80.0,-5.63502,3,880,-0.811314,28,420,[0],0,1,100.0,72.560944
3968,61,-3.4998,29,300,80.0,-6.537387,3,540,-0.517701,9,2300,[0],0,1,100.0,70.357506
3968,61,-3.558076,29,540,80.0,-5.641585,3,870,-0.80446,28,420,[0],0,1,100.0,72.356705
3973,61,-3.463009,29,290,80.0,-6.549332,3,540,-0.519139,9,2300,[0],0,1,100.0,71.014046
3973,61,-3.539051,29,530,80.0,-5.634143,3,880,-0.810891,28,420,[0],0,1,100.0,73.104973
3978,62,-3.480289,29,300,80.0,-6.51669,3,540,-0.519996,9,2290,[0],0,1,100.0,70.37368
3978,62,-3.543552,29,540,80.0,-5.639118,3,870,-0.814306,28,410,[0],0,1,100.0,72.85997
3983,63,-3.452218,29,300,80.0,-6.490871,3,540,-0.52041,9,2280,[0],0,1,100.0,70.120399
3983,63,-3.550504,29,550,80.0,-5.643187,3,860,-0.782807,28,420,[0],0,1,100.0,72.262657
3988,62,-3.542526,29,290,80.0,-6.537173,3,540,-0.523811,9,2310,[0],0,1,100.0,70.400459
3988,62,-3.552328,29,540,80.0,-5.642524,3,870,-0.821236,28,410,[0],0,1,100.0,71.838783
3993,62,-3.487248,29,300,80.0,-6.52393,3,540,-0.519939,9,2290,[0],0,1,100.0,70.330032
3993,62,-3.549056,29,540,80.0,-5.640301,3,870,-0.819443,28,410,[0],0,1,100.0,72.305977
3997,63,-3.509718,29,300,80.0,-6.490322,3,530,-0.52518,9,2290,[0],0,1,100.0,70.510818
3997,63,-3.579499,29,550,80.0,-5.647496,3,850,-0.812906,28,420,[0],0,1,100.0,72.134445
3999,59,-3.487094,29,290,80.0,-6.655671,3,540,-0.509738,9,2320,[0],0,1,100.0,70.976028
3999,59,-3.512515,29,530,80.0,-5.641,3,890,-0.812359,28,400,[0],0,1,100.0,72.411545
