3002,46,-0.476728,9,2410,80.0,-3.415794,29,240,2.531232,26,430,[0 -1],0,1,2.07193982931,71.756485
3002,46,-0.476728,9,2410,80.0,-3.415794,29,240,2.531232,26,430,[0 -1],-1,2,97.9280601707,66.670876
3007,63,-0.524847,9,2280,80.0,-3.470935,29,300,2.345339,26,530,[-1 0],-1,1,98.412174702,64.909119
3007,63,-0.524847,9,2280,80.0,-3.470935,29,300,2.345339,26,530,[-1 0],0,2,1.58782529798,64.914352
3010,42,-0.458514,9,2430,80.0,-3.343709,29,230,2.590928,26,410,[0 -1],0,1,1.64981510693,71.872383
3010,42,-0.458514,9,2430,80.0,-3.343709,29,230,2.590928,26,410,[0 -1],-1,2,98.3501848931,66.686104
3015,42,-0.459507,9,2430,80.0,-3.331508,29,230,2.617855,26,410,[0 -1],0,1,1.6454749439,71.769875
3015,42,-0.459507,9,2430,80.0,-3.331508,29,230,2.617855,26,410,[0 -1],-1,2,98.3545250561,66.580933
3019,46,-0.477066,9,2410,80.0,-3.435029,29,240,2.510108,26,430,[0 -1],0,1,2.0718321751,71.75663
3019,46,-0.477066,9,2410,80.0,-3.435029,29,240,2.510108,26,430,[0 -1],-1,2,97.9281678249,66.67466
3022,42,-0.459799,9,2430,80.0,-3.341063,29,230,2.600345,26,410,[0 -1],0,1,1.64657908999,71.727409
3022,42,-0.459799,9,2430,80.0,-3.341063,29,230,2.600345,26,410,[0 -1],-1,2,98.35342091,66.534065
3027,73,-2.694294,9,1940,80.0,-7.491426,11,4140,-0.552806,9,2190,[0 -1 1 0],0,1,0.636604774536,72.841988
3027,73,-2.694294,9,1940,80.0,-7.491426,11,4140,-0.552806,9,2190,[0 -1 1 0],-1,2,42.3931623932,66.999794
3027,73,-2.694294,9,1940,80.0,-7.491426,11,4140,-0.552806,9,2190,[0 -1 1 0],1,3,54.4866882798,71.02597
3027,73,-2.694294,9,1940,80.0,-7.491426,11,4140,-0.552806,9,2190,[0 -1 1 0],0,4,2.48354455251,71.010696
3027,73,-0.552806,9,2190,80.0,-2.694294,9,1940,2.2743,26,610,[-1 0],-1,1,93.7746482913,65.009865
3027,73,-0.552806,9,2190,80.0,-2.694294,9,1940,2.2743,26,610,[-1 0],0,2,6.22535170871,65.286995
3033,41,-0.457821,9,2440,80.0,-3.332112,29,220,2.583731,26,400,[0 -1],0,1,2.04989140074,71.750809
3033,41,-0.457821,9,2440,80.0,-3.332112,29,220,2.583731,26,400,[0 -1],-1,2,97.9501085993,66.526634
3037,69,-0.537993,9,2220,80.0,-3.484148,29,330,2.31714,26,590,[-1],-1,1,100.0,64.841553
3044,62,-0.518125,9,2290,80.0,-3.447427,29,300,2.380955,26,520,[-1 0],-1,1,98.4176088921,65.106346
3044,62,-0.518125,9,2290,80.0,-3.447427,29,300,2.380955,26,520,[-1 0],0,2,1.58239110795,65.090027
3047,59,-0.510155,9,2310,80.0,-3.434063,29,290,2.381699,26,500,[-1 0],-1,1,96.8446535919,65.293533
3047,59,-0.510155,9,2310,80.0,-3.434063,29,290,2.381699,26,500,[-1 0],0,2,3.15534640807,65.280762
3054,49,-0.492033,9,2400,80.0,-3.493974,29,240,2.522294,26,450,[0 -1],0,1,2.51276010993,72.042526
3054,49,-0.492033,9,2400,80.0,-3.493974,29,240,2.522294,26,450,[0 -1],-1,2,97.4872398901,67.044655
3058,62,-0.516124,9,2290,80.0,-3.473499,29,310,2.414164,26,520,[-1],-1,1,100.0,65.248009
3061,69,-2.662536,9,1920,80.0,-7.50266,11,4140,-0.537846,9,2210,[0 -1 1 0],0,1,0.66056392587,72.889969
3061,69,-2.662536,9,1920,80.0,-7.50266,11,4140,-0.537846,9,2210,[0 -1 1 0],-1,2,43.9397337357,67.000786
3061,69,-2.662536,9,1920,80.0,-7.50266,11,4140,-0.537846,9,2210,[0 -1 1 0],1,3,53.466941222,71.008385
3061,69,-2.662536,9,1920,80.0,-7.50266,11,4140,-0.537846,9,2210,[0 -1 1 0],0,4,1.93276111643,70.993095
3061,69,-0.537846,9,2210,80.0,-2.662536,9,1920,2.190215,26,570,[-1 0],-1,1,88.9375637972,64.95507
3061,69,-0.537846,9,2210,80.0,-2.662536,9,1920,2.190215,26,570,[-1 0],0,2,11.0624362028,65.017792
3065,42,-0.459597,9,2430,80.0,-3.333699,29,230,2.476646,26,390,[0 -1],0,1,2.05580975704,71.807343
3065,42,-0.459597,9,2430,80.0,-3.333699,29,230,2.476646,26,390,[0 -1],-1,2,97.944190243,66.623093
3067,59,-0.507759,9,2320,80.0,-3.446571,29,290,2.609494,26,530,[0 -1],0,1,1.29533678756,72.089775
3067,59,-0.507759,9,2320,80.0,-3.446571,29,290,2.609494,26,530,[0 -1],-1,2,98.7046632124,67.500427
3071,60,-0.51633,9,2310,80.0,-3.473364,29,290,2.606252,26,550,[0 -1],0,1,1.7332195908,72.108925
3071,60,-0.51633,9,2310,80.0,-3.473364,29,290,2.606252,26,550,[0 -1],-1,2,98.2667804092,67.564949
3077,75,-2.707615,9,1960,80.0,-7.486309,11,4140,-0.554743,9,2170,[0],0,1,100.0,71.08062
3077,75,-0.554743,9,2170,80.0,-2.707615,9,1960,2.144444,26,590,[-1],-1,1,100.0,63.511395
3082,44,-0.463117,9,2440,80.0,-3.358694,29,230,2.59781,26,390,[0 -1],0,1,1.643017177,71.875282
3082,44,-0.463117,9,2440,80.0,-3.358694,29,230,2.59781,26,390,[0 -1],-1,2,98.356982823,66.698387
3088,45,-0.469499,9,2410,80.0,-3.33034,29,240,2.479278,26,410,[0 -1],0,1,1.24641833811,71.692093
3088,45,-0.469499,9,2410,80.0,-3.33034,29,240,2.479278,26,410,[0 -1],-1,2,98.7535816619,66.39679
3093,49,-0.485128,9,2390,80.0,-3.379106,29,250,2.468136,26,430,[-1],-1,1,100.0,66.10878
3098,65,-0.524266,9,2270,80.0,-3.502614,29,320,2.306729,26,520,[-1],-1,1,100.0,65.181328
3098,65,-0.641473,9,2160,80.0,-3.579146,29,560,0.0,-1,0,[-1],-1,1,100.0,65.436081
3103,45,-0.469993,9,2400,80.0,-3.392403,29,250,2.489452,26,430,[0 -1],0,1,2.09054680865,71.908981
3103,45,-0.469993,9,2400,80.0,-3.392403,29,250,2.489452,26,430,[0 -1],-1,2,97.9094531914,66.84919
3109,44,-0.463187,9,2440,80.0,-3.359847,29,230,2.596325,26,390,[0 -1],0,1,1.64555982564,71.754265
3109,44,-0.463187,9,2440,80.0,-3.359847,29,230,2.596325,26,390,[0 -1],-1,2,98.3544401744,66.591728
3114,44,-0.4632,9,2440,80.0,-3.360059,29,230,2.596053,26,390,[0 -1],0,1,2.04618345093,71.846062
3114,44,-0.4632,9,2440,80.0,-3.360059,29,230,2.596053,26,390,[0 -1],-1,2,97.9538165491,66.664902
3118,43,-0.466993,9,2430,80.0,-3.384346,29,230,2.50753,26,400,[0 -1],0,1,2.06401011365,71.997246
3118,43,-0.466993,9,2430,80.0,-3.384346,29,230,2.50753,26,400,[0 -1],-1,2,97.9359898864,66.850677
3124,64,-0.523777,9,2280,80.0,-3.490172,29,310,2.293188,26,510,[-1],-1,1,100.0,64.959312
3129,69,-0.536605,9,2220,80.0,-3.461187,29,330,2.260721,26,570,[-1],-1,1,100.0,65.212967
3134,44,-0.463251,9,2440,80.0,-3.360897,29,230,2.594971,26,390,[0 -1],0,1,1.64649284162,71.93074
3134,44,-0.463251,9,2440,80.0,-3.360897,29,230,2.594971,26,390,[0 -1],-1,2,98.3535071584,66.76342
3139,74,-2.693997,9,1940,80.0,-7.490934,11,4140,-0.553229,9,2190,[0],0,1,100.0,71.066086
3139,74,-0.553229,9,2190,80.0,-2.693997,9,1940,2.085412,26,560,[-1 0],-1,1,90.0457796853,65.022667
3139,74,-0.553229,9,2190,80.0,-2.693997,9,1940,2.085412,26,560,[-1 0],0,2,9.95422031474,65.464394
3144,43,-0.46704,9,2430,80.0,-3.385442,29,230,2.438098,26,390,[0 -1],0,1,2.05573026757,71.779007
3144,43,-0.46704,9,2430,80.0,-3.385442,29,230,2.438098,26,390,[0 -1],-1,2,97.9442697324,66.634865
3150,58,-0.508082,9,2330,80.0,-3.494612,29,290,2.499054,26,500,[0 -1],0,1,1.30068343283,72.328522
3150,58,-0.508082,9,2330,80.0,-3.494612,29,290,2.499054,26,500,[0 -1],-1,2,98.6993165672,67.568542
3155,64,-0.526288,9,2270,80.0,-3.489506,29,310,2.255049,26,520,[-1],-1,1,100.0,65.384239
3158,44,-0.468971,9,2410,80.0,-3.378109,29,240,2.40827,26,410,[0 -1],0,1,1.25045589538,71.904716
3158,44,-0.468971,9,2410,80.0,-3.378109,29,240,2.40827,26,410,[0 -1],-1,2,98.7495441046,66.728806
3162,43,-0.459524,9,2420,80.0,-3.295275,29,230,2.386274,26,390,[0 -1],0,1,2.06528635616,71.752106
3162,43,-0.459524,9,2420,80.0,-3.295275,29,230,2.386274,26,390,[0 -1],-1,2,97.9347136438,66.599594
3166,63,-0.51899,9,2280,80.0,-3.465314,29,310,2.526529,26,560,[0 -1],0,1,1.32326184044,72.012711
3166,63,-0.51899,9,2280,80.0,-3.465314,29,310,2.526529,26,560,[0 -1],-1,2,98.6767381596,67.48291
3169,47,-0.474566,9,2410,80.0,-3.40884,29,250,2.448929,26,400,[0 -1],0,1,1.24938181629,71.997833
3169,47,-0.474566,9,2410,80.0,-3.40884,29,250,2.448929,26,400,[0 -1],-1,2,98.7506181837,66.749237
3175,44,-0.463354,9,2440,80.0,-3.362586,29,230,2.526125,26,380,[0 -1],0,1,2.05052387993,71.685043
3175,44,-0.463354,9,2440,80.0,-3.362586,29,230,2.526125,26,380,[0 -1],-1,2,97.9494761201,66.526352
3180,44,-0.468226,9,2420,80.0,-3.367949,29,230,2.400958,26,400,[0 -1],0,1,2.06290902507,71.80587
3180,44,-0.468226,9,2420,80.0,-3.367949,29,230,2.400958,26,400,[0 -1],-1,2,97.9370909749,66.684296
3185,49,-0.486081,9,2380,80.0,-3.410307,29,250,2.368886,26,440,[0 -1],0,1,2.10156002951,71.831924
3185,49,-0.486081,9,2380,80.0,-3.410307,29,250,2.368886,26,440,[0 -1],-1,2,97.8984399705,66.888382
3191,64,-0.520095,9,2260,80.0,-3.437618,29,320,2.489275,26,570,[-1 0],-1,1,98.3865134782,65.214691
3191,64,-0.520095,9,2260,80.0,-3.437618,29,320,2.489275,26,570,[-1 0],0,2,1.61348652182,65.220749
3191,64,-0.643572,9,2160,80.0,-3.579347,29,550,0.0,-1,0,[0],0,1,100.0,65.671249
3197,44,-0.468129,9,2420,80.0,-3.407398,29,240,2.436572,26,400,[0 -1],0,1,1.66445606096,71.986671
3197,44,-0.468129,9,2420,80.0,-3.407398,29,240,2.436572,26,400,[0 -1],-1,2,98.335543939,66.886337
3201,61,-0.515993,9,2300,80.0,-3.48489,29,300,2.424716,26,520,[0 -1],0,1,1.75024876978,72.212418
3201,61,-0.515993,9,2300,80.0,-3.48489,29,300,2.424716,26,520,[0 -1],-1,2,98.2497512302,67.646538
3208,70,-2.672946,9,1930,80.0,-7.500849,11,4140,-0.538022,9,2210,[0 -1 1 0],0,1,0.648557759673,72.851318
3208,70,-2.672946,9,1930,80.0,-7.500849,11,4140,-0.538022,9,2210,[0 -1 1 0],-1,2,43.7656384491,66.951256
3208,70,-2.672946,9,1930,80.0,-7.500849,11,4140,-0.538022,9,2210,[0 -1 1 0],1,3,53.0556278399,71.020355
3208,70,-2.672946,9,1930,80.0,-7.500849,11,4140,-0.538022,9,2210,[0 -1 1 0],0,4,2.53017595132,71.005318
3208,70,-0.538022,9,2210,80.0,-2.672946,9,1930,2.088695,26,540,[-1 0],-1,1,92.6073301405,64.95163
3208,70,-0.538022,9,2210,80.0,-2.672946,9,1930,2.088695,26,540,[-1 0],0,2,7.39266985945,64.988258
3211,45,-0.467056,9,2420,80.0,-3.353063,29,240,2.441805,26,390,[0 -1],0,1,1.65934222637,71.92292
3211,45,-0.467056,9,2420,80.0,-3.353063,29,240,2.441805,26,390,[0 -1],-1,2,98.3406577736,66.809639
3215,44,-0.466468,9,2430,80.0,-3.324499,29,230,2.448752,26,380,[0 -1],0,1,2.0626155776,71.825874
3215,44,-0.466468,9,2430,80.0,-3.324499,29,230,2.448752,26,380,[0 -1],-1,2,97.9373844224,66.695862
3221,68,-0.536199,9,2230,80.0,-3.496803,29,330,2.379004,26,590,[-1],-1,1,100.0,64.743088
3226,64,-0.526461,9,2270,80.0,-3.492495,29,310,2.388947,26,550,[0 -1],0,1,1.76969127183,72.088196
3226,64,-0.526461,9,2270,80.0,-3.492495,29,310,2.388947,26,550,[0 -1],-1,2,98.2303087282,67.536293
3228,58,-0.510107,9,2320,80.0,-3.471132,29,290,2.330311,26,480,[0 -1],0,1,0.431822181311,71.817734
3228,58,-0.510107,9,2320,80.0,-3.471132,29,290,2.330311,26,480,[0 -1],-1,2,99.5681778187,66.861351
3234,45,-0.465117,9,2430,80.0,-3.38118,29,240,2.418437,26,370,[0 -1],0,1,2.06130941611,71.864357
3234,45,-0.465117,9,2430,80.0,-3.38118,29,240,2.418437,26,370,[0 -1],-1,2,97.9386905839,66.745125
3241,61,-0.517913,9,2300,80.0,-3.445982,29,290,2.270429,26,490,[-1 0],-1,1,98.0282727943,64.988174
3241,61,-0.517913,9,2300,80.0,-3.445982,29,290,2.270429,26,490,[-1 0],0,2,1.97172720574,64.966743
3248,49,-0.482792,9,2400,80.0,-3.429127,29,250,2.337548,26,400,[0 -1],0,1,1.25639649779,71.993729
3248,49,-0.482792,9,2400,80.0,-3.429127,29,250,2.337548,26,400,[0 -1],-1,2,98.7436035022,66.534271
3255,46,-0.475199,9,2420,80.0,-3.410608,29,240,2.413369,26,390,[0 -1],0,1,2.06866140098,71.869186
3255,46,-0.475199,9,2420,80.0,-3.410608,29,240,2.413369,26,390,[0 -1],-1,2,97.931338599,66.798965
3258,60,-0.517536,9,2310,80.0,-3.486367,29,290,2.344311,26,500,[0 -1],0,1,1.30809794383,71.95433
3258,60,-0.517536,9,2310,80.0,-3.486367,29,290,2.344311,26,500,[0 -1],-1,2,98.6919020562,67.282387
3268,68,-0.532404,9,2240,80.0,-3.49153,29,330,2.163375,26,520,[-1],-1,1,100.0,63.875908
3274,68,-0.532643,9,2240,80.0,-3.497206,29,330,2.158542,26,520,[-1],-1,1,100.0,64.663506
3278,49,-0.484175,9,2400,80.0,-3.443462,29,250,2.382308,26,410,[0 -1],0,1,2.09429566219,72.022858
3278,49,-0.484175,9,2400,80.0,-3.443462,29,250,2.382308,26,410,[0 -1],-1,2,97.9057043378,67.040543
3285,58,-0.51015,9,2320,80.0,-3.43336,29,280,2.253066,26,470,[-1],-1,1,100.0,66.485191
3291,55,-0.502108,9,2340,80.0,-3.468508,29,280,2.307035,26,460,[0 -1],0,1,1.29346705408,72.361206
3291,55,-0.502108,9,2340,80.0,-3.468508,29,280,2.307035,26,460,[0 -1],-1,2,98.7065329459,67.559959
3298,45,-0.466522,9,2420,80.0,-3.40031,29,250,2.404779,26,380,[0 -1],0,1,1.66166867884,72.110344
3298,45,-0.466522,9,2420,80.0,-3.40031,29,250,2.404779,26,380,[0 -1],-1,2,98.3383313212,67.014275
3304,55,-0.501984,9,2350,80.0,-3.456791,29,270,2.239617,26,440,[-1],-1,1,100.0,66.330368
3308,49,-0.484406,9,2400,80.0,-3.434726,29,250,2.329844,26,400,[0 -1],0,1,1.26010834576,72.18763
3308,49,-0.484406,9,2400,80.0,-3.434726,29,250,2.329844,26,400,[0 -1],-1,2,98.7398916542,66.922661
3313,68,-0.532007,9,2250,80.0,-3.486597,29,320,2.27546,26,540,[-1 0],-1,1,93.485469631,65.434525
3313,68,-0.532007,9,2250,80.0,-3.486597,29,320,2.27546,26,540,[-1 0],0,2,6.51453036896,65.453148
3318,69,-0.533084,9,2240,80.0,-3.488849,29,330,2.083043,26,500,[-1],-1,1,100.0,65.113068
3332,46,-0.481391,9,2430,80.0,-3.46432,29,230,2.330888,26,380,[0 -1],0,1,2.0692955342,72.05442
3332,46,-0.481391,9,2430,80.0,-3.46432,29,230,2.330888,26,380,[0 -1],-1,2,97.9307044658,66.990837
3337,47,-0.475993,9,2410,80.0,-3.366962,29,240,2.340365,26,390,[0 -1],0,1,2.07797605133,72.089851
3337,47,-0.475993,9,2410,80.0,-3.366962,29,240,2.340365,26,390,[0 -1],-1,2,97.9220239487,66.952003
3340,58,-0.510553,9,2320,80.0,-3.488177,29,290,2.19669,26,460,[0 -1],0,1,0.432251354162,72.033844
3340,58,-0.510553,9,2320,80.0,-3.488177,29,290,2.19669,26,460,[0 -1],-1,2,99.5677486458,66.928261
3346,62,-0.518351,9,2290,80.0,-3.468649,29,300,2.300724,26,510,[0 -1],0,1,0.881408056234,72.311958
3346,62,-0.518351,9,2290,80.0,-3.468649,29,300,2.300724,26,510,[0 -1],-1,2,99.1185919438,67.683212
3350,73,-2.686423,9,1940,80.0,-7.50015,11,4130,-0.546882,9,2190,[0 -1 1 0],0,1,15.8979024842,72.924171
3350,73,-2.686423,9,1940,80.0,-7.50015,11,4130,-0.546882,9,2190,[0 -1 1 0],-1,2,40.0282701587,66.886398
3350,73,-2.686423,9,1940,80.0,-7.50015,11,4130,-0.546882,9,2190,[0 -1 1 0],1,3,43.5604152789,70.991852
3350,73,-2.686423,9,1940,80.0,-7.50015,11,4130,-0.546882,9,2190,[0 -1 1 0],0,4,0.513412078182,70.989174
3350,73,-0.546882,9,2190,80.0,-2.686423,9,1940,2.039434,26,550,[-1],-1,1,100.0,64.961723
3356,61,-0.518281,9,2300,80.0,-3.451395,29,290,2.301022,26,500,[0 -1],0,1,1.3124718902,72.222633
3356,61,-0.518281,9,2300,80.0,-3.451395,29,290,2.301022,26,500,[0 -1],-1,2,98.6875281098,67.57412
3362,64,-0.519994,9,2270,80.0,-3.438594,29,310,2.186403,26,500,[-1],-1,1,100.0,66.862213
3366,70,-0.54289,9,2230,80.0,-3.527531,29,330,2.290339,26,570,[0 -1],0,1,1.35190322626,72.009666
3366,70,-0.54289,9,2230,80.0,-3.527531,29,330,2.290339,26,570,[0 -1],-1,2,98.6480967737,67.495987
3373,62,-0.516942,9,2290,80.0,-3.484665,29,310,2.301534,26,500,[-1],-1,1,100.0,65.866325
3378,64,-0.519752,9,2270,80.0,-3.428166,29,310,2.244874,26,510,[-1],-1,1,100.0,65.876152
3381,46,-0.473897,9,2420,80.0,-3.393766,29,240,2.30569,26,370,[0 -1],0,1,2.08211714341,72.119652
3381,46,-0.473897,9,2420,80.0,-3.393766,29,240,2.30569,26,370,[0 -1],-1,2,97.9178828566,67.067719
3390,47,-0.480854,9,2420,80.0,-3.452474,29,240,2.330327,26,380,[0 -1],0,1,2.08012027113,72.175209
3390,47,-0.480854,9,2420,80.0,-3.452474,29,240,2.330327,26,380,[0 -1],-1,2,97.9198797289,67.131271
3394,62,-0.51834,9,2290,80.0,-3.452463,29,300,2.278699,26,500,[0 -1],0,1,1.75705078205,72.222961
3394,62,-0.51834,9,2290,80.0,-3.452463,29,300,2.278699,26,500,[0 -1],-1,2,98.2429492179,67.605019
3401,46,-0.480172,9,2430,80.0,-3.432249,29,230,2.257488,26,360,[0 -1],0,1,2.48595178289,71.962463
3401,46,-0.480172,9,2430,80.0,-3.432249,29,230,2.257488,26,360,[0 -1],-1,2,97.5140482171,66.917389
3413,63,-0.519404,9,2280,80.0,-3.471614,29,310,2.225498,26,500,[-1],-1,1,100.0,65.906136
3418,47,-0.480916,9,2420,80.0,-3.453499,29,240,2.328966,26,380,[0 -1],0,1,2.07950040165,72.182632
3418,47,-0.480916,9,2420,80.0,-3.453499,29,240,2.328966,26,380,[0 -1],-1,2,97.9204995984,67.152832
3423,51,-0.49022,9,2390,80.0,-3.433587,29,250,2.252171,26,400,[0 -1],0,1,2.10086783512,72.278038
3423,51,-0.49022,9,2390,80.0,-3.433587,29,250,2.252171,26,400,[0 -1],-1,2,97.8991321649,67.340569
3429,48,-0.484117,9,2410,80.0,-3.443812,29,240,2.285473,26,390,[0 -1],0,1,2.08701758036,72.203346
3429,48,-0.484117,9,2410,80.0,-3.443812,29,240,2.285473,26,390,[0 -1],-1,2,97.9129824196,67.1987
3433,68,-0.53572,9,2240,80.0,-3.483721,29,320,2.247421,26,550,[-1],-1,1,100.0,65.026688
3439,48,-0.483654,9,2410,80.0,-3.433875,29,240,2.239769,26,380,[0 -1],0,1,2.08902772355,72.136284
3439,48,-0.483654,9,2410,80.0,-3.433875,29,240,2.239769,26,380,[0 -1],-1,2,97.9109722765,67.13768
3442,70,-0.541287,9,2230,80.0,-3.514397,29,330,2.060302,26,510,[-1],-1,1,100.0,64.234634
3447,65,-0.52791,9,2260,80.0,-3.507007,29,320,2.164721,26,510,[-1],-1,1,100.0,64.976883
3447,65,-0.646017,9,2150,80.0,-3.583352,29,560,0.0,-1,0,[0],0,1,100.0,66.272713
3453,47,-0.483519,9,2410,80.0,-3.455388,29,240,2.275685,26,390,[0 -1],0,1,2.09524555495,72.213783
3453,47,-0.483519,9,2410,80.0,-3.455388,29,240,2.275685,26,390,[0 -1],-1,2,97.9047544451,67.225372
3457,47,-0.483526,9,2410,80.0,-3.455531,29,240,2.275492,26,390,[0 -1],0,1,2.08796784139,72.168411
3457,47,-0.483526,9,2410,80.0,-3.455531,29,240,2.275492,26,390,[0 -1],-1,2,97.9120321586,67.175896
3466,64,-0.524291,9,2280,80.0,-3.509176,29,310,2.177543,26,490,[-1],-1,1,100.0,66.105133
3510,65,-0.526581,9,2270,80.0,-3.483688,29,310,2.16794,26,500,[-1],-1,1,100.0,64.945885
3516,52,-0.498282,9,2390,80.0,-3.504233,29,250,2.170666,26,390,[0 -1],0,1,2.10240892836,72.193481
3516,52,-0.498282,9,2390,80.0,-3.504233,29,250,2.170666,26,390,[0 -1],-1,2,97.8975910716,67.299042
3525,49,-0.49185,9,2400,80.0,-3.462479,29,240,2.134031,26,380,[0 -1],0,1,1.68373569021,72.151749
3525,49,-0.49185,9,2400,80.0,-3.462479,29,240,2.134031,26,380,[0 -1],-1,2,98.3162643098,67.219673
3530,66,-0.528373,9,2250,80.0,-3.466742,29,320,2.13334,26,510,[-1],-1,1,100.0,65.084969
3535,53,-0.499075,9,2370,80.0,-3.475746,29,260,2.175582,26,410,[0 -1],0,1,2.54173540086,72.229332
3535,53,-0.499075,9,2370,80.0,-3.475746,29,260,2.175582,26,410,[0 -1],-1,2,97.4582645991,67.377495
3539,67,-0.533648,9,2250,80.0,-3.500197,29,320,2.168633,26,520,[-1],-1,1,100.0,65.145126
3543,67,-0.53541,9,2250,80.0,-3.514061,29,320,2.104712,26,510,[-1],-1,1,100.0,65.135201
3546,71,-2.671738,9,1930,80.0,-7.505994,11,4130,-0.53478,9,2220,[0 -1 1],0,1,11.0379127599,72.702858
3546,71,-2.671738,9,1930,80.0,-7.505994,11,4130,-0.53478,9,2220,[0 -1 1],-1,2,45.6600081533,67.152794
3546,71,-2.671738,9,1930,80.0,-7.505994,11,4130,-0.53478,9,2220,[0 -1 1],1,3,43.3020790868,71.314316
3546,71,-0.53478,9,2220,80.0,-2.671738,9,1930,2.186856,26,540,[0 -1],0,1,1.79154245023,71.323448
3546,71,-0.53478,9,2220,80.0,-2.671738,9,1930,2.186856,26,540,[0 -1],-1,2,98.2084575498,67.279648
3549,67,-0.534949,9,2250,80.0,-3.527592,29,320,2.101745,26,510,[-1],-1,1,100.0,65.818085
3554,69,-0.536061,9,2230,80.0,-3.479375,29,330,2.144377,26,530,[-1],-1,1,100.0,65.128639
3560,65,-0.525343,9,2270,80.0,-3.473829,29,310,1.997498,26,460,[0 -1],0,1,0.442117188687,71.972427
3560,65,-0.525343,9,2270,80.0,-3.473829,29,310,1.997498,26,460,[0 -1],-1,2,99.5578828113,66.775932
3560,65,-0.64303,9,2160,80.0,-3.569902,29,550,0.0,-1,0,[-1],-1,1,100.0,65.876228
3567,71,-2.684086,9,1930,80.0,-7.505486,11,4130,-0.543506,9,2220,[0 -1 1],0,1,11.0371539701,72.838631
3567,71,-2.684086,9,1930,80.0,-7.505486,11,4130,-0.543506,9,2220,[0 -1 1],-1,2,46.1893989943,67.285942
3567,71,-2.684086,9,1930,80.0,-7.505486,11,4130,-0.543506,9,2220,[0 -1 1],1,3,42.7734470357,71.388931
3567,71,-0.543506,9,2220,80.0,-2.684086,9,1930,2.089581,26,530,[0 -1],0,1,1.78546284041,71.397797
3567,71,-0.543506,9,2220,80.0,-2.684086,9,1930,2.089581,26,530,[0 -1],-1,2,98.2145371596,67.068924
3570,61,-0.518481,9,2300,80.0,-3.51257,29,300,2.041857,26,450,[-1],-1,1,100.0,65.541428
3574,68,-0.533811,9,2250,80.0,-3.531792,29,330,2.149116,26,510,[-1],-1,1,100.0,65.877419
3579,70,-0.542479,9,2230,80.0,-3.527549,29,330,2.076581,26,520,[0 -1],0,1,0.904261331525,71.93824
3579,70,-0.542479,9,2230,80.0,-3.527549,29,330,2.076581,26,520,[0 -1],-1,2,99.0957386685,66.640533
3584,54,-0.499967,9,2360,80.0,-3.485973,29,270,2.087371,26,400,[0 -1],0,1,0.427094559534,72.197281
3584,54,-0.499967,9,2360,80.0,-3.485973,29,270,2.087371,26,400,[0 -1],-1,2,99.5729054405,66.872414
3590,69,-0.538827,9,2220,80.0,-3.49813,29,330,2.039731,26,530,[-1],-1,1,100.0,65.639877
3596,61,-0.518611,9,2300,80.0,-3.501723,29,300,2.009897,26,440,[0 -1],0,1,0.873956901129,72.135284
3596,61,-0.518611,9,2300,80.0,-3.501723,29,300,2.009897,26,440,[0 -1],-1,2,99.1260430989,66.81636
3598,70,-0.535099,9,2230,80.0,-3.513475,29,340,1.950439,26,480,[-1],-1,1,100.0,64.747566
3600,68,-0.532688,9,2250,80.0,-3.495778,29,320,2.128395,26,510,[-1],-1,1,100.0,65.174347
3603,68,-0.533699,9,2250,80.0,-3.49148,29,320,2.012147,26,480,[-1],-1,1,100.0,65.348679
3609,50,-0.490596,9,2400,80.0,-3.447533,29,240,2.08578,26,370,[0 -1],0,1,2.51131133219,72.25827
3609,50,-0.490596,9,2400,80.0,-3.447533,29,240,2.08578,26,370,[0 -1],-1,2,97.4886886678,67.324059
3612,69,-0.536824,9,2230,80.0,-3.501229,29,330,2.077358,26,520,[-1],-1,1,100.0,65.254044
3618,50,-0.490338,9,2400,80.0,-3.495411,29,250,2.116235,26,370,[0 -1],0,1,1.68285298628,72.182594
3618,50,-0.490338,9,2400,80.0,-3.495411,29,250,2.116235,26,370,[0 -1],-1,2,98.3171470137,67.259422
3621,69,-0.534268,9,2240,80.0,-3.50965,29,330,2.055992,26,500,[-1],-1,1,100.0,65.17025
3623,69,-0.535113,9,2230,80.0,-3.47343,29,330,2.103932,26,520,[-1],-1,1,100.0,65.083855
3626,69,-0.536147,9,2230,80.0,-3.482986,29,330,2.094523,26,520,[-1],-1,1,100.0,65.088547
3633,67,-0.535591,9,2250,80.0,-3.517096,29,320,1.87838,26,460,[-1],-1,1,100.0,64.960083
3635,68,-0.532924,9,2250,80.0,-3.5041,29,320,2.083518,26,500,[-1],-1,1,100.0,65.155373
3642,70,-2.67391,9,1930,80.0,-7.500242,11,4140,-0.534391,9,2220,[0 -1 1],0,1,10.9828185391,72.64077
3642,70,-2.67391,9,1930,80.0,-7.500242,11,4140,-0.534391,9,2220,[0 -1 1],-1,2,45.4285621488,67.049522
3642,70,-2.67391,9,1930,80.0,-7.500242,11,4140,-0.534391,9,2220,[0 -1 1],1,3,43.5886193121,71.283653
3642,70,-0.534391,9,2220,80.0,-2.67391,9,1930,2.09073,26,520,[0 -1],0,1,1.34502510431,71.290993
3642,70,-0.534391,9,2220,80.0,-2.67391,9,1930,2.09073,26,520,[0 -1],-1,2,98.6549748957,67.078934
3645,70,-2.661352,9,1920,80.0,-7.501869,11,4140,-0.536507,9,2220,[0 -1 1],0,1,9.99379672859,72.662521
3645,70,-2.661352,9,1920,80.0,-7.501869,11,4140,-0.536507,9,2220,[0 -1 1],-1,2,46.2013124816,67.060242
3645,70,-2.661352,9,1920,80.0,-7.501869,11,4140,-0.536507,9,2220,[0 -1 1],1,3,43.8048907898,71.242088
3645,70,-0.536507,9,2220,80.0,-2.661352,9,1920,2.033703,26,510,[0 -1],0,1,1.34723540495,71.246429
3645,70,-0.536507,9,2220,80.0,-2.661352,9,1920,2.033703,26,510,[0 -1],-1,2,98.6527645951,66.89856
3647,69,-0.537043,9,2230,80.0,-3.50119,29,330,2.030351,26,510,[-1],-1,1,100.0,65.148308
3653,53,-0.498833,9,2370,80.0,-3.474269,29,260,2.064598,26,390,[0 -1],0,1,2.13768837549,72.379471
3653,53,-0.498833,9,2370,80.0,-3.474269,29,260,2.064598,26,390,[0 -1],-1,2,97.8623116245,67.555603
3658,57,-0.503214,9,2330,80.0,-3.419649,29,280,2.056551,26,420,[0 -1],0,1,1.30346781811,72.38102
3658,57,-0.503214,9,2330,80.0,-3.419649,29,280,2.056551,26,420,[0 -1],-1,2,98.6965321819,67.651833
3661,69,-0.533823,9,2240,80.0,-3.502209,29,330,2.019555,26,490,[-1],-1,1,100.0,65.129768
3668,68,-0.534161,9,2240,80.0,-3.509068,29,330,2.048665,26,500,[-1],-1,1,100.0,65.230606
3675,69,-0.536948,9,2230,80.0,-3.503282,29,330,1.987632,26,500,[-1],-1,1,100.0,65.165833
3679,68,-0.53525,9,2240,80.0,-3.522657,29,330,2.001369,26,490,[-1],-1,1,100.0,65.092155
3681,69,-0.535992,9,2230,80.0,-3.484817,29,330,2.006545,26,500,[-1],-1,1,100.0,65.731476
3684,51,-0.491097,9,2390,80.0,-3.427063,29,250,2.08224,26,370,[0 -1],0,1,2.10829129887,72.307014
3684,51,-0.491097,9,2390,80.0,-3.427063,29,250,2.08224,26,370,[0 -1],-1,2,97.8917087011,67.405205
3691,69,-0.534426,9,2240,80.0,-3.511923,29,330,2.008785,26,490,[-1],-1,1,100.0,65.17691
3696,69,-0.534979,9,2230,80.0,-3.472505,29,330,2.072275,26,510,[-1],-1,1,100.0,65.214195
3699,69,-0.534698,9,2240,80.0,-3.500223,29,330,2.070733,26,500,[-1],-1,1,100.0,65.486298
3703,69,-0.535788,9,2230,80.0,-3.485193,29,330,2.002734,26,500,[-1],-1,1,100.0,65.717331
3706,69,-0.533949,9,2230,80.0,-3.513433,29,340,2.029717,26,500,[-1],-1,1,100.0,65.207619
3708,70,-0.54362,9,2230,80.0,-3.539489,29,330,2.018452,26,510,[-1],-1,1,100.0,65.21357
3712,69,-0.534398,9,2240,80.0,-3.502949,29,330,2.01974,26,490,[-1],-1,1,100.0,65.767632
3717,69,-0.536392,9,2230,80.0,-3.484678,29,330,2.007757,26,500,[-1],-1,1,100.0,65.753555
3724,69,-0.535782,9,2230,80.0,-3.521609,29,340,2.016922,26,500,[-1],-1,1,100.0,65.216759
3729,69,-0.533817,9,2240,80.0,-3.5003,29,330,1.979684,26,480,[-1],-1,1,100.0,65.556091
3738,70,-2.667973,9,1910,80.0,-7.496657,11,4150,-0.543857,9,2230,[0 -1 1],0,1,10.5675564682,72.564842
3738,70,-2.667973,9,1910,80.0,-7.496657,11,4150,-0.543857,9,2230,[0 -1 1],-1,2,45.9039014374,66.982643
3738,70,-2.667973,9,1910,80.0,-7.496657,11,4150,-0.543857,9,2230,[0 -1 1],1,3,43.5285420945,71.238243
3738,70,-0.543857,9,2230,80.0,-2.667973,9,1910,1.958366,26,500,[0 -1],0,1,2.23280318932,71.253014
3738,70,-0.543857,9,2230,80.0,-2.667973,9,1910,1.958366,26,500,[0 -1],-1,2,97.7671968107,66.999115
3742,70,-0.543416,9,2230,80.0,-3.540252,29,330,1.969844,26,500,[-1],-1,1,100.0,65.216927
3746,67,-0.534825,9,2250,80.0,-3.50956,29,320,1.894973,26,460,[-1],-1,1,100.0,64.895531
3752,66,-0.527431,9,2250,80.0,-3.455205,29,320,1.870803,26,450,[-1],-1,1,100.0,65.341194
3758,59,-0.511065,9,2310,80.0,-3.442508,29,290,1.9605,26,420,[-1],-1,1,100.0,66.089165
3760,72,-2.667735,9,1920,80.0,-7.491074,11,4150,-0.542924,9,2210,[0 -1 1],0,1,10.5082529825,72.505806
3760,72,-2.667735,9,1920,80.0,-7.491074,11,4150,-0.542924,9,2210,[0 -1 1],-1,2,45.1691452852,67.033653
3760,72,-2.667735,9,1920,80.0,-7.491074,11,4150,-0.542924,9,2210,[0 -1 1],1,3,44.3226017323,71.239342
3760,72,-0.542924,9,2210,80.0,-2.667735,9,1920,1.980734,26,510,[0 -1],0,1,1.80162259701,71.25016
3760,72,-0.542924,9,2210,80.0,-2.667735,9,1920,1.980734,26,510,[0 -1],-1,2,98.198377403,67.036133
3762,69,-0.536405,9,2230,80.0,-3.487276,29,330,1.95874,26,490,[-1],-1,1,100.0,65.252434
3764,71,-0.542467,9,2220,80.0,-3.48869,29,330,1.969435,26,500,[0 -1],0,1,1.81586762834,72.220741
3764,71,-0.542467,9,2220,80.0,-3.48869,29,330,1.969435,26,500,[0 -1],-1,2,98.1841323717,67.861511
3769,62,-0.523389,9,2310,80.0,-3.536132,29,290,1.981065,26,430,[-1],-1,1,100.0,65.664795
3772,70,-0.543742,9,2230,80.0,-3.541495,29,330,1.973393,26,500,[-1],-1,1,100.0,65.271164
3775,55,-0.501093,9,2350,80.0,-3.442662,29,270,1.993668,26,390,[0 -1],0,1,2.14320895622,72.4655
3775,55,-0.501093,9,2350,80.0,-3.442662,29,270,1.993668,26,390,[0 -1],-1,2,97.8567910438,67.685905
3777,52,-0.501071,9,2380,80.0,-3.501559,29,250,1.957641,26,370,[0 -1],0,1,2.53892089271,72.306343
3777,52,-0.501071,9,2380,80.0,-3.501559,29,250,1.957641,26,370,[0 -1],-1,2,97.4610791073,67.470856
3782,62,-0.519386,9,2290,80.0,-3.483407,29,300,1.94301,26,440,[-1],-1,1,100.0,65.844955
3787,70,-0.534587,9,2230,80.0,-3.463941,29,330,1.982803,26,490,[-1],-1,1,100.0,65.307915
3792,54,-0.500595,9,2370,80.0,-3.475873,29,260,1.96828,26,370,[0 -1],0,1,2.5542041248,72.373398
3792,54,-0.500595,9,2370,80.0,-3.475873,29,260,1.96828,26,370,[0 -1],-1,2,97.4457958752,67.561127
3797,53,-0.499201,9,2370,80.0,-3.482189,29,260,1.999698,26,380,[0 -1],0,1,2.12568704059,72.298691
3797,53,-0.499201,9,2370,80.0,-3.482189,29,260,1.999698,26,380,[0 -1],-1,2,97.8743129594,67.409409
3800,70,-2.662125,9,1920,80.0,-7.500483,11,4140,-0.535631,9,2220,[0 -1 1],0,1,10.5657592653,72.618019
3800,70,-2.662125,9,1920,80.0,-7.500483,11,4140,-0.535631,9,2220,[0 -1 1],-1,2,44.8802886192,67.140724
3800,70,-2.662125,9,1920,80.0,-7.500483,11,4140,-0.535631,9,2220,[0 -1 1],1,3,44.5539521154,71.385376
3800,70,-0.535631,9,2220,80.0,-2.662125,9,1920,1.915588,26,480,[0 -1],0,1,1.79083398065,71.395226
3800,70,-0.535631,9,2220,80.0,-2.662125,9,1920,1.915588,26,480,[0 -1],-1,2,98.2091660193,67.089111
3802,70,-2.662038,9,1920,80.0,-7.502111,11,4140,-0.535523,9,2220,[0 -1 1],0,1,10.516668576,72.452202
3802,70,-2.662038,9,1920,80.0,-7.502111,11,4140,-0.535523,9,2220,[0 -1 1],-1,2,45.1630852822,66.901337
3802,70,-2.662038,9,1920,80.0,-7.502111,11,4140,-0.535523,9,2220,[0 -1 1],1,3,44.3202461418,71.155098
3802,70,-0.535523,9,2220,80.0,-2.662038,9,1920,1.946878,26,490,[0 -1],0,1,1.7908248562,71.165367
3802,70,-0.535523,9,2220,80.0,-2.662038,9,1920,1.946878,26,490,[0 -1],-1,2,98.2091751438,66.928032
3806,71,-0.544484,9,2220,80.0,-3.497659,29,330,1.958178,26,500,[0 -1],0,1,2.26784604081,72.272804
3806,71,-0.544484,9,2220,80.0,-3.497659,29,330,1.958178,26,500,[0 -1],-1,2,97.7321539592,67.929955
3813,62,-0.523478,9,2310,80.0,-3.537474,29,290,1.979145,26,430,[-1],-1,1,100.0,65.751999
3820,53,-0.499402,9,2380,80.0,-3.461061,29,250,1.945643,26,360,[0 -1],0,1,2.54444883445,72.361908
3820,53,-0.499402,9,2380,80.0,-3.461061,29,250,1.945643,26,360,[0 -1],-1,2,97.4555511655,67.531616
3824,56,-0.502694,9,2340,80.0,-3.449539,29,280,1.940775,26,390,[0 -1],0,1,1.72978780553,72.419876
3824,56,-0.502694,9,2340,80.0,-3.449539,29,280,1.940775,26,390,[0 -1],-1,2,98.2702121945,67.680046
3827,63,-0.518048,9,2290,80.0,-3.496192,29,310,1.949258,26,430,[-1],-1,1,100.0,65.732666
3831,71,-2.6602,9,1920,80.0,-7.499823,11,4140,-0.537752,9,2210,[0 -1 1],0,1,10.5102307642,72.524666
3831,71,-2.6602,9,1920,80.0,-7.499823,11,4140,-0.537752,9,2210,[0 -1 1],-1,2,45.1428384651,67.003334
3831,71,-2.6602,9,1920,80.0,-7.499823,11,4140,-0.537752,9,2210,[0 -1 1],1,3,44.3469307707,71.266762
3831,71,-0.537752,9,2210,80.0,-2.6602,9,1920,1.894786,26,490,[0 -1],0,1,1.35104418241,71.274384
3831,71,-0.537752,9,2210,80.0,-2.6602,9,1920,1.894786,26,490,[0 -1],-1,2,98.6489558176,67.044022
3837,72,-2.670547,9,1920,80.0,-7.497785,11,4140,-0.544937,9,2210,[0 -1 1],0,1,10.5005467335,72.562172
3837,72,-2.670547,9,1920,80.0,-7.497785,11,4140,-0.544937,9,2210,[0 -1 1],-1,2,45.1552886263,67.143852
3837,72,-2.670547,9,1920,80.0,-7.497785,11,4140,-0.544937,9,2210,[0 -1 1],1,3,44.3441646402,71.382629
3837,72,-0.544937,9,2210,80.0,-2.670547,9,1920,1.909991,26,500,[0 -1],0,1,1.80588193406,71.393433
3837,72,-0.544937,9,2210,80.0,-2.670547,9,1920,1.909991,26,500,[0 -1],-1,2,98.1941180659,67.189507
3841,71,-0.542141,9,2220,80.0,-3.489884,29,330,1.920962,26,490,[0 -1],0,1,1.81699827357,72.16758
3841,71,-0.542141,9,2220,80.0,-3.489884,29,330,1.920962,26,490,[0 -1],-1,2,98.1830017264,67.825668
3845,53,-0.501716,9,2370,80.0,-3.448598,29,250,1.966675,26,380,[0 -1],0,1,1.70622159619,72.313095
3845,53,-0.501716,9,2370,80.0,-3.448598,29,250,1.966675,26,380,[0 -1],-1,2,98.2937784038,67.519562
3849,56,-0.502967,9,2340,80.0,-3.47211,29,280,1.887032,26,380,[0 -1],0,1,1.29920783291,72.426414
3849,56,-0.502967,9,2340,80.0,-3.47211,29,280,1.887032,26,380,[0 -1],-1,2,98.7007921671,67.469254
3855,71,-2.672449,9,1930,80.0,-7.500817,11,4140,-0.534456,9,2220,[0 -1 1],0,1,10.5153191976,72.609192
3855,71,-2.672449,9,1930,80.0,-7.500817,11,4140,-0.534456,9,2220,[0 -1 1],-1,2,45.1675562738,67.091301
3855,71,-2.672449,9,1930,80.0,-7.500817,11,4140,-0.534456,9,2220,[0 -1 1],1,3,44.3171245287,71.30703
3855,71,-0.534456,9,2220,80.0,-2.672449,9,1930,1.917667,26,480,[0 -1],0,1,1.78654455794,71.313271
3855,71,-0.534456,9,2220,80.0,-2.672449,9,1930,1.917667,26,480,[0 -1],-1,2,98.2134554421,67.054962
3856,58,-0.510803,9,2320,80.0,-3.455975,29,280,1.863274,26,400,[0 -1],0,1,1.30593483845,72.514847
3856,58,-0.510803,9,2320,80.0,-3.455975,29,280,1.863274,26,400,[0 -1],-1,2,98.6940651616,67.841461
3862,72,-2.670609,9,1920,80.0,-7.491825,11,4150,-0.544854,9,2210,[0 -1 1],0,1,10.502924741,72.505035
3862,72,-2.670609,9,1920,80.0,-7.491825,11,4150,-0.544854,9,2210,[0 -1 1],-1,2,45.6553707395,67.05909
3862,72,-2.670609,9,1920,80.0,-7.491825,11,4150,-0.544854,9,2210,[0 -1 1],1,3,43.8417045195,71.287674
3862,72,-0.544854,9,2210,80.0,-2.670609,9,1920,1.867804,26,490,[0 -1],0,1,1.80026691655,71.300453
3862,72,-0.544854,9,2210,80.0,-2.670609,9,1920,1.867804,26,490,[0 -1],-1,2,98.1997330835,67.036552
3867,63,-0.520259,9,2280,80.0,-3.488497,29,310,1.880206,26,430,[-1],-1,1,100.0,65.720291
3872,61,-0.519113,9,2300,80.0,-3.458891,29,290,1.851664,26,410,[-1],-1,1,100.0,65.837013
3877,63,-0.519085,9,2280,80.0,-3.439116,29,300,1.809674,26,420,[-1],-1,1,100.0,65.580421
3880,65,-0.527873,9,2260,80.0,-3.47006,29,310,1.872528,26,450,[-1],-1,1,100.0,65.863487
3880,65,-0.639324,9,2140,80.0,-3.562619,29,570,0.0,-1,0,[0],0,1,100.0,67.119064
3885,70,-0.536718,9,2220,80.0,-3.492379,29,340,1.76954,26,450,[-1],-1,1,100.0,66.953209
3888,62,-0.524076,9,2300,80.0,-3.502905,29,290,1.890521,26,420,[-1],-1,1,100.0,65.729996
3893,61,-0.517562,9,2300,80.0,-3.497695,29,300,1.867383,26,410,[-1],-1,1,100.0,65.713783
3896,59,-0.509903,9,2320,80.0,-3.486555,29,290,1.844938,26,390,[-1],-1,1,100.0,65.690788
3912,69,-0.536425,9,2230,80.0,-3.491673,29,330,1.690019,26,430,[-1],-1,1,100.0,64.652184
3916,61,-0.519187,9,2300,80.0,-3.460133,29,290,1.849805,26,410,[-1],-1,1,100.0,65.757256
3922,62,-0.51986,9,2290,80.0,-3.478742,29,300,1.866988,26,420,[-1],-1,1,100.0,65.593544
3927,63,-0.520494,9,2280,80.0,-3.443307,29,300,1.864653,26,430,[-1],-1,1,100.0,65.658073
3932,63,-0.524708,9,2290,80.0,-3.46775,29,290,1.898797,26,430,[-1],-1,1,100.0,65.727341
3937,62,-0.519932,9,2290,80.0,-3.47916,29,300,1.850184,26,420,[-1],-1,1,100.0,65.810349
3941,64,-0.527008,9,2280,80.0,-3.494299,29,300,1.841593,26,430,[-1],-1,1,100.0,65.852966
3945,56,-0.50239,9,2340,80.0,-3.453875,29,280,1.910382,26,380,[0 -1],0,1,1.73046176996,72.374527
3945,56,-0.50239,9,2340,80.0,-3.453875,29,280,1.910382,26,380,[0 -1],-1,2,98.26953823,67.660179
3950,63,-0.52053,9,2280,80.0,-3.443938,29,300,1.863701,26,430,[-1],-1,1,100.0,65.8349
3955,63,-0.520538,9,2280,80.0,-3.444074,29,300,1.863496,26,430,[-1],-1,1,100.0,65.767731
3958,68,-0.536869,9,2240,80.0,-3.497158,29,320,1.833444,26,460,[-1],-1,1,100.0,65.615791
3963,66,-0.529351,9,2250,80.0,-3.482782,29,320,1.707323,26,420,[-1],-1,1,100.0,65.186714
3968,63,-0.520626,9,2280,80.0,-3.453292,29,300,1.850856,26,430,[-1],-1,1,100.0,65.741051
3974,63,-0.524789,9,2290,80.0,-3.468903,29,290,1.803666,26,410,[-1],-1,1,100.0,65.853256
3975,63,-0.520636,9,2280,80.0,-3.453481,29,300,1.804044,26,420,[-1],-1,1,100.0,65.480774
3977,61,-0.519748,9,2300,80.0,-3.473904,29,290,1.830873,26,410,[-1],-1,1,100.0,65.666656
3982,62,-0.523843,9,2300,80.0,-3.510062,29,290,1.787343,26,400,[-1],-1,1,100.0,65.790016
3987,62,-0.524264,9,2300,80.0,-3.505678,29,290,1.790772,26,400,[-1],-1,1,100.0,65.861053
3992,66,-0.526025,9,2260,80.0,-3.492434,29,320,1.814011,26,430,[-1],-1,1,100.0,65.514221
3992,66,-0.644842,9,2150,80.0,-3.547721,29,550,0.0,-1,0,[0],0,1,100.0,67.013466
3995,63,-0.520348,9,2280,80.0,-3.429731,29,300,1.789742,26,410,[-1],-1,1,100.0,65.723389
3998,63,-0.525159,9,2290,80.0,-3.509744,29,300,1.818815,26,410,[-1],-1,1,100.0,65.576889
3999,63,-0.520674,9,2280,80.0,-3.454126,29,300,1.754508,26,410,[-1],-1,1,100.0,65.551224
3003,42,-0.465591,9,2440,80.0,-3.431345,29,230,2.64149,26,410,[0 -1],0,1,2.04615720132,71.853416
3003,42,-0.465591,9,2440,80.0,-3.431345,29,230,2.64149,26,410,[0 -1],-1,2,97.9538427987,66.659119
3008,71,-2.66968,9,1920,80.0,-7.498755,11,4140,-0.544306,9,2210,[0 -1 1 0],0,1,0.656827765164,72.893433
3008,71,-2.66968,9,1920,80.0,-7.498755,11,4140,-0.544306,9,2210,[0 -1 1 0],-1,2,43.7033733377,66.94043
3008,71,-2.66968,9,1920,80.0,-7.498755,11,4140,-0.544306,9,2210,[0 -1 1 0],1,3,53.0854686993,70.942131
3008,71,-2.66968,9,1920,80.0,-7.498755,11,4140,-0.544306,9,2210,[0 -1 1 0],0,4,2.55433019786,70.928696
3008,71,-0.544306,9,2210,80.0,-2.66968,9,1920,2.237001,26,580,[-1 0],-1,1,88.946606489,64.877922
3008,71,-0.544306,9,2210,80.0,-2.66968,9,1920,2.237001,26,580,[-1 0],0,2,11.053393511,64.95108
3021,44,-0.462954,9,2440,80.0,-3.356018,29,230,2.669027,26,400,[0 -1],0,1,2.04878550051,71.757889
3021,44,-0.462954,9,2440,80.0,-3.356018,29,230,2.669027,26,400,[0 -1],-1,2,97.9512144995,66.574707
3028,73,-2.682526,9,1930,80.0,-7.491374,11,4140,-0.553397,9,2190,[0 -1 1 0],0,1,0.633703645752,72.910553
3028,73,-2.682526,9,1930,80.0,-7.491374,11,4140,-0.553397,9,2190,[0 -1 1 0],-1,2,44.5920043812,66.827698
3028,73,-2.682526,9,1930,80.0,-7.491374,11,4140,-0.553397,9,2190,[0 -1 1 0],1,3,53.5420904397,70.891037
3028,73,-2.682526,9,1930,80.0,-7.491374,11,4140,-0.553397,9,2190,[0 -1 1 0],0,4,1.23220153341,70.886604
3028,73,-0.553397,9,2190,80.0,-2.682526,9,1930,2.311247,26,620,[-1 0],-1,1,97.9290111028,64.865257
3028,73,-0.553397,9,2190,80.0,-2.682526,9,1930,2.311247,26,620,[-1 0],0,2,2.0709888972,64.890488
3041,43,-0.466201,9,2430,80.0,-3.376263,29,230,2.522558,26,400,[0 -1],0,1,1.65015648036,71.842537
3041,43,-0.466201,9,2430,80.0,-3.376263,29,230,2.522558,26,400,[0 -1],-1,2,98.3498435196,66.684799
3045,42,-0.463059,9,2450,80.0,-3.358266,29,220,2.644645,26,390,[0 -1],0,1,2.04889077293,71.7686
3045,42,-0.463059,9,2450,80.0,-3.358266,29,220,2.644645,26,390,[0 -1],-1,2,97.9511092271,66.56308
3050,44,-0.463032,9,2440,80.0,-3.357303,29,230,2.667391,26,400,[0 -1],0,1,1.6402082396,71.710716
3050,44,-0.463032,9,2440,80.0,-3.357303,29,230,2.667391,26,400,[0 -1],-1,2,98.3597917604,66.517441
3065,48,-0.492472,9,2400,80.0,-3.502069,29,240,2.506327,26,450,[0 -1],0,1,2.5119053849,72.052147
3065,48,-0.492472,9,2400,80.0,-3.502069,29,240,2.506327,26,450,[0 -1],-1,2,97.4880946151,67.071068
3070,44,-0.463085,9,2440,80.0,-3.358176,29,230,2.598479,26,390,[0 -1],0,1,1.63982882038,71.728088
3070,44,-0.463085,9,2440,80.0,-3.358176,29,230,2.598479,26,390,[0 -1],-1,2,98.3601711796,66.537758
3075,44,-0.463098,9,2440,80.0,-3.358393,29,230,2.5982,26,390,[0 -1],0,1,1.63936532408,71.748337
3075,44,-0.463098,9,2440,80.0,-3.358393,29,230,2.5982,26,390,[0 -1],-1,2,98.3606346759,66.554649
3079,44,-0.463109,9,2440,80.0,-3.358566,29,230,2.597979,26,390,[0 -1],0,1,2.0468661773,71.825027
3079,44,-0.463109,9,2440,80.0,-3.358566,29,230,2.597979,26,390,[0 -1],-1,2,97.9531338227,66.638618
3083,42,-0.459171,9,2430,80.0,-3.338616,29,230,2.475654,26,390,[0 -1],0,1,2.06282898566,71.848221
3083,42,-0.459171,9,2430,80.0,-3.338616,29,230,2.475654,26,390,[0 -1],-1,2,97.9371710143,66.671379
3096,72,-2.67633,9,1930,80.0,-7.493982,11,4140,-0.546776,9,2190,[0 -1 1 0],0,1,0.641025641026,72.903229
3096,72,-2.67633,9,1930,80.0,-7.493982,11,4140,-0.546776,9,2190,[0 -1 1 0],-1,2,45.0735992403,66.902702
3096,72,-2.67633,9,1930,80.0,-7.493982,11,4140,-0.546776,9,2190,[0 -1 1 0],1,3,52.4157169991,70.906456
3096,72,-2.67633,9,1930,80.0,-7.493982,11,4140,-0.546776,9,2190,[0 -1 1 0],0,4,1.86965811966,70.8955
3096,72,-0.546776,9,2190,80.0,-2.67633,9,1930,2.235173,26,600,[-1 0],-1,1,92.1697856949,64.873177
3096,72,-0.546776,9,2190,80.0,-2.67633,9,1930,2.235173,26,600,[-1 0],0,2,7.83021430512,64.924606
3111,43,-0.459435,9,2420,80.0,-3.2932,29,230,2.456867,26,400,[0 -1],0,1,2.07099823413,71.832405
3111,43,-0.459435,9,2420,80.0,-3.2932,29,230,2.456867,26,400,[0 -1],-1,2,97.9290017659,66.694153
3116,44,-0.473886,9,2430,80.0,-3.448972,29,230,2.517903,26,410,[0 -1],0,1,2.47352105399,71.887634
3116,44,-0.473886,9,2430,80.0,-3.448972,29,230,2.517903,26,410,[0 -1],-1,2,97.526478946,66.779793
3127,52,-0.49985,9,2380,80.0,-3.474064,29,250,2.391573,26,440,[0 -1],0,1,0.420406172986,71.700371
3127,52,-0.49985,9,2380,80.0,-3.474064,29,250,2.391573,26,440,[0 -1],-1,2,99.579593827,65.838753
3132,44,-0.467645,9,2420,80.0,-3.370002,29,230,2.398587,26,400,[0 -1],0,1,2.06984258815,71.851593
3132,44,-0.467645,9,2420,80.0,-3.370002,29,230,2.398587,26,400,[0 -1],-1,2,97.9301574119,66.740845
3142,44,-0.463271,9,2440,80.0,-3.361231,29,230,2.594541,26,390,[0 -1],0,1,1.64475380253,71.788658
3142,44,-0.463271,9,2440,80.0,-3.361231,29,230,2.594541,26,390,[0 -1],-1,2,98.3552461975,66.624954
3149,46,-0.473423,9,2420,80.0,-3.466484,29,250,2.49083,26,400,[0 -1],0,1,1.6588906169,71.977585
3149,46,-0.473423,9,2420,80.0,-3.466484,29,250,2.49083,26,400,[0 -1],-1,2,98.3411093831,66.782074
3154,44,-0.463302,9,2440,80.0,-3.361727,29,230,2.527246,26,380,[0 -1],0,1,1.643017177,71.864479
3154,44,-0.463302,9,2440,80.0,-3.361727,29,230,2.527246,26,380,[0 -1],-1,2,98.356982823,66.702423
3158,44,-0.468971,9,2410,80.0,-3.378109,29,240,2.40827,26,410,[0 -1],0,1,1.25045589538,71.904716
3158,44,-0.468971,9,2410,80.0,-3.378109,29,240,2.40827,26,410,[0 -1],-1,2,98.7495441046,66.728806
3166,45,-0.468814,9,2410,80.0,-3.378439,29,240,2.42979,26,410,[0 -1],0,1,2.07831129064,71.826912
3166,45,-0.468814,9,2410,80.0,-3.378439,29,240,2.42979,26,410,[0 -1],-1,2,97.9216887094,66.754944
3169,66,-0.526782,9,2260,80.0,-3.483881,29,320,2.239295,26,520,[-1],-1,1,100.0,65.016602
3169,66,-0.64316,9,2150,80.0,-3.567712,29,560,0.0,-1,0,[-1],-1,1,100.0,65.425682
3173,45,-0.471067,9,2400,80.0,-3.391741,29,250,2.43325,26,420,[0 -1],0,1,1.66921758696,71.833984
3173,45,-0.471067,9,2400,80.0,-3.391741,29,250,2.43325,26,420,[0 -1],-1,2,98.330782413,66.774559
3182,48,-0.489909,9,2410,80.0,-3.495542,29,240,2.375562,26,410,[0 -1],0,1,1.24645080622,71.763466
3182,48,-0.489909,9,2410,80.0,-3.495542,29,240,2.375562,26,410,[0 -1],-1,2,98.7535491938,66.285629
3187,71,-2.66634,9,1920,80.0,-7.491053,11,4150,-0.545121,9,2200,[0 -1 1 0],0,1,0.644545237527,72.902115
3187,71,-2.66634,9,1920,80.0,-7.491053,11,4150,-0.545121,9,2200,[0 -1 1 0],-1,2,44.1394127477,66.943024
3187,71,-2.66634,9,1920,80.0,-7.491053,11,4150,-0.545121,9,2200,[0 -1 1 0],1,3,53.3361184053,70.973503
3187,71,-2.66634,9,1920,80.0,-7.491053,11,4150,-0.545121,9,2200,[0 -1 1 0],0,4,1.87992360945,70.960457
3187,71,-0.545121,9,2200,80.0,-2.66634,9,1920,2.069916,26,550,[-1 0],-1,1,90.5407713107,64.930984
3187,71,-0.545121,9,2200,80.0,-2.66634,9,1920,2.069916,26,550,[-1 0],0,2,9.45922868934,64.962791
3193,45,-0.476224,9,2420,80.0,-3.432072,29,230,2.420231,26,410,[0 -1],0,1,2.07054119663,71.798683
3193,45,-0.476224,9,2420,80.0,-3.432072,29,230,2.420231,26,410,[0 -1],-1,2,97.9294588034,66.729996
3202,44,-0.468567,9,2420,80.0,-3.403735,29,240,2.445523,26,400,[0 -1],0,1,2.06186899699,71.841751
3202,44,-0.468567,9,2420,80.0,-3.403735,29,240,2.445523,26,400,[0 -1],-1,2,97.938131003,66.726555
3209,44,-0.463437,9,2440,80.0,-3.363954,29,230,2.524339,26,380,[0 -1],0,1,1.64603227716,71.892456
3209,44,-0.463437,9,2440,80.0,-3.363954,29,230,2.524339,26,380,[0 -1],-1,2,98.3539677228,66.737343
3213,45,-0.46632,9,2420,80.0,-3.396976,29,250,2.409209,26,380,[0 -1],0,1,1.65662650602,71.820122
3213,45,-0.46632,9,2420,80.0,-3.396976,29,250,2.409209,26,380,[0 -1],-1,2,98.343373494,66.717484
3217,70,-0.538114,9,2210,80.0,-3.494288,29,340,2.064142,26,540,[-1],-1,1,100.0,64.386292
3223,43,-0.464122,9,2440,80.0,-3.377272,29,230,2.510104,26,380,[0 -1],0,1,2.04694498274,71.812485
3223,43,-0.464122,9,2440,80.0,-3.377272,29,230,2.510104,26,380,[0 -1],-1,2,97.9530550173,66.645119
3227,58,-0.510042,9,2320,80.0,-3.483686,29,290,2.318604,26,480,[-1 0],-1,1,93.3469183952,65.166924
3227,58,-0.510042,9,2320,80.0,-3.483686,29,290,2.318604,26,480,[-1 0],0,2,6.65308160484,65.167427
3242,45,-0.465738,9,2430,80.0,-3.377734,29,240,2.418009,26,370,[0 -1],0,1,2.06133605593,71.863625
3242,45,-0.465738,9,2430,80.0,-3.377734,29,240,2.418009,26,370,[0 -1],-1,2,97.9386639441,66.746193
3251,45,-0.476326,9,2420,80.0,-3.434421,29,230,2.286312,26,390,[0 -1],0,1,2.0627756295,71.784019
3251,45,-0.476326,9,2420,80.0,-3.434421,29,230,2.286312,26,390,[0 -1],-1,2,97.9372243705,66.704643
3256,69,-0.538649,9,2220,80.0,-3.487019,29,330,2.097778,26,540,[-1],-1,1,100.0,64.209457
3266,45,-0.466447,9,2420,80.0,-3.399075,29,250,2.406421,26,380,[0 -1],0,1,1.66497567575,71.960785
3266,45,-0.466447,9,2420,80.0,-3.399075,29,250,2.406421,26,380,[0 -1],-1,2,98.3350243243,66.869392
3272,54,-0.499214,9,2360,80.0,-3.475233,29,270,2.316106,26,440,[0 -1],0,1,0.425684753834,72.052628
3272,54,-0.499214,9,2360,80.0,-3.475233,29,270,2.316106,26,440,[0 -1],-1,2,99.5743152462,66.478577
3276,68,-0.532145,9,2250,80.0,-3.480849,29,320,2.19956,26,520,[-1],-1,1,100.0,64.797173
3287,70,-2.678751,9,1920,80.0,-7.507395,11,4130,-0.545187,9,2220,[0 -1 0],0,1,17.2757312046,72.954575
3287,70,-2.678751,9,1920,80.0,-7.507395,11,4130,-0.545187,9,2220,[0 -1 0],-1,2,38.7064058104,67.406136
3287,70,-2.678751,9,1920,80.0,-7.507395,11,4130,-0.545187,9,2220,[0 -1 0],0,3,44.017862985,71.226822
3287,70,-0.545187,9,2220,80.0,-2.678751,9,1920,2.158606,26,560,[-1],-1,1,100.0,65.250259
3292,65,-0.529219,9,2260,80.0,-3.486148,29,310,2.266806,26,540,[-1],-1,1,100.0,65.156738
3292,65,-0.642729,9,2160,80.0,-3.575936,29,550,0.0,-1,0,[0],0,1,100.0,65.845917
3306,47,-0.476085,9,2410,80.0,-3.422298,29,250,2.354239,26,390,[0 -1],0,1,2.08749200882,72.000122
3306,47,-0.476085,9,2410,80.0,-3.422298,29,250,2.354239,26,390,[0 -1],-1,2,97.9125079912,66.965523
3310,65,-0.535972,9,2260,80.0,-3.497005,29,300,2.269273,26,550,[0 -1],0,1,1.78021795192,72.235428
3310,65,-0.535972,9,2260,80.0,-3.497005,29,300,2.269273,26,550,[0 -1],-1,2,98.2197820481,67.630592
3310,65,-0.63937,9,2140,80.0,-3.550896,29,570,0.0,-1,0,[-1],-1,1,100.0,65.341919
3320,48,-0.476011,9,2400,80.0,-3.356382,29,250,2.390071,26,400,[0 -1],0,1,1.67715980041,72.197426
3320,48,-0.476011,9,2400,80.0,-3.356382,29,250,2.390071,26,400,[0 -1],-1,2,98.3228401996,67.168907
3325,62,-0.518502,9,2290,80.0,-3.467845,29,300,2.159333,26,480,[-1],-1,1,100.0,64.924232
3334,65,-0.524634,9,2270,80.0,-3.464536,29,310,2.281845,26,520,[-1 0],-1,1,93.1549307468,65.502586
3334,65,-0.524634,9,2270,80.0,-3.464536,29,310,2.281845,26,520,[-1 0],0,2,6.84506925323,65.502136
3334,65,-0.642574,9,2160,80.0,-3.563568,29,550,0.0,-1,0,[-1],-1,1,100.0,65.99218
3339,72,-2.667993,9,1920,80.0,-7.490554,11,4150,-0.546272,9,2200,[0 -1 1 0],0,1,0.636604774536,72.913002
3339,72,-2.667993,9,1920,80.0,-7.490554,11,4150,-0.546272,9,2200,[0 -1 1 0],-1,2,45.4189999018,66.951973
3339,72,-2.667993,9,1920,80.0,-7.490554,11,4150,-0.546272,9,2200,[0 -1 1 0],1,3,52.7026230475,71.024452
3339,72,-2.667993,9,1920,80.0,-7.490554,11,4150,-0.546272,9,2200,[0 -1 1 0],0,4,1.24177227626,71.018967
3339,72,-0.546272,9,2200,80.0,-2.667993,9,1920,1.980815,26,530,[-1 0],-1,1,95.4712519232,64.97699
3339,72,-0.546272,9,2200,80.0,-2.667993,9,1920,1.980815,26,530,[-1 0],0,2,4.52874807681,64.992828
3344,46,-0.481151,9,2430,80.0,-3.464778,29,230,2.340867,26,380,[0 -1],0,1,2.0731077241,72.140465
3344,46,-0.481151,9,2430,80.0,-3.464778,29,230,2.340867,26,380,[0 -1],-1,2,97.9268922759,67.073296
3348,47,-0.48076,9,2420,80.0,-3.450905,29,240,2.393844,26,390,[0 -1],0,1,2.08063261602,72.149658
3348,47,-0.48076,9,2420,80.0,-3.450905,29,240,2.393844,26,390,[0 -1],-1,2,97.919367384,67.119408
3351,48,-0.477698,9,2400,80.0,-3.368127,29,250,2.313712,26,390,[0 -1],0,1,2.09669623378,72.173744
3351,48,-0.477698,9,2400,80.0,-3.368127,29,250,2.313712,26,390,[0 -1],-1,2,97.9033037662,67.16951
3362,52,-0.499473,9,2380,80.0,-3.468143,29,250,2.21949,26,410,[0 -1],0,1,1.26677487035,71.956039
3362,52,-0.499473,9,2380,80.0,-3.468143,29,250,2.21949,26,410,[0 -1],-1,2,98.7332251296,66.538513
3369,56,-0.500693,9,2340,80.0,-3.440658,29,280,2.184809,26,430,[-1],-1,1,100.0,66.423447
3376,46,-0.473886,9,2420,80.0,-3.393584,29,240,2.305938,26,370,[0 -1],0,1,2.08176606397,72.127991
3376,46,-0.473886,9,2420,80.0,-3.393584,29,240,2.305938,26,370,[0 -1],-1,2,97.918233936,67.0784
3380,47,-0.47612,9,2410,80.0,-3.357823,29,240,2.290066,26,380,[0 -1],0,1,1.67683125906,72.212296
3380,47,-0.47612,9,2410,80.0,-3.357823,29,240,2.290066,26,380,[0 -1],-1,2,98.3231687409,67.184685
3398,68,-0.53523,9,2240,80.0,-3.512895,29,330,2.046901,26,500,[-1],-1,1,100.0,64.309227
3403,52,-0.49809,9,2380,80.0,-3.463469,29,250,2.278227,26,420,[0 -1],0,1,2.11582319364,72.335258
3403,52,-0.49809,9,2380,80.0,-3.463469,29,250,2.278227,26,420,[0 -1],-1,2,97.8841768064,67.447906
3408,57,-0.50976,9,2340,80.0,-3.467119,29,270,2.172222,26,440,[-1],-1,1,100.0,66.357697
3420,71,-2.662231,9,1910,80.0,-7.499791,11,4140,-0.543608,9,2220,[0 -1 1 0],0,1,0.640316205534,72.913811
3420,71,-2.662231,9,1910,80.0,-7.499791,11,4140,-0.543608,9,2220,[0 -1 1 0],-1,2,46.2707509881,67.005638
3420,71,-2.662231,9,1910,80.0,-7.499791,11,4140,-0.543608,9,2220,[0 -1 1 0],1,3,52.4644268775,71.088341
3420,71,-2.662231,9,1910,80.0,-7.499791,11,4140,-0.543608,9,2220,[0 -1 1 0],0,4,0.624505928854,71.085655
3420,71,-0.543608,9,2220,80.0,-2.662231,9,1910,1.985898,26,510,[-1 0],-1,1,95.1062568792,65.059639
3420,71,-0.543608,9,2220,80.0,-2.662231,9,1910,1.985898,26,510,[-1 0],0,2,4.89374312082,65.066422
3422,51,-0.490801,9,2390,80.0,-3.436098,29,250,2.25935,26,400,[0 -1],0,1,1.25982809822,72.16304
3422,51,-0.490801,9,2390,80.0,-3.436098,29,250,2.25935,26,400,[0 -1],-1,2,98.7401719018,66.956299
3426,49,-0.484685,9,2400,80.0,-3.439014,29,250,2.269538,26,390,[0 -1],0,1,2.10355775638,72.427429
3426,49,-0.484685,9,2400,80.0,-3.439014,29,250,2.269538,26,390,[0 -1],-1,2,97.8964422436,67.452316
3433,77,-2.71524,9,1970,80.0,-7.482887,11,4140,-0.556722,9,2150,[0 -1 0],0,1,12.8931117902,72.942162
3433,77,-2.71524,9,1970,80.0,-7.482887,11,4140,-0.556722,9,2150,[0 -1 0],-1,2,39.8825439267,67.175896
3433,77,-2.71524,9,1970,80.0,-7.482887,11,4140,-0.556722,9,2150,[0 -1 0],0,3,47.2243442832,71.154442
3433,77,-0.556722,9,2150,80.0,-2.71524,9,1970,1.895722,26,550,[-1],-1,1,100.0,64.43013
3440,66,-0.533976,9,2260,80.0,-3.495033,29,310,2.020387,26,480,[-1],-1,1,100.0,65.228188
3445,47,-0.483738,9,2410,80.0,-3.45153,29,240,2.28047,26,390,[0 -1],0,1,2.08837536107,72.150909
3445,47,-0.483738,9,2410,80.0,-3.45153,29,240,2.28047,26,390,[0 -1],-1,2,97.9116246389,67.15715
3450,48,-0.483616,9,2410,80.0,-3.434497,29,240,2.245195,26,380,[0 -1],0,1,2.08813083018,72.16642
3450,48,-0.483616,9,2410,80.0,-3.434497,29,240,2.245195,26,380,[0 -1],-1,2,97.9118691698,67.168732
3455,53,-0.498098,9,2380,80.0,-3.503634,29,260,2.264804,26,410,[0 -1],0,1,2.10931647632,72.247314
3455,53,-0.498098,9,2380,80.0,-3.503634,29,260,2.264804,26,410,[0 -1],-1,2,97.8906835237,67.362915
3465,48,-0.476414,9,2400,80.0,-3.412006,29,260,2.212524,26,370,[0 -1],0,1,2.09254116635,72.318436
3465,48,-0.476414,9,2400,80.0,-3.412006,29,260,2.212524,26,370,[0 -1],-1,2,97.9074588337,67.310379
3470,49,-0.483514,9,2400,80.0,-3.474572,29,260,2.241725,26,380,[0 -1],0,1,1.26303364155,72.207664
3470,49,-0.483514,9,2400,80.0,-3.474572,29,260,2.241725,26,380,[0 -1],-1,2,98.7369663584,67.156319
3473,48,-0.484293,9,2410,80.0,-3.441803,29,240,2.232685,26,380,[0 -1],0,1,2.08910929751,72.132584
3473,48,-0.484293,9,2410,80.0,-3.441803,29,240,2.232685,26,380,[0 -1],-1,2,97.9108907025,67.135078
3477,49,-0.491762,9,2400,80.0,-3.460809,29,240,2.196319,26,390,[0 -1],0,1,2.09456196902,72.210167
3477,49,-0.491762,9,2400,80.0,-3.460809,29,240,2.196319,26,390,[0 -1],-1,2,97.905438031,67.25621
3486,49,-0.483209,9,2400,80.0,-3.417538,29,250,2.232197,26,380,[0 -1],0,1,2.09144858958,72.110863
3486,49,-0.483209,9,2400,80.0,-3.417538,29,250,2.232197,26,380,[0 -1],-1,2,97.9085514104,67.151085
3496,55,-0.500834,9,2350,80.0,-3.437964,29,270,2.211204,26,430,[0 -1],0,1,1.72328440883,72.411011
3496,55,-0.500834,9,2350,80.0,-3.437964,29,270,2.211204,26,430,[0 -1],-1,2,98.2767155912,67.621178
3500,48,-0.48421,9,2400,80.0,-3.44772,29,250,2.173378,26,380,[0 -1],0,1,2.09489003459,72.212425
3500,48,-0.48421,9,2400,80.0,-3.44772,29,250,2.173378,26,380,[0 -1],-1,2,97.9051099654,67.238533
3511,70,-0.534619,9,2230,80.0,-3.463125,29,330,2.005122,26,490,[-1],-1,1,100.0,66.312035
3512,61,-0.516285,9,2310,80.0,-3.484292,29,290,2.05669,26,440,[-1],-1,1,100.0,66.598526
3525,54,-0.501726,9,2360,80.0,-3.463346,29,260,2.097614,26,410,[0 -1],0,1,2.13675213675,72.40007
3525,54,-0.501726,9,2360,80.0,-3.463346,29,260,2.097614,26,410,[0 -1],-1,2,97.8632478632,67.579254
3533,68,-0.53258,9,2250,80.0,-3.491615,29,320,1.960346,26,470,[-1],-1,1,100.0,65.119705
3537,49,-0.492272,9,2400,80.0,-3.456094,29,240,2.137633,26,380,[0 -1],0,1,1.68045230866,72.300499
3537,49,-0.492272,9,2400,80.0,-3.456094,29,240,2.137633,26,380,[0 -1],-1,2,98.3195476913,67.355888
3540,70,-0.536344,9,2220,80.0,-3.487117,29,340,1.939085,26,490,[-1],-1,1,100.0,64.573181
3551,73,-2.685222,9,1940,80.0,-7.493073,11,4140,-0.542785,9,2200,[0 -1 0],0,1,9.94712758905,73.009979
3551,73,-2.685222,9,1940,80.0,-7.493073,11,4140,-0.542785,9,2200,[0 -1 0],-1,2,46.0232509257,67.417107
3551,73,-2.685222,9,1940,80.0,-7.493073,11,4140,-0.542785,9,2200,[0 -1 0],0,3,44.0296214853,71.27726
3551,73,-0.542785,9,2200,80.0,-2.685222,9,1940,1.973324,26,510,[-1],-1,1,100.0,66.148293
3555,67,-0.534241,9,2260,80.0,-3.499256,29,310,1.884932,26,450,[-1],-1,1,100.0,64.758553
3561,66,-0.527997,9,2260,80.0,-3.500759,29,320,1.944754,26,460,[-1],-1,1,100.0,65.069977
3561,66,-0.644697,9,2150,80.0,-3.552723,29,550,0.0,-1,0,[-1],-1,1,100.0,66.072174
3563,67,-0.527284,9,2250,80.0,-3.447267,29,320,2.156517,26,510,[-1],-1,1,100.0,65.541664
3572,70,-0.545814,9,2220,80.0,-3.509557,29,320,1.915835,26,510,[0 -1],0,1,0.454957764046,72.218689
3572,70,-0.545814,9,2220,80.0,-3.509557,29,320,1.915835,26,510,[0 -1],-1,2,99.545042236,67.18737
3576,55,-0.508383,9,2360,80.0,-3.500719,29,260,2.039028,26,400,[0 -1],0,1,1.28329846351,72.215797
3576,55,-0.508383,9,2360,80.0,-3.500719,29,260,2.039028,26,400,[0 -1],-1,2,98.7167015365,67.1903
3581,69,-0.534434,9,2240,80.0,-3.496374,29,330,2.119723,26,510,[-1],-1,1,100.0,64.983841
3597,68,-0.53554,9,2240,80.0,-3.479719,29,320,2.069927,26,510,[-1],-1,1,100.0,65.609978
3610,50,-0.49274,9,2390,80.0,-3.479622,29,250,2.085833,26,380,[0 -1],0,1,2.53387249239,72.34034
3610,50,-0.49274,9,2390,80.0,-3.479622,29,250,2.085833,26,380,[0 -1],-1,2,97.4661275076,67.436356
3614,53,-0.501015,9,2370,80.0,-3.504115,29,260,2.084948,26,400,[0 -1],0,1,2.12467401808,72.2985
3614,53,-0.501015,9,2370,80.0,-3.504115,29,260,2.084948,26,400,[0 -1],-1,2,97.8753259819,67.473259
3616,57,-0.509201,9,2340,80.0,-3.52029,29,280,2.121273,26,430,[0 -1],0,1,2.15286692341,72.422585
3616,57,-0.509201,9,2340,80.0,-3.52029,29,280,2.121273,26,430,[0 -1],-1,2,97.8471330766,67.676628
3625,51,-0.492992,9,2390,80.0,-3.464361,29,250,2.110708,26,380,[0 -1],0,1,2.10870679122,72.290047
3625,51,-0.492992,9,2390,80.0,-3.464361,29,250,2.110708,26,380,[0 -1],-1,2,97.8912932088,67.391769
3628,50,-0.485963,9,2390,80.0,-3.398878,29,250,2.08707,26,370,[0 -1],0,1,1.68232380803,72.217293
3628,50,-0.485963,9,2390,80.0,-3.398878,29,250,2.08707,26,370,[0 -1],-1,2,98.317676192,67.282043
3636,48,-0.485388,9,2400,80.0,-3.398079,29,240,2.05232,26,360,[0 -1],0,1,1.67181774318,72.113739
3636,48,-0.485388,9,2400,80.0,-3.398079,29,240,2.05232,26,360,[0 -1],-1,2,98.3281822568,66.905708
3642,50,-0.492834,9,2390,80.0,-3.413539,29,240,2.092285,26,380,[0 -1],0,1,2.10067535731,72.273865
3642,50,-0.492834,9,2390,80.0,-3.413539,29,240,2.092285,26,380,[0 -1],-1,2,97.8993246427,67.36142
3649,70,-0.543234,9,2230,80.0,-3.537268,29,330,1.84677,26,470,[-1],-1,1,100.0,66.297348
3652,70,-0.53471,9,2220,80.0,-3.479789,29,340,1.916759,26,480,[-1],-1,1,100.0,66.89238
3660,54,-0.499525,9,2370,80.0,-3.467299,29,260,2.081584,26,390,[0 -1],0,1,1.69937927657,72.318146
3660,54,-0.499525,9,2370,80.0,-3.467299,29,260,2.081584,26,390,[0 -1],-1,2,98.3006207234,67.488373
3670,55,-0.502171,9,2350,80.0,-3.455351,29,270,1.967328,26,390,[0 -1],0,1,0.860284000588,72.383972
3670,55,-0.502171,9,2350,80.0,-3.455351,29,270,1.967328,26,390,[0 -1],-1,2,99.1397159994,67.279274
3678,57,-0.510227,9,2330,80.0,-3.438907,29,270,2.01142,26,420,[0 -1],0,1,2.16672291596,72.331306
3678,57,-0.510227,9,2330,80.0,-3.438907,29,270,2.01142,26,420,[0 -1],-1,2,97.833277084,67.637253
3681,67,-0.532526,9,2260,80.0,-3.478915,29,310,1.910439,26,450,[-1],-1,1,100.0,65.175278
3686,52,-0.498718,9,2380,80.0,-3.473106,29,250,2.038761,26,380,[0 -1],0,1,2.12985501111,72.351868
3686,52,-0.498718,9,2380,80.0,-3.473106,29,250,2.038761,26,380,[0 -1],-1,2,97.8701449889,67.510071
3691,70,-0.53698,9,2220,80.0,-3.457532,29,330,1.834836,26,470,[-1],-1,1,100.0,64.537094
3702,68,-0.53559,9,2240,80.0,-3.478107,29,320,1.999099,26,490,[-1],-1,1,100.0,65.144386
3713,70,-0.536435,9,2220,80.0,-3.489156,29,340,1.898085,26,480,[-1],-1,1,100.0,64.857117
3718,59,-0.509553,9,2320,80.0,-3.481264,29,290,2.003776,26,420,[-1],-1,1,100.0,65.919098
3721,70,-2.66789,9,1910,80.0,-7.496627,11,4150,-0.543824,9,2230,[0 -1 0],0,1,13.2175487694,72.976715
3721,70,-2.66789,9,1910,80.0,-7.496627,11,4150,-0.543824,9,2230,[0 -1 0],-1,2,42.0627212116,67.258461
3721,70,-2.66789,9,1910,80.0,-7.496627,11,4150,-0.543824,9,2230,[0 -1 0],0,3,44.7197300189,71.202133
3721,70,-0.543824,9,2230,80.0,-2.66789,9,1910,1.831226,26,470,[-1],-1,1,100.0,66.026123
3725,69,-0.534403,9,2240,80.0,-3.513499,29,330,1.832607,26,450,[-1],-1,1,100.0,64.697227
3732,58,-0.508777,9,2330,80.0,-3.460347,29,280,2.001896,26,410,[0 -1],0,1,1.727152888,72.288986
3732,58,-0.508777,9,2330,80.0,-3.460347,29,280,2.001896,26,410,[0 -1],-1,2,98.272847112,67.577721
3738,53,-0.499234,9,2380,80.0,-3.525806,29,260,1.993911,26,370,[0 -1],0,1,2.11942499079,72.40625
3738,53,-0.499234,9,2380,80.0,-3.525806,29,260,1.993911,26,370,[0 -1],-1,2,97.8805750092,67.553452
3744,71,-0.537286,9,2210,80.0,-3.460572,29,340,1.986521,26,510,[0 -1],0,1,1.36805318786,72.215454
3744,71,-0.537286,9,2210,80.0,-3.460572,29,340,1.986521,26,510,[0 -1],-1,2,98.6319468121,67.86924
3746,69,-0.53447,9,2240,80.0,-3.504008,29,330,1.845702,26,450,[-1],-1,1,100.0,65.242905
3753,61,-0.51704,9,2300,80.0,-3.491796,29,300,1.925316,26,420,[-1],-1,1,100.0,66.726189
3759,52,-0.501041,9,2380,80.0,-3.501008,29,250,2.013919,26,380,[0 -1],0,1,2.12886931916,72.376831
3759,52,-0.501041,9,2380,80.0,-3.501008,29,250,2.013919,26,380,[0 -1],-1,2,97.8711306808,67.54277
3766,59,-0.518067,9,2320,80.0,-3.492277,29,280,1.964686,26,420,[-1],-1,1,100.0,66.146629
3775,61,-0.518945,9,2300,80.0,-3.507433,29,300,1.953106,26,430,[-1],-1,1,100.0,65.763031
3789,63,-0.518744,9,2280,80.0,-3.464168,29,310,1.866807,26,420,[-1],-1,1,100.0,66.652
3792,60,-0.517911,9,2310,80.0,-3.504844,29,290,1.974592,26,430,[-1],-1,1,100.0,65.780258
3797,57,-0.509874,9,2340,80.0,-3.474666,29,270,1.946248,26,400,[0 -1],0,1,2.15347163704,72.389832
3797,57,-0.509874,9,2340,80.0,-3.474666,29,270,1.946248,26,400,[0 -1],-1,2,97.846528363,67.665108
3800,53,-0.501942,9,2370,80.0,-3.445812,29,250,1.92539,26,370,[0 -1],0,1,2.13757484831,72.370338
3800,53,-0.501942,9,2370,80.0,-3.445812,29,250,1.92539,26,370,[0 -1],-1,2,97.8624251517,67.563393
3804,59,-0.509726,9,2320,80.0,-3.483879,29,290,1.949509,26,410,[-1],-1,1,100.0,65.744194
3809,65,-0.534513,9,2270,80.0,-3.50832,29,300,1.83426,26,440,[0 -1],0,1,0.884197728717,71.978699
3809,65,-0.534513,9,2270,80.0,-3.50832,29,300,1.83426,26,440,[0 -1],-1,2,99.1158022713,66.636124
3809,65,-0.645183,9,2150,80.0,-3.560647,29,550,0.0,-1,0,[-1],-1,1,100.0,65.385757
3814,53,-0.499228,9,2380,80.0,-3.464001,29,250,1.937369,26,360,[0 -1],0,1,2.53815134024,72.328545
3814,53,-0.499228,9,2380,80.0,-3.464001,29,250,1.937369,26,360,[0 -1],-1,2,97.4618486598,67.499573
3822,71,-2.671711,9,1920,80.0,-7.499957,11,4140,-0.542004,9,2220,[0 -1 1],0,1,10.0438395603,72.847466
3822,71,-2.671711,9,1920,80.0,-7.499957,11,4140,-0.542004,9,2220,[0 -1 1],-1,2,45.9382974547,67.301552
3822,71,-2.671711,9,1920,80.0,-7.499957,11,4140,-0.542004,9,2220,[0 -1 1],1,3,44.017862985,71.400063
3822,71,-0.542004,9,2220,80.0,-2.671711,9,1920,1.838724,26,470,[0 -1],0,1,0.895138859474,71.40332
3822,71,-0.542004,9,2220,80.0,-2.671711,9,1920,1.838724,26,470,[0 -1],-1,2,99.1048611405,66.699844
3826,71,-2.673922,9,1930,80.0,-7.500506,11,4140,-0.53598,9,2220,[0 -1 1],0,1,10.0076543491,72.901962
3826,71,-2.673922,9,1930,80.0,-7.500506,11,4140,-0.53598,9,2220,[0 -1 1],-1,2,44.7453707474,67.206673
3826,71,-2.673922,9,1930,80.0,-7.500506,11,4140,-0.53598,9,2220,[0 -1 1],1,3,45.2469749035,71.22477
3826,71,-0.53598,9,2220,80.0,-2.673922,9,1930,1.750722,26,440,[-1],-1,1,100.0,66.046959
3835,60,-0.51679,9,2320,80.0,-3.494339,29,280,1.975369,26,420,[0 -1],0,1,1.74421753968,72.360329
3835,60,-0.51679,9,2320,80.0,-3.494339,29,280,1.975369,26,420,[0 -1],-1,2,98.2557824603,67.729599
3840,62,-0.523568,9,2300,80.0,-3.506026,29,290,1.937061,26,430,[-1],-1,1,100.0,65.938187
3846,63,-0.520103,9,2280,80.0,-3.425629,29,300,1.93687,26,440,[-1],-1,1,100.0,65.892738
3856,63,-0.526317,9,2290,80.0,-3.490961,29,290,1.912003,26,440,[-1],-1,1,100.0,65.629982
3860,63,-0.526098,9,2290,80.0,-3.479393,29,290,1.88314,26,430,[-1],-1,1,100.0,65.692146
3865,62,-0.52358,9,2310,80.0,-3.539021,29,290,1.929881,26,420,[-1],-1,1,100.0,65.616096
3868,64,-0.525142,9,2280,80.0,-3.516759,29,310,1.92713,26,440,[-1],-1,1,100.0,65.695847
3880,62,-0.51984,9,2290,80.0,-3.477555,29,300,1.852577,26,420,[-1],-1,1,100.0,65.813614
3883,54,-0.502698,9,2360,80.0,-3.465756,29,260,1.872317,26,370,[0 -1],0,1,1.71388271613,72.501526
3883,54,-0.502698,9,2360,80.0,-3.465756,29,260,1.872317,26,370,[0 -1],-1,2,98.2861172839,67.722038
3887,62,-0.519803,9,2290,80.0,-3.477756,29,300,1.868457,26,420,[-1],-1,1,100.0,65.940033
3895,61,-0.519152,9,2300,80.0,-3.459543,29,290,1.850686,26,410,[-1],-1,1,100.0,65.857346
3900,61,-0.517268,9,2310,80.0,-3.487286,29,290,1.902757,26,410,[-1],-1,1,100.0,65.622482
3903,62,-0.519877,9,2290,80.0,-3.478208,29,300,1.851603,26,420,[-1],-1,1,100.0,65.730255
3907,61,-0.517282,9,2310,80.0,-3.487485,29,290,1.902466,26,410,[-1],-1,1,100.0,65.862457
3911,62,-0.523707,9,2300,80.0,-3.508077,29,290,1.8861,26,420,[-1],-1,1,100.0,65.836243
3916,62,-0.524131,9,2300,80.0,-3.503705,29,290,1.889345,26,420,[-1],-1,1,100.0,65.830162
3920,63,-0.52055,9,2280,80.0,-3.451976,29,300,1.852841,26,430,[-1],-1,1,100.0,65.738533
3926,59,-0.518343,9,2320,80.0,-3.496954,29,280,1.857455,26,400,[-1],-1,1,100.0,65.848763
3929,63,-0.520565,9,2280,80.0,-3.452224,29,300,1.852465,26,430,[-1],-1,1,100.0,65.779922
3933,62,-0.519925,9,2290,80.0,-3.479049,29,300,1.85035,26,420,[-1],-1,1,100.0,65.800507
3938,61,-0.517514,9,2300,80.0,-3.458483,29,290,1.85303,26,410,[-1],-1,1,100.0,65.732674
3948,55,-0.502361,9,2350,80.0,-3.454579,29,270,1.866363,26,370,[0 -1],0,1,1.72358419869,72.377693
3948,55,-0.502361,9,2350,80.0,-3.454579,29,270,1.866363,26,370,[0 -1],-1,2,98.2764158013,67.630836
3954,55,-0.503285,9,2340,80.0,-3.43333,29,270,1.848354,26,380,[0 -1],0,1,1.7294394092,72.422173
3954,55,-0.503285,9,2340,80.0,-3.43333,29,270,1.848354,26,380,[0 -1],-1,2,98.2705605908,67.701408
3958,58,-0.509204,9,2330,80.0,-3.466893,29,280,1.890278,26,390,[0 -1],0,1,1.74112875972,72.517365
3958,58,-0.509204,9,2330,80.0,-3.466893,29,280,1.890278,26,390,[0 -1],-1,2,98.2588712403,67.847649
3963,61,-0.519264,9,2300,80.0,-3.461427,29,290,1.847864,26,410,[-1],-1,1,100.0,65.766373
3968,61,-0.517701,9,2300,80.0,-3.4998,29,300,1.864276,26,410,[-1],-1,1,100.0,65.778572
3973,61,-0.519139,9,2300,80.0,-3.463009,29,290,1.752105,26,390,[-1],-1,1,100.0,65.241684
3978,62,-0.519996,9,2290,80.0,-3.480289,29,300,1.800841,26,410,[-1],-1,1,100.0,65.794174
3983,63,-0.52041,9,2280,80.0,-3.452218,29,300,1.802307,26,420,[-1],-1,1,100.0,65.571373
3988,62,-0.523811,9,2310,80.0,-3.542526,29,290,1.827739,26,400,[-1],-1,1,100.0,65.811935
3993,62,-0.519939,9,2290,80.0,-3.487248,29,300,1.797547,26,410,[-1],-1,1,100.0,65.745918
3997,63,-0.52518,9,2290,80.0,-3.509718,29,300,1.818796,26,410,[-1],-1,1,100.0,65.530838
3999,59,-0.509738,9,2320,80.0,-3.487094,29,290,1.793164,26,380,[-1],-1,1,100.0,65.644165
