3002,46,6.949528,12,1090,80.0,2.755152,6,5570,2.913736,23,3350,[-1],-1,1,100.0,60.449352
3007,63,6.937064,12,1090,80.0,2.785479,6,5540,3.013853,23,3260,[-1],-1,1,100.0,57.21772
3010,42,6.968088,12,1110,80.0,2.759962,6,5550,2.885734,23,3330,[-1],-1,1,100.0,60.374447
3015,42,6.965878,12,1110,80.0,2.761835,6,5550,2.886979,23,3330,[-1],-1,1,100.0,60.388638
3019,46,6.963931,12,1080,80.0,3.157394,6,5580,2.91299,23,3350,[-1],-1,1,100.0,59.429348
3022,42,6.966218,12,1110,80.0,2.760397,6,5550,2.879127,23,3320,[-1],-1,1,100.0,60.210926
3027,73,6.757982,12,1070,80.0,2.815884,6,5500,3.04912,23,3260,[-1],-1,1,100.0,56.912827
3033,41,6.964611,12,1120,80.0,2.75963,6,5540,2.875593,23,3320,[-1],-1,1,100.0,59.977718
3037,69,6.85869,12,1070,80.0,2.80555,6,5530,3.043297,23,3280,[-1],-1,1,100.0,57.369911
3044,62,7.012126,12,1070,80.0,2.782679,6,5560,3.031844,23,3300,[-1],-1,1,100.0,57.653198
3047,59,7.032122,12,1090,80.0,2.773869,6,5560,3.017976,23,3290,[-1],-1,1,100.0,57.591167
3054,49,6.942756,12,1070,80.0,2.754493,6,5590,2.92288,23,3350,[-1],-1,1,100.0,59.907658
3058,62,6.957115,12,1090,80.0,2.78284,6,5550,3.022404,23,3280,[-1],-1,1,100.0,57.508297
3061,69,6.766914,12,1110,80.0,2.799255,6,5500,3.014675,23,3220,[-1],-1,1,100.0,56.317013
3065,42,6.937125,12,1130,80.0,2.752356,6,5530,2.872017,23,3310,[-1],-1,1,100.0,58.271221
3067,59,6.867335,12,1020,80.0,2.784874,6,5590,3.067684,23,3390,[-1],-1,1,100.0,60.233139
3071,60,7.101241,12,1040,80.0,2.782875,6,5590,3.064264,23,3360,[-1],-1,1,100.0,59.564915
3077,75,6.619616,12,1120,80.0,2.81911,6,5450,3.017894,23,3180,[-1],-1,1,100.0,55.31596
3082,44,6.932945,12,1120,80.0,2.751424,6,5550,2.876431,23,3310,[-1],-1,1,100.0,58.695847
3088,45,6.913681,12,1120,80.0,2.751609,6,5550,2.875352,23,3300,[-1],-1,1,100.0,59.218643
3093,49,6.866692,12,1110,80.0,2.746455,6,5580,2.88511,23,3290,[-1],-1,1,100.0,57.855789
3098,65,6.883297,12,1100,80.0,2.788369,6,5520,3.013986,23,3250,[-1],-1,1,100.0,56.867764
3103,45,6.90696,12,1120,80.0,2.748261,6,5560,2.876726,23,3300,[-1],-1,1,100.0,59.261452
3109,44,6.933152,12,1120,80.0,2.751303,6,5550,2.876379,23,3310,[-1],-1,1,100.0,58.485851
3114,44,6.933189,12,1120,80.0,2.75128,6,5550,2.87637,23,3310,[-1],-1,1,100.0,59.160122
3118,43,6.926599,12,1130,80.0,2.753802,6,5540,2.86069,23,3290,[-1],-1,1,100.0,58.396538
3124,64,6.902468,12,1100,80.0,2.786023,6,5530,3.005572,23,3240,[-1],-1,1,100.0,56.785625
3129,69,6.776381,12,1110,80.0,2.792387,6,5510,3.017717,23,3230,[-1],-1,1,100.0,56.553059
3134,44,6.917827,12,1130,80.0,2.746807,6,5540,2.869367,23,3300,[-1],-1,1,100.0,58.925777
3139,74,6.599925,12,1150,80.0,2.809354,6,5450,2.58684,2,1300,[-1],-1,1,100.0,54.717648
3144,43,6.911387,12,1140,80.0,2.749322,6,5530,2.860639,23,3290,[-1],-1,1,100.0,58.744247
3150,58,6.832973,12,1050,80.0,2.774592,6,5580,3.033694,23,3340,[-1],-1,1,100.0,59.516109
3155,64,6.876977,12,1110,80.0,2.783053,6,5520,3.006052,23,3240,[-1],-1,1,100.0,56.56871
3158,44,6.906593,12,1130,80.0,2.746896,6,5550,2.859212,23,3280,[-1],-1,1,100.0,58.015305
3162,43,6.913321,12,1140,80.0,2.750714,6,5540,2.845427,23,3270,[-1],-1,1,100.0,58.056068
3166,63,7.008647,12,1060,80.0,2.787789,6,5560,3.052677,23,3330,[-1],-1,1,100.0,58.603813
3169,47,6.883493,12,1120,80.0,2.746299,6,5570,2.876205,23,3290,[-1],-1,1,100.0,57.907238
3175,44,6.902483,12,1140,80.0,2.74663,6,5540,2.848657,23,3270,[-1],-1,1,100.0,57.994526
3180,44,6.902515,12,1140,80.0,2.746985,6,5540,2.849036,23,3270,[-1],-1,1,100.0,57.939457
3185,49,6.856493,12,1120,80.0,3.118955,6,5580,2.876457,23,3280,[-1],-1,1,100.0,57.764347
3191,64,6.992649,12,1050,80.0,2.794155,6,5550,3.05708,23,3330,[-1],-1,1,100.0,58.369305
3197,44,6.897811,12,1140,80.0,2.748958,6,5540,2.850718,23,3270,[-1],-1,1,100.0,57.813972
3201,61,7.002295,12,1080,80.0,2.778756,6,5560,3.036327,23,3310,[-1],-1,1,100.0,58.181896
3208,70,6.683251,12,1150,80.0,2.787031,6,5480,2.599764,2,1330,[-1],-1,1,100.0,55.100559
3211,45,6.869775,12,1150,80.0,2.7452,6,5540,2.846539,23,3260,[-1],-1,1,100.0,57.755798
3215,44,6.86314,12,1160,80.0,2.745907,6,5530,2.837864,23,3250,[-1],-1,1,100.0,57.714211
3221,68,6.930443,12,1040,80.0,2.801128,6,5550,3.068665,23,3330,[-1],-1,1,100.0,57.884274
3226,64,6.935614,12,1080,80.0,2.7899,6,5540,3.039265,23,3300,[-1],-1,1,100.0,57.651318
3228,58,6.727826,12,1110,80.0,2.765386,6,5550,2.98752,23,3260,[-1],-1,1,100.0,57.960564
3234,45,6.872293,12,1150,80.0,2.744962,6,5540,2.846069,23,3260,[-1],-1,1,100.0,57.547695
3241,61,6.891665,12,1140,80.0,2.766239,6,5530,2.97431,23,3200,[-1],-1,1,100.0,56.154251
3248,49,6.805512,12,1150,80.0,2.734027,6,5560,2.852064,23,3240,[-1],-1,1,100.0,57.76651
3255,46,6.870049,12,1140,80.0,2.742894,6,5540,2.851823,23,3260,[-1],-1,1,100.0,57.441463
3258,60,6.996133,12,1100,80.0,2.770503,6,5560,3.014091,23,3280,[-1],-1,1,100.0,57.208549
3268,68,6.68947,12,1160,80.0,2.787909,6,5480,2.551172,2,1300,[-1],-1,1,100.0,54.643974
3274,68,6.730795,12,1140,80.0,2.789436,6,5490,2.619711,2,1350,[-1],-1,1,100.0,55.126114
3278,49,6.832411,12,1140,80.0,2.74066,6,5560,2.855729,23,3250,[-1],-1,1,100.0,58.0938
3285,58,6.6952,12,1130,80.0,2.759658,6,5540,2.966019,23,3220,[-1],-1,1,100.0,56.816936
3291,55,6.757674,12,1120,80.0,2.749985,6,5560,2.984965,23,3270,[-1],-1,1,100.0,58.120461
3298,45,6.844119,12,1160,80.0,2.739091,6,5540,2.836658,23,3240,[-1],-1,1,100.0,57.842899
3304,55,6.718779,12,1150,80.0,2.740483,6,5550,2.955396,23,3220,[-1],-1,1,100.0,56.624451
3308,49,6.811861,12,1150,80.0,2.73721,6,5550,2.850509,23,3240,[-1],-1,1,100.0,57.293034
3313,68,6.811572,12,1110,80.0,2.790387,6,5510,3.016819,23,3240,[-1],-1,1,100.0,56.757168
3318,69,6.649197,12,1180,80.0,2.779366,6,5480,2.491753,2,1260,[-1 0],-1,1,99.3576245435,54.22406
3318,69,6.649197,12,1180,80.0,2.779366,6,5480,2.491753,2,1260,[-1 0],0,2,0.64237545646,54.225002
3332,46,6.822356,12,1170,80.0,2.737634,6,5530,2.831772,23,3230,[-1],-1,1,100.0,57.397854
3337,47,6.809953,12,1170,80.0,2.734951,6,5530,2.835712,23,3230,[-1],-1,1,100.0,57.226254
3340,58,6.662032,12,1150,80.0,2.755661,6,5530,2.95542,23,3200,[-1],-1,1,100.0,56.436344
3346,62,6.922704,12,1120,80.0,2.772916,6,5540,2.996013,23,3240,[-1],-1,1,100.0,56.866833
3350,73,6.586236,12,1170,80.0,2.795832,6,5460,2.49646,2,1240,[-1 0],-1,1,99.352533448,54.250954
3350,73,6.586236,12,1170,80.0,2.795832,6,5460,2.49646,2,1240,[-1 0],0,2,0.647466552039,54.251518
3356,61,6.938808,12,1120,80.0,2.771574,6,5550,2.98876,23,3230,[-1],-1,1,100.0,56.798859
3362,64,6.800992,12,1160,80.0,2.770262,6,5500,2.61018,2,1370,[-1],-1,1,100.0,55.45369
3366,70,6.799244,12,1090,80.0,2.795618,6,5510,4.406501,23,3250,[-1],-1,1,100.0,56.687389
3373,62,6.905229,12,1120,80.0,2.773654,6,5530,2.993553,23,3230,[-1],-1,1,100.0,56.590443
3378,64,6.897239,12,1110,80.0,2.781026,6,5530,2.998093,23,3230,[-1],-1,1,100.0,56.650967
3381,46,6.796501,12,1180,80.0,2.733081,6,5530,2.821644,23,3210,[-1],-1,1,100.0,56.82645
3390,47,6.798381,12,1170,80.0,2.734252,6,5540,2.82577,23,3210,[-1],-1,1,100.0,56.763577
3394,62,6.876651,12,1140,80.0,2.76733,6,5520,2.986623,23,3220,[-1],-1,1,100.0,56.405334
3401,46,6.795916,12,1180,80.0,3.43882,6,5530,2.82177,23,3210,[-1],-1,1,100.0,54.684586
3413,63,6.861237,12,1140,80.0,2.771432,6,5520,2.984058,23,3210,[-1],-1,1,100.0,56.274624
3418,47,6.780446,12,1180,80.0,2.734144,6,5540,2.819994,23,3200,[-1],-1,1,100.0,56.478268
3423,51,6.743438,12,1170,80.0,2.727096,6,5560,2.835182,23,3200,[-1],-1,1,100.0,56.488197
3429,48,6.758265,12,1190,80.0,2.731539,6,5530,2.816711,23,3190,[-1],-1,1,100.0,56.371296
3433,68,6.764206,12,1130,80.0,2.788426,6,5500,3.002688,23,3210,[-1],-1,1,100.0,56.238735
3439,48,6.757902,12,1190,80.0,2.732479,6,5530,2.811083,23,3180,[-1],-1,1,100.0,56.285809
3442,70,6.568605,12,1200,80.0,2.788746,6,5450,2.406876,2,1190,[-1 0],-1,1,98.7583822297,53.30529
3442,70,6.568605,12,1200,80.0,2.788746,6,5450,2.406876,2,1190,[-1 0],0,2,1.24161777033,53.310234
3447,65,6.820988,12,1130,80.0,2.783598,6,5510,2.988815,23,3200,[-1],-1,1,100.0,56.076206
3453,47,6.760476,12,1190,80.0,2.731228,6,5530,2.288273,2,1390,[-1],-1,1,100.0,56.161572
3457,47,6.742186,12,1200,80.0,2.727898,6,5520,2.288256,2,1390,[-1],-1,1,100.0,56.123802
3466,64,6.828525,12,1140,80.0,2.777232,6,5510,2.978895,23,3190,[-1],-1,1,100.0,55.827827
3510,65,6.759013,12,1170,80.0,2.773321,6,5490,2.561091,2,1330,[-1],-1,1,100.0,55.466656
3516,52,6.689792,12,1190,80.0,2.723404,6,5550,2.313399,2,1380,[-1],-1,1,100.0,55.580959
3525,49,6.712872,12,1200,80.0,2.725659,6,5530,2.258744,2,1360,[-1],-1,1,100.0,55.439571
3530,66,6.743909,12,1160,80.0,2.779572,6,5480,2.612419,2,1360,[-1],-1,1,100.0,55.206467
3535,53,6.668438,12,1190,80.0,2.72885,6,5540,2.500216,2,1350,[-1],-1,1,100.0,55.423592
3539,67,6.743273,12,1150,80.0,2.786492,6,5480,2.578869,2,1330,[-1],-1,1,100.0,55.127033
3543,67,6.744798,12,1150,80.0,2.787733,6,5490,2.606526,2,1350,[-1],-1,1,100.0,55.06953
3546,71,6.694017,12,1140,80.0,2.789088,6,5480,2.62872,2,1350,[-1],-1,1,100.0,55.128639
3549,67,6.726956,12,1160,80.0,2.785763,6,5480,2.5649,2,1320,[-1],-1,1,100.0,55.023655
3554,69,6.702707,12,1150,80.0,2.783154,6,5490,2.578776,2,1320,[-1],-1,1,100.0,55.039986
3560,65,6.668367,12,1210,80.0,2.76994,6,5470,2.41,2,1220,[-1],-1,1,100.0,53.14362
3567,71,6.664357,12,1150,80.0,2.790922,6,5480,2.536215,2,1280,[-1],-1,1,100.0,54.419518
3570,61,6.781205,12,1200,80.0,2.754086,6,5500,2.44798,2,1270,[-1],-1,1,100.0,53.75256
3574,68,6.688576,12,1170,80.0,2.781447,6,5480,2.541502,2,1300,[-1],-1,1,100.0,54.77776
3579,70,6.664456,12,1160,80.0,2.785815,6,5480,2.570642,2,1310,[-1],-1,1,100.0,54.78035
3584,54,6.613228,12,1210,80.0,2.728603,6,5520,2.406495,2,1280,[-1],-1,1,100.0,54.136276
3590,69,6.669042,12,1170,80.0,2.786367,6,5480,2.534824,2,1290,[-1],-1,1,100.0,54.630825
3596,61,6.73359,12,1220,80.0,2.752547,6,5490,2.393022,2,1230,[-1],-1,1,100.0,52.861412
3598,70,6.548944,12,1220,80.0,2.775371,6,5450,2.339781,2,1150,[-1 0],-1,1,99.4016589199,52.423378
3598,70,6.548944,12,1220,80.0,2.775371,6,5450,2.339781,2,1150,[-1 0],0,2,0.598341080096,52.425217
3600,68,6.697089,12,1170,80.0,2.784787,6,5470,2.525395,2,1290,[-1],-1,1,100.0,54.494732
3603,68,6.609465,12,1210,80.0,2.775725,6,5460,2.427816,2,1220,[-1 0],-1,1,99.3855446782,53.148682
3603,68,6.609465,12,1210,80.0,2.775725,6,5460,2.427816,2,1220,[-1 0],0,2,0.614455321808,53.150223
3609,50,6.671577,12,1220,80.0,2.722833,6,5520,2.192018,2,1320,[-1],-1,1,100.0,54.533985
3612,69,6.666556,12,1170,80.0,2.783921,6,5470,2.522157,2,1280,[-1],-1,1,100.0,54.415543
3618,50,6.665313,12,1220,80.0,3.653529,6,5530,2.166261,2,1300,[-1 0],-1,1,99.402717252,52.457016
3618,50,6.665313,12,1220,80.0,3.653529,6,5530,2.166261,2,1300,[-1 0],0,2,0.597282748013,52.45916
3621,69,6.652769,12,1180,80.0,2.782459,6,5470,2.535347,2,1290,[-1],-1,1,100.0,54.320427
3623,69,6.665365,12,1170,80.0,2.780519,6,5480,2.535444,2,1290,[-1],-1,1,100.0,54.32877
3626,69,6.666279,12,1170,80.0,2.779738,6,5480,2.522274,2,1280,[-1],-1,1,100.0,54.159927
3633,67,6.540891,12,1250,80.0,2.771791,6,5430,2.197337,2,1070,[-1 0],-1,1,98.8417278813,51.877666
3633,67,6.540891,12,1250,80.0,2.771791,6,5430,2.197337,2,1070,[-1 0],0,2,1.15827211874,51.884151
3635,68,6.675147,12,1180,80.0,2.782041,6,5460,2.511892,2,1280,[-1],-1,1,100.0,54.135242
3642,70,6.616539,12,1180,80.0,2.785296,6,5470,2.504351,2,1260,[-1],-1,1,100.0,54.131618
3645,70,6.623441,12,1180,80.0,2.783049,6,5470,2.486583,2,1250,[-1],-1,1,100.0,53.913074
3647,69,6.646509,12,1180,80.0,2.783492,6,5470,2.493441,2,1260,[-1],-1,1,100.0,54.015224
3653,53,6.612129,12,1220,80.0,2.722997,6,5520,2.428819,2,1300,[-1],-1,1,100.0,54.149227
3658,57,6.598629,12,1200,80.0,2.738084,6,5510,2.432152,2,1290,[-1],-1,1,100.0,54.11639
3661,69,6.653291,12,1180,80.0,2.777704,6,5480,2.491033,2,1260,[-1],-1,1,100.0,53.962376
3668,68,6.656364,12,1180,80.0,2.781564,6,5470,2.476996,2,1250,[-1],-1,1,100.0,53.854622
3675,69,6.626145,12,1190,80.0,2.781007,6,5460,2.451403,2,1230,[-1],-1,1,100.0,53.789116
3679,68,6.663262,12,1180,80.0,2.781127,6,5470,2.474447,2,1250,[-1],-1,1,100.0,53.71627
3681,69,6.626965,12,1190,80.0,2.77692,6,5470,2.45094,2,1230,[-1],-1,1,100.0,53.714752
3684,51,6.629871,12,1230,80.0,3.639214,6,5520,2.174145,2,1300,[-1],-1,1,100.0,51.798801
3691,69,6.632936,12,1190,80.0,2.779573,6,5460,2.478261,2,1250,[-1],-1,1,100.0,53.61396
3696,69,6.614162,12,1190,80.0,2.784806,6,5460,2.441344,2,1220,[-1],-1,1,100.0,53.609512
3699,69,6.628803,12,1190,80.0,2.775686,6,5470,2.477748,2,1250,[-1],-1,1,100.0,53.426746
3703,69,6.629033,12,1190,80.0,2.776631,6,5470,2.449851,2,1230,[-1],-1,1,100.0,53.489502
3706,69,6.594763,12,1200,80.0,2.779813,6,5470,2.397437,2,1190,[-1 0],-1,1,99.3754756094,53.488522
3706,69,6.594763,12,1200,80.0,2.779813,6,5470,2.397437,2,1190,[-1 0],0,2,0.624524390564,53.489788
3708,70,6.585678,12,1200,80.0,2.779444,6,5460,2.444463,2,1220,[-1 0],-1,1,99.3757377049,53.487942
3708,70,6.585678,12,1200,80.0,2.779444,6,5460,2.444463,2,1220,[-1 0],0,2,0.624262295082,53.488564
3712,69,6.590284,12,1210,80.0,2.772715,6,5460,2.420289,2,1210,[-1],-1,1,100.0,53.395081
3717,69,6.582989,12,1210,80.0,2.774512,6,5460,2.437256,2,1220,[-1],-1,1,100.0,53.369854
3724,69,6.583045,12,1210,80.0,2.775227,6,5460,2.393559,2,1190,[-1 0],-1,1,99.3861679715,53.208244
3724,69,6.583045,12,1210,80.0,2.775227,6,5460,2.393559,2,1190,[-1 0],0,2,0.613832028507,53.209255
3729,69,6.632002,12,1190,80.0,2.780673,6,5460,2.419386,2,1210,[-1],-1,1,100.0,53.157661
3738,70,6.590539,12,1200,80.0,2.778089,6,5460,2.428118,2,1210,[-1],-1,1,100.0,53.153496
3742,70,6.589229,12,1200,80.0,2.778652,6,5460,2.397449,2,1190,[-1],-1,1,100.0,53.10841
3746,67,6.517029,12,1260,80.0,2.773213,6,5430,2.16495,2,1050,[-1 0],-1,1,98.274654931,51.691479
3746,67,6.517029,12,1260,80.0,2.773213,6,5430,2.16495,2,1050,[-1 0],0,2,1.72534506901,51.698532
3752,66,6.560186,12,1250,80.0,2.769702,6,5440,2.204984,2,1080,[-1 0],-1,1,98.8461150862,51.578156
3752,66,6.560186,12,1250,80.0,2.769702,6,5440,2.204984,2,1080,[-1 0],0,2,1.15388491384,51.581741
3758,59,6.754635,12,1230,80.0,2.741496,6,5490,2.351989,2,1210,[-1],-1,1,100.0,52.541752
3760,72,6.53892,12,1200,80.0,2.789227,6,5450,2.358822,2,1150,[-1 0],-1,1,99.3838280985,53.035442
3760,72,6.53892,12,1200,80.0,2.789227,6,5450,2.358822,2,1150,[-1 0],0,2,0.616171901517,53.036705
3762,69,6.60667,12,1200,80.0,2.776534,6,5470,2.392584,2,1190,[-1],-1,1,100.0,52.827454
3764,71,6.535339,12,1210,80.0,2.781912,6,5440,2.411414,2,1190,[-1],-1,1,100.0,52.833115
3769,62,6.662003,12,1250,80.0,2.749972,6,5470,2.353099,2,1200,[-1 0],-1,1,99.4156446718,52.490986
3769,62,6.662003,12,1250,80.0,2.749972,6,5470,2.353099,2,1200,[-1 0],0,2,0.584355328167,52.492832
3772,70,6.565735,12,1210,80.0,2.776793,6,5450,2.341176,2,1150,[-1],-1,1,100.0,52.711403
3775,55,6.558757,12,1230,80.0,2.730844,6,5510,2.340571,2,1230,[-1],-1,1,100.0,52.971996
3777,52,6.591551,12,1240,80.0,3.595438,6,5520,2.075145,2,1230,[-1 0],-1,1,99.4267596703,50.824467
3777,52,6.591551,12,1240,80.0,3.595438,6,5520,2.075145,2,1230,[-1 0],0,2,0.57324032974,50.82618
3782,62,6.679402,12,1240,80.0,2.750128,6,5470,2.365403,2,1210,[-1],-1,1,100.0,52.361488
3787,70,6.574018,12,1210,80.0,2.781863,6,5450,2.323276,2,1140,[-1 0],-1,1,99.3928070995,52.55798
3787,70,6.574018,12,1210,80.0,2.781863,6,5450,2.323276,2,1140,[-1 0],0,2,0.607192900514,52.558701
3792,54,6.546941,12,1250,80.0,2.721226,6,5510,2.287797,2,1200,[-1],-1,1,100.0,52.779709
3797,53,6.532825,12,1260,80.0,3.606005,6,5510,2.316676,2,1220,[-1 0],-1,1,98.8737611373,50.566677
3797,53,6.532825,12,1260,80.0,3.606005,6,5510,2.316676,2,1220,[-1 0],0,2,1.12623886275,50.572495
3800,70,6.532915,12,1220,80.0,2.78459,6,5440,2.315381,2,1130,[-1 0],-1,1,99.3976682264,52.438831
3800,70,6.532915,12,1220,80.0,2.78459,6,5440,2.315381,2,1130,[-1 0],0,2,0.602331773647,52.440189
3802,70,6.536559,12,1220,80.0,2.783925,6,5440,2.344622,2,1150,[-1 0],-1,1,99.3979172588,52.42804
3802,70,6.536559,12,1220,80.0,2.783925,6,5440,2.344622,2,1150,[-1 0],0,2,0.602082741156,52.42934
3806,71,6.522107,12,1220,80.0,2.780124,6,5440,2.334282,2,1140,[-1],-1,1,100.0,52.426731
3813,62,6.662447,12,1250,80.0,3.148514,6,5470,2.338571,2,1190,[-1 0],-1,1,98.3181658203,50.129303
3813,62,6.662447,12,1250,80.0,3.148514,6,5470,2.338571,2,1190,[-1 0],0,2,1.6818341797,50.142342
3820,53,6.565085,12,1250,80.0,3.623181,6,5520,2.310972,2,1220,[-1 0],-1,1,98.3131259884,50.406357
3820,53,6.565085,12,1250,80.0,3.623181,6,5520,2.310972,2,1220,[-1 0],0,2,1.6868740116,50.419018
3824,56,6.513918,12,1250,80.0,2.728156,6,5490,2.268564,2,1180,[-1],-1,1,100.0,52.52652
3827,63,6.641665,12,1250,80.0,3.14324,6,5460,2.329931,2,1180,[-1 0],-1,1,98.316769405,50.084705
3827,63,6.641665,12,1250,80.0,3.14324,6,5460,2.329931,2,1180,[-1 0],0,2,1.68323059504,50.099079
3831,71,6.533149,12,1220,80.0,2.778603,6,5440,2.280519,2,1110,[-1],-1,1,100.0,52.244198
3837,72,6.489794,12,1230,80.0,3.806243,6,5430,2.258742,2,1090,[-1 0],-1,1,97.7266327027,50.038803
3837,72,6.489794,12,1230,80.0,3.806243,6,5430,2.258742,2,1090,[-1 0],0,2,2.2733672973,50.053699
3841,71,6.499256,12,1230,80.0,3.803007,6,5430,2.303397,2,1120,[-1 0],-1,1,98.2956282482,50.232872
3841,71,6.499256,12,1230,80.0,3.803007,6,5430,2.303397,2,1120,[-1 0],0,2,1.70437175176,50.244839
3845,53,6.519651,12,1270,80.0,3.128856,6,5510,2.284957,2,1200,[-1 0],-1,1,97.2409868112,50.216702
3845,53,6.519651,12,1270,80.0,3.128856,6,5510,2.284957,2,1200,[-1 0],0,2,2.75901318883,50.239281
3849,56,6.51412,12,1250,80.0,2.729521,6,5490,2.228449,2,1150,[-1],-1,1,100.0,51.949928
3855,71,6.470665,12,1250,80.0,3.793467,6,5430,2.187157,2,1050,[-1 0],-1,1,97.1945293322,50.415707
3855,71,6.470665,12,1250,80.0,3.793467,6,5430,2.187157,2,1050,[-1 0],0,2,2.8054706678,50.43874
3856,58,6.490908,12,1240,80.0,2.739259,6,5480,2.254903,2,1160,[-1],-1,1,100.0,52.26498
3862,72,6.490492,12,1230,80.0,3.811356,6,5440,2.258189,2,1090,[-1 0],-1,1,98.2730831223,50.647476
3862,72,6.490492,12,1230,80.0,3.811356,6,5440,2.258189,2,1090,[-1 0],0,2,1.72691687773,50.655361
3867,63,6.612469,12,1260,80.0,3.16731,6,5460,2.181673,2,1080,[-1 0],-1,1,97.2036352741,50.443943
3867,63,6.612469,12,1260,80.0,3.16731,6,5460,2.181673,2,1080,[-1 0],0,2,2.79636472586,50.46434
3872,61,6.62907,12,1270,80.0,2.744735,6,5460,2.214582,2,1110,[-1],-1,1,100.0,51.56628
3877,63,6.596817,12,1270,80.0,2.750426,6,5450,2.134279,2,1050,[-1],-1,1,100.0,50.685646
3880,65,6.581838,12,1250,80.0,2.765043,6,5450,2.228077,2,1100,[-1 0],-1,1,99.4239138638,51.613747
3880,65,6.581838,12,1250,80.0,2.765043,6,5450,2.228077,2,1100,[-1 0],0,2,0.576086136198,51.615257
3885,70,6.398054,12,1290,80.0,2.769423,6,5410,2.048819,2,970,[-1 0],-1,1,97.3078508889,49.984322
3885,70,6.398054,12,1290,80.0,2.769423,6,5410,2.048819,2,970,[-1 0],0,2,2.69214911111,50.00721
3888,62,6.624633,12,1260,80.0,3.031704,6,5460,2.223973,2,1110,[-1 0],-1,1,97.7608956417,50.312248
3888,62,6.624633,12,1260,80.0,3.031704,6,5460,2.223973,2,1110,[-1 0],0,2,2.23910435826,50.325821
3893,61,6.621344,12,1270,80.0,2.74671,6,5460,2.26441,2,1140,[-1 0],-1,1,98.8709238121,51.351429
3893,61,6.621344,12,1270,80.0,2.74671,6,5460,2.26441,2,1140,[-1 0],0,2,1.12907618788,51.355263
3896,59,6.462882,12,1250,80.0,2.742573,6,5480,2.215919,2,1130,[-1 0],-1,1,99.4165930042,51.931923
3896,59,6.462882,12,1250,80.0,2.742573,6,5480,2.215919,2,1130,[-1 0],0,2,0.583406995833,51.933197
3912,69,6.380199,12,1310,80.0,3.154306,6,5410,1.954203,2,920,[-1 0],-1,1,95.372972973,48.203106
3912,69,6.380199,12,1310,80.0,3.154306,6,5410,1.954203,2,920,[-1 0],0,2,4.62702702703,48.267941
3916,61,6.629458,12,1270,80.0,2.744596,6,5460,2.169101,2,1080,[-1],-1,1,100.0,51.16769
3922,62,6.608819,12,1270,80.0,2.749508,6,5460,2.159458,2,1070,[-1 0],-1,1,99.439104544,51.135654
3922,62,6.608819,12,1270,80.0,2.749508,6,5460,2.159458,2,1070,[-1 0],0,2,0.560895456006,51.138443
3927,63,6.616756,12,1260,80.0,2.752825,6,5460,2.227171,2,1110,[-1],-1,1,100.0,51.082844
3932,63,6.584146,12,1270,80.0,3.15462,6,5450,2.153774,2,1060,[-1 0],-1,1,98.3535228677,49.918999
3932,63,6.584146,12,1270,80.0,3.15462,6,5450,2.153774,2,1060,[-1 0],0,2,1.64647713226,49.932194
3937,62,6.615953,12,1270,80.0,2.748215,6,5460,2.142334,2,1060,[-1 0],-1,1,99.4378126703,50.978981
3937,62,6.615953,12,1270,80.0,2.748215,6,5460,2.142334,2,1060,[-1 0],0,2,0.562187329734,50.981457
3941,64,6.599,12,1260,80.0,3.156316,6,5450,2.186578,2,1080,[-1 0],-1,1,98.8950552472,49.641712
3941,64,6.599,12,1260,80.0,3.156316,6,5450,2.186578,2,1080,[-1 0],0,2,1.10494475276,49.649246
3945,56,6.421864,12,1290,80.0,3.619567,6,5470,2.157877,2,1100,[-1 0],-1,1,97.2890174816,50.06982
3945,56,6.421864,12,1290,80.0,3.619567,6,5470,2.157877,2,1100,[-1 0],0,2,2.71098251842,50.087891
3950,63,6.616972,12,1260,80.0,2.752752,6,5460,2.134027,2,1050,[-1],-1,1,100.0,50.875214
3955,63,6.617025,12,1260,80.0,2.752734,6,5460,2.134005,2,1050,[-1 0],-1,1,99.4354093282,50.863922
3955,63,6.617025,12,1260,80.0,2.752734,6,5460,2.134005,2,1050,[-1 0],0,2,0.564590671763,50.866074
3958,68,6.480752,12,1270,80.0,2.76835,6,5430,2.119863,2,1020,[-1 0],-1,1,98.8738962199,51.018948
3958,68,6.480752,12,1270,80.0,2.76835,6,5430,2.119863,2,1020,[-1 0],0,2,1.12610378014,51.024895
3968,63,6.597237,12,1270,80.0,2.750191,6,5450,2.134077,2,1050,[-1],-1,1,100.0,50.673183
3974,63,6.584552,12,1270,80.0,2.753836,6,5450,2.12213,2,1040,[-1 0],-1,1,99.4432209052,50.669846
3974,63,6.584552,12,1270,80.0,2.753836,6,5450,2.12213,2,1040,[-1 0],0,2,0.556779094801,50.671646
3975,63,6.597296,12,1270,80.0,2.750168,6,5450,2.134046,2,1050,[-1],-1,1,100.0,50.636707
3977,61,6.632654,12,1270,80.0,2.743237,6,5460,2.1382,2,1060,[-1],-1,1,100.0,50.585598
3982,62,6.583372,12,1280,80.0,2.749538,6,5450,2.098595,2,1030,[-1 0],-1,1,99.44593563,50.564655
3982,62,6.583372,12,1280,80.0,2.749538,6,5450,2.098595,2,1030,[-1 0],0,2,0.554064369967,50.56625
3987,62,6.538459,12,1300,80.0,2.747556,6,5440,2.082996,2,1020,[-1 0],-1,1,98.3656965764,50.534538
3987,62,6.538459,12,1300,80.0,2.747556,6,5440,2.082996,2,1020,[-1 0],0,2,1.63430342356,50.544628
3992,66,6.486585,12,1290,80.0,2.762438,6,5420,2.089906,2,1010,[-1 0],-1,1,98.354982575,50.566677
3992,66,6.486585,12,1290,80.0,2.762438,6,5420,2.089906,2,1010,[-1 0],0,2,1.645017425,50.573765
3995,63,6.54732,12,1290,80.0,2.750057,6,5440,2.086447,2,1020,[-1 0],-1,1,97.815433378,50.473942
3995,63,6.54732,12,1290,80.0,2.750057,6,5440,2.086447,2,1020,[-1 0],0,2,2.18456662197,50.48901
3998,63,6.539508,12,1290,80.0,3.028994,6,5440,2.087344,2,1020,[-1 0],-1,1,97.3376449707,49.213657
3998,63,6.539508,12,1290,80.0,3.028994,6,5440,2.087344,2,1020,[-1 0],0,2,2.6623550293,49.242634
3999,63,6.532631,12,1300,80.0,2.748195,6,5440,2.085289,2,1020,[-1 0],-1,1,96.7590248137,50.466465
3999,63,6.532631,12,1300,80.0,2.748195,6,5440,2.085289,2,1020,[-1 0],0,2,3.24097518628,50.496502
3003,42,6.965227,12,1110,80.0,2.762693,6,5550,2.887574,23,3330,[-1],-1,1,100.0,60.392494
3008,71,6.797478,12,1080,80.0,2.806082,6,5520,3.03407,23,3250,[-1],-1,1,100.0,56.909798
3021,44,6.961175,12,1100,80.0,2.756426,6,5560,2.898558,23,3340,[-1],-1,1,100.0,60.272961
3028,73,6.815393,12,1040,80.0,2.819016,6,5510,3.075212,23,3310,[-1],-1,1,100.0,57.688694
3041,43,6.938578,12,1120,80.0,2.755036,6,5540,2.882682,23,3320,[-1],-1,1,100.0,60.100292
3045,42,6.962552,12,1110,80.0,2.759058,6,5540,2.887824,23,3330,[-1],-1,1,100.0,59.943703
3050,44,6.932693,12,1120,80.0,2.751572,6,5550,2.883717,23,3320,[-1],-1,1,100.0,59.988197
3059,39,6.943656,12,1150,80.0,3.167941,6,5520,2.847114,23,3290,[-1],-1,1,100.0,58.79636
3065,48,6.914391,12,1090,80.0,2.748466,6,5580,2.916228,23,3340,[-1],-1,1,100.0,59.786102
3070,44,6.93285,12,1120,80.0,2.751479,6,5550,2.883676,23,3320,[-1],-1,1,100.0,59.725288
3075,44,6.932889,12,1120,80.0,2.751456,6,5550,2.876445,23,3310,[-1],-1,1,100.0,59.629349
3079,44,6.93292,12,1120,80.0,2.751438,6,5550,2.876436,23,3310,[-1],-1,1,100.0,59.573055
3083,42,6.937239,12,1130,80.0,2.753062,6,5530,2.871333,23,3310,[-1],-1,1,100.0,58.590343
3096,72,6.742697,12,1090,80.0,2.812934,6,5490,3.024924,23,3220,[-1],-1,1,100.0,56.324818
3111,43,6.928138,12,1130,80.0,2.750933,6,5540,2.866502,23,3300,[-1],-1,1,100.0,59.260799
3116,44,6.927401,12,1120,80.0,2.753831,6,5550,2.864604,23,3290,[-1],-1,1,100.0,59.098286
3127,52,6.80762,12,1120,80.0,2.737003,6,5580,2.890091,23,3280,[-1],-1,1,100.0,57.256042
3132,44,6.901992,12,1140,80.0,2.747137,6,5540,2.862704,23,3290,[-1],-1,1,100.0,58.314457
3142,44,6.917883,12,1130,80.0,2.746772,6,5540,2.862434,23,3290,[-1],-1,1,100.0,58.227898
3149,46,6.895683,12,1120,80.0,2.744492,6,5560,2.873091,23,3290,[-1],-1,1,100.0,58.142139
3154,44,6.902318,12,1140,80.0,2.746721,6,5540,2.855488,23,3280,[-1],-1,1,100.0,58.14333
3158,44,6.906593,12,1130,80.0,2.746896,6,5550,2.859212,23,3280,[-1],-1,1,100.0,58.015305
3166,45,6.904432,12,1130,80.0,2.749366,6,5550,2.859471,23,3280,[-1],-1,1,100.0,58.067867
3169,66,6.818209,12,1130,80.0,2.78298,6,5500,2.994262,23,3210,[-1],-1,1,100.0,56.179356
3173,45,6.891365,12,1130,80.0,2.744393,6,5550,2.869621,23,3290,[-1],-1,1,100.0,58.063763
3182,48,6.848714,12,1130,80.0,2.739877,6,5560,2.868298,23,3270,[-1],-1,1,100.0,57.403751
3187,71,6.666652,12,1140,80.0,2.797666,6,5480,2.585801,2,1310,[-1],-1,1,100.0,55.086884
3193,45,6.903511,12,1130,80.0,2.747765,6,5550,2.859534,23,3280,[-1],-1,1,100.0,57.8438
3202,44,6.912461,12,1130,80.0,2.749757,6,5540,2.857437,23,3280,[-1],-1,1,100.0,57.786469
3209,44,6.886456,12,1150,80.0,2.742358,6,5530,2.848592,23,3270,[-1],-1,1,100.0,57.737919
3213,45,6.843386,12,1160,80.0,2.739443,6,5540,2.84983,23,3260,[-1],-1,1,100.0,57.768509
3217,70,6.688097,12,1150,80.0,2.7879,6,5490,2.583827,2,1320,[-1],-1,1,100.0,55.11446
3223,43,6.869854,12,1160,80.0,2.745968,6,5540,2.836377,23,3250,[-1],-1,1,100.0,57.621105
3227,58,6.712581,12,1120,80.0,2.761269,6,5540,2.977022,23,3240,[-1],-1,1,100.0,57.176498
3242,45,6.872362,12,1150,80.0,2.744503,6,5540,2.846312,23,3260,[-1],-1,1,100.0,57.469395
3251,45,6.854196,12,1160,80.0,2.739471,6,5530,2.839826,23,3250,[-1],-1,1,100.0,57.428558
3256,69,6.702132,12,1150,80.0,2.788188,6,5480,2.606865,2,1340,[-1],-1,1,100.0,54.969273
3266,45,6.843847,12,1160,80.0,2.739221,6,5540,2.83673,23,3240,[-1],-1,1,100.0,57.34016
3272,54,6.758527,12,1130,80.0,2.742194,6,5560,2.965816,23,3240,[-1],-1,1,100.0,57.124084
3276,68,6.728154,12,1150,80.0,2.790395,6,5480,2.625962,2,1360,[-1],-1,1,100.0,55.367855
3287,70,6.703995,12,1140,80.0,2.799006,6,5470,2.626437,2,1350,[-1],-1,1,100.0,55.502438
3292,65,6.933093,12,1080,80.0,2.785233,6,5550,3.023044,23,3270,[-1],-1,1,100.0,57.096138
3306,47,6.843593,12,1150,80.0,2.73916,6,5540,2.848005,23,3250,[-1],-1,1,100.0,57.781532
3310,65,6.900264,12,1090,80.0,2.783168,6,5530,3.024419,23,3270,[-1],-1,1,100.0,57.288307
3320,48,6.802564,12,1160,80.0,2.733731,6,5550,2.847612,23,3240,[-1],-1,1,100.0,57.566109
3325,62,6.819755,12,1170,80.0,2.762673,6,5510,2.55417,2,1340,[-1],-1,1,100.0,55.051483
3334,65,6.82748,12,1130,80.0,2.782541,6,5510,2.992551,23,3210,[-1],-1,1,100.0,56.204346
3339,72,6.565577,12,1190,80.0,2.788069,6,5450,2.45688,2,1220,[-1 0],-1,1,99.3711850137,53.822075
3339,72,6.565577,12,1190,80.0,2.788069,6,5450,2.45688,2,1220,[-1 0],0,2,0.628814986319,53.822651
3344,46,6.819949,12,1170,80.0,2.73864,6,5530,2.82621,23,3220,[-1],-1,1,100.0,57.263519
3348,47,6.798024,12,1170,80.0,2.73442,6,5540,2.831726,23,3220,[-1],-1,1,100.0,57.248314
3351,48,6.810588,12,1160,80.0,2.736186,6,5540,2.834316,23,3220,[-1],-1,1,100.0,57.224606
3362,52,6.757843,12,1150,80.0,2.729286,6,5560,2.853665,23,3220,[-1],-1,1,100.0,56.436272
3369,56,6.657863,12,1170,80.0,2.743245,6,5530,2.574807,2,1390,[-1],-1,1,100.0,55.942822
3376,46,6.796461,12,1180,80.0,2.733102,6,5530,2.821655,23,3210,[-1],-1,1,100.0,56.889957
3380,47,6.807975,12,1170,80.0,2.735673,6,5530,2.830184,23,3220,[-1],-1,1,100.0,56.859295
3398,68,6.664308,12,1180,80.0,2.780699,6,5470,2.514709,2,1280,[-1],-1,1,100.0,54.13942
3403,52,6.718036,12,1170,80.0,2.730464,6,5560,2.939289,23,3200,[-1],-1,1,100.0,56.703499
3408,57,6.651801,12,1170,80.0,3.143815,6,5530,2.532834,2,1360,[-1],-1,1,100.0,53.786861
3420,71,6.567819,12,1200,80.0,2.787309,6,5440,2.379227,2,1170,[-1],-1,1,100.0,52.942226
3422,51,6.743288,12,1170,80.0,2.725427,6,5550,2.841544,23,3210,[-1],-1,1,100.0,56.193733
3426,49,6.759727,12,1180,80.0,2.730326,6,5530,2.832659,23,3210,[-1],-1,1,100.0,56.447475
3433,77,6.396269,12,1220,80.0,2.804883,6,5400,2.272934,2,1070,[-1 0],-1,1,98.7982744454,52.575787
3433,77,6.396269,12,1220,80.0,2.804883,6,5400,2.272934,2,1070,[-1 0],0,2,1.20172555464,52.580097
3440,66,6.616567,12,1220,80.0,2.773376,6,5450,2.405027,2,1210,[-1 0],-1,1,99.3936435343,53.154396
3440,66,6.616567,12,1220,80.0,2.773376,6,5450,2.405027,2,1210,[-1 0],0,2,0.606356465661,53.156837
3445,47,6.758267,12,1190,80.0,2.731269,6,5530,2.810926,23,3180,[-1],-1,1,100.0,56.229191
3450,48,6.775517,12,1180,80.0,2.732534,6,5530,2.817036,23,3190,[-1],-1,1,100.0,56.19099
3455,53,6.694951,12,1180,80.0,2.729766,6,5550,2.929315,23,3180,[-1],-1,1,100.0,56.239449
3465,48,6.750422,12,1190,80.0,2.726969,6,5530,2.818585,23,3190,[-1],-1,1,100.0,56.073025
3470,49,6.751984,12,1180,80.0,2.728613,6,5540,2.304267,2,1390,[-1],-1,1,100.0,55.900261
3473,48,6.738314,12,1200,80.0,3.646752,6,5520,2.811434,23,3180,[-1],-1,1,100.0,53.924026
3477,49,6.712475,12,1200,80.0,2.725828,6,5530,2.275265,2,1370,[-1],-1,1,100.0,55.940098
3486,49,6.752242,12,1180,80.0,2.727821,6,5540,2.304782,2,1390,[-1],-1,1,100.0,55.875504
3496,55,6.693139,12,1160,80.0,3.115325,6,5540,2.554812,2,1380,[-1],-1,1,100.0,54.057236
3500,48,6.746904,12,1190,80.0,2.727426,6,5530,2.261818,2,1370,[-1],-1,1,100.0,55.649441
3511,70,6.587718,12,1200,80.0,2.783904,6,5450,2.384815,2,1180,[-1],-1,1,100.0,53.159752
3512,61,6.765779,12,1210,80.0,2.752225,6,5500,2.404397,2,1240,[-1],-1,1,100.0,53.452187
3525,54,6.680704,12,1180,80.0,2.734268,6,5550,2.488578,2,1340,[-1],-1,1,100.0,55.516609
3533,68,6.591885,12,1220,80.0,2.777845,6,5440,2.384568,2,1190,[-1 0],-1,1,99.3937517736,52.888958
3533,68,6.591885,12,1220,80.0,2.777845,6,5440,2.384568,2,1190,[-1 0],0,2,0.606248226401,52.889912
3537,49,6.714329,12,1200,80.0,2.725388,6,5530,2.225062,2,1340,[-1],-1,1,100.0,55.342571
3540,70,6.58532,12,1200,80.0,2.779909,6,5460,2.386674,2,1180,[-1],-1,1,100.0,52.861858
3551,73,6.517801,12,1200,80.0,2.793446,6,5440,2.379667,2,1160,[-1 0],-1,1,99.3808783624,52.953396
3551,73,6.517801,12,1200,80.0,2.793446,6,5440,2.379667,2,1160,[-1 0],0,2,0.619121637643,52.954479
3555,67,6.575826,12,1240,80.0,2.770693,6,5440,2.29884,2,1140,[-1 0],-1,1,98.8214675777,52.267639
3555,67,6.575826,12,1240,80.0,2.770693,6,5440,2.29884,2,1140,[-1 0],0,2,1.17853242234,52.271198
3561,66,6.59549,12,1240,80.0,2.767383,6,5450,2.294694,2,1140,[-1 0],-1,1,98.8217070012,52.29142
3561,66,6.59549,12,1240,80.0,2.767383,6,5450,2.294694,2,1140,[-1 0],0,2,1.17829299881,52.296574
3563,67,6.719698,12,1170,80.0,2.781353,6,5480,2.558541,2,1320,[-1],-1,1,100.0,54.848183
3572,70,6.570228,12,1210,80.0,2.788082,6,5440,2.355061,2,1160,[-1 0],-1,1,98.7786575584,53.172619
3572,70,6.570228,12,1210,80.0,2.788082,6,5440,2.355061,2,1160,[-1 0],0,2,1.22134244165,53.175144
3576,55,6.644424,12,1190,80.0,2.734858,6,5530,2.436716,2,1300,[-1],-1,1,100.0,54.611309
3581,69,6.688536,12,1160,80.0,2.781579,6,5490,2.576079,2,1320,[-1],-1,1,100.0,54.789402
3597,68,6.708331,12,1160,80.0,2.781666,6,5480,2.567112,2,1320,[-1],-1,1,100.0,54.55056
3610,50,6.680223,12,1210,80.0,2.722437,6,5530,2.183663,2,1310,[-1],-1,1,100.0,54.534306
3614,53,6.619966,12,1220,80.0,2.722697,6,5530,2.424368,2,1300,[-1],-1,1,100.0,54.52116
3616,57,6.613997,12,1190,80.0,2.739395,6,5510,2.462127,2,1310,[-1],-1,1,100.0,54.552113
3625,51,6.675418,12,1210,80.0,2.723634,6,5530,2.170979,2,1300,[-1],-1,1,100.0,54.392044
3628,50,6.671128,12,1220,80.0,3.633259,6,5520,2.163597,2,1300,[-1 0],-1,1,99.4024874984,52.404053
3628,50,6.671128,12,1220,80.0,3.633259,6,5520,2.163597,2,1300,[-1 0],0,2,0.597512501603,52.405167
3636,48,6.647426,12,1240,80.0,2.722266,6,5510,2.138444,2,1290,[-1],-1,1,100.0,53.856899
3642,50,6.680554,12,1210,80.0,2.723033,6,5530,2.17051,2,1300,[-1],-1,1,100.0,54.237011
3649,70,6.463737,12,1260,80.0,2.772308,6,5430,2.184463,2,1050,[-1 0],-1,1,98.8514970661,51.562538
3649,70,6.463737,12,1260,80.0,2.772308,6,5430,2.184463,2,1050,[-1 0],0,2,1.14850293395,51.567028
3652,70,6.472631,12,1250,80.0,2.775237,6,5430,2.221931,2,1070,[-1 0],-1,1,98.2489685016,52.126442
3652,70,6.472631,12,1250,80.0,2.775237,6,5430,2.221931,2,1070,[-1 0],0,2,1.75103149844,52.134243
3660,54,6.626784,12,1210,80.0,2.727139,6,5530,2.402417,2,1280,[-1],-1,1,100.0,54.062347
3670,55,6.550085,12,1240,80.0,2.728345,6,5510,2.380127,2,1260,[-1 0],-1,1,99.3951254225,53.46759
3670,55,6.550085,12,1240,80.0,2.728345,6,5510,2.380127,2,1260,[-1 0],0,2,0.604874577477,53.469208
3678,57,6.544424,12,1220,80.0,3.060796,6,5500,2.436381,2,1290,[-1 0],-1,1,99.401182149,52.121765
3678,57,6.544424,12,1220,80.0,3.060796,6,5500,2.436381,2,1290,[-1 0],0,2,0.598817850967,52.123928
3681,67,6.585941,12,1230,80.0,2.773774,6,5440,2.303303,2,1140,[-1],-1,1,100.0,52.193996
3686,52,6.606129,12,1230,80.0,2.72036,6,5530,2.367818,2,1260,[-1],-1,1,100.0,53.821072
3691,70,6.48666,12,1250,80.0,2.772132,6,5430,2.150508,2,1030,[-1 0],-1,1,98.8542137796,51.384346
3691,70,6.48666,12,1250,80.0,2.772132,6,5430,2.150508,2,1030,[-1 0],0,2,1.14578622041,51.389042
3698,37,6.728401,12,1290,80.0,2.735479,6,5430,2.04261,2,1300,[-1 0],-1,1,99.4248829139,53.280613
3698,37,6.728401,12,1290,80.0,2.735479,6,5430,2.04261,2,1300,[-1 0],0,2,0.575117086073,53.280743
3702,68,6.598135,12,1210,80.0,2.782858,6,5450,2.374457,2,1180,[-1 0],-1,1,99.3845511918,53.047287
3702,68,6.598135,12,1210,80.0,2.782858,6,5450,2.374457,2,1180,[-1 0],0,2,0.61544880822,53.048313
3713,70,6.501876,12,1240,80.0,2.77521,6,5440,2.248961,2,1090,[-1 0],-1,1,98.2515012363,51.95908
3713,70,6.501876,12,1240,80.0,2.77521,6,5440,2.248961,2,1090,[-1 0],0,2,1.74849876369,51.965477
3718,59,6.521765,12,1220,80.0,2.745524,6,5490,2.374426,2,1240,[-1 0],-1,1,99.387828592,53.556702
3718,59,6.521765,12,1220,80.0,2.745524,6,5490,2.374426,2,1240,[-1 0],0,2,0.612171407994,53.556705
3721,70,6.4453,12,1270,80.0,2.769722,6,5420,2.116659,2,1010,[-1 0],-1,1,98.3087888345,51.007095
3721,70,6.4453,12,1270,80.0,2.769722,6,5420,2.116659,2,1010,[-1 0],0,2,1.69121116547,51.015362
3725,69,6.467716,12,1270,80.0,2.770302,6,5420,2.110078,2,1010,[-1 0],-1,1,98.3126440199,51.135872
3725,69,6.467716,12,1270,80.0,2.770302,6,5420,2.110078,2,1010,[-1 0],0,2,1.68735598008,51.14489
3732,58,6.514405,12,1230,80.0,3.043907,6,5490,2.384872,2,1250,[-1 0],-1,1,99.4135645079,51.677876
3732,58,6.514405,12,1230,80.0,3.043907,6,5490,2.384872,2,1250,[-1 0],0,2,0.586435492096,51.680248
3738,53,6.583999,12,1240,80.0,2.718225,6,5520,2.354177,2,1250,[-1],-1,1,100.0,53.273663
3744,71,6.567397,12,1200,80.0,2.781516,6,5450,2.376896,2,1170,[-1],-1,1,100.0,53.150471
3746,69,6.465656,12,1270,80.0,2.766217,6,5430,2.109583,2,1010,[-1 0],-1,1,98.8739800094,51.06826
3746,69,6.465656,12,1270,80.0,2.766217,6,5430,2.109583,2,1010,[-1 0],0,2,1.12601999058,51.074539
3753,61,6.641281,12,1260,80.0,2.749521,6,5470,2.173757,2,1080,[-1 0],-1,1,98.2918789332,51.295284
3753,61,6.641281,12,1260,80.0,2.749521,6,5470,2.173757,2,1080,[-1 0],0,2,1.70812106683,51.301914
3759,52,6.591405,12,1240,80.0,3.634707,6,5520,2.075223,2,1230,[-1 0],-1,1,99.4227003382,51.044926
3759,52,6.591405,12,1240,80.0,3.634707,6,5520,2.075223,2,1230,[-1 0],0,2,0.577299661758,51.047024
3766,59,6.733937,12,1240,80.0,3.052679,6,5490,2.364063,2,1220,[-1 0],-1,1,99.4291223708,50.578548
3766,59,6.733937,12,1240,80.0,3.052679,6,5490,2.364063,2,1220,[-1 0],0,2,0.570877629209,50.580997
3775,61,6.693069,12,1240,80.0,2.749429,6,5480,2.333727,2,1190,[-1 0],-1,1,99.4110807805,52.420429
3775,61,6.693069,12,1240,80.0,2.749429,6,5480,2.333727,2,1190,[-1 0],0,2,0.588919219492,52.422131
3789,63,6.579659,12,1270,80.0,3.155736,6,5450,2.123274,2,1040,[-1 0],-1,1,96.761975492,49.058407
3789,63,6.579659,12,1270,80.0,3.155736,6,5450,2.123274,2,1040,[-1 0],0,2,3.23802450798,49.085125
3792,60,6.714723,12,1240,80.0,2.74363,6,5480,2.313225,2,1180,[-1],-1,1,100.0,52.25647
3797,57,6.519234,12,1240,80.0,2.735568,6,5500,2.290064,2,1190,[-1],-1,1,100.0,52.79071
3800,53,6.558592,12,1250,80.0,2.7184,6,5510,2.29909,2,1210,[-1],-1,1,100.0,52.683929
3804,59,6.52259,12,1220,80.0,2.745217,6,5490,2.303198,2,1190,[-1],-1,1,100.0,52.725147
3809,65,6.516675,12,1280,80.0,3.145873,6,5430,2.118647,2,1030,[-1 0],-1,1,96.8052063304,48.690063
3809,65,6.516675,12,1280,80.0,3.145873,6,5430,2.118647,2,1030,[-1 0],0,2,3.19479366958,48.721684
3814,53,6.566695,12,1250,80.0,3.622437,6,5520,2.309663,2,1220,[-1 0],-1,1,99.4331779821,50.516727
3814,53,6.566695,12,1250,80.0,3.622437,6,5520,2.309663,2,1220,[-1 0],0,2,0.566822017886,50.519558
3822,71,6.458638,12,1250,80.0,2.779362,6,5430,2.16035,2,1030,[-1 0],-1,1,98.8501109542,51.251873
3822,71,6.458638,12,1250,80.0,2.779362,6,5430,2.16035,2,1030,[-1 0],0,2,1.14988904579,51.258224
3826,71,6.386034,12,1290,80.0,2.771923,6,5410,2.054929,2,970,[-1 0],-1,1,96.1769151997,50.37487
3826,71,6.386034,12,1290,80.0,2.771923,6,5410,2.054929,2,970,[-1 0],0,2,3.82308480031,50.40749
3835,60,6.702324,12,1250,80.0,2.743527,6,5490,2.267252,2,1150,[-1 0],-1,1,99.4203044662,51.79673
3835,60,6.702324,12,1250,80.0,2.743527,6,5490,2.267252,2,1150,[-1 0],0,2,0.579695533824,51.798878
3840,62,6.669257,12,1240,80.0,3.159966,6,5470,2.328235,2,1180,[-1 0],-1,1,98.3228776687,49.804939
3840,62,6.669257,12,1240,80.0,3.159966,6,5470,2.328235,2,1180,[-1 0],0,2,1.67712233128,49.816223
3846,63,6.653351,12,1240,80.0,2.754604,6,5460,2.274188,2,1140,[-1],-1,1,100.0,51.864124
3856,63,6.64017,12,1250,80.0,3.100265,6,5470,2.239662,2,1120,[-1 0],-1,1,98.3011602446,50.674675
3856,63,6.64017,12,1250,80.0,3.100265,6,5470,2.239662,2,1120,[-1 0],0,2,1.69883975537,50.685116
3860,63,6.635036,12,1250,80.0,2.753994,6,5460,2.301882,2,1160,[-1],-1,1,100.0,51.728073
3865,62,6.641438,12,1260,80.0,3.089781,6,5470,2.218629,2,1110,[-1 0],-1,1,98.3214383408,50.587547
3865,62,6.641438,12,1260,80.0,3.089781,6,5470,2.218629,2,1110,[-1 0],0,2,1.67856165916,50.597206
3868,64,6.606654,12,1250,80.0,2.75961,6,5450,2.238075,2,1110,[-1 0],-1,1,99.4229369998,51.710201
3868,64,6.606654,12,1250,80.0,2.75961,6,5450,2.238075,2,1110,[-1 0],0,2,0.577063000226,51.711159
3880,62,6.61542,12,1270,80.0,3.065833,6,5460,2.204378,2,1100,[-1 0],-1,1,97.2207057422,50.394108
3880,62,6.61542,12,1270,80.0,3.065833,6,5460,2.204378,2,1100,[-1 0],0,2,2.77929425778,50.414734
3883,54,6.503219,12,1270,80.0,2.71948,6,5500,1.660218,2,860,[-1 0],-1,1,99.4279062856,51.922607
3883,54,6.503219,12,1270,80.0,2.71948,6,5500,1.660218,2,860,[-1 0],0,2,0.572093714399,51.924469
3887,62,6.60849,12,1270,80.0,2.749619,6,5460,2.190743,2,1090,[-1 0],-1,1,98.3005565863,51.435825
3887,62,6.60849,12,1270,80.0,2.749619,6,5460,2.190743,2,1090,[-1 0],0,2,1.69944341373,51.443344
3895,61,6.629273,12,1270,80.0,2.744661,6,5460,2.214464,2,1110,[-1 0],-1,1,98.87039239,51.324287
3895,61,6.629273,12,1270,80.0,2.744661,6,5460,2.214464,2,1110,[-1 0],0,2,1.12960760999,51.328014
3900,61,6.641163,12,1270,80.0,2.744191,6,5470,2.257181,2,1140,[-1 0],-1,1,98.8691037151,51.269917
3900,61,6.641163,12,1270,80.0,2.744191,6,5470,2.257181,2,1140,[-1 0],0,2,1.13089628491,51.278118
3903,62,6.615633,12,1270,80.0,2.748324,6,5460,2.188504,2,1090,[-1 0],-1,1,98.3039500112,51.29644
3903,62,6.615633,12,1270,80.0,2.748324,6,5460,2.188504,2,1090,[-1 0],0,2,1.69604998884,51.302917
3907,61,6.641228,12,1270,80.0,2.744169,6,5470,2.181232,2,1090,[-1 0],-1,1,98.3130687844,51.212471
3907,61,6.641228,12,1270,80.0,2.744169,6,5470,2.181232,2,1090,[-1 0],0,2,1.68693121563,51.221268
3911,62,6.626794,12,1260,80.0,2.751726,6,5460,2.177836,2,1080,[-1 0],-1,1,99.4310099573,51.234173
3911,62,6.626794,12,1260,80.0,2.751726,6,5460,2.177836,2,1080,[-1 0],0,2,0.568990042674,51.237041
3916,62,6.624906,12,1260,80.0,2.751644,6,5460,2.178694,2,1080,[-1 0],-1,1,99.4305552087,51.205753
3916,62,6.624906,12,1260,80.0,2.751644,6,5460,2.178694,2,1080,[-1 0],0,2,0.569444791328,51.208523
3920,63,6.618837,12,1260,80.0,2.752304,6,5460,2.180179,2,1080,[-1 0],-1,1,99.4359968197,51.186848
3920,63,6.618837,12,1260,80.0,2.752304,6,5460,2.180179,2,1080,[-1 0],0,2,0.564003180282,51.189693
3926,59,6.670013,12,1270,80.0,2.736638,6,5470,2.24666,2,1140,[-1 0],-1,1,99.4387994759,50.998268
3926,59,6.670013,12,1270,80.0,2.736638,6,5470,2.24666,2,1140,[-1 0],0,2,0.561200524117,50.999771
3929,63,6.618922,12,1260,80.0,2.752275,6,5460,2.180134,2,1080,[-1 0],-1,1,99.4347891041,51.059353
3929,63,6.618922,12,1260,80.0,2.752275,6,5460,2.180134,2,1080,[-1 0],0,2,0.565210895872,51.061874
3933,62,6.615916,12,1270,80.0,2.748228,6,5460,2.142355,2,1060,[-1 0],-1,1,99.4379518669,51.010258
3933,62,6.615916,12,1270,80.0,2.748228,6,5460,2.142355,2,1060,[-1 0],0,2,0.562048133109,51.012817
3938,61,6.622703,12,1270,80.0,2.745675,6,5460,2.158608,2,1070,[-1 0],-1,1,99.4401367454,50.938221
3938,61,6.622703,12,1270,80.0,2.745675,6,5460,2.158608,2,1070,[-1 0],0,2,0.559863254639,50.940643
3948,55,6.467226,12,1280,80.0,3.621372,6,5490,2.222526,2,1150,[-1 0],-1,1,97.2796784629,49.984749
3948,55,6.467226,12,1280,80.0,3.621372,6,5490,2.222526,2,1150,[-1 0],0,2,2.7203215371,50.006844
3954,55,6.457106,12,1280,80.0,3.628148,6,5480,2.211473,2,1140,[-1 0],-1,1,98.9056492162,49.944626
3954,55,6.457106,12,1280,80.0,3.628148,6,5480,2.211473,2,1140,[-1 0],0,2,1.09435078379,49.953335
3958,58,6.394475,12,1290,80.0,2.734343,6,5460,2.136416,2,1080,[-1 0],-1,1,98.3295071558,51.348911
3958,58,6.394475,12,1290,80.0,2.734343,6,5460,2.136416,2,1080,[-1 0],0,2,1.67049284423,51.358463
3963,61,6.629867,12,1270,80.0,2.744453,6,5460,2.153123,2,1070,[-1 0],-1,1,99.4443072364,50.7313
3963,61,6.629867,12,1270,80.0,2.744453,6,5460,2.153123,2,1070,[-1 0],0,2,0.555692763645,50.733208
3968,61,6.622042,12,1270,80.0,2.746466,6,5460,2.126395,2,1050,[-1],-1,1,100.0,50.689682
3973,61,6.541423,12,1310,80.0,2.740971,6,5440,2.04161,2,1000,[-1 0],-1,1,97.3332692677,49.966007
3973,61,6.541423,12,1310,80.0,2.740971,6,5440,2.04161,2,1000,[-1 0],0,2,2.66673073227,49.988316
3978,62,6.61633,12,1270,80.0,2.748088,6,5460,2.126134,2,1050,[-1 0],-1,1,99.4427244582,50.598431
3978,62,6.61633,12,1270,80.0,2.748088,6,5460,2.126134,2,1050,[-1 0],0,2,0.557275541796,50.600086
3983,63,6.576163,12,1280,80.0,2.749874,6,5450,2.11682,2,1040,[-1 0],-1,1,98.8914617924,50.567638
3983,63,6.576163,12,1280,80.0,2.749874,6,5450,2.11682,2,1040,[-1 0],0,2,1.10853820762,50.571667
3988,62,6.577354,12,1290,80.0,2.745156,6,5450,2.09361,2,1030,[-1 0],-1,1,97.8172959805,50.499035
3988,62,6.577354,12,1290,80.0,2.745156,6,5450,2.09361,2,1030,[-1 0],0,2,2.18270401949,50.507229
3993,62,6.568573,12,1290,80.0,2.745849,6,5450,2.081715,2,1020,[-1 0],-1,1,97.815060476,50.461552
3993,62,6.568573,12,1290,80.0,2.745849,6,5450,2.081715,2,1020,[-1 0],0,2,2.184939524,50.476501
3997,63,6.539868,12,1290,80.0,3.02949,6,5440,2.088469,2,1020,[-1 0],-1,1,97.3215596106,49.22443
3997,63,6.539868,12,1290,80.0,3.02949,6,5440,2.088469,2,1020,[-1 0],0,2,2.67844038941,49.253479
3999,59,6.382335,12,1290,80.0,2.73645,6,5450,2.09442,2,1050,[-1 0],-1,1,99.4481074481,50.942307
3999,59,6.382335,12,1290,80.0,2.73645,6,5450,2.09442,2,1050,[-1 0],0,2,0.551892551893,50.944813
