3002,46,1.554959,0,8360,80.0,-0.965102,7,630,-0.49112,7,580,[0],0,1,100.0,64.195892
3007,63,1.536461,0,8360,80.0,-0.703098,7,610,-0.373109,7,500,[1],1,1,100.0,63.474335
3010,42,1.557459,0,8370,80.0,-1.00589,7,640,-0.53637,7,570,[-1 0],-1,1,32.4696347194,61.166142
3015,42,1.557044,0,8370,80.0,-1.001077,7,640,-0.532052,7,570,[0 -1 0],0,1,52.7570360787,66.993057
3047,59,1.544611,0,8340,80.0,-0.763894,7,620,-0.383858,7,550,[0 1 0],0,1,24.0762222247,57.134026
3291,55,1.546675,0,8350,80.0,-0.828161,7,620,-0.424331,7,550,[-1 0 -1 0],-1,1,28.8064223417,62.734763
3356,61,1.53741,0,8370,80.0,-0.749833,7,610,-0.397108,7,510,[0 -1 0 -1 0],0,1,0.887905648814,66.89093
3318,69,2.491753,2,1260,80.0,6.649197,12,1180,4.773504,22,630,[1 0],1,1,82.5629256367,58.25589
3002,46,2.755152,6,5570,80.0,-0.864765,20,890,6.949528,12,1090,[0 1 0 1 0],0,1,13.8998589959,49.433689
3027,73,-2.694294,9,1940,80.0,-7.491426,11,4140,-0.552806,9,2190,[0 -1 1 0],0,1,0.636604774536,72.841988
3002,46,-0.476728,9,2410,80.0,-3.415794,29,240,2.531232,26,430,[0 -1],0,1,2.07193982931,71.756485
3015,42,2.657126,14,3220,80.0,-2.576929,8,390,6.47571,22,530,[-1 0 -1],-1,1,27.1952383736,67.862328
3067,59,2.784874,6,5590,80.0,-0.367113,20,950,6.867335,12,1020,[0 1],0,1,13.8172685022,51.004673
3007,63,1.32086,10,4710,80.0,-0.709001,7,560,-0.703098,7,610,[-1 1 0],-1,1,29.6228358755,20.019688
3058,62,1.135234,6,5210,80.0,-1.473792,25,1050,7.967148,4,2440,[-1],-1,1,100.0,63.644455
3546,71,-2.671738,9,1930,80.0,-7.505994,11,4130,-0.53478,9,2220,[0 -1 1],0,1,11.0379127599,72.702858
3077,75,1.77713,27,10090,80.0,-0.523165,7,580,-1.274871,25,1130,[1 0 1 0],1,1,32.8883788729,64.033577