2.531232 430 80.0 -0.476728 6.36678 26
2.345339 530 80.0 -0.524847 6.118043 26
2.590928 410 80.0 -0.458514 6.402725 26
2.617855 410 80.0 -0.459507 6.399291 26
2.510108 430 80.0 -0.477066 6.366235 26
2.600345 410 80.0 -0.459799 6.400075 26
2.2743 610 80.0 -0.552806 6.015553 26
2.583731 400 80.0 -0.457821 6.405073 26
2.31714 590 80.0 -0.537993 6.081933 26
2.380955 520 80.0 -0.518125 6.153411 26
2.381699 500 80.0 -0.510155 6.179266 26
2.522294 450 80.0 -0.492033 6.343551 26
2.414164 520 80.0 -0.516124 6.153297 26
2.190215 570 80.0 -0.537846 6.00652 26
2.476646 390 80.0 -0.459597 6.377262 26
2.609494 530 80.0 -0.507759 6.263315 26
2.606252 550 80.0 -0.51633 6.261219 26
2.144444 590 80.0 -0.554743 5.894491 26
2.59781 390 80.0 -0.463117 6.375999 26
2.479278 410 80.0 -0.469499 6.352662 26
2.468136 430 80.0 -0.485128 6.292969 26
2.306729 520 80.0 -0.524266 6.084395 26
2.489452 430 80.0 -0.469993 6.370735 26
2.596325 390 80.0 -0.463187 6.376058 26
2.596053 390 80.0 -0.4632 6.376071 26
2.50753 400 80.0 -0.466993 6.373472 26
2.293188 510 80.0 -0.523777 6.088022 26
2.260721 570 80.0 -0.536605 6.049 26
2.594971 390 80.0 -0.463251 6.351599 26
2.085412 560 80.0 -0.553229 5.866794 26
2.438098 390 80.0 -0.46704 6.337386 26
2.499054 500 80.0 -0.508082 6.21535 26
2.255049 520 80.0 -0.526288 6.082451 26
2.40827 410 80.0 -0.468971 6.337564 26
2.386274 390 80.0 -0.459524 6.341654 26
2.526529 560 80.0 -0.51899 6.215586 26
2.448929 400 80.0 -0.474566 6.30378 26
2.526125 380 80.0 -0.463354 6.339434 26
2.400958 400 80.0 -0.468226 6.338536 26
2.368886 440 80.0 -0.486081 6.299563 26
2.489275 570 80.0 -0.520095 6.169742 26
2.436572 400 80.0 -0.468129 6.335096 26
2.424716 520 80.0 -0.515993 6.1871 26
2.088695 540 80.0 -0.538022 5.936893 26
2.441805 390 80.0 -0.467056 6.320761 26
2.448752 380 80.0 -0.466468 6.320775 26
2.379004 590 80.0 -0.536199 6.126252 26
2.388947 550 80.0 -0.526461 6.1428 26
2.330311 480 80.0 -0.510107 6.154484 26
2.418437 370 80.0 -0.465117 6.309668 26
2.270429 490 80.0 -0.517913 6.108659 26
2.337548 400 80.0 -0.482792 6.244051 26
2.413369 390 80.0 -0.475199 6.287067 26
2.344311 500 80.0 -0.517536 6.176315 26
2.163375 520 80.0 -0.532404 5.946146 26
2.158542 520 80.0 -0.532643 5.964162 26
2.382308 410 80.0 -0.484175 6.270207 26
2.253066 470 80.0 -0.51015 6.128202 26
2.307035 460 80.0 -0.502108 6.18143 26
2.404779 380 80.0 -0.466522 6.281442 26
2.239617 440 80.0 -0.501984 6.152177 26
2.329844 400 80.0 -0.484406 6.252985 26
2.27546 540 80.0 -0.532007 6.033207 26
2.083043 500 80.0 -0.533084 5.893164 26
2.330888 380 80.0 -0.481391 6.276966 26
2.340365 390 80.0 -0.475993 6.276474 26
2.19669 460 80.0 -0.510553 6.115128 26
2.300724 510 80.0 -0.518351 6.129088 26
2.039434 550 80.0 -0.546882 5.85986 26
2.301022 500 80.0 -0.518281 6.13183 26
2.186403 500 80.0 -0.519994 6.043593 26
2.290339 570 80.0 -0.54289 6.033448 26
2.301534 500 80.0 -0.516942 6.112938 26
2.244874 510 80.0 -0.519752 6.088953 26
2.30569 370 80.0 -0.473897 6.234783 26
2.330327 380 80.0 -0.480854 6.23262 26
2.278699 500 80.0 -0.51834 6.108804 26
2.257488 360 80.0 -0.480172 6.218982 26
2.225498 500 80.0 -0.519404 6.077912 26
2.328966 380 80.0 -0.480916 6.232817 26
2.252171 400 80.0 -0.49022 6.196061 26
2.285473 390 80.0 -0.484117 6.227826 26
2.247421 550 80.0 -0.53572 6.026377 26
2.239769 380 80.0 -0.483654 6.211133 26
2.060302 510 80.0 -0.541287 5.853574 26
2.164721 510 80.0 -0.52791 6.01948 26
2.275685 390 80.0 -0.483519 6.229392 26
2.275492 390 80.0 -0.483526 6.22942 26
2.177543 490 80.0 -0.524291 6.030385 26
2.16794 500 80.0 -0.526581 6.036438 26
2.170666 390 80.0 -0.498282 6.127866 26
2.134031 380 80.0 -0.49185 6.162938 26
2.13334 510 80.0 -0.528373 5.986255 26
2.175582 410 80.0 -0.499075 6.130299 26
2.168633 520 80.0 -0.533648 5.980605 26
2.104712 510 80.0 -0.53541 5.965381 26
2.186856 540 80.0 -0.53478 5.959722 26
2.101745 510 80.0 -0.534949 5.968584 26
2.144377 530 80.0 -0.536061 5.95715 26
1.997498 460 80.0 -0.525343 5.908615 26
2.089581 530 80.0 -0.543506 5.900447 26
2.041857 450 80.0 -0.518481 6.002099 26
2.149116 510 80.0 -0.533811 5.965737 26
2.076581 520 80.0 -0.542479 5.903094 26
2.087371 400 80.0 -0.499967 6.075616 26
2.039731 530 80.0 -0.538827 5.94486 26
2.009897 440 80.0 -0.518611 5.962242 26
1.950439 480 80.0 -0.535099 5.822706 26
2.128395 510 80.0 -0.532688 5.939745 26
2.012147 480 80.0 -0.533699 5.864841 26
2.08578 370 80.0 -0.490596 6.141144 26
2.077358 520 80.0 -0.536824 5.926472 26
2.116235 370 80.0 -0.490338 6.13203 26
2.055992 500 80.0 -0.534268 5.898947 26
2.103932 520 80.0 -0.535113 5.925646 26
2.094523 520 80.0 -0.536147 5.926536 26
1.87838 460 80.0 -0.535591 5.806519 26
2.083518 500 80.0 -0.532924 5.92084 26
2.09073 520 80.0 -0.534391 5.895326 26
2.033703 510 80.0 -0.536507 5.886774 26
2.030351 510 80.0 -0.537043 5.893105 26
2.064598 390 80.0 -0.498833 6.080475 26
2.056551 420 80.0 -0.503214 6.051382 26
2.019555 490 80.0 -0.533823 5.881619 26
2.048665 500 80.0 -0.534161 5.901361 26
1.987632 500 80.0 -0.536948 5.892134 26
2.001369 490 80.0 -0.53525 5.893331 26
2.006545 500 80.0 -0.535992 5.891701 26
2.08224 370 80.0 -0.491097 6.09551 26
2.008785 490 80.0 -0.534426 5.882324 26
2.072275 510 80.0 -0.534979 5.878733 26
2.070733 500 80.0 -0.534698 5.895592 26
2.002734 500 80.0 -0.535788 5.876901 26
2.029717 500 80.0 -0.533949 5.863454 26
2.018452 510 80.0 -0.54362 5.853776 26
2.01974 490 80.0 -0.534398 5.862787 26
2.007757 500 80.0 -0.536392 5.8548 26
2.016922 500 80.0 -0.535782 5.854526 26
1.979684 480 80.0 -0.533817 5.844807 26
1.958366 500 80.0 -0.543857 5.840146 26
1.969844 500 80.0 -0.543416 5.839087 26
1.894973 460 80.0 -0.534825 5.8044 26
1.870803 450 80.0 -0.527431 5.810863 26
1.9605 420 80.0 -0.511065 5.969741 26
1.980734 510 80.0 -0.542924 5.821116 26
1.95874 490 80.0 -0.536405 5.840557 26
1.969435 500 80.0 -0.542467 5.822337 26
1.981065 430 80.0 -0.523389 5.954289 26
1.973393 500 80.0 -0.543742 5.836903 26
1.993668 390 80.0 -0.501093 6.020774 26
1.957641 370 80.0 -0.501071 6.035171 26
1.94301 440 80.0 -0.519386 5.950015 26
1.982803 490 80.0 -0.534587 5.844471 26
1.96828 370 80.0 -0.500595 6.018507 26
1.999698 380 80.0 -0.499201 6.045966 26
1.915588 480 80.0 -0.535631 5.804305 26
1.946878 490 80.0 -0.535523 5.789497 26
1.958178 500 80.0 -0.544484 5.812443 26
1.979145 430 80.0 -0.523478 5.917521 26
1.945643 360 80.0 -0.499402 6.021619 26
1.940775 390 80.0 -0.502694 5.995697 26
1.949258 430 80.0 -0.518048 5.895443 26
1.894786 490 80.0 -0.537752 5.786015 26
1.909991 500 80.0 -0.544937 5.780694 26
1.920962 490 80.0 -0.542141 5.771318 26
1.966675 380 80.0 -0.501716 6.035269 26
1.887032 380 80.0 -0.502967 5.958589 26
1.917667 480 80.0 -0.534456 5.768259 26
1.863274 400 80.0 -0.510803 5.924202 26
1.867804 490 80.0 -0.544854 5.764786 26
1.880206 430 80.0 -0.520259 5.871228 26
1.851664 410 80.0 -0.519113 5.890834 26
1.809674 420 80.0 -0.519085 5.838236 26
1.872528 450 80.0 -0.527873 5.851606 26
1.76954 450 80.0 -0.536718 5.68771 26
1.890521 420 80.0 -0.524076 5.880827 26
1.867383 410 80.0 -0.517562 5.882841 26
1.844938 390 80.0 -0.509903 5.912891 26
1.690019 430 80.0 -0.536425 5.655899 26
1.849805 410 80.0 -0.519187 5.891195 26
1.866988 420 80.0 -0.51986 5.888889 26
1.864653 430 80.0 -0.520494 5.874784 26
1.898797 430 80.0 -0.524708 5.881604 26
1.850184 420 80.0 -0.519932 5.877517 26
1.841593 430 80.0 -0.527008 5.854267 26
1.910382 380 80.0 -0.50239 5.944667 26
1.863701 430 80.0 -0.52053 5.874996 26
1.863496 430 80.0 -0.520538 5.875038 26
1.833444 460 80.0 -0.536869 5.770982 26
1.707323 420 80.0 -0.529351 5.714981 26
1.850856 430 80.0 -0.520626 5.877297 26
1.803666 410 80.0 -0.524789 5.805599 26
1.804044 420 80.0 -0.520636 5.838626 26
1.830873 410 80.0 -0.519748 5.856253 26
1.787343 400 80.0 -0.523843 5.808161 26
1.790772 400 80.0 -0.524264 5.805667 26
1.814011 430 80.0 -0.526025 5.783292 26
1.789742 410 80.0 -0.520348 5.813103 26
1.818815 410 80.0 -0.525159 5.803624 26
1.754508 410 80.0 -0.520674 5.819911 26
2.64149 410 80.0 -0.465591 6.396691 26
2.237001 580 80.0 -0.544306 6.025764 26
2.61815 410 80.0 -0.459042 6.400076 26
2.669027 400 80.0 -0.462954 6.387046 26
2.311247 620 80.0 -0.553397 6.017052 26
2.532227 410 80.0 -0.466104 6.389864 26
2.522558 400 80.0 -0.466201 6.37169 26
2.644645 390 80.0 -0.463059 6.384965 26
2.667391 400 80.0 -0.463032 6.387128 26
2.667111 400 80.0 -0.463045 6.38714 26
2.537843 380 80.0 -0.255678 6.039451 26
2.506327 450 80.0 -0.492472 6.346651 26
2.598479 390 80.0 -0.463085 6.375967 26
2.5982 390 80.0 -0.463098 6.375978 26
2.597979 390 80.0 -0.463109 6.375988 26
2.475654 390 80.0 -0.459171 6.378088 26
2.509086 400 80.0 -0.466943 6.373413 26
2.235173 600 80.0 -0.546776 5.99164 26
2.456867 400 80.0 -0.459435 6.378219 26
2.517903 410 80.0 -0.473886 6.356295 26
2.595671 390 80.0 -0.463218 6.376087 26
2.391573 440 80.0 -0.49985 6.244471 26
2.398587 400 80.0 -0.467645 6.339539 26
2.469847 400 80.0 -0.460084 6.351834 26
2.594541 390 80.0 -0.463271 6.351642 26
2.49083 400 80.0 -0.473423 6.319363 26
2.527246 380 80.0 -0.463302 6.339332 26
2.40827 410 80.0 -0.468971 6.337564 26
2.42979 410 80.0 -0.468814 6.33606 26
2.239295 520 80.0 -0.526782 6.049252 26
2.43325 420 80.0 -0.471067 6.33281 26
2.525913 380 80.0 -0.463363 6.339452 26
2.375562 410 80.0 -0.489909 6.284398 26
2.069916 550 80.0 -0.545121 5.917506 26
2.420231 410 80.0 -0.476224 6.33423 26
2.177873 500 80.0 -0.526382 6.034839 26
2.445523 400 80.0 -0.468567 6.334175 26
2.524339 380 80.0 -0.463437 6.339594 26
2.409209 380 80.0 -0.46632 6.308308 26
2.064142 540 80.0 -0.538114 5.9413 26
2.510104 380 80.0 -0.464122 6.340934 26
2.318604 480 80.0 -0.510042 6.158526 26
2.44367 390 80.0 -0.473967 6.318967 26
2.418009 370 80.0 -0.465738 6.309001 26
2.286312 390 80.0 -0.476326 6.307189 26
2.097778 540 80.0 -0.538649 5.955654 26
2.420665 400 80.0 -0.481631 6.259193 26
2.406421 380 80.0 -0.466447 6.281225 26
2.316106 440 80.0 -0.499214 6.188953 26
2.19956 520 80.0 -0.532145 5.982656 26
2.399873 410 80.0 -0.482852 6.259804 26
2.158606 560 80.0 -0.545187 5.969569 26
2.266806 540 80.0 -0.529219 6.095703 26
2.358963 370 80.0 -0.473739 6.263281 26
2.354239 390 80.0 -0.476085 6.273156 26
2.269273 550 80.0 -0.535972 6.09577 26
2.17933 500 80.0 -0.531634 5.985314 26
2.390071 400 80.0 -0.476011 6.259404 26
2.159333 480 80.0 -0.518502 6.048535 26
2.281845 520 80.0 -0.524634 6.056885 26
1.980815 530 80.0 -0.546272 5.864041 26
2.340867 380 80.0 -0.481151 6.27562 26
2.393844 390 80.0 -0.48076 6.262703 26
2.313712 390 80.0 -0.477698 6.254149 26
2.289083 390 80.0 -0.483976 6.25781 26
2.21949 410 80.0 -0.499473 6.185394 26
2.184809 430 80.0 -0.500693 6.107099 26
2.321165 390 80.0 -0.482308 6.234425 26
2.305938 370 80.0 -0.473886 6.234749 26
2.290066 380 80.0 -0.47612 6.259317 26
2.222372 430 80.0 -0.501721 6.170851 26
2.046901 500 80.0 -0.53523 5.910951 26
2.278227 420 80.0 -0.49809 6.193551 26
2.172222 440 80.0 -0.50976 6.098877 26
2.287232 410 80.0 -0.497822 6.195261 26
1.985898 510 80.0 -0.543608 5.816712 26
2.25935 400 80.0 -0.490801 6.19687 26
2.269538 390 80.0 -0.484685 6.222585 26
1.895722 550 80.0 -0.556722 5.726884 26
2.252122 390 80.0 -0.484468 6.21019 26
2.020387 480 80.0 -0.533976 5.894106 26
2.28047 390 80.0 -0.483738 6.228585 26
2.245195 380 80.0 -0.483616 6.225477 26
2.264804 410 80.0 -0.498098 6.173879 26
2.212524 370 80.0 -0.476414 6.200883 26
2.241725 380 80.0 -0.483514 6.197586 26
2.232685 380 80.0 -0.484293 6.210815 26
2.196319 390 80.0 -0.491762 6.195457 26
2.217406 370 80.0 -0.482133 6.20035 26
2.232197 380 80.0 -0.483209 6.198455 26
2.023988 460 80.0 -0.518158 5.929566 26
2.211204 430 80.0 -0.500834 6.128432 26
2.173378 380 80.0 -0.48421 6.196552 26
2.113645 400 80.0 -0.500881 6.121185 26
2.005122 490 80.0 -0.534619 5.838098 26
2.05669 440 80.0 -0.516285 6.0083 26
2.097614 410 80.0 -0.501726 6.122804 26
2.178007 380 80.0 -0.490146 6.148894 26
1.960346 470 80.0 -0.53258 5.86646 26
2.137633 380 80.0 -0.492272 6.162481 26
1.939085 490 80.0 -0.536344 5.818871 26
1.878955 480 80.0 -0.542773 5.738375 26
1.973324 510 80.0 -0.542785 5.798435 26
1.884932 450 80.0 -0.534241 5.840673 26
1.944754 460 80.0 -0.527997 5.880552 26
2.156517 510 80.0 -0.527284 5.981952 26
1.915835 510 80.0 -0.545814 5.841428 26
2.039028 400 80.0 -0.508383 6.067396 26
2.119723 510 80.0 -0.534434 5.945073 26
1.919082 470 80.0 -0.535386 5.818583 26
2.069927 510 80.0 -0.53554 5.931752 26
1.989389 490 80.0 -0.534725 5.823957 26
2.085833 380 80.0 -0.49274 6.145194 26
2.084948 400 80.0 -0.501015 6.089799 26
2.121273 430 80.0 -0.509201 6.066349 26
2.057801 380 80.0 -0.493612 6.124513 26
2.110708 380 80.0 -0.492992 6.138278 26
2.08707 370 80.0 -0.485963 6.123519 26
2.05232 360 80.0 -0.485388 6.126662 26
2.092285 380 80.0 -0.492834 6.127128 26
1.975533 410 80.0 -0.510419 5.995431 26
1.84677 470 80.0 -0.543234 5.764935 26
1.916759 480 80.0 -0.53471 5.786698 26
2.081584 390 80.0 -0.499525 6.075818 26
2.002049 380 80.0 -0.500812 6.075007 26
1.967328 390 80.0 -0.502171 6.036062 26
2.01142 420 80.0 -0.510227 6.016056 26
1.910439 450 80.0 -0.532526 5.830542 26
2.038761 380 80.0 -0.498718 6.079468 26
1.834836 470 80.0 -0.53698 5.749787 26
2.057457 270 80.0 -0.257162 5.895985 26
1.999099 490 80.0 -0.53559 5.872383 26
2.062031 380 80.0 -0.499192 6.076619 26
1.898085 480 80.0 -0.536435 5.780792 26
2.003776 420 80.0 -0.509553 5.985929 26
1.831226 470 80.0 -0.543824 5.728882 26
1.832607 450 80.0 -0.534403 5.73646 26
1.749645 480 80.0 -0.553111 5.604601 26
2.001896 410 80.0 -0.508777 6.001187 26
1.993911 370 80.0 -0.499234 6.058697 26
1.986521 510 80.0 -0.537286 5.853182 26
1.845702 450 80.0 -0.53447 5.77071 26
1.989543 390 80.0 -0.507389 6.023111 26
1.925316 420 80.0 -0.51704 5.900001 26
2.013919 380 80.0 -0.501041 6.07201 26
1.96752 450 80.0 -0.524865 5.91461 26
1.964686 420 80.0 -0.518067 5.970244 26
1.953106 430 80.0 -0.518945 5.945755 26
1.753012 450 80.0 -0.535376 5.654822 26
1.866807 420 80.0 -0.518744 5.838069 26
1.974592 430 80.0 -0.517911 5.969215 26
1.946248 400 80.0 -0.509874 5.997379 26
1.92539 370 80.0 -0.501942 6.014315 26
1.949509 410 80.0 -0.509726 5.950193 26
1.83426 440 80.0 -0.534513 5.812907 26
1.937369 360 80.0 -0.499228 6.024655 26
1.838724 470 80.0 -0.542004 5.717655 26
1.750722 440 80.0 -0.53598 5.673394 26
1.929532 360 80.0 -0.499464 6.024358 26
1.975369 420 80.0 -0.51679 5.958631 26
1.937061 430 80.0 -0.523568 5.901563 26
1.93687 440 80.0 -0.520103 5.887224 26
1.908928 400 80.0 -0.510004 5.926492 26
1.912003 440 80.0 -0.526317 5.894356 26
1.88314 430 80.0 -0.526098 5.871532 26
1.929881 420 80.0 -0.52358 5.89933 26
1.92713 440 80.0 -0.525142 5.877737 26
1.887702 420 80.0 -0.523633 5.883301 26
1.852577 420 80.0 -0.51984 5.876996 26
1.872317 370 80.0 -0.502698 5.997085 26
1.868457 420 80.0 -0.519803 5.888597 26
1.868091 420 80.0 -0.519306 5.891591 26
1.850686 410 80.0 -0.519152 5.891024 26
1.902757 410 80.0 -0.517268 5.903836 26
1.851603 420 80.0 -0.519877 5.87721 26
1.902466 410 80.0 -0.517282 5.9039 26
1.8861 420 80.0 -0.523707 5.883659 26
1.889345 420 80.0 -0.524131 5.881083 26
1.852841 430 80.0 -0.52055 5.876859 26
1.889053 420 80.0 -0.524144 5.881152 26
1.857455 400 80.0 -0.518343 5.915257 26
1.852465 430 80.0 -0.520565 5.876941 26
1.85035 420 80.0 -0.519925 5.877478 26
1.85303 410 80.0 -0.517514 5.883737 26
1.90312 370 80.0 -0.500577 5.969819 26
1.866363 370 80.0 -0.502361 5.958888 26
1.848354 380 80.0 -0.503285 5.963534 26
1.890278 390 80.0 -0.509204 5.909736 26
1.847864 410 80.0 -0.519264 5.872168 26
1.864276 410 80.0 -0.517701 5.864363 26
1.752105 390 80.0 -0.519139 5.814808 26
1.800841 410 80.0 -0.519996 5.839708 26
1.802307 420 80.0 -0.52041 5.839011 26
1.827739 400 80.0 -0.523811 5.843697 26
1.800352 410 80.0 -0.520014 5.839817 26
1.797547 410 80.0 -0.519939 5.835828 26
1.818796 410 80.0 -0.52518 5.804078 26
1.793164 380 80.0 -0.509738 5.875673 26
