-2.606379 420 80.0 -5.559772 2.150983 8
-2.399718 200 80.0 -7.521118 2.9481 8
-2.385112 830 80.0 -5.60994 0.55845 8
-2.594371 550 80.0 -5.529984 1.92695 8
-2.477748 390 80.0 -5.565832 2.62622 8
-2.364534 200 80.0 -7.590843 3.287304 8
-2.396757 810 80.0 -5.596967 0.600003 8
-2.576929 390 80.0 -5.571714 2.657126 8
-2.316421 200 80.0 -7.590065 3.257576 8
-2.389324 810 80.0 -5.597527 0.595118 8
-2.566745 410 80.0 -5.55268 2.148044 8
-2.448928 200 80.0 -7.521342 2.957616 8
-2.393615 830 80.0 -5.611131 0.558629 8
-2.4622 390 80.0 -5.565274 2.662896 8
-2.465047 190 80.0 -7.590643 3.207748 8
-2.391826 810 80.0 -5.597069 0.596166 8
-2.584838 640 80.0 -5.51799 1.965315 8
-2.477755 380 80.0 -5.565685 2.609692 8
-2.52529 180 80.0 -7.593011 3.278158 8
-2.425014 810 80.0 -5.596287 0.603438 8
-2.603786 600 80.0 -5.520938 1.994698 8
-2.550477 540 80.0 -5.533643 1.966398 8
-2.522179 260 80.0 -7.519993 1.934339 8
-2.628098 540 80.0 -5.552431 1.958096 8
-2.527432 260 80.0 -7.532478 2.107673 8
-2.625205 440 80.0 -5.555554 2.610247 8
-2.529189 210 80.0 -7.551714 2.770861 8
-2.382795 860 80.0 -5.622244 0.542319 8
-2.565488 550 80.0 -5.539195 1.972647 8
-2.549882 270 80.0 -7.518626 1.898273 8
-2.604589 610 80.0 -5.528712 1.874147 8
-2.579528 390 80.0 -5.571877 2.098164 8
-2.322591 200 80.0 -7.590135 3.259729 8
-2.390584 810 80.0 -5.59763 0.595368 8
-2.604846 530 80.0 -5.546854 2.514284 8
-2.479456 250 80.0 -7.526363 2.131613 8
-2.552708 540 80.0 -5.538891 2.51064 8
-2.555524 260 80.0 -7.53062 2.06958 8
-2.642696 660 80.0 -5.527805 1.826899 8
-2.596498 410 80.0 -5.566933 2.112996 8
-2.304926 200 80.0 -7.586784 3.170351 8
-2.399709 810 80.0 -5.597376 0.571706 8
-2.590958 410 80.0 -5.555264 2.600871 8
-2.396118 210 80.0 -7.529333 3.002796 8
-2.405659 830 80.0 -5.60413 0.571968 8
-2.620224 450 80.0 -5.556665 1.969992 8
-2.489149 220 80.0 -7.550546 2.700959 8
-2.382768 850 80.0 -5.627213 0.52929 8
-2.592104 570 80.0 -5.539256 1.89734 8
-2.58681 410 80.0 -5.555322 2.603039 8
-2.383353 210 80.0 -7.528841 3.053657 8
-2.402461 830 80.0 -5.604281 0.57123 8
-2.597857 410 80.0 -5.567017 2.101167 8
-2.308136 200 80.0 -7.586825 3.171542 8
-2.400378 810 80.0 -5.597435 0.571855 8
-2.598108 410 80.0 -5.567034 2.616383 8
-2.308724 200 80.0 -7.586831 3.171761 8
-2.4005 810 80.0 -5.597447 0.571882 8
-2.621326 390 80.0 -5.567778 2.05433 8
-2.485093 190 80.0 -7.594664 3.139168 8
-2.348991 810 80.0 -5.598676 0.598387 8
-2.552825 570 80.0 -5.539498 1.907913 8
-2.604619 280 80.0 -7.520304 1.766934 8
-2.577823 600 80.0 -5.516421 1.930016 8
-2.599098 410 80.0 -5.567094 2.599898 8
-2.311061 200 80.0 -7.586874 3.172628 8
-2.400987 810 80.0 -5.597491 0.571991 8
-2.576209 660 80.0 -5.530522 1.74581 8
-2.622618 390 80.0 -5.567881 2.925978 8
-2.488183 190 80.0 -7.594701 3.140142 8
-2.349606 810 80.0 -5.598732 0.598495 8
-2.566477 510 80.0 -5.539147 2.1661 8
-2.49785 260 80.0 -7.5282 2.226186 8
-2.552478 570 80.0 -5.536862 1.896594 8
-2.608365 280 80.0 -7.520576 1.772972 8
-2.594728 400 80.0 -5.554411 1.933819 8
-2.523198 210 80.0 -7.528564 3.038303 8
-2.400516 820 80.0 -5.61071 0.567835 8
-2.542298 390 80.0 -5.566074 2.019727 8
-2.484822 200 80.0 -7.594815 3.174666 8
-2.369404 810 80.0 -5.597815 0.596386 8
-2.552723 550 80.0 -5.533583 2.213749 8
-2.5209 270 80.0 -7.51847 1.877056 8
-2.565442 430 80.0 -5.554671 1.928282 8
-2.31449 210 80.0 -7.524346 2.960657 8
-2.406651 850 80.0 -5.622846 0.551822 8
-2.601094 410 80.0 -5.567219 2.041569 8
-2.315764 200 80.0 -7.586934 3.174375 8
-2.401967 810 80.0 -5.597578 0.572209 8
-2.600238 390 80.0 -5.56636 1.973918 8
-2.571611 200 80.0 -7.592058 3.10015 8
-2.36991 820 80.0 -5.604678 0.589711 8
-2.542822 450 80.0 -5.555302 2.044967 8
-2.354952 220 80.0 -7.543955 2.840311 8
-2.399529 850 80.0 -5.62021 0.526006 8
-2.592458 560 80.0 -5.537862 2.133201 8
-2.624743 400 80.0 -5.567735 2.01403 8
-2.489025 200 80.0 -7.592152 3.14431 8
-2.356534 820 80.0 -5.605082 0.586547 8
-2.599703 540 80.0 -5.539989 2.112435 8
-2.441615 260 80.0 -7.522391 2.001007 8
-2.581113 610 80.0 -5.524561 1.797869 8
-2.622649 410 80.0 -5.560058 1.902634 8
-2.47984 210 80.0 -7.529006 3.035824 8
-2.390259 820 80.0 -5.61094 0.565493 8
-2.615308 400 80.0 -5.556216 1.894658 8
-2.453424 200 80.0 -7.524756 3.073923 8
-2.381637 810 80.0 -5.605517 0.5667 8
-2.581001 610 80.0 -5.532633 2.044863 8
-2.556064 570 80.0 -5.537258 2.0253 8
-2.616648 280 80.0 -7.520738 1.777224 8
-2.590647 520 80.0 -5.548202 1.902292 8
-2.542452 250 80.0 -7.528236 2.163676 8
-2.583484 400 80.0 -5.554684 1.888193 8
-2.531931 210 80.0 -7.528804 3.041329 8
-2.401442 820 80.0 -5.611854 0.566452 8
-2.560701 530 80.0 -5.534036 1.814487 8
-2.465939 260 80.0 -7.522337 2.003787 8
-2.62084 440 80.0 -5.554019 1.862364 8
-2.391443 220 80.0 -7.551915 2.860054 8
-2.409851 850 80.0 -5.626892 0.527024 8
-2.593941 420 80.0 -5.555484 1.850022 8
-2.381196 200 80.0 -7.527697 3.00188 8
-2.411668 840 80.0 -5.616589 0.551705 8
-2.620302 530 80.0 -5.543251 1.947877 8
-2.499411 250 80.0 -7.524915 2.047975 8
-2.626418 600 80.0 -5.530466 1.737604 8
-2.580075 610 80.0 -5.531551 1.790814 8
-2.636402 440 80.0 -5.556433 1.847558 8
-2.55548 210 80.0 -7.552097 2.780415 8
-2.388325 860 80.0 -5.622786 0.54365 8
-2.602439 520 80.0 -5.548367 1.85098 8
-2.579648 250 80.0 -7.528529 2.183203 8
-2.63502 510 80.0 -5.554151 1.902009 8
-2.575981 230 80.0 -7.540382 2.338928 8
-2.596117 410 80.0 -5.556033 1.831051 8
-2.405341 210 80.0 -7.529083 3.061437 8
-2.407094 830 80.0 -5.604696 0.555299 8
-2.640555 500 80.0 -5.553294 1.819494 8
-2.487386 230 80.0 -7.535522 2.441307 8
-2.627764 440 80.0 -5.555759 1.822516 8
-2.410278 220 80.0 -7.551818 2.868937 8
-2.412838 850 80.0 -5.626915 0.528078 8
-2.590115 600 80.0 -5.531896 1.920784 8
-2.573745 610 80.0 -5.523574 1.73409 8
-2.606103 420 80.0 -5.556504 1.824025 8
-2.387803 200 80.0 -7.522529 3.024219 8
-2.382685 830 80.0 -5.605205 0.559277 8
-2.603857 430 80.0 -5.556843 1.821552 8
-2.401517 210 80.0 -7.52674 3.020072 8
-2.391299 840 80.0 -5.617739 0.555378 8
-2.558719 510 80.0 -5.540613 1.802234 8
-2.482489 240 80.0 -7.528288 2.178834 8
-2.582395 540 80.0 -5.540127 1.868404 8
-2.501212 270 80.0 -7.521376 1.979137 8
-2.567956 640 80.0 -5.516959 1.720813 8
-2.575744 530 80.0 -5.536449 1.896268 8
-2.501792 260 80.0 -7.528937 2.032189 8
-2.563314 560 80.0 -5.539413 1.781172 8
-2.545604 620 80.0 -5.517489 1.919714 8
-2.577971 550 80.0 -5.541677 1.875066 8
-2.552479 560 80.0 -5.534856 1.864042 8
-2.580078 420 80.0 -5.555916 1.818488 8
-2.464027 210 80.0 -7.526567 2.979986 8
-2.40445 840 80.0 -5.617715 0.558464 8
-2.559765 430 80.0 -5.555456 1.805118 8
-2.419873 220 80.0 -7.531302 2.978983 8
-2.401165 850 80.0 -5.617137 0.552865 8
-2.601998 550 80.0 -5.542535 1.847185 8
-2.637951 270 80.0 -7.526958 1.914634 8
-2.561532 420 80.0 -5.555143 1.796215 8
-2.541821 200 80.0 -7.527056 2.923071 8
-2.425046 830 80.0 -5.611059 0.547787 8
-2.566326 550 80.0 -5.535923 1.842233 8
-2.458852 280 80.0 -7.525449 1.900092 8
-2.560947 430 80.0 -5.555548 1.80495 8
-2.422682 220 80.0 -7.531339 2.980076 8
-2.401765 850 80.0 -5.617192 0.553007 8
-2.605754 460 80.0 -5.561217 1.8068 8
-2.424177 210 80.0 -7.542023 2.669986 8
-2.601298 440 80.0 -5.556672 1.806225 8
-2.494755 210 80.0 -7.524918 2.894166 8
-2.395666 850 80.0 -5.623401 0.550633 8
-2.579447 600 80.0 -5.529734 1.875339 8
-2.593296 440 80.0 -5.556706 1.807717 8
-2.468218 210 80.0 -7.525251 2.88663 8
-2.419306 840 80.0 -5.623511 0.537537 8
-2.568482 610 80.0 -5.522426 1.685707 8
-2.59827 570 80.0 -5.537539 1.83645 8
-2.615364 440 80.0 -5.560958 1.805261 8
-2.415426 220 80.0 -7.525322 2.968899 8
-2.399344 850 80.0 -5.617118 0.552444 8
-2.61553 440 80.0 -5.560969 1.805238 8
-2.415816 220 80.0 -7.525327 2.969051 8
-2.399427 850 80.0 -5.617123 0.552464 8
-2.572889 570 80.0 -5.540537 1.833724 8
-2.56095 290 80.0 -7.527301 1.793813 8
-2.546405 570 80.0 -5.534717 1.802369 8
-2.578137 470 80.0 -5.556509 1.796452 8
-2.50082 230 80.0 -7.552989 2.643499 8
-2.64184 450 80.0 -5.557538 1.771592 8
-2.558083 220 80.0 -7.550878 2.778321 8
-2.367347 860 80.0 -5.627949 0.541128 8
-2.589936 580 80.0 -5.539312 1.788285 8
-2.579984 490 80.0 -5.55853 1.789574 8
-2.481752 230 80.0 -7.539057 2.55081 8
-2.608571 580 80.0 -5.535233 1.780841 8
-2.579741 590 80.0 -5.519849 1.76266 8
-2.562032 630 80.0 -5.5245 1.786031 8
-2.585422 590 80.0 -5.524419 1.763371 8
-2.486627 280 80.0 -7.502859 1.58613 8
-2.555948 610 80.0 -5.518703 1.758928 8
-2.575419 580 80.0 -5.540946 1.71528 8
-2.463965 270 80.0 -7.513471 1.735623 8
-2.623165 630 80.0 -5.524882 1.724377 8
-2.540918 540 80.0 -5.531358 1.726779 8
-2.584429 600 80.0 -5.524867 1.781449 8
-2.547579 620 80.0 -5.518727 1.757615 8
-2.577954 480 80.0 -5.548414 1.723014 8
-2.459296 240 80.0 -7.542285 2.472 8
-2.577562 610 80.0 -5.523154 1.74376 8
-2.619485 540 80.0 -5.544101 1.688198 8
-2.489707 260 80.0 -7.529416 2.026935 8
-2.623846 610 80.0 -5.522799 1.676455 8
-2.600066 600 80.0 -5.524982 1.733136 8
-2.588711 600 80.0 -5.533338 1.690173 8
-2.64298 450 80.0 -5.563191 1.759898 8
-2.401322 210 80.0 -7.545222 2.770425 8
-2.372808 860 80.0 -5.625808 0.536313 8
-2.580972 610 80.0 -5.53049 1.720989 8
-2.612249 450 80.0 -5.556283 1.74298 8
-2.474443 220 80.0 -7.54986 2.736585 8
-2.352951 860 80.0 -5.626558 0.540776 8
-2.593777 610 80.0 -5.523642 1.741794 8
-2.594654 620 80.0 -5.526366 1.73712 8
-2.56144 610 80.0 -5.527329 1.734817 8
-2.583424 590 80.0 -5.520318 1.652318 8
-2.647083 590 80.0 -5.540995 1.713616 8
-2.618732 620 80.0 -5.52437 1.741961 8
-2.546914 620 80.0 -5.525871 1.721848 8
-2.58219 610 80.0 -5.523757 1.709328 8
-2.587976 470 80.0 -5.544015 1.737205 8
-2.498484 230 80.0 -7.546006 2.519284 8
-2.570003 510 80.0 -5.544783 1.73454 8
-2.545894 240 80.0 -7.533333 2.280751 8
-2.585618 610 80.0 -5.533497 1.720425 8
-2.598706 610 80.0 -5.525245 1.73004 8
-2.583466 610 80.0 -5.530776 1.720544 8
-2.603317 610 80.0 -5.526691 1.728449 8
-2.565117 610 80.0 -5.519375 1.712552 8
-2.595414 460 80.0 -5.55674 1.741714 8
-2.41388 210 80.0 -7.542476 2.625911 8
-2.596538 610 80.0 -5.523947 1.707579 8
-2.548033 610 80.0 -5.524479 1.716762 8
-2.626173 600 80.0 -5.524343 1.690718 8
-2.610203 600 80.0 -5.519487 1.704222 8
-2.627254 610 80.0 -5.524328 1.687689 8
-2.559992 620 80.0 -5.519409 1.720539 8
-2.586892 610 80.0 -5.525435 1.708934 8
-2.562435 610 80.0 -5.519557 1.712204 8
-2.637977 610 80.0 -5.525825 1.705702 8
-2.628219 600 80.0 -5.52447 1.69057 8
-2.575137 620 80.0 -5.524086 1.707759 8
-2.564803 620 80.0 -5.519581 1.686012 8
-2.654228 590 80.0 -5.542971 1.635674 8
-2.62495 570 80.0 -5.537277 1.64815 8
-2.645079 520 80.0 -5.545424 1.702825 8
-2.368225 260 80.0 -7.527506 2.171879 8
-2.576271 630 80.0 -5.516921 1.678792 8
-2.566694 610 80.0 -5.528043 1.689059 8
-2.579034 620 80.0 -5.515683 1.670216 8
-2.600308 540 80.0 -5.543395 1.703429 8
-2.548974 270 80.0 -7.528175 2.004697 8
-2.562408 620 80.0 -5.51973 1.67605 8
-2.570364 490 80.0 -5.54271 1.721316 8
-2.546903 240 80.0 -7.541128 2.411812 8
-2.515427 460 80.0 -5.543818 1.720132 8
-2.492352 230 80.0 -7.553099 2.639733 8
-2.595947 540 80.0 -5.542027 1.702794 8
-2.53368 270 80.0 -7.527851 1.989444 8
-2.542151 610 80.0 -5.526312 1.672289 8
-2.519582 480 80.0 -5.54966 1.723435 8
-2.471878 230 80.0 -7.538133 2.524838 8
-2.593631 470 80.0 -5.551273 1.705118 8
-2.510156 230 80.0 -7.546007 2.517384 8
-2.541472 620 80.0 -5.523902 1.691383 8
-2.550938 620 80.0 -5.523912 1.689821 8
-2.592114 620 80.0 -5.517304 1.666749 8
-2.601903 540 80.0 -5.543565 1.692785 8
-2.552609 270 80.0 -7.528251 2.006558 8
-2.53322 470 80.0 -5.55035 1.706008 8
-2.397759 230 80.0 -7.540145 2.607647 8
-2.628652 490 80.0 -5.545105 1.697605 8
-2.645867 240 80.0 -7.540959 2.384736 8
-2.594146 550 80.0 -5.542045 1.679093 8
-2.519193 280 80.0 -7.526367 1.932011 8
-2.603696 620 80.0 -5.524377 1.664613 8
-2.598269 630 80.0 -5.523274 1.651341 8
-2.584723 620 80.0 -5.517152 1.668914 8
-2.519605 470 80.0 -5.545819 1.707774 8
-2.460634 220 80.0 -7.545851 2.482254 8
-2.632368 490 80.0 -5.545191 1.66889 8
-2.585722 230 80.0 -7.540747 2.337434 8
-2.613043 620 80.0 -5.532641 1.661426 8
-2.579553 510 80.0 -5.541796 1.67784 8
-2.449886 250 80.0 -7.529882 2.215909 8
-2.603554 610 80.0 -5.516666 1.654726 8
-2.616674 560 80.0 -5.536684 1.65994 8
-2.489895 260 80.0 -7.519426 1.904361 8
-2.629874 540 80.0 -5.545206 1.67658 8
-2.513081 260 80.0 -7.529904 2.038273 8
-2.601104 550 80.0 -5.541266 1.6488 8
-2.562156 580 80.0 -5.541517 1.672777 8
-2.454043 270 80.0 -7.50761 1.732616 8
-2.598619 610 80.0 -5.519209 1.596778 8
-2.606067 550 80.0 -5.543097 1.678584 8
-2.641181 270 80.0 -7.526298 1.945096 8
-2.614129 540 80.0 -5.543865 1.659721 8
-2.578727 270 80.0 -7.528393 2.011611 8
-2.604002 520 80.0 -5.543568 1.662754 8
-2.381728 250 80.0 -7.529285 2.226413 8
-2.57594 610 80.0 -5.521536 1.577497 8
-2.631398 540 80.0 -5.545368 1.65626 8
-2.516515 260 80.0 -7.529982 2.039939 8
-2.622854 550 80.0 -5.543223 1.642227 8
-2.600784 260 80.0 -7.527549 1.964864 8
-2.587207 550 80.0 -5.537619 1.659514 8
-2.601591 270 80.0 -7.525919 1.918531 8
-2.604128 560 80.0 -5.542494 1.644366 8
-2.539989 270 80.0 -7.524409 1.885216 8
-2.589103 540 80.0 -5.538481 1.662773 8
-2.610447 260 80.0 -7.527881 1.975994 8
-2.576925 560 80.0 -5.538294 1.658443 8
-2.672114 270 80.0 -7.517947 1.862318 8
-2.616164 490 80.0 -5.542592 1.670917 8
-2.628444 240 80.0 -7.539666 2.345941 8
-2.587985 550 80.0 -5.537718 1.659405 8
-2.603365 270 80.0 -7.525946 1.919414 8
-2.588153 550 80.0 -5.53774 1.65938 8
-2.603747 270 80.0 -7.525956 1.919604 8
-2.594254 600 80.0 -5.532439 1.625902 8
-2.609939 580 80.0 -5.532568 1.592382 8
-2.60167 550 80.0 -5.543391 1.658443 8
-2.632422 270 80.0 -7.525923 1.93221 8
-2.60554 560 80.0 -5.542648 1.644168 8
-2.54318 270 80.0 -7.524479 1.886911 8
-2.601903 550 80.0 -5.543416 1.65841 8
-2.632954 270 80.0 -7.525934 1.932476 8
-2.643774 540 80.0 -5.544168 1.644035 8
-2.558272 260 80.0 -7.530007 2.054309 8
-2.608863 550 80.0 -5.543441 1.647837 8
-2.574895 260 80.0 -7.526427 1.959212 8
-2.609412 550 80.0 -5.543459 1.657917 8
-2.558384 260 80.0 -7.526454 1.948926 8
-2.623801 580 80.0 -5.536623 1.631009 8
-2.617766 560 80.0 -5.544182 1.631072 8
-2.570886 270 80.0 -7.526185 1.908806 8
-2.58957 560 80.0 -5.542735 1.645949 8
-2.602692 550 80.0 -5.543502 1.648695 8
-2.543709 260 80.0 -7.519875 1.933379 8
-2.619531 380 80.0 -5.567653 2.659065 8
-2.504502 200 80.0 -7.59657 3.191134 8
-2.376896 810 80.0 -5.598027 0.601636 8
-2.56775 620 80.0 -5.5191 1.969865 8
-2.580697 390 80.0 -5.571701 2.65808 8
-2.332109 200 80.0 -7.590907 3.27221 8
-2.390795 810 80.0 -5.598146 0.595737 8
-2.593335 410 80.0 -5.566737 2.642081 8
-2.297471 200 80.0 -7.586671 3.167582 8
-2.398156 810 80.0 -5.597239 0.57136 8
-2.587024 640 80.0 -5.524883 2.010432 8
-2.606274 380 80.0 -5.566144 2.627718 8
-2.461715 200 80.0 -7.594696 3.220947 8
-2.3671 810 80.0 -5.597458 0.596091 8
-2.609555 390 80.0 -5.567462 2.632099 8
-2.472503 190 80.0 -7.5948 3.141969 8
-2.346105 810 80.0 -5.599047 0.597207 8
-2.548366 390 80.0 -5.561266 2.633083 8
-2.50415 200 80.0 -7.596947 3.197956 8
-2.404457 820 80.0 -5.596551 0.590103 8
-2.594853 410 80.0 -5.56683 2.633407 8
-2.301051 200 80.0 -7.586723 3.168911 8
-2.398902 810 80.0 -5.597303 0.571527 8
-2.595113 410 80.0 -5.566846 2.633379 8
-2.301661 200 80.0 -7.586735 3.169138 8
-2.399029 810 80.0 -5.597317 0.571555 8
-2.5766 370 80.0 -5.572949 2.600962 8
-2.389872 180 80.0 -7.599431 3.370373 8
-2.575391 430 80.0 -5.556448 2.600008 8
-2.645741 220 80.0 -7.55721 2.8067 8
-2.595884 410 80.0 -5.566895 2.6249 8
-2.303481 200 80.0 -7.586757 3.169813 8
-2.399408 810 80.0 -5.597349 0.571639 8
-2.59614 410 80.0 -5.566911 2.624873 8
-2.304085 200 80.0 -7.586767 3.170038 8
-2.399534 810 80.0 -5.597361 0.571667 8
-2.596344 410 80.0 -5.566923 2.624851 8
-2.304566 200 80.0 -7.586774 3.170216 8
-2.399633 810 80.0 -5.597367 0.571689 8
-2.584385 390 80.0 -5.571937 2.08711 8
-2.340975 200 80.0 -7.591016 3.275313 8
-2.392607 810 80.0 -5.598279 0.596096 8
-2.619912 390 80.0 -5.567665 2.089918 8
-2.48171 190 80.0 -7.594627 3.138103 8
-2.348318 810 80.0 -5.59861 0.59827 8
-2.576627 640 80.0 -5.527365 1.902282 8
-2.539832 390 80.0 -5.565878 2.618003 8
-2.478788 200 80.0 -7.594749 3.172549 8
-2.368191 810 80.0 -5.597703 0.596136 8
-2.61108 400 80.0 -5.567416 2.593632 8
-2.445276 200 80.0 -7.530832 3.138607 8
-2.349102 820 80.0 -5.605004 0.59074 8
-2.598457 410 80.0 -5.567056 2.599964 8
-2.309546 200 80.0 -7.586847 3.172067 8
-2.400671 810 80.0 -5.597465 0.571921 8
-2.637272 470 80.0 -5.561146 1.892859 8
-2.429896 230 80.0 -7.546494 2.57538 8
-2.603219 390 80.0 -5.566174 2.057823 8
-2.581471 200 80.0 -7.592032 3.10525 8
-2.373874 820 80.0 -5.604595 0.589597 8
-2.527256 390 80.0 -5.565981 2.021685 8
-2.449186 200 80.0 -7.594931 3.164769 8
-2.362616 810 80.0 -5.598206 0.594224 8
-2.599492 410 80.0 -5.56712 2.100942 8
-2.311988 200 80.0 -7.586884 3.172973 8
-2.401181 810 80.0 -5.597507 0.572034 8
-2.584321 420 80.0 -5.553548 1.989581 8
-2.354981 200 80.0 -7.527631 2.991082 8
-2.404295 840 80.0 -5.616382 0.558722 8
-2.600078 410 80.0 -5.567156 2.10086 8
-2.31337 200 80.0 -7.586901 3.173485 8
-2.401468 810 80.0 -5.597532 0.572098 8
-2.594728 400 80.0 -5.554411 1.933819 8
-2.523198 210 80.0 -7.528564 3.038303 8
-2.400516 820 80.0 -5.61071 0.567835 8
-2.580265 400 80.0 -5.554442 1.986896 8
-2.524146 210 80.0 -7.528721 3.038493 8
-2.399841 820 80.0 -5.611703 0.566091 8
-2.572073 570 80.0 -5.53336 1.865588 8
-2.577468 410 80.0 -5.553972 1.993767 8
-2.376973 210 80.0 -7.521194 3.030694 8
-2.397216 830 80.0 -5.604908 0.562306 8
-2.601286 410 80.0 -5.567231 2.041543 8
-2.316216 200 80.0 -7.58694 3.174542 8
-2.402061 810 80.0 -5.597586 0.57223 8
-2.638854 440 80.0 -5.556069 1.884247 8
-2.542238 210 80.0 -7.551971 2.782001 8
-2.387598 860 80.0 -5.622161 0.545576 8
-2.573041 630 80.0 -5.529845 1.805296 8
-2.583684 400 80.0 -5.566041 1.947695 8
-2.640313 200 80.0 -7.528992 3.035607 8
-2.369532 830 80.0 -5.610985 0.583196 8
-2.622344 570 80.0 -5.533242 1.808982 8
-2.473535 270 80.0 -7.508576 1.750442 8
-2.620821 400 80.0 -5.567756 1.979579 8
-2.474048 200 80.0 -7.53031 3.137259 8
-2.354748 820 80.0 -5.605433 0.58573 8
-2.60271 410 80.0 -5.567319 1.920123 8
-2.319576 200 80.0 -7.586998 3.175791 8
-2.402761 810 80.0 -5.597649 0.572386 8
-2.592192 410 80.0 -5.555733 1.943666 8
-2.39607 210 80.0 -7.528981 3.058156 8
-2.40514 830 80.0 -5.60452 0.554796 8
-2.60324 610 80.0 -5.52191 1.770958 8
-2.615782 390 80.0 -5.566525 1.885763 8
-2.592318 200 80.0 -7.594134 3.121501 8
-2.37709 820 80.0 -5.604249 0.590172 8
-2.544426 510 80.0 -5.535538 1.853631 8
-2.570818 250 80.0 -7.534426 2.173204 8
-2.608469 410 80.0 -5.556642 1.838847 8
-2.418015 190 80.0 -7.517521 3.019679 8
-2.386069 820 80.0 -5.606569 0.561825 8
-2.581862 400 80.0 -5.554713 1.887156 8
-2.517891 210 80.0 -7.528906 3.034533 8
-2.398361 820 80.0 -5.611724 0.564336 8
-2.586396 400 80.0 -5.566261 1.910374 8
-2.646959 200 80.0 -7.529064 3.037788 8
-2.370873 830 80.0 -5.611113 0.583479 8
-2.564965 610 80.0 -5.521849 1.793033 8
-2.540668 440 80.0 -5.556084 1.865375 8
-2.470637 220 80.0 -7.552032 2.899427 8
-2.42388 850 80.0 -5.622128 0.537365 8
-2.594662 410 80.0 -5.555922 1.83126 8
-2.401904 210 80.0 -7.529044 3.060222 8
-2.406369 830 80.0 -5.60463 0.555113 8
-2.613464 490 80.0 -5.55618 1.828164 8
-2.546405 230 80.0 -7.537074 2.479152 8
-2.623021 590 80.0 -5.539145 1.79923 8
-2.617873 440 80.0 -5.554883 1.850986 8
-2.502431 210 80.0 -7.551946 2.754147 8
-2.381678 860 80.0 -5.626942 0.535706 8
-2.558628 600 80.0 -5.521843 1.772642 8
-2.587365 560 80.0 -5.536769 1.97288 8
-2.580349 410 80.0 -5.553715 1.844313 8
-2.481537 200 80.0 -7.521781 2.969287 8
-2.400413 830 80.0 -5.611763 0.560181 8
-2.596643 430 80.0 -5.556736 1.83581 8
-2.367091 210 80.0 -7.520662 2.953175 8
-2.385496 840 80.0 -5.611068 0.552654 8
-2.546164 580 80.0 -5.531122 1.904241 8
-2.493575 280 80.0 -7.512331 1.70349 8
-2.587018 580 80.0 -5.538876 1.742067 8
-2.57289 280 80.0 -7.510224 1.642104 8
-2.628462 430 80.0 -5.553984 1.828046 8
-2.411494 210 80.0 -7.523415 2.852358 8
-2.40996 860 80.0 -5.628559 0.548342 8
-2.576998 540 80.0 -5.540024 1.750054 8
-2.490851 270 80.0 -7.520868 1.967558 8
-2.564563 580 80.0 -5.539044 1.854007 8
-2.620439 620 80.0 -5.521895 1.702688 8
-2.603186 420 80.0 -5.556547 1.82619 8
-2.38906 200 80.0 -7.522684 3.024513 8
-2.383165 830 80.0 -5.605808 0.557947 8
-2.557954 430 80.0 -5.555315 1.81739 8
-2.415576 220 80.0 -7.531238 2.977309 8
-2.400246 850 80.0 -5.61705 0.552647 8
-2.637958 430 80.0 -5.555635 1.823932 8
-2.444089 210 80.0 -7.524899 2.878807 8
-2.415225 860 80.0 -5.628014 0.542328 8
-2.598143 440 80.0 -5.556425 1.806656 8
-2.487323 210 80.0 -7.52482 2.891477 8
-2.394098 850 80.0 -5.623243 0.550262 8
-2.588931 480 80.0 -5.556894 1.801725 8
-2.415804 230 80.0 -7.540156 2.621216 8
-2.60316 490 80.0 -5.541851 1.781036 8
-2.60751 240 80.0 -7.538471 2.340909 8
-2.628684 450 80.0 -5.568027 1.823781 8
-2.539865 220 80.0 -7.530643 2.866694 8
-2.351156 840 80.0 -5.615759 0.550813 8
-2.579863 420 80.0 -5.5559 1.818519 8
-2.463516 210 80.0 -7.526561 2.979795 8
-2.404343 840 80.0 -5.617704 0.558438 8
-2.594439 430 80.0 -5.556992 1.823783 8
-2.364742 210 80.0 -7.527095 3.007988 8
-2.38763 840 80.0 -5.61813 0.55172 8
-2.604687 480 80.0 -5.55577 1.799819 8
-2.511156 220 80.0 -7.543746 2.405522 8
-2.558277 600 80.0 -5.518975 1.727601 8
-2.58665 480 80.0 -5.555521 1.803629 8
-2.397242 230 80.0 -7.540341 2.610693 8
-2.565379 510 80.0 -5.543061 1.768735 8
-2.52762 240 80.0 -7.532203 2.309517 8
-2.574948 470 80.0 -5.556084 1.820903 8
-2.389988 220 80.0 -7.540341 2.603132 8
-2.56203 610 80.0 -5.521868 1.677772 8
-2.592091 460 80.0 -5.555137 1.809708 8
-2.428773 230 80.0 -7.547911 2.715984 8
-2.62857 440 80.0 -5.556952 1.809839 8
-2.531061 210 80.0 -7.552625 2.767054 8
-2.355628 850 80.0 -5.620641 0.537289 8
-2.597628 660 80.0 -5.519186 1.632616 8
-2.584846 450 80.0 -5.557811 1.793749 8
-2.449619 220 80.0 -7.552115 2.885783 8
-2.389675 840 80.0 -5.616875 0.536395 8
-2.612407 590 80.0 -5.534881 1.70037 8
-2.606043 440 80.0 -5.560938 1.805564 8
-2.401592 220 80.0 -7.524818 2.955113 8
-2.397675 850 80.0 -5.622708 0.551444 8
-2.646015 430 80.0 -5.556742 1.78964 8
-2.468263 210 80.0 -7.524983 2.890809 8
-2.417382 840 80.0 -5.624296 0.539684 8
-2.615791 470 80.0 -5.555781 1.788691 8
-2.483649 240 80.0 -7.546045 2.607039 8
-2.619103 430 80.0 -5.556017 1.793287 8
-2.620404 210 80.0 -7.557957 2.790831 8
-2.37302 850 80.0 -5.621684 0.547098 8
-2.600655 440 80.0 -5.555535 1.781535 8
-2.576497 220 80.0 -7.557003 2.729389 8
-2.400287 850 80.0 -5.621859 0.53367 8
-2.598782 440 80.0 -5.556817 1.806852 8
-2.485407 210 80.0 -7.525144 2.889055 8
-2.423087 840 80.0 -5.623331 0.540787 8
-2.639858 450 80.0 -5.557379 1.794599 8
-2.553452 220 80.0 -7.550812 2.776575 8
-2.366369 860 80.0 -5.627831 0.540887 8
-2.557484 440 80.0 -5.556842 1.791026 8
-2.384091 210 80.0 -7.552269 2.909192 8
-2.401229 840 80.0 -5.616006 0.540768 8
-2.60528 440 80.0 -5.555586 1.780402 8
-2.480267 210 80.0 -7.551166 2.742639 8
-2.372717 840 80.0 -5.615292 0.536005 8
-2.584969 570 80.0 -5.540651 1.716626 8
-2.493333 280 80.0 -7.522852 1.81223 8
-2.61892 500 80.0 -5.557368 1.777983 8
-2.43112 230 80.0 -7.536296 2.424924 8
-2.656369 440 80.0 -5.561377 1.772593 8
-2.575925 210 80.0 -7.552199 2.794398 8
-2.363997 850 80.0 -5.615522 0.548217 8
-2.587268 490 80.0 -5.557567 1.76292 8
-2.500453 230 80.0 -7.544944 2.553225 8
-2.570812 620 80.0 -5.530392 1.695878 8
-2.61569 530 80.0 -5.542269 1.72604 8
-2.488317 270 80.0 -7.52345 2.066126 8
-2.66495 490 80.0 -5.56143 1.773069 8
-2.556942 220 80.0 -7.54366 2.469274 8
-2.608629 450 80.0 -5.555996 1.776617 8
-2.465998 220 80.0 -7.549712 2.733143 8
-2.35114 860 80.0 -5.626309 0.540326 8
-2.637598 590 80.0 -5.533225 1.672046 8
-2.640728 450 80.0 -5.557576 1.770911 8
-2.534224 220 80.0 -7.550932 2.766112 8
-2.364652 860 80.0 -5.627632 0.53896 8
-2.597199 610 80.0 -5.518865 1.692447 8
-2.577778 620 80.0 -5.522801 1.634116 8
-2.594542 630 80.0 -5.515216 1.67095 8
-2.613893 590 80.0 -5.532189 1.665873 8
-2.529624 280 80.0 -7.510518 1.617171 8
-2.631755 580 80.0 -5.533643 1.678415 8
-2.655294 580 80.0 -5.541502 1.736636 8
-2.58285 600 80.0 -5.523556 1.698984 8
-2.577044 490 80.0 -5.542879 1.739833 8
-2.560514 240 80.0 -7.542163 2.386203 8
-2.621449 600 80.0 -5.523825 1.759929 8
-2.602434 610 80.0 -5.532639 1.661313 8
-2.578771 600 80.0 -5.524613 1.724866 8
-2.627008 610 80.0 -5.532506 1.666623 8
-2.642552 460 80.0 -5.561327 1.746035 8
-2.436007 220 80.0 -7.549506 2.720856 8
-2.51534 470 80.0 -5.548941 1.761179 8
-2.452715 220 80.0 -7.545313 2.5772 8
-2.664809 510 80.0 -5.556714 1.739207 8
-2.530348 240 80.0 -7.538688 2.317274 8
-2.626194 470 80.0 -5.55758 1.755847 8
-2.491869 220 80.0 -7.542193 2.64887 8
-2.624202 460 80.0 -5.556561 1.757118 8
-2.493073 210 80.0 -7.543463 2.645749 8
-2.63446 450 80.0 -5.557068 1.7497 8
-2.428072 210 80.0 -7.550841 2.716547 8
-2.365649 860 80.0 -5.628795 0.539414 8
-2.547459 440 80.0 -5.557868 1.757858 8
-2.477571 200 80.0 -7.552004 2.831208 8
-2.398436 840 80.0 -5.622448 0.536871 8
-2.639827 460 80.0 -5.558139 1.757785 8
-2.54573 210 80.0 -7.543571 2.670655 8
-2.564568 500 80.0 -5.53757 1.703761 8
-2.505268 250 80.0 -7.536851 2.244903 8
-2.56121 620 80.0 -5.519103 1.644125 8
-2.620706 620 80.0 -5.523375 1.662626 8
-2.572435 470 80.0 -5.549996 1.72814 8
-2.578813 220 80.0 -7.544 2.48513 8
-2.626275 480 80.0 -5.562067 1.751347 8
-2.377634 220 80.0 -7.546558 2.642215 8
-2.594803 470 80.0 -5.545275 1.721224 8
-2.492004 230 80.0 -7.536185 2.450028 8
-2.582004 500 80.0 -5.540938 1.713019 8
-2.544879 250 80.0 -7.543427 2.267045 8
-2.63693 580 80.0 -5.540596 1.664489 8
-2.598042 480 80.0 -5.556461 1.735134 8
-2.42348 230 80.0 -7.540781 2.621493 8
-2.531424 610 80.0 -5.524453 1.643765 8
-2.589297 340 80.0 -5.569041 1.749611 8
-2.567498 600 80.0 -5.526937 1.693459 8
-2.580767 480 80.0 -5.556534 1.736858 8
-2.388724 230 80.0 -7.53996 2.603634 8
-2.595342 610 80.0 -5.518712 1.638007 8
-2.597634 520 80.0 -5.542914 1.725569 8
-2.367449 250 80.0 -7.528975 2.219527 8
-2.574495 620 80.0 -5.524012 1.633461 8
-2.597095 610 80.0 -5.532389 1.631918 8
-2.564595 650 80.0 -5.508134 1.572444 8
-2.593526 510 80.0 -5.543682 1.719377 8
-2.457038 250 80.0 -7.52989 2.263085 8
-2.538071 470 80.0 -5.55087 1.736607 8
-2.51252 220 80.0 -7.545969 2.503589 8
-2.599285 620 80.0 -5.528008 1.686989 8
-2.58818 610 80.0 -5.525578 1.634135 8
-2.626613 480 80.0 -5.549919 1.703753 8
-2.556189 240 80.0 -7.546769 2.367384 8
-2.608666 540 80.0 -5.54411 1.661584 8
-2.56743 270 80.0 -7.527957 1.967705 8
-2.514793 460 80.0 -5.543744 1.720213 8
-2.490859 230 80.0 -7.553071 2.639122 8
-2.597677 570 80.0 -5.542512 1.704943 8
-2.606929 270 80.0 -7.51714 1.828102 8
-2.592824 530 80.0 -5.544661 1.69916 8
-2.450824 250 80.0 -7.521036 2.156096 8
-2.626389 540 80.0 -5.544836 1.68724 8
-2.505241 260 80.0 -7.529741 2.034469 8
-2.58428 620 80.0 -5.5241 1.586541 8
-2.59455 560 80.0 -5.542113 1.655583 8
-2.525276 270 80.0 -7.51756 1.865877 8
-2.546259 530 80.0 -5.537714 1.685863 8
-2.547555 250 80.0 -7.525834 2.108914 8
-2.582898 490 80.0 -5.538034 1.695303 8
-2.549508 240 80.0 -7.539379 2.325778 8
-2.518989 470 80.0 -5.543252 1.708225 8
-2.452156 220 80.0 -7.539347 2.523416 8
-2.600782 520 80.0 -5.543237 1.693398 8
-2.374507 250 80.0 -7.529129 2.222931 8
-2.604218 570 80.0 -5.530452 1.625728 8
-2.521938 280 80.0 -7.513569 1.72234 8
-2.535987 470 80.0 -5.550327 1.705391 8
-2.408977 230 80.0 -7.539943 2.613822 8
-2.623554 610 80.0 -5.525213 1.63059 8
-2.619757 620 80.0 -5.523726 1.610639 8
-2.543496 470 80.0 -5.550525 1.715149 8
-2.433363 230 80.0 -7.539245 2.612052 8
-2.586262 530 80.0 -5.542042 1.690945 8
-2.549556 260 80.0 -7.525609 2.137496 8
-2.603999 550 80.0 -5.542917 1.678751 8
-2.653561 270 80.0 -7.532328 1.95363 8
-2.612662 560 80.0 -5.543624 1.671289 8
-2.55934 270 80.0 -7.519853 1.903043 8
-2.590505 520 80.0 -5.542282 1.683366 8
-2.45354 260 80.0 -7.533781 2.197022 8
-2.585272 550 80.0 -5.541539 1.670529 8
-2.612308 270 80.0 -7.525823 1.931478 8
-2.571027 550 80.0 -5.537325 1.671269 8
-2.570141 270 80.0 -7.525855 1.909712 8
-2.603742 540 80.0 -5.543762 1.671894 8
-2.556803 270 80.0 -7.528338 2.008705 8
-2.587518 570 80.0 -5.543053 1.653826 8
-2.496494 260 80.0 -7.510209 1.809876 8
-2.60516 550 80.0 -5.543042 1.678578 8
-2.656229 270 80.0 -7.532379 1.954964 8
-2.587148 540 80.0 -5.538236 1.672986 8
-2.605981 260 80.0 -7.527791 1.973886 8
-2.514646 480 80.0 -5.543832 1.703541 8
-2.553113 220 80.0 -7.543993 2.417868 8
-2.621647 550 80.0 -5.543094 1.672681 8
-2.59804 260 80.0 -7.527496 1.963572 8
-2.622802 550 80.0 -5.544542 1.67547 8
-2.606791 260 80.0 -7.528006 1.974193 8
-2.630676 540 80.0 -5.545292 1.676472 8
-2.514886 260 80.0 -7.529948 2.03915 8
-2.617507 530 80.0 -5.54382 1.662762 8
-2.488123 270 80.0 -7.529975 2.062074 8
-2.587943 540 80.0 -5.538337 1.672873 8
-2.6078 260 80.0 -7.527828 1.974743 8
-2.617748 530 80.0 -5.543845 1.662729 8
-2.488667 270 80.0 -7.529983 2.062359 8
-2.606473 550 80.0 -5.543184 1.658196 8
-2.659246 270 80.0 -7.532444 1.956472 8
-2.607028 550 80.0 -5.543202 1.658256 8
-2.64339 270 80.0 -7.526348 1.946199 8
-2.600056 550 80.0 -5.543215 1.658673 8
-2.628717 270 80.0 -7.525849 1.930365 8
-2.607268 550 80.0 -5.543227 1.658221 8
-2.643937 270 80.0 -7.526357 1.946471 8
-2.598442 530 80.0 -5.545249 1.658011 8
-2.463531 250 80.0 -7.521303 2.119759 8
-2.600362 550 80.0 -5.543249 1.65863 8
-2.629419 270 80.0 -7.525867 1.930714 8
-2.588968 540 80.0 -5.538465 1.662792 8
-2.610138 260 80.0 -7.527873 1.975848 8
-2.629973 540 80.0 -5.54261 1.657901 8
-2.600217 270 80.0 -7.529757 2.030195 8
-2.593027 480 80.0 -5.543952 1.681834 8
-2.611569 230 80.0 -7.544604 2.462716 8
-2.642515 480 80.0 -5.552105 1.670001 8
-2.590885 240 80.0 -7.548649 2.401365 8
-2.564292 490 80.0 -5.543313 1.663205 8
-2.636722 230 80.0 -7.541541 2.364344 8
-2.601429 510 80.0 -5.544484 1.667196 8
-2.475017 250 80.0 -7.530281 2.271756 8
-2.632993 540 80.0 -5.545538 1.64634 8
-2.520102 260 80.0 -7.530057 2.04168 8
-2.616672 540 80.0 -5.544136 1.649663 8
-2.584518 270 80.0 -7.528513 2.01457 8
-2.633956 540 80.0 -5.544791 1.636777 8
-2.590476 540 80.0 -5.538652 1.642859 8
-2.613583 260 80.0 -7.527944 1.977474 8
-2.602469 550 80.0 -5.541413 1.628259 8
-2.441251 270 80.0 -7.520385 1.933502 8
-2.607912 540 80.0 -5.544207 1.63183 8
-2.566302 270 80.0 -7.528535 2.013568 8
-2.590871 540 80.0 -5.538704 1.642807 8
-2.614489 260 80.0 -7.527966 1.977901 8
-2.599109 540 80.0 -5.537296 1.631589 8
-2.640226 260 80.0 -7.528406 1.958834 8
-2.591086 560 80.0 -5.544189 1.647105 8
-2.554071 530 80.0 -5.544769 1.670614 8
-2.585107 250 80.0 -7.535747 2.14309 8
