-3.415794 240 80.0 -6.891076 -0.476728 29
-3.470935 300 80.0 -6.43026 -0.524847 29
-3.550121 550 80.0 -5.641905 -0.793422 29
-3.343709 230 80.0 -6.988891 -0.458514 29
-3.331508 230 80.0 -6.98023 -0.459507 29
-3.435029 240 80.0 -6.900062 -0.477066 29
-3.341063 230 80.0 -6.950973 -0.459799 29
-3.613855 580 80.0 -5.62477 -0.837751 29
-3.332112 220 80.0 -6.983961 -0.457821 29
-3.484148 330 80.0 -6.277964 -0.537993 29
-3.567173 560 80.0 -5.620201 -0.818374 29
-3.447427 300 80.0 -6.491349 -0.518125 29
-3.550212 530 80.0 -5.634684 -0.82452 29
-3.434063 290 80.0 -6.578776 -0.510155 29
-3.534268 530 80.0 -5.64349 -0.813036 29
-3.493974 240 80.0 -6.862889 -0.492033 29
-3.473499 310 80.0 -6.499121 -0.516124 29
-3.557733 540 80.0 -5.638399 -0.815066 29
-3.595774 560 80.0 -5.630727 -0.830845 29
-3.333699 230 80.0 -6.981259 -0.459597 29
-3.446571 290 80.0 -6.59614 -0.507759 29
-3.517572 540 80.0 -5.645359 -0.792009 29
-3.473364 290 80.0 -6.564913 -0.51633 29
-3.512244 540 80.0 -5.636088 -0.79816 29
-5.608522 780 80.0 -8.089413 -3.605156 29
-3.605156 580 80.0 -5.608522 -0.829041 29
-3.358694 230 80.0 -6.936308 -0.463117 29
-3.33034 240 80.0 -6.887054 -0.469499 29
-3.379106 250 80.0 -6.798616 -0.485128 29
-3.502614 320 80.0 -6.443284 -0.524266 29
-3.579146 560 80.0 -5.646437 -0.641473 29
-3.392403 250 80.0 -6.914058 -0.469993 29
-3.359847 230 80.0 -6.936873 -0.463187 29
-3.360059 230 80.0 -6.936978 -0.4632 29
-3.384346 230 80.0 -6.985335 -0.466993 29
-3.490172 310 80.0 -6.45328 -0.523777 29
-3.581002 550 80.0 -5.643573 -0.806951 29
-3.461187 330 80.0 -6.271503 -0.536605 29
-3.575924 570 80.0 -5.628466 -0.806611 29
-3.360897 230 80.0 -6.93739 -0.463251 29
-3.61151 580 80.0 -5.618081 -0.817344 29
-3.385442 230 80.0 -6.985857 -0.46704 29
-3.494612 290 80.0 -6.649382 -0.508082 29
-3.518227 530 80.0 -5.634223 -0.814195 29
-3.489506 310 80.0 -6.453001 -0.526288 29
-3.580702 550 80.0 -5.643644 -0.807336 29
-3.378109 240 80.0 -6.902095 -0.468971 29
-3.295275 230 80.0 -6.938293 -0.459524 29
-3.465314 310 80.0 -6.487674 -0.51899 29
-3.552953 540 80.0 -5.637901 -0.810928 29
-3.40884 250 80.0 -6.875818 -0.474566 29
-3.362586 230 80.0 -6.970005 -0.463354 29
-3.367949 230 80.0 -6.962361 -0.468226 29
-3.410307 250 80.0 -6.847402 -0.486081 29
-3.437618 320 80.0 -6.44709 -0.520095 29
-3.579347 550 80.0 -5.6436 -0.643572 29
-3.407398 240 80.0 -6.960276 -0.468129 29
-3.48489 300 80.0 -6.554982 -0.515993 29
-3.547738 540 80.0 -5.637801 -0.816818 29
-3.607466 570 80.0 -5.63022 -0.839523 29
-3.353063 240 80.0 -6.904305 -0.467056 29
-3.324499 230 80.0 -6.890206 -0.466468 29
-3.496803 330 80.0 -6.337641 -0.536199 29
-3.577586 560 80.0 -5.624247 -0.824435 29
-3.492495 310 80.0 -6.455519 -0.526461 29
-3.582811 550 80.0 -5.644068 -0.808924 29
-3.471132 290 80.0 -6.611876 -0.510107 29
-3.508714 530 80.0 -5.631881 -0.805445 29
-3.38118 240 80.0 -6.903561 -0.465117 29
-3.445982 290 80.0 -6.528756 -0.517913 29
-3.524902 530 80.0 -5.632003 -0.80039 29
-3.429127 250 80.0 -6.854851 -0.482792 29
-3.410608 240 80.0 -6.888182 -0.475199 29
-3.486367 290 80.0 -6.546391 -0.517536 29
-3.531316 540 80.0 -5.639383 -0.791711 29
-3.49153 330 80.0 -6.342055 -0.532404 29
-3.582226 560 80.0 -5.632832 -0.81001 29
-3.497206 330 80.0 -6.33567 -0.532643 29
-3.578268 560 80.0 -5.624304 -0.826851 29
-3.443462 250 80.0 -6.867961 -0.484175 29
-3.43336 280 80.0 -6.594358 -0.51015 29
-3.543097 520 80.0 -5.640981 -0.838524 29
-3.468508 280 80.0 -6.670424 -0.502108 29
-3.492564 510 80.0 -5.631314 -0.850959 29
-3.40031 250 80.0 -6.917618 -0.466522 29
-3.456791 270 80.0 -6.701499 -0.501984 29
-3.523234 510 80.0 -5.634163 -0.87279 29
-3.434726 250 80.0 -6.85773 -0.484406 29
-3.486597 320 80.0 -6.350477 -0.532007 29
-3.58474 550 80.0 -5.623323 -0.826342 29
-3.488849 330 80.0 -6.297513 -0.533084 29
-3.573461 560 80.0 -5.624502 -0.821625 29
-3.46432 230 80.0 -6.902017 -0.481391 29
-3.366962 240 80.0 -6.868256 -0.475993 29
-3.488177 290 80.0 -6.620316 -0.510553 29
-3.515284 530 80.0 -5.6404 -0.830918 29
-3.468649 300 80.0 -6.514565 -0.518351 29
-3.537399 540 80.0 -5.638273 -0.809388 29
-3.601214 580 80.0 -5.62561 -0.818916 29
-3.451395 290 80.0 -6.514036 -0.518281 29
-3.509102 540 80.0 -5.635243 -0.778552 29
-3.438594 310 80.0 -6.461581 -0.519994 29
-3.561001 550 80.0 -5.641883 -0.799885 29
-3.527531 330 80.0 -6.266619 -0.54289 29
-3.611694 570 80.0 -5.62955 -0.826491 29
-3.484665 310 80.0 -6.507564 -0.516942 29
-3.567037 540 80.0 -5.640916 -0.801526 29
-3.428166 310 80.0 -6.459981 -0.519752 29
-3.553263 550 80.0 -5.641206 -0.796442 29
-3.393766 240 80.0 -6.880829 -0.473897 29
-3.452474 240 80.0 -6.884599 -0.480854 29
-3.452463 300 80.0 -6.52545 -0.51834 29
-3.579548 540 80.0 -5.64281 -0.809967 29
-3.432249 230 80.0 -6.87954 -0.480172 29
-3.471614 310 80.0 -6.502255 -0.519404 29
-3.55974 540 80.0 -5.640188 -0.796796 29
-3.453499 240 80.0 -6.885136 -0.480916 29
-3.433587 250 80.0 -6.786931 -0.49022 29
-3.471976 510 80.0 -5.636546 -0.865993 29
-3.443812 240 80.0 -6.869842 -0.484117 29
-3.483721 320 80.0 -6.335359 -0.53572 29
-3.579171 550 80.0 -5.622327 -0.822307 29
-3.433875 240 80.0 -6.866246 -0.483654 29
-3.514397 330 80.0 -6.245461 -0.541287 29
-3.599006 570 80.0 -5.633492 -0.81963 29
-3.507007 320 80.0 -6.4425 -0.52791 29
-3.583352 560 80.0 -5.645687 -0.646017 29
-3.455388 240 80.0 -6.878448 -0.483519 29
-3.455531 240 80.0 -6.87852 -0.483526 29
-3.509176 310 80.0 -6.468141 -0.524291 29
-3.564779 560 80.0 -5.647069 -0.787114 29
-3.483688 310 80.0 -6.455463 -0.526581 29
-3.550447 560 80.0 -5.64453 -0.77867 29
-3.504233 250 80.0 -6.807372 -0.498282 29
-3.472714 520 80.0 -5.636255 -0.840863 29
-3.462479 240 80.0 -6.838253 -0.49185 29
-3.466742 320 80.0 -6.404205 -0.528373 29
-3.556517 540 80.0 -5.61839 -0.832925 29
-3.475746 260 80.0 -6.731145 -0.499075 29
-3.509681 510 80.0 -5.638557 -0.881874 29
-3.500197 320 80.0 -6.372826 -0.533648 29
-3.56668 560 80.0 -5.628156 -0.824361 29
-3.514061 320 80.0 -6.363727 -0.53541 29
-3.573615 560 80.0 -5.626938 -0.83103 29
-3.595412 570 80.0 -5.626972 -0.834938 29
-3.527592 320 80.0 -6.374978 -0.534949 29
-3.556844 550 80.0 -5.621445 -0.816183 29
-3.479375 330 80.0 -6.282804 -0.536061 29
-3.591038 570 80.0 -5.62898 -0.818325 29
-3.473829 310 80.0 -6.434806 -0.525343 29
-3.569902 550 80.0 -5.641418 -0.64303 29
-3.607903 580 80.0 -5.631446 -0.807719 29
-3.51257 300 80.0 -6.575724 -0.518481 29
-3.512981 540 80.0 -5.628457 -0.782222 29
-3.531792 330 80.0 -6.334057 -0.533811 29
-3.552477 560 80.0 -5.622187 -0.816002 29
-3.527549 330 80.0 -6.276214 -0.542479 29
-3.584451 580 80.0 -5.631883 -0.795542 29
-3.485973 270 80.0 -6.749461 -0.499967 29
-3.50983 500 80.0 -5.628822 -0.866834 29
-3.49813 330 80.0 -6.295743 -0.538827 29
-3.602779 570 80.0 -5.634205 -0.807652 29
-3.501723 300 80.0 -6.539255 -0.518611 29
-3.531848 530 80.0 -5.633444 -0.805294 29
-3.513475 340 80.0 -6.286387 -0.535099 29
-3.579322 570 80.0 -5.626775 -0.81237 29
-3.495778 320 80.0 -6.333873 -0.532688 29
-3.562203 560 80.0 -5.625388 -0.821177 29
-3.49148 320 80.0 -6.342204 -0.533699 29
-3.583267 550 80.0 -5.623389 -0.826144 29
-3.447533 240 80.0 -6.806396 -0.490596 29
-3.501229 330 80.0 -6.320274 -0.536824 29
-3.579734 560 80.0 -5.631938 -0.809386 29
-3.495411 250 80.0 -6.853322 -0.490338 29
-3.50965 330 80.0 -6.332989 -0.534268 29
-3.587081 560 80.0 -5.62521 -0.833333 29
-3.47343 330 80.0 -6.318049 -0.535113 29
-3.589552 570 80.0 -5.631511 -0.796324 29
-3.482986 330 80.0 -6.316567 -0.536147 29
-3.594343 570 80.0 -5.630291 -0.800095 29
-3.517096 320 80.0 -6.366391 -0.535591 29
-3.575815 560 80.0 -5.627406 -0.832743 29
-3.5041 320 80.0 -6.385974 -0.532924 29
-3.564877 560 80.0 -5.624544 -0.806713 29
-3.575155 580 80.0 -5.630196 -0.793537 29
-3.611063 570 80.0 -5.629301 -0.825897 29
-3.50119 330 80.0 -6.320457 -0.537043 29
-3.57993 560 80.0 -5.624272 -0.828725 29
-3.474269 260 80.0 -6.769164 -0.498833 29
-3.480372 500 80.0 -5.632597 -0.884637 29
-3.419649 280 80.0 -6.641555 -0.503214 29
-3.49027 520 80.0 -5.628682 -0.826289 29
-3.502209 330 80.0 -6.334281 -0.533823 29
-3.583991 560 80.0 -5.626291 -0.810537 29
-3.509068 330 80.0 -6.342841 -0.534161 29
-3.588662 560 80.0 -5.625895 -0.834078 29
-3.503282 330 80.0 -6.322215 -0.536948 29
-3.581264 560 80.0 -5.632302 -0.810534 29
-3.522657 330 80.0 -6.353919 -0.53525 29
-3.59867 560 80.0 -5.629226 -0.820392 29
-3.484817 330 80.0 -6.29513 -0.535992 29
-3.595316 570 80.0 -5.63192 -0.819696 29
-3.427063 250 80.0 -6.791715 -0.491097 29
-3.469994 510 80.0 -5.631589 -0.870137 29
-3.511923 330 80.0 -6.335145 -0.534426 29
-3.588771 560 80.0 -5.625592 -0.834609 29
-3.472505 330 80.0 -6.2958 -0.534979 29
-3.586564 570 80.0 -5.634852 -0.819414 29
-3.500223 330 80.0 -6.299987 -0.534698 29
-3.578518 560 80.0 -5.624749 -0.827322 29
-3.485193 330 80.0 -6.297168 -0.535788 29
-3.596824 570 80.0 -5.632119 -0.820826 29
-3.513433 340 80.0 -6.30208 -0.533949 29
-3.581561 570 80.0 -5.628367 -0.814089 29
-3.539489 330 80.0 -6.277631 -0.54362 29
-3.592858 580 80.0 -5.631524 -0.80513 29
-3.502949 330 80.0 -6.304104 -0.534398 29
-3.582518 560 80.0 -5.624831 -0.830805 29
-3.484678 330 80.0 -6.287634 -0.536392 29
-3.595024 570 80.0 -5.629849 -0.821303 29
-3.521609 340 80.0 -6.31418 -0.535782 29
-3.588353 570 80.0 -5.628935 -0.817118 29
-3.5003 330 80.0 -6.30695 -0.533817 29
-3.582044 560 80.0 -5.625946 -0.829744 29
-3.574772 570 80.0 -5.625965 -0.808526 29
-3.540252 330 80.0 -6.284623 -0.543416 29
-3.569549 570 80.0 -5.624609 -0.802907 29
-3.50956 320 80.0 -6.393392 -0.534825 29
-3.568552 560 80.0 -5.625571 -0.807687 29
-3.455205 320 80.0 -6.409044 -0.527431 29
-3.575941 550 80.0 -5.626623 -0.827355 29
-3.442508 290 80.0 -6.622664 -0.511065 29
-3.515345 520 80.0 -5.631051 -0.820683 29
-3.578447 580 80.0 -5.622825 -0.789899 29
-3.487276 330 80.0 -6.320643 -0.536405 29
-3.597569 570 80.0 -5.630999 -0.802495 29
-3.48869 330 80.0 -6.217218 -0.542467 29
-3.579336 570 80.0 -5.622576 -0.807702 29
-3.536132 290 80.0 -6.532303 -0.523389 29
-3.548038 540 80.0 -5.641697 -0.81779 29
-3.541495 330 80.0 -6.279472 -0.543742 29
-3.569669 570 80.0 -5.62417 -0.806231 29
-3.442662 270 80.0 -6.688484 -0.501093 29
-3.50988 510 80.0 -5.633549 -0.866008 29
-3.501559 250 80.0 -6.775212 -0.501071 29
-3.470394 520 80.0 -5.643354 -0.839525 29
-3.483407 300 80.0 -6.520707 -0.519386 29
-3.546453 540 80.0 -5.639372 -0.816496 29
-3.463941 330 80.0 -6.296626 -0.534587 29
-3.583622 570 80.0 -5.635973 -0.814638 29
-3.475873 260 80.0 -6.717692 -0.500595 29
-3.478346 500 80.0 -5.631965 -0.880007 29
-3.482189 260 80.0 -6.771559 -0.499201 29
-3.513162 510 80.0 -5.632117 -0.88618 29
-3.579946 580 80.0 -5.628981 -0.816061 29
-3.585172 580 80.0 -5.630095 -0.800457 29
-3.497659 330 80.0 -6.229854 -0.544484 29
-3.587162 570 80.0 -5.622172 -0.812765 29
-3.537474 290 80.0 -6.533323 -0.523478 29
-3.548936 540 80.0 -5.641874 -0.818513 29
-3.461061 250 80.0 -6.761367 -0.499402 29
-3.477597 510 80.0 -5.635145 -0.876062 29
-3.449539 280 80.0 -6.670941 -0.502694 29
-3.511671 520 80.0 -5.637753 -0.823 29
-3.496192 310 80.0 -6.547661 -0.518048 29
-3.547089 550 80.0 -5.64279 -0.780788 29
-3.572745 560 80.0 -5.61889 -0.836027 29
-3.570217 570 80.0 -5.619987 -0.799521 29
-3.489884 330 80.0 -6.235112 -0.542141 29
-3.582709 570 80.0 -5.622964 -0.809514 29
-3.448598 250 80.0 -6.747904 -0.501716 29
-3.472291 510 80.0 -5.627072 -0.848654 29
-3.47211 280 80.0 -6.670374 -0.502967 29
-3.524153 520 80.0 -5.639447 -0.832305 29
-3.598023 570 80.0 -5.627935 -0.818337 29
-3.455975 280 80.0 -6.614918 -0.510803 29
-3.526608 530 80.0 -5.643222 -0.819883 29
-3.568787 570 80.0 -5.620594 -0.819466 29
-3.488497 310 80.0 -6.500693 -0.520259 29
-3.566312 540 80.0 -5.63999 -0.803832 29
-3.458891 290 80.0 -6.517434 -0.519113 29
-3.537633 530 80.0 -5.634658 -0.809923 29
-3.439116 300 80.0 -6.514644 -0.519085 29
-3.551624 550 80.0 -5.644077 -0.804548 29
-3.47006 310 80.0 -6.405226 -0.527873 29
-3.562619 570 80.0 -5.641711 -0.639324 29
-3.492379 340 80.0 -6.278266 -0.536718 29
-3.58707 580 80.0 -5.630073 -0.800728 29
-3.502905 290 80.0 -6.501299 -0.524076 29
-3.551636 550 80.0 -5.644531 -0.801712 29
-3.497695 300 80.0 -6.535762 -0.517562 29
-3.55664 540 80.0 -5.641309 -0.803327 29
-3.486555 290 80.0 -6.618613 -0.509903 29
-3.513845 530 80.0 -5.639879 -0.812832 29
-3.491673 330 80.0 -6.327404 -0.536425 29
-3.601351 570 80.0 -5.632576 -0.805649 29
-3.460133 290 80.0 -6.518375 -0.519187 29
-3.538481 530 80.0 -5.634834 -0.810603 29
-3.478742 300 80.0 -6.510218 -0.51986 29
-3.538848 540 80.0 -5.637204 -0.813438 29
-3.443307 300 80.0 -6.481925 -0.520494 29
-3.543703 550 80.0 -5.641711 -0.796654 29
-3.46775 290 80.0 -6.467155 -0.524708 29
-3.526716 550 80.0 -5.639962 -0.786947 29
-3.47916 300 80.0 -6.515824 -0.519932 29
-3.542786 540 80.0 -5.638968 -0.813688 29
-3.494299 300 80.0 -6.451042 -0.527008 29
-3.568111 550 80.0 -5.645127 -0.786159 29
-3.453875 280 80.0 -6.649601 -0.50239 29
-3.511378 520 80.0 -5.636839 -0.823127 29
-3.443938 300 80.0 -6.482435 -0.52053 29
-3.544147 550 80.0 -5.641798 -0.796996 29
-3.444074 300 80.0 -6.482548 -0.520538 29
-3.544242 550 80.0 -5.641817 -0.79707 29
-3.497158 320 80.0 -6.342912 -0.536869 29
-3.585778 570 80.0 -5.638936 -0.822925 29
-3.482782 320 80.0 -6.389041 -0.529351 29
-3.565887 560 80.0 -5.636627 -0.812713 29
-3.453292 300 80.0 -6.486508 -0.520626 29
-3.550404 550 80.0 -5.642677 -0.802869 29
-3.468903 290 80.0 -6.468137 -0.524789 29
-3.527532 550 80.0 -5.640138 -0.787559 29
-3.453481 300 80.0 -6.486668 -0.520636 29
-3.550539 550 80.0 -5.642706 -0.802972 29
-3.473904 290 80.0 -6.524292 -0.519748 29
-3.518705 540 80.0 -5.637291 -0.786538 29
-3.510062 290 80.0 -6.506277 -0.523843 29
-3.557162 550 80.0 -5.645395 -0.805738 29
-3.505678 290 80.0 -6.50353 -0.524264 29
-3.553563 550 80.0 -5.644901 -0.803194 29
-3.492434 320 80.0 -6.413543 -0.526025 29
-3.547721 550 80.0 -5.630716 -0.644842 29
-3.429731 300 80.0 -6.474722 -0.520348 29
-3.535381 550 80.0 -5.64046 -0.793724 29
-3.509744 300 80.0 -6.487611 -0.525159 29
-3.574077 550 80.0 -5.64608 -0.791458 29
-3.454126 300 80.0 -6.487188 -0.520674 29
-3.550994 550 80.0 -5.642793 -0.803323 29
-3.431345 230 80.0 -7.009798 -0.465591 29
-3.601476 560 80.0 -5.622194 -0.826678 29
-3.33547 230 80.0 -6.985296 -0.459042 29
-3.356018 230 80.0 -6.904315 -0.462954 29
-3.614907 580 80.0 -5.616866 -0.818226 29
-3.417143 230 80.0 -6.995597 -0.466104 29
-3.376263 230 80.0 -6.957018 -0.466201 29
-3.358266 220 80.0 -6.978325 -0.463059 29
-3.357303 230 80.0 -6.904914 -0.463032 29
-3.357521 230 80.0 -6.905017 -0.463045 29
-3.338803 220 80.0 -7.057684 -0.737601 29
-3.473577 440 80.0 -5.580106 -1.140439 29
-3.502069 240 80.0 -6.857462 -0.492472 29
-3.451686 500 80.0 -5.627665 -0.931256 29
-3.358176 230 80.0 -6.905322 -0.463085 29
-3.358393 230 80.0 -6.936158 -0.463098 29
-3.358566 230 80.0 -6.936241 -0.463109 29
-3.338616 230 80.0 -6.986779 -0.459171 29
-3.383147 230 80.0 -6.984762 -0.466943 29
-3.582285 570 80.0 -5.610189 -0.804458 29
-3.2932 230 80.0 -6.937274 -0.459435 29
-3.448972 230 80.0 -6.953346 -0.473886 29
-3.360353 230 80.0 -6.937127 -0.463218 29
-3.474064 250 80.0 -6.76828 -0.49985 29
-3.450055 520 80.0 -5.629082 -0.845063 29
-3.370002 230 80.0 -6.963133 -0.467645 29
-3.353314 240 80.0 -6.965231 -0.460084 29
-3.361231 230 80.0 -6.937555 -0.463271 29
-3.466484 250 80.0 -6.915934 -0.473423 29
-3.361727 230 80.0 -6.937799 -0.463302 29
-3.378109 240 80.0 -6.902095 -0.468971 29
-3.378439 240 80.0 -6.902251 -0.468814 29
-3.483881 320 80.0 -6.43145 -0.526782 29
-3.567712 560 80.0 -5.628875 -0.64316 29
-3.391741 250 80.0 -6.904948 -0.471067 29
-3.362749 230 80.0 -6.970086 -0.463363 29
-3.495542 240 80.0 -6.871532 -0.489909 29
-3.604587 570 80.0 -5.617398 -0.830932 29
-3.432072 230 80.0 -6.93713 -0.476224 29
-3.475947 310 80.0 -6.412688 -0.526382 29
-3.572509 550 80.0 -5.635859 -0.641743 29
-3.403735 240 80.0 -6.95858 -0.468567 29
-3.363954 230 80.0 -6.970712 -0.463437 29
-3.396976 250 80.0 -6.916115 -0.46632 29
-3.494288 340 80.0 -6.277984 -0.538114 29
-3.594397 560 80.0 -5.624445 -0.831298 29
-3.377272 230 80.0 -6.974189 -0.464122 29
-3.483686 290 80.0 -6.617208 -0.510042 29
-3.512045 530 80.0 -5.640608 -0.828537 29
-3.399178 230 80.0 -6.895423 -0.473967 29
-3.377734 240 80.0 -6.901997 -0.465738 29
-3.434421 230 80.0 -6.938287 -0.476326 29
-3.487019 330 80.0 -6.307044 -0.538649 29
-3.569358 560 80.0 -5.621864 -0.820721 29
-3.450756 250 80.0 -6.872878 -0.481631 29
-3.399075 250 80.0 -6.917058 -0.466447 29
-3.475233 270 80.0 -6.753434 -0.499214 29
-3.504024 500 80.0 -5.628407 -0.881297 29
-3.480849 320 80.0 -6.335454 -0.532145 29
-3.576729 550 80.0 -5.622293 -0.840434 29
-3.426907 250 80.0 -6.856638 -0.482852 29
-3.591512 560 80.0 -5.624295 -0.847832 29
-3.486148 310 80.0 -6.434569 -0.529219 29
-3.575936 550 80.0 -5.646014 -0.642729 29
-3.378706 230 80.0 -6.875214 -0.473739 29
-3.422298 250 80.0 -6.901213 -0.476085 29
-3.497005 300 80.0 -6.413572 -0.535972 29
-3.550896 570 80.0 -5.63643 -0.63937 29
-3.509204 310 80.0 -6.407113 -0.531634 29
-3.603987 560 80.0 -5.64848 -0.653186 29
-3.356382 250 80.0 -6.849905 -0.476011 29
-3.467845 300 80.0 -6.508694 -0.518502 29
-3.535833 540 80.0 -5.637276 -0.807974 29
-3.464536 310 80.0 -6.428671 -0.524634 29
-3.563568 550 80.0 -5.640855 -0.642574 29
-3.631948 580 80.0 -5.632808 -0.837357 29
-3.464778 230 80.0 -6.902232 -0.481151 29
-3.450905 240 80.0 -6.883767 -0.48076 29
-3.368127 250 80.0 -6.862146 -0.477698 29
-3.44113 240 80.0 -6.868436 -0.483976 29
-3.468143 250 80.0 -6.764091 -0.499473 29
-3.48268 510 80.0 -5.639643 -0.854751 29
-3.440658 280 80.0 -6.643042 -0.500693 29
-3.501682 520 80.0 -5.635643 -0.815342 29
-3.420103 240 80.0 -6.856188 -0.482308 29
-3.393584 240 80.0 -6.880734 -0.473886 29
-3.357823 240 80.0 -6.86412 -0.47612 29
-3.450391 260 80.0 -6.711059 -0.501721 29
-3.524537 520 80.0 -5.643939 -0.848681 29
-3.512895 330 80.0 -6.345116 -0.53523 29
-3.59178 560 80.0 -5.627197 -0.813908 29
-3.463469 250 80.0 -6.76186 -0.49809 29
-3.480595 510 80.0 -5.639864 -0.853344 29
-3.467119 270 80.0 -6.657995 -0.50976 29
-3.515678 530 80.0 -5.641851 -0.821735 29
-3.498722 250 80.0 -6.778552 -0.497822 29
-3.47047 520 80.0 -5.642194 -0.838662 29
-3.594448 570 80.0 -5.625377 -0.834647 29
-3.436098 250 80.0 -6.816707 -0.490801 29
-3.443065 500 80.0 -5.625054 -0.895142 29
-3.439014 250 80.0 -6.865964 -0.484685 29
-3.619744 600 80.0 -5.615626 -0.813223 29
-3.447166 250 80.0 -6.868137 -0.484468 29
-3.495033 310 80.0 -6.371819 -0.533976 29
-3.571262 550 80.0 -5.632825 -0.823522 29
-3.45153 240 80.0 -6.873503 -0.483738 29
-3.434497 240 80.0 -6.893904 -0.483616 29
-3.503634 260 80.0 -6.784524 -0.498098 29
-3.494876 520 80.0 -5.639045 -0.842661 29
-3.412006 260 80.0 -6.875835 -0.476414 29
-3.474572 260 80.0 -6.879467 -0.483514 29
-3.441803 240 80.0 -6.868977 -0.484293 29
-3.460809 240 80.0 -6.837306 -0.491762 29
-3.401927 240 80.0 -6.847989 -0.482133 29
-3.417538 250 80.0 -6.852645 -0.483209 29
-3.470137 320 80.0 -6.478083 -0.518158 29
-3.546993 550 80.0 -5.638752 -0.791364 29
-3.437964 270 80.0 -6.702561 -0.500834 29
-3.480022 520 80.0 -5.632044 -0.835469 29
-3.44772 250 80.0 -6.878058 -0.48421 29
-3.483241 260 80.0 -6.759364 -0.500881 29
-3.513059 510 80.0 -5.630455 -0.861703 29
-3.463125 330 80.0 -6.283051 -0.534619 29
-3.575159 570 80.0 -5.625428 -0.80888 29
-3.484292 290 80.0 -6.561631 -0.516285 29
-3.554708 530 80.0 -5.63738 -0.840266 29
-3.463346 260 80.0 -6.740489 -0.501726 29
-3.499884 510 80.0 -5.630396 -0.852228 29
-3.492304 250 80.0 -6.851511 -0.490146 29
-3.491615 320 80.0 -6.34849 -0.53258 29
-3.557364 560 80.0 -5.624238 -0.799878 29
-3.456094 240 80.0 -6.835232 -0.492272 29
-3.487117 340 80.0 -6.276151 -0.536344 29
-3.564482 570 80.0 -5.624328 -0.799295 29
-3.484398 330 80.0 -6.231024 -0.542773 29
-3.599779 560 80.0 -5.614277 -0.847365 29
-3.618157 570 80.0 -5.615064 -0.83972 29
-3.499256 310 80.0 -6.370602 -0.534241 29
-3.569506 550 80.0 -5.631375 -0.844403 29
-3.500759 320 80.0 -6.416756 -0.527997 29
-3.552723 550 80.0 -5.6326 -0.644697 29
-3.447267 320 80.0 -6.402135 -0.527284 29
-3.568933 550 80.0 -5.623404 -0.823368 29
-3.509557 320 80.0 -6.289136 -0.545814 29
-3.606777 560 80.0 -5.633698 -0.858867 29
-3.500719 260 80.0 -6.695972 -0.508383 29
-3.512825 510 80.0 -5.633173 -0.866741 29
-3.496374 330 80.0 -6.296476 -0.534434 29
-3.575648 560 80.0 -5.624094 -0.82515 29
-3.51515 330 80.0 -6.343824 -0.535386 29
-3.592073 560 80.0 -5.634626 -0.836472 29
-3.479719 320 80.0 -6.333879 -0.53554 29
-3.602815 560 80.0 -5.629581 -0.823108 29
-3.470709 330 80.0 -6.291238 -0.534725 29
-3.581984 570 80.0 -5.627165 -0.795242 29
-3.479622 250 80.0 -6.810113 -0.49274 29
-3.468085 500 80.0 -5.63313 -0.919385 29
-3.504115 260 80.0 -6.775655 -0.501015 29
-3.498979 520 80.0 -5.63981 -0.845545 29
-3.52029 280 80.0 -6.688373 -0.509201 29
-3.486594 520 80.0 -5.633993 -0.824891 29
-3.419265 250 80.0 -6.777405 -0.493612 29
-3.465915 510 80.0 -5.63806 -0.865555 29
-3.464361 250 80.0 -6.802592 -0.492992 29
-3.458432 500 80.0 -5.631344 -0.884152 29
-3.398878 250 80.0 -6.806686 -0.485963 29
-3.398079 240 80.0 -6.841402 -0.485388 29
-3.413539 240 80.0 -6.782258 -0.492834 29
-3.465941 500 80.0 -5.633496 -0.893752 29
-3.478547 280 80.0 -6.627326 -0.510419 29
-3.544481 530 80.0 -5.645057 -0.811114 29
-3.537268 330 80.0 -6.281871 -0.543234 29
-3.59199 580 80.0 -5.631817 -0.801272 29
-3.479789 340 80.0 -6.255816 -0.53471 29
-3.606527 570 80.0 -5.628984 -0.821866 29
-3.467299 260 80.0 -6.750266 -0.499525 29
-3.476319 520 80.0 -5.630824 -0.827341 29
-3.498058 250 80.0 -6.776042 -0.500812 29
-3.471278 520 80.0 -5.64223 -0.840257 29
-3.455351 270 80.0 -6.707545 -0.502171 29
-3.492728 520 80.0 -5.635437 -0.844671 29
-3.438907 270 80.0 -6.611444 -0.510227 29
-3.497935 530 80.0 -5.639464 -0.81075 29
-3.478915 310 80.0 -6.38271 -0.532526 29
-3.557357 550 80.0 -5.622034 -0.816495 29
-3.473106 250 80.0 -6.767645 -0.498718 29
-3.486217 510 80.0 -5.64071 -0.859272 29
-3.457532 330 80.0 -6.288503 -0.53698 29
-3.626905 570 80.0 -5.634252 -0.835083 29
-3.24764 220 80.0 -7.064474 -0.736585 29
-3.466354 410 80.0 -5.55832 -1.210872 29
-3.478107 320 80.0 -6.325596 -0.53559 29
-3.542691 560 80.0 -5.628114 -0.811507 29
-3.457748 250 80.0 -6.759237 -0.499192 29
-3.504965 520 80.0 -5.641771 -0.873986 29
-3.489156 340 80.0 -6.278263 -0.536435 29
-3.616279 570 80.0 -5.633117 -0.846652 29
-3.481264 290 80.0 -6.614961 -0.509553 29
-3.51038 530 80.0 -5.639218 -0.809881 29
-3.574373 570 80.0 -5.625873 -0.808231 29
-3.513499 330 80.0 -6.335828 -0.534403 29
-3.59038 560 80.0 -5.633535 -0.815793 29
-3.598876 590 80.0 -5.615121 -0.797919 29
-3.460347 280 80.0 -6.613438 -0.508777 29
-3.531394 530 80.0 -5.643992 -0.847574 29
-3.525806 260 80.0 -6.790568 -0.499234 29
-3.482339 510 80.0 -5.63445 -0.856018 29
-3.460572 340 80.0 -6.244237 -0.537286 29
-3.594839 570 80.0 -5.61706 -0.832901 29
-3.504008 330 80.0 -6.305075 -0.53447 29
-3.58331 560 80.0 -5.625012 -0.831404 29
-3.497778 260 80.0 -6.717725 -0.507389 29
-3.484184 520 80.0 -5.63286 -0.81621 29
-3.491796 300 80.0 -6.530623 -0.51704 29
-3.552264 540 80.0 -5.641534 -0.80092 29
-3.501008 250 80.0 -6.774886 -0.501041 29
-3.470078 520 80.0 -5.643312 -0.839192 29
-3.476233 300 80.0 -6.431472 -0.524865 29
-3.551927 550 80.0 -5.640751 -0.777392 29
-3.492277 280 80.0 -6.584708 -0.518067 29
-3.481834 530 80.0 -5.627958 -0.809976 29
-3.507433 300 80.0 -6.543408 -0.518945 29
-3.535692 530 80.0 -5.634251 -0.80837 29
-3.448164 340 80.0 -6.238437 -0.535376 29
-3.608938 560 80.0 -5.613244 -0.855303 29
-3.464168 310 80.0 -6.482107 -0.518744 29
-3.574291 550 80.0 -5.645277 -0.791601 29
-3.504844 290 80.0 -6.588174 -0.517911 29
-3.512795 530 80.0 -5.634294 -0.800733 29
-3.474666 270 80.0 -6.641982 -0.509874 29
-3.494331 520 80.0 -5.636788 -0.829178 29
-3.445812 250 80.0 -6.741519 -0.501942 29
-3.47318 510 80.0 -5.639862 -0.87086 29
-3.483879 290 80.0 -6.616767 -0.509726 29
-3.512093 530 80.0 -5.639545 -0.81134 29
-3.50832 300 80.0 -6.398549 -0.534513 29
-3.560647 550 80.0 -5.632862 -0.645183 29
-3.464001 250 80.0 -6.762887 -0.499228 29
-3.479027 510 80.0 -5.635705 -0.878401 29
-3.581963 570 80.0 -5.623631 -0.826519 29
-3.577828 580 80.0 -5.628676 -0.796255 29
-3.475847 250 80.0 -6.759308 -0.499464 29
-3.484542 510 80.0 -5.635416 -0.880888 29
-3.494339 280 80.0 -6.575747 -0.51679 29
-3.538488 530 80.0 -5.635705 -0.840122 29
-3.506026 290 80.0 -6.503026 -0.523568 29
-3.554368 550 80.0 -5.644856 -0.80358 29
-3.425629 300 80.0 -6.471366 -0.520103 29
-3.532427 550 80.0 -5.639832 -0.791508 29
-3.426112 280 80.0 -6.605907 -0.510004 29
-3.507288 530 80.0 -5.633746 -0.807606 29
-3.490961 290 80.0 -6.489216 -0.526317 29
-3.54324 550 80.0 -5.642962 -0.796324 29
-3.479393 290 80.0 -6.478292 -0.526098 29
-3.535261 550 80.0 -5.642004 -0.792301 29
-3.539021 290 80.0 -6.534505 -0.52358 29
-3.549976 540 80.0 -5.642071 -0.819348 29
-3.516759 310 80.0 -6.47835 -0.525142 29
-3.573249 560 80.0 -5.648109 -0.793487 29
-3.506987 290 80.0 -6.503798 -0.523633 29
-3.555034 550 80.0 -5.644983 -0.804095 29
-3.477555 300 80.0 -6.514579 -0.51984 29
-3.541689 540 80.0 -5.638749 -0.81281 29
-3.465756 260 80.0 -6.74019 -0.502698 29
-3.44516 510 80.0 -5.624358 -0.826337 29
-3.477756 300 80.0 -6.509465 -0.519803 29
-3.538162 540 80.0 -5.637058 -0.812902 29
-3.477839 300 80.0 -6.5148 -0.519306 29
-3.541775 540 80.0 -5.639436 -0.813753 29
-3.459543 290 80.0 -6.517929 -0.519152 29
-3.538079 530 80.0 -5.634752 -0.810281 29
-3.487286 290 80.0 -6.562699 -0.517268 29
-3.555497 530 80.0 -5.637529 -0.841573 29
-3.478208 300 80.0 -6.515085 -0.519877 29
-3.542134 540 80.0 -5.638838 -0.813168 29
-3.487485 290 80.0 -6.562859 -0.517282 29
-3.555631 530 80.0 -5.637557 -0.841684 29
-3.508077 290 80.0 -6.504674 -0.523707 29
-3.555789 550 80.0 -5.645133 -0.804678 29
-3.503705 290 80.0 -6.501942 -0.524131 29
-3.55219 550 80.0 -5.644637 -0.802139 29
-3.451976 300 80.0 -6.485437 -0.52055 29
-3.549477 550 80.0 -5.642498 -0.802154 29
-3.503902 290 80.0 -6.502099 -0.524144 29
-3.552327 550 80.0 -5.64466 -0.802244 29
-3.496954 280 80.0 -6.588096 -0.518343 29
-3.484922 530 80.0 -5.635652 -0.812565 29
-3.452224 300 80.0 -6.485639 -0.520565 29
-3.549653 550 80.0 -5.642535 -0.802289 29
-3.479049 300 80.0 -6.515735 -0.519925 29
-3.542709 540 80.0 -5.638953 -0.813628 29
-3.458483 290 80.0 -6.514834 -0.517514 29
-3.509432 540 80.0 -5.634867 -0.782828 29
-3.498681 270 80.0 -6.737823 -0.500577 29
-3.488376 510 80.0 -5.630388 -0.867329 29
-3.454579 270 80.0 -6.738351 -0.502361 29
-3.490106 520 80.0 -5.634453 -0.821527 29
-3.43333 270 80.0 -6.655666 -0.503285 29
-3.505804 510 80.0 -5.633499 -0.84243 29
-3.466893 280 80.0 -6.618154 -0.509204 29
-3.535663 530 80.0 -5.644726 -0.851391 29
-3.461427 290 80.0 -6.519351 -0.519264 29
-3.539368 530 80.0 -5.63502 -0.811314 29
-3.4998 300 80.0 -6.537387 -0.517701 29
-3.558076 540 80.0 -5.641585 -0.80446 29
-3.463009 290 80.0 -6.549332 -0.519139 29
-3.539051 530 80.0 -5.634143 -0.810891 29
-3.480289 300 80.0 -6.51669 -0.519996 29
-3.543552 540 80.0 -5.639118 -0.814306 29
-3.452218 300 80.0 -6.490871 -0.52041 29
-3.550504 550 80.0 -5.643187 -0.782807 29
-3.542526 290 80.0 -6.537173 -0.523811 29
-3.552328 540 80.0 -5.642524 -0.821236 29
-3.480614 300 80.0 -6.51694 -0.520014 29
-3.543776 540 80.0 -5.639164 -0.814484 29
-3.487248 300 80.0 -6.52393 -0.519939 29
-3.549056 540 80.0 -5.640301 -0.819443 29
-3.509718 300 80.0 -6.490322 -0.52518 29
-3.579499 550 80.0 -5.647496 -0.812906 29
-3.487094 290 80.0 -6.655671 -0.509738 29
-3.512515 530 80.0 -5.641 -0.812359 29
