-1.712804 980 80.0 2.147495 0.361525 25
-1.037902 1260 80.0 0.55845 0 25
-1.451147 1060 80.0 1.958537 0.362833 25
-1.02377 1230 80.0 0.429351 0 25
-1.751723 970 80.0 2.206977 0.362784 25
-1.028368 1280 80.0 0.600003 0 25
-2.269923 510 80.0 1.744958 1.152988 25
-1.749879 970 80.0 2.203374 0.362663 25
-1.034484 1270 80.0 0.595118 0 25
-1.715196 980 80.0 2.15105 0.361618 25
-1.02924 1270 80.0 0.558629 0 25
-2.18531 520 80.0 1.794016 1.155234 25
-1.767405 960 80.0 2.203038 0.362713 25
-1.035545 1270 80.0 0.596166 0 25
-2.171202 1110 80.0 1.517296 1.144422 25
-0.854824 1160 80.0 0.485909 0 25
-1.774984 960 80.0 2.216639 0.363067 25
-1.030056 1280 80.0 0.603438 0 25
-1.373424 1090 80.0 1.74447 1.386736 25
-0.857562 1160 80.0 0.536157 0 25
-1.478539 1050 80.0 1.996833 1.132275 25
-1.009943 1250 80.0 0.453234 0 25
-1.511913 1040 80.0 2.08426 0.361491 25
-1.025919 1240 80.0 0.468655 0 25
-1.682137 980 80.0 2.277689 0.360726 25
-1.030666 1260 80.0 0.542319 0 25
-1.473792 1050 80.0 1.989788 1.135234 25
-1.00982 1250 80.0 0.443816 0 25
-1.36768 1090 80.0 1.482432 1.366132 25
-0.857353 1160 80.0 0.532291 0 25
-2.270197 510 80.0 1.746589 1.153068 25
-1.750112 970 80.0 2.203666 0.362675 25
-1.034516 1270 80.0 0.595368 0 25
-1.516527 1040 80.0 2.091322 0.361558 25
-1.017738 1250 80.0 0.473147 0 25
-1.489777 1050 80.0 2.068381 0.360425 25
-1.018072 1250 80.0 0.45855 0 25
-1.274871 1130 80.0 1.77713 1.123895 25
-0.859405 1150 80.0 0.460004 0 25
-2.108249 520 80.0 1.752263 1.149877 25
-1.780882 950 80.0 2.191461 0.356062 25
-1.032426 1270 80.0 0.571706 0 25
-1.715042 980 80.0 2.152109 0.361717 25
-1.020386 1280 80.0 0.571968 0 25
-1.660839 990 80.0 2.285268 0.360509 25
-1.028816 1260 80.0 0.52929 0 25
-1.816214 570 80.0 1.940086 -0.983345 25
-1.715852 980 80.0 2.152899 0.361696 25
-1.021326 1280 80.0 0.57123 0 25
-2.10839 520 80.0 1.753171 1.149918 25
-1.781013 950 80.0 2.191628 0.356068 25
-1.032453 1270 80.0 0.571855 0 25
-2.108415 520 80.0 1.753337 1.149926 25
-1.781037 950 80.0 2.191659 0.356069 25
-1.032458 1270 80.0 0.571882 0 25
-2.106531 530 80.0 1.770768 1.15326 25
-1.746752 970 80.0 2.176131 0.362309 25
-1.024413 1280 80.0 0.598387 0 25
-1.446991 1060 80.0 1.951131 1.132429 25
-1.01367 1240 80.0 0.427719 0 25
-1.369549 1090 80.0 1.74528 1.276561 25
-0.857831 1160 80.0 0.539425 0 25
-2.10852 520 80.0 1.753999 1.149955 25
-1.781132 950 80.0 2.191781 0.356073 25
-1.032478 1270 80.0 0.571991 0 25
-2.117568 1120 80.0 1.516548 1.119036 25
-0.853594 1160 80.0 0.49695 0 25
-2.10667 530 80.0 1.771631 1.153301 25
-1.746873 970 80.0 2.176279 0.362315 25
-1.024428 1280 80.0 0.598495 0 25
-1.536431 1030 80.0 2.083827 0.359348 25
-1.019784 1250 80.0 0.473771 0 25
-1.443719 1060 80.0 1.930769 1.132654 25
-1.022498 1230 80.0 0.427416 0 25
-2.025708 530 80.0 1.749618 1.147652 25
-1.721783 980 80.0 2.182326 0.361962 25
-1.031489 1270 80.0 0.567835 0 25
-1.748929 970 80.0 2.200316 0.362525 25
-1.026604 1280 80.0 0.596386 0 25
-1.456989 1060 80.0 1.984115 1.159628 25
-1.007652 1250 80.0 0.449957 0 25
-1.70513 980 80.0 2.097083 0.361132 25
-1.023526 1270 80.0 0.551822 0 25
-2.108727 520 80.0 1.755329 1.150015 25
-1.781324 950 80.0 2.192028 0.356081 25
-1.032518 1270 80.0 0.572209 0 25
-1.744394 970 80.0 2.17192 0.362227 25
-1.025089 1280 80.0 0.589711 0 25
-1.681947 980 80.0 2.274423 0.360633 25
-1.029814 1260 80.0 0.526006 0 25
-1.431033 1070 80.0 1.947173 1.154507 25
-1.741275 970 80.0 2.18516 0.362112 25
-1.031183 1270 80.0 0.586547 0 25
-1.483245 1050 80.0 2.022351 0.359389 25
-1.011848 1250 80.0 0.452538 0 25
-1.364997 1090 80.0 1.744041 1.114534 25
-0.864536 1150 80.0 0.517698 0 25
-1.735391 970 80.0 2.156724 0.361834 25
-1.038884 1260 80.0 0.565493 0 25
-1.740085 970 80.0 2.164517 0.362019 25
-1.039228 1260 80.0 0.5667 0 25
-1.37703 1090 80.0 1.747146 1.304907 25
-0.866777 1150 80.0 0.533834 0 25
-1.444256 1060 80.0 1.931353 1.146605 25
-1.022609 1230 80.0 0.428063 0 25
-1.517976 1040 80.0 2.095237 0.358979 25
-1.010388 1260 80.0 0.487243 0 25
-2.0316 530 80.0 1.743858 1.147174 25
-1.738472 970 80.0 2.161599 0.361884 25
-1.028634 1270 80.0 0.566452 0 25
-1.48289 1050 80.0 2.022078 0.359543 25
-1.011894 1250 80.0 0.461445 0 25
-1.682171 980 80.0 2.295364 0.36073 25
-1.030168 1260 80.0 0.527024 0 25
-1.710654 980 80.0 2.125252 0.361498 25
-1.036386 1260 80.0 0.551705 0 25
-1.506842 1040 80.0 2.038729 0.360641 25
-1.014166 1250 80.0 0.47402 0 25
-1.375783 1090 80.0 1.745083 1.339835 25
-0.856824 1160 80.0 0.550168 0 25
-1.376813 1090 80.0 1.746994 1.469206 25
-0.8652 1150 80.0 0.531885 0 25
-1.683453 980 80.0 2.279173 0.360768 25
-1.030942 1260 80.0 0.54365 0 25
-1.51992 1040 80.0 2.117026 0.3593 25
-1.028126 1240 80.0 0.473132 0 25
-1.570912 1020 80.0 2.157105 0.361358 25
-1.017681 1260 80.0 0.503695 0 25
-1.734483 970 80.0 2.135176 0.361735 25
-1.037753 1260 80.0 0.555299 0 25
-1.575303 1020 80.0 2.186315 0.358775 25
-1.019713 1260 80.0 0.506711 0 25
-1.682754 980 80.0 2.295959 0.360782 25
-1.030806 1260 80.0 0.528078 0 25
-1.396639 1080 80.0 1.748896 1.494164 25
-0.865901 1150 80.0 0.549189 0 25
-2.234671 1080 80.0 1.744704 1.099119 25
-0.86727 1150 80.0 0.53095 0 25
-1.713159 980 80.0 2.128778 0.361522 25
-1.03835 1260 80.0 0.559277 0 25
-1.708272 980 80.0 2.101361 0.361294 25
-1.034287 1260 80.0 0.555378 0 25
-1.521533 1040 80.0 2.100732 0.359211 25
-1.02003 1250 80.0 0.473962 0 25
-1.481385 1050 80.0 2.001381 0.358887 25
-1.020263 1240 80.0 0.451068 0 25
-2.224167 1100 80.0 1.475698 1.111469 25
-0.861846 1150 80.0 0.495911 0 25
-1.500622 1040 80.0 2.01043 0.359774 25
-1.010575 1250 80.0 0.470777 0 25
-1.814533 570 80.0 1.975706 -1.010345 25
-1.023243 1230 80.0 0.431773 0 25
-1.352351 1100 80.0 1.742087 1.280654 25
-0.863644 1150 80.0 0.525795 0 25
-1.462753 1060 80.0 1.992702 1.119606 25
-1.010016 1250 80.0 0.456237 0 25
-1.816747 570 80.0 1.973964 -1.007108 25
-1.021908 1230 80.0 0.429518 0 25
-1.711492 980 80.0 2.12559 0.361411 25
-1.028058 1270 80.0 0.558464 0 25
-1.704593 980 80.0 2.09607 0.361128 25
-1.025684 1270 80.0 0.552865 0 25
-1.478101 1050 80.0 1.97943 0.358593 25
-1.017874 1240 80.0 0.450779 0 25
-1.691639 990 80.0 2.140188 0.361354 25
-1.036319 1260 80.0 0.547787 0 25
-1.459262 1060 80.0 1.987165 1.121556 25
-1.017014 1240 80.0 0.454389 0 25
-1.704724 980 80.0 2.096224 0.361132 25
-1.025705 1270 80.0 0.553007 0 25
-1.65299 990 80.0 2.248008 0.360244 25
-1.022634 1270 80.0 0.531795 0 25
-1.702364 980 80.0 2.091856 0.36109 25
-1.03239 1260 80.0 0.550633 0 25
-1.393245 1080 80.0 1.747999 1.487009 25
-0.867205 1150 80.0 0.554567 0 25
-1.684686 990 80.0 2.090674 0.361048 25
-1.0326 1260 80.0 0.537537 0 25
-1.35049 1100 80.0 1.739618 1.096774 25
-0.85798 1160 80.0 0.526234 0 25
-1.813316 570 80.0 1.490147 -0.985194 25
-1.703391 980 80.0 2.093752 0.361116 25
-1.034772 1260 80.0 0.552444 0 25
-1.70341 980 80.0 2.093776 0.361117 25
-1.034775 1260 80.0 0.552464 0 25
-1.818262 570 80.0 1.970245 -1.000201 25
-1.014147 1240 80.0 0.431707 0 25
-1.819821 570 80.0 1.947955 -0.991558 25
-1.020536 1230 80.0 0.425319 0 25
-1.628348 1000 80.0 2.24913 0.360002 25
-1.024458 1260 80.0 0.527662 0 25
-1.679363 980 80.0 2.287779 0.360608 25
-1.028849 1260 80.0 0.541128 0 25
-1.420224 1070 80.0 1.488614 1.464308 25
-0.860623 1160 80.0 0.579088 0 25
-1.618531 1000 80.0 2.190528 0.359663 25
-1.022029 1260 80.0 0.508943 0 25
-1.400377 1080 80.0 1.749668 1.342951 25
-0.85918 1160 80.0 0.558243 0 25
-1.400902 1080 80.0 1.747968 1.464612 25
-0.867601 1150 80.0 0.550887 0 25
-1.363287 1090 80.0 1.479524 1.257565 25
-0.857841 1160 80.0 0.515868 0 25
-1.40104 1080 80.0 1.748197 1.463362 25
-0.864858 1150 80.0 0.562117 0 25
-1.385159 1080 80.0 1.745585 1.337674 25
-0.865477 1150 80.0 0.533887 0 25
-1.817812 570 80.0 1.491124 -0.989725 25
-1.359139 1090 80.0 1.740282 1.105983 25
-0.865449 1150 80.0 0.519831 0 25
-1.502523 1040 80.0 2.029717 0.363054 25
-1.020642 1240 80.0 0.463209 0 25
-1.394549 1080 80.0 1.744377 1.337088 25
-0.867124 1150 80.0 0.544381 0 25
-1.353004 1100 80.0 1.742188 1.259661 25
-0.866212 1150 80.0 0.527451 0 25
-1.596045 1010 80.0 2.195307 0.358933 25
-1.012146 1270 80.0 0.521044 0 25
-1.387767 1080 80.0 1.483854 1.342191 25
-0.865765 1150 80.0 0.5485 0 25
-1.485825 1050 80.0 2.025286 0.359729 25
-1.013056 1250 80.0 0.465965 0 25
-1.370537 1090 80.0 1.481264 1.230793 25
-0.858231 1160 80.0 0.53403 0 25
-1.398465 1080 80.0 1.484935 1.34078 25
-0.86673 1150 80.0 0.542124 0 25
-1.396765 1080 80.0 1.748692 1.4381 25
-0.86033 1160 80.0 0.557416 0 25
-1.661391 990 80.0 2.285943 0.360568 25
-1.028081 1260 80.0 0.536313 0 25
-1.374593 1090 80.0 1.746385 1.461054 25
-0.866298 1150 80.0 0.547807 0 25
-1.676279 980 80.0 2.261427 0.360497 25
-1.02061 1270 80.0 0.540776 0 25
-1.390702 1080 80.0 1.747167 1.338548 25
-0.866326 1150 80.0 0.532992 0 25
-1.373352 1090 80.0 1.745959 1.329692 25
-0.866074 1150 80.0 0.54551 0 25
-1.37433 1090 80.0 1.746158 1.329194 25
-0.865668 1150 80.0 0.545626 0 25
-1.401442 1080 80.0 1.748063 1.418911 25
-0.867813 1150 80.0 0.551623 0 25
-1.398651 1080 80.0 1.749214 1.340277 25
-0.859182 1160 80.0 0.561634 0 25
-1.364633 1090 80.0 1.741621 1.336482 25
-0.858003 1160 80.0 0.529425 0 25
-1.365506 1090 80.0 1.743914 1.100953 25
-0.865133 1150 80.0 0.522216 0 25
-1.386837 1080 80.0 1.74608 1.331548 25
-0.874728 1140 80.0 0.528829 0 25
-1.60473 1010 80.0 2.211984 0.359644 25
-1.022544 1260 80.0 0.510041 0 25
-1.564745 1020 80.0 2.125908 0.360715 25
-1.01418 1260 80.0 0.500254 0 25
-1.378206 1090 80.0 1.74717 1.452286 25
-0.858667 1160 80.0 0.553311 0 25
-1.392495 1080 80.0 1.747516 1.330067 25
-0.866757 1150 80.0 0.535723 0 25
-1.374968 1090 80.0 1.746451 1.445307 25
-0.866422 1150 80.0 0.548356 0 25
-1.392749 1080 80.0 1.747744 1.329552 25
-0.863652 1150 80.0 0.55148 0 25
-1.386589 1080 80.0 1.745929 1.321127 25
-0.866405 1150 80.0 0.537518 0 25
-1.637974 1000 80.0 2.267549 0.360237 25
-1.021589 1270 80.0 0.536526 0 25
-1.391121 1080 80.0 1.747239 1.330445 25
-0.866483 1150 80.0 0.533606 0 25
-1.371357 1090 80.0 1.482925 1.315239 25
-0.856593 1160 80.0 0.535782 0 25
-1.375524 1090 80.0 1.662782 1.091969 25
-0.875591 1140 80.0 0.529323 0 25
-1.388358 1080 80.0 1.746297 1.238435 25
-0.865419 1150 80.0 0.538234 0 25
-1.37213 1090 80.0 1.745575 1.240998 25
-0.866392 1150 80.0 0.529688 0 25
-1.354446 1100 80.0 1.742462 1.239557 25
-0.864453 1150 80.0 0.528908 0 25
-1.390205 1080 80.0 1.746736 1.331069 25
-0.866842 1150 80.0 0.531453 0 25
-1.386183 1080 80.0 1.74576 1.313731 25
-0.865845 1150 80.0 0.535255 0 25
-1.373081 1090 80.0 1.745837 1.233566 25
-0.866129 1150 80.0 0.531211 0 25
-1.378357 1090 80.0 1.745254 1.318234 25
-0.866922 1150 80.0 0.532489 0 25
-1.369661 1090 80.0 1.742866 1.243294 25
-0.866941 1150 80.0 0.533105 0 25
-1.355788 1100 80.0 1.74279 1.238941 25
-0.866417 1150 80.0 0.532458 0 25
-1.400117 1080 80.0 1.749545 1.302138 25
-0.859423 1160 80.0 0.565189 0 25
-1.420867 1070 80.0 1.488556 1.212646 25
-0.860116 1160 80.0 0.57714 0 25
-1.515444 1040 80.0 2.087231 0.358419 25
-1.016672 1250 80.0 0.480224 0 25
-1.34054 1100 80.0 1.738669 1.09323 25
-0.864521 1150 80.0 0.507727 0 25
-1.375115 1090 80.0 1.746298 1.31334 25
-0.865965 1150 80.0 0.546779 0 25
-1.345899 1100 80.0 1.738099 1.094355 25
-0.86492 1150 80.0 0.513314 0 25
-1.486101 1050 80.0 2.007887 0.362528 25
-1.012448 1250 80.0 0.454116 0 25
-1.354797 1100 80.0 1.742525 1.23319 25
-0.864588 1150 80.0 0.52943 0 25
-1.574579 1020 80.0 2.181857 0.361552 25
-1.02642 1250 80.0 0.490211 0 25
-1.628877 1000 80.0 2.228777 0.359953 25
-1.022686 1260 80.0 0.526176 0 25
-1.482532 1050 80.0 2.002764 0.359074 25
-1.020706 1240 80.0 0.451933 0 25
-1.37214 1090 80.0 1.745451 1.30821 25
-0.856896 1160 80.0 0.53732 0 25
-1.600634 1010 80.0 2.185607 0.359372 25
-1.020756 1260 80.0 0.512641 0 25
-1.621299 1000 80.0 2.212432 0.35967 25
-1.013631 1270 80.0 0.517591 0 25
-1.364939 1090 80.0 1.741595 1.230972 25
-0.866621 1150 80.0 0.511027 0 25
-1.366005 1090 80.0 1.743946 1.082641 25
-0.865369 1150 80.0 0.521136 0 25
-1.34667 1100 80.0 1.738345 1.087246 25
-0.865253 1150 80.0 0.517071 0 25
-1.486315 1050 80.0 2.008123 0.362552 25
-1.012488 1250 80.0 0.454368 0 25
-1.625653 1000 80.0 2.202697 0.359839 25
-1.015979 1270 80.0 0.518591 0 25
-1.571189 1020 80.0 2.155253 0.361396 25
-1.027581 1250 80.0 0.50049 0 25
-1.476061 1050 80.0 1.991371 0.361686 25
-1.01851 1240 80.0 0.457047 0 25
-1.363727 1090 80.0 1.479577 1.232277 25
-0.865296 1150 80.0 0.515339 0 25
-1.342904 1100 80.0 1.479142 1.08433 25
-0.865004 1150 80.0 0.519012 0 25
-1.347842 1100 80.0 1.74052 1.087728 25
-0.865091 1150 80.0 0.516194 0 25
-1.606641 1010 80.0 2.234663 0.359815 25
-1.022429 1260 80.0 0.526403 0 25
-1.570869 1020 80.0 2.156221 0.361402 25
-1.022131 1250 80.0 0.50245 0 25
-1.357927 1090 80.0 1.48001 1.078748 25
-0.865207 1150 80.0 0.52148 0 25
-1.538232 1030 80.0 2.102698 0.35964 25
-1.824279 1240 80.0 0.4771 0 25
-1.343408 1100 80.0 1.737496 1.084138 25
-0.865697 1150 80.0 0.510106 0 25
-1.47449 1050 80.0 1.987843 0.361185 25
-1.016575 1240 80.0 0.453904 0 25
-1.487215 1050 80.0 2.026903 0.359887 25
-1.021557 1240 80.0 0.458848 0 25
-1.462108 1060 80.0 2.008452 1.062504 25
-1.025979 1230 80.0 0.438722 0 25
-1.849752 550 80.0 1.489192 -1.004144 25
-1.366817 1090 80.0 1.7442 1.282623 25
-0.867481 1150 80.0 0.524895 0 25
-1.479883 1050 80.0 1.996969 0.361795 25
-1.019994 1240 80.0 0.443934 0 25
-1.485874 1050 80.0 2.024819 0.359448 25
-1.020962 1240 80.0 0.456055 0 25
-1.521154 1040 80.0 2.097998 0.359281 25
-1.018349 1250 80.0 0.477686 0 25
-1.376614 1090 80.0 1.744398 1.060018 25
-0.866371 1150 80.0 0.550375 0 25
-1.487419 1050 80.0 2.027139 0.35991 25
-1.021607 1240 80.0 0.45912 0 25
-1.480333 1050 80.0 1.998622 0.358834 25
-1.018016 1240 80.0 0.444374 0 25
-1.462393 1060 80.0 1.990703 0.358048 25
-1.025567 1230 80.0 0.439933 0 25
-1.459173 1060 80.0 1.985656 0.360767 25
-1.016996 1240 80.0 0.440721 0 25
-1.483988 1050 80.0 2.003023 0.358962 25
-1.027412 1230 80.0 0.441585 0 25
-1.456275 1060 80.0 1.979674 0.360394 25
-1.023458 1230 80.0 0.44556 0 25
-1.568671 1020 80.0 2.150311 0.360979 25
-1.024105 1250 80.0 0.493696 0 25
-1.4625 1060 80.0 1.990825 0.358063 25
-1.025597 1230 80.0 0.440068 0 25
-1.462523 1060 80.0 1.990852 0.358066 25
-1.025604 1230 80.0 0.440097 0 25
-1.395685 1080 80.0 1.748387 1.291016 25
-0.868948 1150 80.0 0.548238 0 25
-1.810145 560 80.0 1.488943 -0.996522 25
-0.869096 1150 80.0 0.570357 0 25
-1.476686 1050 80.0 1.992288 0.358261 25
-1.027359 1230 80.0 0.441119 0 25
-1.459365 1060 80.0 1.985876 0.360793 25
-1.01704 1240 80.0 0.440973 0 25
-1.47672 1050 80.0 1.992327 0.358266 25
-1.027367 1230 80.0 0.441159 0 25
-1.488695 1050 80.0 2.029582 0.360129 25
-1.02962 1230 80.0 0.454774 0 25
-1.48114 1050 80.0 1.999264 0.361832 25
-1.017686 1240 80.0 0.444624 0 25
-1.480351 1050 80.0 1.997501 0.361851 25
-1.020101 1240 80.0 0.444521 0 25
-1.427275 1070 80.0 1.488463 1.287362 25
-1.46047 1060 80.0 1.987521 0.35792 25
-1.024956 1230 80.0 0.433057 0 25
-1.457718 1060 80.0 1.98206 0.360618 25
-1.025261 1230 80.0 0.445296 0 25
-1.476836 1050 80.0 1.992462 0.358281 25
-1.027392 1230 80.0 0.441297 0 25
-1.767113 960 80.0 2.182353 0.362544 25
-1.025512 1280 80.0 0.601636 0 25
-1.344797 1100 80.0 1.738189 1.147574 25
-0.857343 1160 80.0 0.52865 0 25
-2.27144 510 80.0 1.744915 1.152977 25
-1.749601 970 80.0 2.203357 0.362662 25
-1.033599 1270 80.0 0.595737 0 25
-2.107918 520 80.0 1.750154 1.149783 25
-1.780579 950 80.0 2.191071 0.356049 25
-1.032362 1270 80.0 0.57136 0 25
-2.170713 1110 80.0 1.515814 1.151317 25
-0.870552 1140 80.0 0.477534 0 25
-1.767372 960 80.0 2.162084 0.36248 25
-1.026808 1280 80.0 0.596091 0 25
-2.099298 530 80.0 1.760284 1.152554 25
-1.743875 970 80.0 2.172326 0.362245 25
-1.023729 1280 80.0 0.597207 0 25
-1.786405 950 80.0 2.201874 0.356417 25
-1.034511 1270 80.0 0.590103 0 25
-2.108076 520 80.0 1.751166 1.149828 25
-1.780725 950 80.0 2.191258 0.356055 25
-1.032393 1270 80.0 0.571527 0 25
-2.108103 520 80.0 1.75134 1.149836 25
-1.78075 950 80.0 2.19129 0.356056 25
-1.032398 1270 80.0 0.571555 0 25
-1.822889 940 80.0 2.256616 0.363896 25
-1.033503 1280 80.0 0.441043 0 25
-1.664178 990 80.0 2.316513 0.360814 25
-1.023482 1270 80.0 0.544469 0 25
-2.108183 520 80.0 1.751854 1.149859 25
-1.780824 950 80.0 2.191385 0.356059 25
-1.032413 1270 80.0 0.571639 0 25
-2.10821 520 80.0 1.752025 1.149867 25
-1.780849 950 80.0 2.191417 0.35606 25
-1.032418 1270 80.0 0.571667 0 25
-2.108231 520 80.0 1.752161 1.149873 25
-1.780868 950 80.0 2.191442 0.356061 25
-1.032423 1270 80.0 0.571689 0 25
-2.271832 510 80.0 1.747252 1.153093 25
-1.749933 970 80.0 2.203775 0.362679 25
-1.033645 1270 80.0 0.596096 0 25
-2.106377 530 80.0 1.769825 1.153215 25
-1.746619 970 80.0 2.175968 0.362303 25
-1.024396 1280 80.0 0.59827 0 25
-1.333997 1100 80.0 1.737187 1.288094 25
-0.854615 1160 80.0 0.506224 0 25
-1.748711 970 80.0 2.200039 0.362514 25
-1.026573 1280 80.0 0.596136 0 25
-1.739611 970 80.0 2.144454 0.362072 25
-1.023347 1280 80.0 0.59074 0 25
-2.108453 520 80.0 1.75357 1.149936 25
-1.781071 950 80.0 2.191702 0.35607 25
-1.032465 1270 80.0 0.571921 0 25
-1.608802 1010 80.0 2.261108 0.359914 25
-1.023791 1260 80.0 0.518297 0 25
-1.743399 970 80.0 2.170936 0.362241 25
-1.02325 1280 80.0 0.589597 0 25
-1.748097 970 80.0 2.198954 0.362471 25
-1.026918 1280 80.0 0.594224 0 25
-2.108559 520 80.0 1.754261 1.149967 25
-1.78117 950 80.0 2.19183 0.356074 25
-1.032486 1270 80.0 0.572034 0 25
-1.710498 980 80.0 2.12467 0.361434 25
-1.028948 1270 80.0 0.558722 0 25
-2.10862 520 80.0 1.754651 1.149984 25
-1.781226 950 80.0 2.191902 0.356077 25
-1.032498 1270 80.0 0.572098 0 25
-2.025708 530 80.0 1.749618 1.147652 25
-1.721783 980 80.0 2.182326 0.361962 25
-1.031489 1270 80.0 0.567835 0 25
-2.031221 530 80.0 1.741653 1.149524 25
-1.720424 980 80.0 2.1805 0.361871 25
-1.028573 1270 80.0 0.566091 0 25
-1.410747 1080 80.0 1.491115 1.362558 25
-1.715128 980 80.0 2.151459 0.361688 25
-1.029833 1270 80.0 0.562306 0 25
-2.108746 520 80.0 1.755457 1.15002 25
-1.781342 950 80.0 2.192051 0.356082 25
-1.032522 1270 80.0 0.57223 0 25
-1.683975 980 80.0 2.299623 0.360793 25
-1.032189 1260 80.0 0.545576 0 25
-1.341301 1100 80.0 1.477513 1.111602 25
-0.864037 1150 80.0 0.50571 0 25
-1.719762 980 80.0 2.160112 0.361898 25
-1.022537 1280 80.0 0.583196 0 25
-1.84832 560 80.0 1.489719 -0.98974 25
-1.739705 970 80.0 2.183266 0.362089 25
-1.031295 1270 80.0 0.58573 0 25
-2.108897 520 80.0 1.756407 1.150063 25
-1.781479 950 80.0 2.192225 0.356088 25
-1.032551 1270 80.0 0.572386 0 25
-1.716375 980 80.0 2.153563 0.361719 25
-1.037646 1260 80.0 0.554796 0 25
-1.355494 1100 80.0 1.744975 1.341414 25
-0.850499 1170 80.0 0.541541 0 25
-2.112085 520 80.0 1.761802 1.150238 25
-1.745302 970 80.0 2.192758 0.362283 25
-1.02394 1280 80.0 0.590172 0 25
-1.519043 1040 80.0 2.097738 0.35911 25
-1.015839 1250 80.0 0.472191 0 25
-1.718047 980 80.0 2.155956 0.361819 25
-1.03536 1260 80.0 0.561825 0 25
-2.030942 530 80.0 1.744029 1.147187 25
-1.738738 970 80.0 2.161638 0.361886 25
-1.029477 1270 80.0 0.564336 0 25
-1.720008 980 80.0 2.179724 0.361909 25
-1.022568 1280 80.0 0.583479 0 25
-1.384102 1080 80.0 1.74335 1.106411 25
-0.873733 1140 80.0 0.525002 0 25
-1.680089 990 80.0 2.083699 0.360821 25
-1.032023 1260 80.0 0.537365 0 25
-1.734328 970 80.0 2.134989 0.361729 25
-1.037714 1260 80.0 0.555113 0 25
-1.580368 1020 80.0 2.195581 0.359123 25
-1.020154 1260 80.0 0.503189 0 25
-1.395274 1080 80.0 1.748524 1.345818 25
-0.859742 1160 80.0 0.547707 0 25
-1.682442 980 80.0 2.275464 0.360726 25
-1.029194 1260 80.0 0.535706 0 25
-1.353938 1100 80.0 1.744565 1.350132 25
-0.865944 1150 80.0 0.519932 0 25
-1.447051 1060 80.0 1.491654 1.138908 25
-1.71652 980 80.0 2.152732 0.361673 25
-1.029501 1270 80.0 0.560181 0 25
-1.706298 980 80.0 2.117467 0.361251 25
-1.035233 1260 80.0 0.552654 0 25
-1.439344 1060 80.0 1.490021 1.128696 25
-1.406048 1080 80.0 1.664169 1.102802 25
-1.682776 990 80.0 2.088106 0.360946 25
-1.024257 1270 80.0 0.548342 0 25
-1.479859 1050 80.0 1.999756 0.358752 25
-1.012178 1250 80.0 0.458022 0 25
-1.429212 1070 80.0 1.943146 1.122302 25
-1.340047 1100 80.0 1.738726 1.104473 25
-0.864675 1150 80.0 0.505417 0 25
-1.711823 980 80.0 2.126256 0.361524 25
-1.037647 1260 80.0 0.557947 0 25
-1.704394 980 80.0 2.095833 0.361121 25
-1.025651 1270 80.0 0.552647 0 25
-1.683599 990 80.0 2.089345 0.360994 25
-1.032388 1260 80.0 0.542328 0 25
-1.701998 980 80.0 2.09141 0.361078 25
-1.03231 1260 80.0 0.550262 0 25
-1.624467 1000 80.0 2.222706 0.359876 25
-1.022771 1260 80.0 0.520735 0 25
-1.551309 1030 80.0 2.16753 0.360804 25
-1.015869 1260 80.0 0.502868 0 25
-1.70021 980 80.0 2.106612 0.357864 25
-1.023848 1270 80.0 0.550813 0 25
-1.71147 980 80.0 2.125562 0.36141 25
-1.028054 1270 80.0 0.558438 0 25
-1.706966 980 80.0 2.099271 0.361258 25
-1.033836 1260 80.0 0.55172 0 25
-1.598404 1010 80.0 2.200515 0.359291 25
-1.021069 1260 80.0 0.519834 0 25
-1.393296 1080 80.0 1.747886 1.329949 25
-0.865353 1150 80.0 0.549788 0 25
-1.625261 1000 80.0 2.223063 0.359863 25
-1.022993 1260 80.0 0.520373 0 25
-1.548037 1030 80.0 2.141828 0.360734 25
-1.02272 1250 80.0 0.489784 0 25
-1.629894 1000 80.0 2.233291 0.359983 25
-1.017006 1270 80.0 0.529293 0 25
-1.349742 1100 80.0 1.74123 1.233301 25
-0.857512 1160 80.0 0.514167 0 25
-1.652849 990 80.0 2.266586 0.360239 25
-1.01869 1270 80.0 0.526658 0 25
-1.683747 980 80.0 2.316965 0.360771 25
-1.029936 1260 80.0 0.537289 0 25
-1.267784 1130 80.0 1.508819 1.252994 25
-0.860492 1150 80.0 0.446511 0 25
-1.684864 980 80.0 2.299703 0.360829 25
-1.030797 1260 80.0 0.536395 0 25
-1.78252 570 80.0 1.751341 -0.983569 25
-0.866043 1150 80.0 0.564075 0 25
-1.702885 980 80.0 2.092445 0.361115 25
-1.034166 1260 80.0 0.551444 0 25
-1.684156 990 80.0 2.10791 0.361034 25
-1.032862 1260 80.0 0.539684 0 25
-1.618991 1000 80.0 2.212709 0.359785 25
-1.024135 1260 80.0 0.523116 0 25
-1.683608 990 80.0 2.106712 0.360905 25
-1.024849 1270 80.0 0.547098 0 25
-1.661697 990 80.0 2.308444 0.360671 25
-1.030547 1260 80.0 0.53367 0 25
-1.685455 990 80.0 2.110356 0.361053 25
-1.032537 1260 80.0 0.540787 0 25
-1.679117 980 80.0 2.28748 0.360601 25
-1.028801 1260 80.0 0.540887 0 25
-1.682593 990 80.0 2.087702 0.360879 25
-1.024658 1270 80.0 0.540768 0 25
-1.664539 990 80.0 2.313316 0.360673 25
-1.022347 1270 80.0 0.536005 0 25
-1.8165 570 80.0 1.972401 -1.005155 25
-1.013794 1240 80.0 0.433709 0 25
-1.590107 1010 80.0 2.145669 0.358748 25
-1.018008 1260 80.0 0.499714 0 25
-1.664034 1000 80.0 2.121228 0.360847 25
-1.035057 1260 80.0 0.548217 0 25
-1.604712 1010 80.0 2.212274 0.359675 25
-1.022057 1260 80.0 0.517093 0 25
-1.368806 1090 80.0 1.742764 1.309353 25
-0.864927 1150 80.0 0.520925 0 25
-1.491197 1050 80.0 2.052481 0.360162 25
-1.014582 1250 80.0 0.458074 0 25
-1.599926 1010 80.0 2.184558 0.359316 25
-1.021704 1260 80.0 0.52155 0 25
-1.67583 980 80.0 2.260908 0.360483 25
-1.020551 1270 80.0 0.540326 0 25
-1.397916 1080 80.0 1.746932 1.437865 25
-0.859489 1160 80.0 0.560818 0 25
-1.680019 980 80.0 2.287638 0.360589 25
-1.029622 1260 80.0 0.53896 0 25
-1.366564 1090 80.0 1.744301 1.31158 25
-0.857523 1160 80.0 0.540826 0 25
-1.34681 1100 80.0 1.738285 1.077899 25
-0.861534 1160 80.0 0.51416 0 25
-1.319947 1110 80.0 1.476557 1.094099 25
-0.863083 1150 80.0 0.487369 0 25
-1.403983 1080 80.0 1.663515 1.074674 25
-0.860453 1160 80.0 0.561075 0 25
-1.815764 570 80.0 1.489951 -0.981399 25
-1.418202 1070 80.0 1.488073 1.466858 25
-0.859648 1160 80.0 0.570375 0 25
-1.369221 1090 80.0 1.745007 1.236879 25
-0.858918 1160 80.0 0.524312 0 25
-1.591095 1010 80.0 2.147692 0.358768 25
-1.026233 1250 80.0 0.492228 0 25
-1.374821 1090 80.0 1.662666 1.111129 25
-0.860324 1160 80.0 0.547694 0 25
-1.378346 1090 80.0 1.747601 1.419708 25
-0.859569 1160 80.0 0.546284 0 25
-1.394121 1080 80.0 1.748112 1.462286 25
-0.867695 1150 80.0 0.554584 0 25
-1.371089 1090 80.0 1.743509 1.308573 25
-0.857999 1160 80.0 0.546815 0 25
-1.656521 990 80.0 2.255378 0.360429 25
-1.029281 1260 80.0 0.529893 0 25
-1.606298 1010 80.0 2.235188 0.359787 25
-1.02388 1260 80.0 0.525957 0 25
-1.563429 1020 80.0 2.124256 0.360707 25
-1.0153 1260 80.0 0.500153 0 25
-1.633659 1000 80.0 2.259554 0.360167 25
-1.025485 1260 80.0 0.532072 0 25
-1.655128 990 80.0 2.270799 0.360351 25
-1.02837 1260 80.0 0.530191 0 25
-1.662327 990 80.0 2.286436 0.360576 25
-1.028837 1260 80.0 0.539414 0 25
-1.686123 980 80.0 2.322429 0.360877 25
-1.031035 1260 80.0 0.536871 0 25
-1.656781 990 80.0 2.27523 0.360374 25
-1.027363 1260 80.0 0.53783 0 25
-1.541946 1030 80.0 2.110522 0.360062 25
-1.021395 1250 80.0 0.4953 0 25
-1.355265 1100 80.0 1.742695 1.221844 25
-0.866214 1150 80.0 0.531679 0 25
-1.352676 1100 80.0 1.741908 1.231295 25
-0.858552 1160 80.0 0.530185 0 25
-1.601969 1010 80.0 2.225764 0.359364 25
-1.012942 1270 80.0 0.522819 0 25
-1.629177 1000 80.0 2.230356 0.359999 25
-1.025503 1260 80.0 0.529292 0 25
-1.577475 1020 80.0 2.206664 0.35882 25
-1.018122 1260 80.0 0.508439 0 25
-1.543686 1030 80.0 2.132381 0.360247 25
-1.029946 1240 80.0 0.479752 0 25
-1.414704 1070 80.0 1.485792 1.306329 25
-0.860799 1160 80.0 0.574203 0 25
-1.62667 1000 80.0 2.224769 0.359902 25
-1.023248 1260 80.0 0.521983 0 25
-1.369056 1090 80.0 1.744807 1.074374 25
-0.866235 1150 80.0 0.533463 0 25
-2.718843 460 80.0 -1.086524 -0.990301 25
-1.046292 1270 80.0 0.441426 0 25
-1.392811 1080 80.0 1.747741 1.32202 25
-0.867174 1150 80.0 0.543132 0 25
-1.625168 1000 80.0 2.20214 0.359825 25
-1.015921 1270 80.0 0.518115 0 25
-1.354206 1100 80.0 1.740179 1.082427 25
-0.858024 1160 80.0 0.527913 0 25
-1.520347 1040 80.0 2.097018 0.359204 25
-1.018182 1250 80.0 0.476676 0 25
-1.369562 1090 80.0 1.742849 1.214154 25
-0.86691 1150 80.0 0.532965 0 25
-1.378623 1090 80.0 1.747262 1.414743 25
-0.85896 1160 80.0 0.554103 0 25
-1.291772 1120 80.0 1.512385 1.234415 25
-0.861096 1150 80.0 0.47628 0 25
-1.525758 1040 80.0 2.125075 0.359605 25
-1.02072 1250 80.0 0.471337 0 25
-1.625346 1000 80.0 2.221822 0.35988 25
-1.014654 1270 80.0 0.528879 0 25
-1.348432 1100 80.0 1.480488 1.315665 25
-0.865869 1150 80.0 0.514864 0 25
-1.3904 1080 80.0 1.746769 1.301238 25
-0.866916 1150 80.0 0.531739 0 25
-1.591282 1010 80.0 2.16531 0.361533 25
-1.017809 1260 80.0 0.510232 0 25
-1.485356 1050 80.0 2.04095 0.359281 25
-1.021307 1240 80.0 0.456664 0 25
-1.628796 1000 80.0 2.228679 0.359951 25
-1.022672 1260 80.0 0.526097 0 25
-1.452121 1060 80.0 1.957908 0.359984 25
-1.024311 1230 80.0 0.435962 0 25
-1.515939 1040 80.0 2.069879 0.358368 25
-1.017009 1250 80.0 0.465251 0 25
-1.486749 1050 80.0 2.026361 0.359834 25
-1.021444 1240 80.0 0.458224 0 25
-1.348374 1100 80.0 1.738448 1.066203 25
-0.857857 1160 80.0 0.511649 0 25
-1.457448 1060 80.0 1.999124 1.066941 25
-1.0183 1240 80.0 0.445689 0 25
-1.508048 1040 80.0 2.039556 0.360861 25
-1.015864 1250 80.0 0.475515 0 25
-1.56486 1020 80.0 2.125947 0.360841 25
-1.833826 1250 80.0 0.492482 0 25
-1.621238 1000 80.0 2.195013 0.359797 25
-1.022613 1260 80.0 0.514498 0 25
-1.520746 1040 80.0 2.097502 0.359242 25
-1.018264 1250 80.0 0.477175 0 25
-1.428298 1070 80.0 1.939956 1.062532 25
-1.626586 1000 80.0 2.204527 0.359858 25
-1.015886 1270 80.0 0.520946 0 25
-1.347548 1100 80.0 1.740518 1.225511 25
-0.865164 1150 80.0 0.507559 0 25
-1.364307 1090 80.0 1.743475 1.284474 25
-0.865523 1150 80.0 0.517804 0 25
-1.626558 1000 80.0 2.223492 0.359903 25
-1.015628 1270 80.0 0.522141 0 25
-1.513457 1040 80.0 2.066279 0.357998 25
-1.015391 1250 80.0 0.462631 0 25
-1.480458 1050 80.0 1.998488 0.361749 25
-1.017532 1240 80.0 0.44377 0 25
-1.459774 1060 80.0 1.986723 0.357825 25
-1.024757 1230 80.0 0.432073 0 25
-1.519434 1040 80.0 2.112608 0.358879 25
-1.019332 1250 80.0 0.476232 0 25
-1.46246 1060 80.0 2.007885 0.361466 25
-1.027081 1230 80.0 0.441441 0 25
-1.460911 1060 80.0 1.988231 0.361297 25
-1.025322 1230 80.0 0.437704 0 25
-1.486563 1050 80.0 2.008399 0.362581 25
-1.020699 1240 80.0 0.446082 0 25
-1.452229 1060 80.0 1.957291 1.071615 25
-1.014575 1240 80.0 0.435239 0 25
-1.480621 1050 80.0 1.998672 0.361768 25
-1.017568 1240 80.0 0.443974 0 25
-1.483712 1050 80.0 2.002711 0.358929 25
-1.027335 1230 80.0 0.44125 0 25
-1.60083 1010 80.0 2.202899 0.359386 25
-1.020413 1260 80.0 0.52142 0 25
-1.480165 1050 80.0 1.998431 0.358814 25
-1.017978 1240 80.0 0.444163 0 25
-1.481064 1050 80.0 1.999972 0.358918 25
-1.024609 1230 80.0 0.440526 0 25
-1.487323 1050 80.0 2.027027 0.359899 25
-1.021583 1240 80.0 0.458991 0 25
-1.49354 1050 80.0 2.05459 0.360182 25
-1.014797 1250 80.0 0.457895 0 25
-1.483824 1050 80.0 2.002839 0.358942 25
-1.027367 1230 80.0 0.441387 0 25
-1.507932 1040 80.0 2.037647 0.360186 25
-1.014804 1250 80.0 0.457933 0 25
-1.480805 1050 80.0 1.998882 0.361791 25
-1.01761 1240 80.0 0.444205 0 25
-1.480018 1050 80.0 1.997123 0.361811 25
-1.020025 1240 80.0 0.444102 0 25
-1.476447 1050 80.0 1.992013 0.358231 25
-1.027307 1230 80.0 0.440836 0 25
-1.480051 1050 80.0 1.997159 0.361815 25
-1.020032 1240 80.0 0.444144 0 25
-1.516686 1040 80.0 2.088177 0.358446 25
-1.017154 1250 80.0 0.466123 0 25
-1.476492 1050 80.0 1.992065 0.358237 25
-1.027317 1230 80.0 0.44089 0 25
-1.483969 1050 80.0 2.003002 0.35896 25
-1.027407 1230 80.0 0.441562 0 25
-1.487105 1050 80.0 2.026594 0.359922 25
-1.021089 1240 80.0 0.45756 0 25
-1.599239 1010 80.0 2.180504 0.35928 25
-1.028299 1250 80.0 0.497851 0 25
-1.593191 1010 80.0 2.168854 0.358836 25
-1.027171 1250 80.0 0.503429 0 25
-1.574301 1020 80.0 2.161209 0.361539 25
-1.034703 1240 80.0 0.498585 0 25
-1.526713 1040 80.0 2.144478 0.359702 25
-1.020934 1250 80.0 0.472537 0 25
-1.487632 1050 80.0 2.027388 0.359935 25
-1.021659 1240 80.0 0.459406 0 25
-1.486214 1050 80.0 2.025216 0.359491 25
-1.021044 1240 80.0 0.456511 0 25
-1.487982 1050 80.0 2.028059 0.359872 25
-1.013717 1250 80.0 0.467913 0 25
-1.484181 1050 80.0 2.003243 0.358986 25
-1.027468 1230 80.0 0.44182 0 25
-1.477082 1050 80.0 1.976415 0.358342 25
-1.028321 1230 80.0 0.451041 0 25
-1.487123 1050 80.0 2.009018 0.362645 25
-1.020835 1240 80.0 0.446804 0 25
-1.484238 1050 80.0 2.003308 0.358992 25
-1.027483 1230 80.0 0.441888 0 25
-1.48207 1050 80.0 2.001242 0.359216 25
-1.027721 1230 80.0 0.444147 0 25
-1.45931 1060 80.0 1.98477 0.360755 25
-1.014581 1240 80.0 0.439428 0 25
-1.536411 1030 80.0 2.098567 0.359332 25
-1.018962 1250 80.0 0.478996 0 25
