2.747834 340 80.0 8.212623 -0.299825 16
2.492996 430 80.0 7.945558 -0.498914 16
2.750051 310 80.0 8.220204 -0.270129 16
2.719538 310 80.0 8.220453 -0.274589 16
2.767882 340 80.0 8.18903 -0.295126 16
2.65027 300 80.0 8.195576 -0.247757 16
2.082386 420 80.0 5.530765 -1.355466 16
2.716174 300 80.0 8.2162 -0.246329 16
2.491964 420 80.0 7.971718 -0.50523 16
2.494993 400 80.0 8.010188 -0.456701 16
2.665073 350 80.0 8.161178 -0.311525 16
2.477067 420 80.0 7.967148 -0.49325 16
2.721643 310 80.0 8.208573 -0.273734 16
2.631435 420 80.0 8.073465 -0.448023 16
2.694164 440 80.0 8.066911 -0.45229 16
1.953575 420 80.0 5.411377 -1.290291 16
2.640826 310 80.0 8.182565 -0.290647 16
2.70208 330 80.0 8.1805 -0.286532 16
2.5472 340 80.0 8.10515 -0.336561 16
2.378331 420 80.0 7.905895 -0.531874 16
2.702684 330 80.0 8.179635 -0.288502 16
2.641891 310 80.0 8.182706 -0.290166 16
2.642087 310 80.0 8.170332 -0.290078 16
2.64598 310 80.0 8.173962 -0.281309 16
2.410146 420 80.0 7.926103 -0.499533 16
2.642861 310 80.0 8.170432 -0.289729 16
1.924524 380 80.0 5.356242 -1.305748 16
2.646985 310 80.0 8.174093 -0.280853 16
2.613844 410 80.0 8.056169 -0.418182 16
2.418661 420 80.0 7.924048 -0.502603 16
2.588518 310 80.0 8.150826 -0.263409 16
2.609541 300 80.0 8.165126 -0.291777 16
2.585893 440 80.0 8.0247 -0.506871 16
2.51618 320 80.0 8.114476 -0.316431 16
2.563474 300 80.0 8.157834 -0.289025 16
2.558825 300 80.0 8.144757 -0.264687 16
2.569765 340 80.0 8.110612 -0.319465 16
2.520457 440 80.0 7.988205 -0.530364 16
2.528507 300 80.0 8.128001 -0.279561 16
2.53291 420 80.0 8.014357 -0.506954 16
2.568628 310 80.0 8.147811 -0.271533 16
2.605155 310 80.0 8.152525 -0.282233 16
2.477385 430 80.0 7.962302 -0.529273 16
2.417428 380 80.0 7.976477 -0.432039 16
2.49714 300 80.0 8.111213 -0.266656 16
2.360822 390 80.0 7.913539 -0.473522 16
2.450129 320 80.0 8.058901 -0.340709 16
2.430538 300 80.0 8.097635 -0.307947 16
2.513077 410 80.0 7.987607 -0.465754 16
2.04651 350 80.0 5.446824 -1.459362 16
2.526204 330 80.0 8.075081 -0.307105 16
2.35809 370 80.0 7.941316 -0.419097 16
2.40873 360 80.0 8.004764 -0.383884 16
2.469178 300 80.0 8.105355 -0.285115 16
2.31703 340 80.0 7.972317 -0.383153 16
2.452092 320 80.0 8.060866 -0.335395 16
2.351867 430 80.0 7.872046 -0.592698 16
2.43282 300 80.0 8.086529 -0.30425 16
2.465166 310 80.0 8.079766 -0.302571 16
2.288477 360 80.0 7.929898 -0.445205 16
2.456463 410 80.0 7.950939 -0.483955 16
1.941056 380 80.0 5.350524 -1.390536 16
2.424628 400 80.0 7.955852 -0.463845 16
2.278676 390 80.0 7.868196 -0.494462 16
2.36962 400 80.0 7.917846 -0.484846 16
2.382031 410 80.0 7.905664 -0.504683 16
2.333844 290 80.0 8.043368 -0.287309 16
2.363407 300 80.0 8.034707 -0.316871 16
2.324061 390 80.0 7.907404 -0.50126 16
2.398279 300 80.0 8.056135 -0.318481 16
2.362821 400 80.0 7.914378 -0.496209 16
2.364228 300 80.0 8.034831 -0.316413 16
2.367198 320 80.0 8.005152 -0.365524 16
2.357402 300 80.0 8.030643 -0.30132 16
2.35199 430 80.0 7.856531 -0.600718 16
2.350546 300 80.0 8.030467 -0.303361 16
1.777496 350 80.0 5.335415 -2.142824 16
2.334392 410 80.0 7.879755 -0.557355 16
2.365236 300 80.0 8.034119 -0.318022 16
2.365349 300 80.0 8.034138 -0.317959 16
2.312425 400 80.0 7.863352 -0.516487 16
2.245902 390 80.0 7.844147 -0.508942 16
2.235283 310 80.0 7.955125 -0.374307 16
2.192893 290 80.0 7.975027 -0.354062 16
2.242221 400 80.0 7.82011 -0.561529 16
2.232644 320 80.0 7.944045 -0.36544 16
2.200143 400 80.0 7.795848 -0.581126 16
2.119629 370 80.0 7.747507 -0.544446 16
2.137252 350 80.0 7.823009 -0.456097 16
2.1473 310 80.0 7.877956 -0.367871 16
2.13083 350 80.0 7.792843 -0.464019 16
2.084969 380 80.0 7.711687 -0.592012 16
2.211059 290 80.0 7.959706 -0.326966 16
1.898975 330 80.0 5.382416 -1.453389 16
2.251248 300 80.0 7.958205 -0.337491 16
2.148404 390 80.0 7.768149 -0.582559 16
2.168671 310 80.0 7.902024 -0.363431 16
2.172553 330 80.0 7.859358 -0.41775 16
1.830545 320 80.0 5.374375 -1.454565 16
2.204547 300 80.0 7.936638 -0.339509 16
1.987501 360 80.0 7.658273 -0.577656 16
2.009042 360 80.0 7.68135 -0.540689 16
2.072502 330 80.0 7.794873 -0.453216 16
1.810812 350 80.0 5.307167 -1.405559 16
1.794672 340 80.0 5.30899 -1.421143 16
2.053283 340 80.0 7.76353 -0.472259 16
2.109719 310 80.0 7.856884 -0.368455 16
2.022976 280 80.0 7.851867 -0.353245 16
2.063172 340 80.0 7.761633 -0.475983 16
2.03407 290 80.0 7.841086 -0.343971 16
2.031425 290 80.0 7.844521 -0.362211 16
1.724578 320 80.0 5.317624 -1.420055 16
1.732489 320 80.0 5.320311 -1.422041 16
1.804258 340 80.0 5.314266 -1.426238 16
2.05419 340 80.0 7.763726 -0.471367 16
1.996027 280 80.0 7.834627 -0.33995 16
2.011469 300 80.0 7.808704 -0.389867 16
1.977828 330 80.0 7.712059 -0.5051 16
1.811956 320 80.0 5.312455 -1.41711 16
1.651882 340 80.0 5.27928 -1.436994 16
1.990855 280 80.0 7.830946 -0.377888 16
2.011961 300 80.0 7.808807 -0.389442 16
1.782681 330 80.0 5.310344 -1.440874 16
2.062106 320 80.0 7.790231 -0.436152 16
1.969885 330 80.0 7.707795 -0.492312 16
2.018471 330 80.0 7.736715 -0.458223 16
1.930044 320 80.0 7.682466 -0.474485 16
1.998913 350 80.0 7.676259 -0.520897 16
1.9791 330 80.0 7.714097 -0.468586 16
1.948967 320 80.0 7.720899 -0.465803 16
1.988638 310 80.0 7.756784 -0.425367 16
1.959625 320 80.0 7.722425 -0.457372 16
1.939269 320 80.0 7.700146 -0.489044 16
1.974868 330 80.0 7.70931 -0.485958 16
1.955113 330 80.0 7.707482 -0.498071 16
1.929306 320 80.0 7.702955 -0.482755 16
1.940388 330 80.0 7.688636 -0.488792 16
2.019866 300 80.0 7.77492 -0.398192 16
1.975292 330 80.0 7.694742 -0.485496 16
1.975383 330 80.0 7.680165 -0.485397 16
1.877159 330 80.0 7.596667 -0.548475 16
1.980583 330 80.0 7.698334 -0.473145 16
1.955872 330 80.0 7.678404 -0.497238 16
1.980711 330 80.0 7.698359 -0.473013 16
1.970973 320 80.0 7.708403 -0.452224 16
1.975873 330 80.0 7.700252 -0.466771 16
1.980927 330 80.0 7.69981 -0.466677 16
1.927571 340 80.0 7.643356 -0.541514 16
1.966176 330 80.0 7.679126 -0.490718 16
1.894545 320 80.0 7.661899 -0.504917 16
1.865821 310 80.0 7.668906 -0.472562 16
2.78287 320 80.0 8.239593 -0.261571 16
2.097418 390 80.0 5.55321 -1.419177 16
2.719367 310 80.0 8.220434 -0.274659 16
2.720395 320 80.0 8.206399 -0.291763 16
2.09433 440 80.0 5.566685 -1.375404 16
2.776991 320 80.0 8.213806 -0.267743 16
2.726665 320 80.0 8.208235 -0.287188 16
2.693613 310 80.0 8.204061 -0.26295 16
2.721619 320 80.0 8.194592 -0.291227 16
2.721828 320 80.0 8.194618 -0.291136 16
2.757976 290 80.0 8.234127 -0.240892 16
2.659045 350 80.0 8.153378 -0.304775 16
2.72245 320 80.0 8.194695 -0.290863 16
2.722656 320 80.0 8.19472 -0.290773 16
2.640707 310 80.0 8.182547 -0.290701 16
2.722384 310 80.0 8.208658 -0.273433 16
2.64488 310 80.0 8.198383 -0.281808 16
2.063309 400 80.0 5.491037 -1.360658 16
2.607605 300 80.0 8.177423 -0.292644 16
2.68631 320 80.0 8.176421 -0.283265 16
2.642359 310 80.0 8.170368 -0.289955 16
2.475413 350 80.0 8.044706 -0.366976 16
2.646523 310 80.0 8.169227 -0.265485 16
2.600684 300 80.0 8.176312 -0.269605 16
2.643169 310 80.0 8.170472 -0.28959 16
2.582181 320 80.0 8.134337 -0.314141 16
2.643627 310 80.0 8.17053 -0.289383 16
2.588518 310 80.0 8.150826 -0.263409 16
2.574271 310 80.0 8.149693 -0.267774 16
2.366211 420 80.0 7.875423 -0.548391 16
2.613847 320 80.0 8.141476 -0.291742 16
2.563619 300 80.0 8.157849 -0.288957 16
2.452115 320 80.0 8.075618 -0.30675 16
2.505169 300 80.0 8.123441 -0.293316 16
2.343338 410 80.0 7.87022 -0.515334 16
2.528685 300 80.0 8.127077 -0.279476 16
2.5647 300 80.0 8.14517 -0.288454 16
2.546869 310 80.0 8.130683 -0.286543 16
2.568099 300 80.0 8.146165 -0.286255 16
2.405809 380 80.0 7.978079 -0.431533 16
2.473593 300 80.0 8.119427 -0.307848 16
2.497414 300 80.0 8.111249 -0.266527 16
2.507176 300 80.0 8.123724 -0.292345 16
2.459215 320 80.0 8.079323 -0.321882 16
2.468126 300 80.0 8.105199 -0.285645 16
2.329265 340 80.0 7.988387 -0.39924 16
2.513674 330 80.0 8.072953 -0.313588 16
2.40016 420 80.0 7.936779 -0.539904 16
2.54468 310 80.0 8.102303 -0.290173 16
2.462637 310 80.0 8.091522 -0.304555 16
2.387822 420 80.0 7.904211 -0.531101 16
2.189365 390 80.0 7.792031 -0.564023 16
2.41488 310 80.0 8.067331 -0.312286 16
2.285828 380 80.0 7.870271 -0.486482 16
2.280721 400 80.0 7.868241 -0.52201 16
2.433197 300 80.0 8.085694 -0.306243 16
2.437889 310 80.0 8.061512 -0.317572 16
2.422576 310 80.0 8.055281 -0.309598 16
2.431232 310 80.0 8.057251 -0.30256 16
2.348329 330 80.0 7.99104 -0.339258 16
2.260468 340 80.0 7.91818 -0.404826 16
2.410372 310 80.0 8.055443 -0.310702 16
2.333697 290 80.0 8.056869 -0.287389 16
2.311658 290 80.0 8.023337 -0.306182 16
2.359092 340 80.0 7.966506 -0.379486 16
2.11391 390 80.0 7.735198 -0.614299 16
2.343663 330 80.0 7.991054 -0.3406 16
2.236662 340 80.0 7.914005 -0.422225 16
2.296068 320 80.0 7.997657 -0.345282 16
1.767527 330 80.0 5.315007 -1.415669 16
2.347492 320 80.0 8.005088 -0.370047 16
2.370965 310 80.0 8.022013 -0.308855 16
1.73238 390 80.0 5.224543 -1.286903 16
2.371461 310 80.0 8.024332 -0.329116 16
2.061227 370 80.0 7.721538 -0.577259 16
2.357862 300 80.0 8.033861 -0.320323 16
2.348715 300 80.0 8.015854 -0.331872 16
2.314296 330 80.0 7.991922 -0.372761 16
2.247532 290 80.0 8.0007 -0.31414 16
2.277203 300 80.0 7.992428 -0.316859 16
2.358656 300 80.0 8.029984 -0.302805 16
2.339399 310 80.0 8.002733 -0.354898 16
2.31599 300 80.0 8.015088 -0.313713 16
2.277637 300 80.0 7.992719 -0.316598 16
2.150802 370 80.0 7.768658 -0.511817 16
2.305828 340 80.0 7.940711 -0.369972 16
2.312844 300 80.0 8.013199 -0.293049 16
2.2392 320 80.0 7.944534 -0.389988 16
2.157977 350 80.0 7.826208 -0.468764 16
2.298256 330 80.0 7.940027 -0.375637 16
2.248912 300 80.0 7.972033 -0.338986 16
2.083844 380 80.0 7.71241 -0.590105 16
2.193196 290 80.0 7.975086 -0.353857 16
1.662455 320 80.0 5.263813 -1.402859 16
1.839736 370 80.0 5.306935 -1.376883 16
2.010648 360 80.0 7.679336 -0.545838 16
1.995676 350 80.0 7.70001 -0.566586 16
2.227679 400 80.0 7.816843 -0.547542 16
2.24098 330 80.0 7.900455 -0.392992 16
2.239855 410 80.0 7.792025 -0.598039 16
1.723816 330 80.0 5.320283 -1.484852 16
2.24101 300 80.0 7.95602 -0.318297 16
2.191848 310 80.0 7.920374 -0.37406 16
2.234681 340 80.0 7.886773 -0.393792 16
2.196412 300 80.0 7.931514 -0.354676 16
2.162413 290 80.0 7.923583 -0.329865 16
2.19681 290 80.0 7.945701 -0.328745 16
2.16963 280 80.0 7.940119 -0.323388 16
2.162814 290 80.0 7.925502 -0.325359 16
2.140527 330 80.0 7.837308 -0.421614 16
1.734057 340 80.0 5.310029 -1.464771 16
2.168444 310 80.0 7.899198 -0.371163 16
2.085026 290 80.0 7.885363 -0.345172 16
2.044723 300 80.0 7.845363 -0.413772 16
2.155849 330 80.0 7.85397 -0.409836 16
2.003272 360 80.0 7.676495 -0.558689 16
2.145622 300 80.0 7.894217 -0.335638 16
2.165343 210 80.0 8.062509 -0.202445 16
2.133197 300 80.0 7.892966 -0.341658 16
1.749038 340 80.0 5.298296 -1.474746 16
2.107124 330 80.0 7.828427 -0.428688 16
1.641803 290 80.0 5.276486 -1.464858 16
1.601222 370 80.0 5.171299 -1.34716 16
2.064623 320 80.0 7.821033 -0.430948 16
2.070868 290 80.0 7.864237 -0.365846 16
2.109203 310 80.0 7.842477 -0.395573 16
2.005695 330 80.0 7.734554 -0.469107 16
2.160226 300 80.0 7.89598 -0.353533 16
2.050506 350 80.0 7.728012 -0.503008 16
2.00635 320 80.0 7.794846 -0.426295 16
2.016539 330 80.0 7.765182 -0.460167 16
1.630186 310 80.0 5.199378 -1.403756 16
1.958313 330 80.0 7.690823 -0.505183 16
2.049302 330 80.0 7.773046 -0.454152 16
2.051569 310 80.0 7.801891 -0.38878 16
2.074516 290 80.0 7.843928 -0.352349 16
2.108973 330 80.0 7.800033 -0.427046 16
1.88616 330 80.0 7.630736 -0.528786 16
1.995908 280 80.0 7.835349 -0.337902 16
2.005096 280 80.0 7.849928 -0.363775 16
2.018384 320 80.0 7.763174 -0.431098 16
2.030677 340 80.0 7.757673 -0.469545 16
2.021171 340 80.0 7.722176 -0.493729 16
1.987432 310 80.0 7.755002 -0.458929 16
2.026181 340 80.0 7.726418 -0.479393 16
2.021447 340 80.0 7.722861 -0.491402 16
2.055236 340 80.0 7.749422 -0.47034 16
2.032182 350 80.0 7.714418 -0.53485 16
2.031327 340 80.0 7.728949 -0.468883 16
1.928266 320 80.0 7.717326 -0.483892 16
1.971195 280 80.0 7.808161 -0.379393 16
1.938626 320 80.0 7.699994 -0.489742 16
1.928451 320 80.0 7.701031 -0.489682 16
1.959236 320 80.0 7.722335 -0.457776 16
1.967994 320 80.0 7.742996 -0.464685 16
1.928689 320 80.0 7.717431 -0.48343 16
1.968125 320 80.0 7.743024 -0.464554 16
1.974571 330 80.0 7.714653 -0.468134 16
1.979626 330 80.0 7.714216 -0.468036 16
1.979701 330 80.0 7.712824 -0.474065 16
1.979756 330 80.0 7.714244 -0.4679 16
1.94776 310 80.0 7.73768 -0.4233 16
1.979868 330 80.0 7.712862 -0.473891 16
1.929234 320 80.0 7.70294 -0.482834 16
1.965147 320 80.0 7.721233 -0.460949 16
2.014181 290 80.0 7.806747 -0.361581 16
1.914282 280 80.0 7.785813 -0.386085 16
1.970459 290 80.0 7.782861 -0.371781 16
1.880671 290 80.0 7.718727 -0.426904 16
1.960483 320 80.0 7.707903 -0.456482 16
1.950335 320 80.0 7.706497 -0.464383 16
1.903448 310 80.0 7.678004 -0.485063 16
1.930036 320 80.0 7.688536 -0.481957 16
1.927413 320 80.0 7.668416 -0.473381 16
1.940451 320 80.0 7.69162 -0.468011 16
1.930247 320 80.0 7.688584 -0.481726 16
1.9559 320 80.0 7.686137 -0.481669 16
1.941386 330 80.0 7.678254 -0.5029 16
1.923008 300 80.0 7.712554 -0.424515 16
