-0.793422 420 80.0 -3.550121 0.429351 28
-0.837751 430 80.0 -3.613855 0.485909 28
-0.818374 420 80.0 -3.567173 0.536157 28
-0.82452 420 80.0 -3.550212 0.453234 28
-0.813036 410 80.0 -3.534268 0.468655 28
-0.815066 420 80.0 -3.557733 0.443816 28
-0.830845 430 80.0 -3.595774 0.532291 28
-0.792009 400 80.0 -3.517572 0.473147 28
-0.79816 400 80.0 -3.512244 0.45855 28
-0.829041 440 80.0 -3.605156 0.460004 28
-0.983345 500 80.0 -1.816214 1.269333 28
-0.806951 430 80.0 -3.581002 0.427719 28
-0.806611 420 80.0 -3.575924 0.539425 28
-0.817344 440 80.0 -3.61151 0.49695 28
-0.814195 400 80.0 -3.518227 0.473771 28
-0.807336 430 80.0 -3.580702 0.427416 28
-0.810928 420 80.0 -3.552953 0.449957 28
-0.816818 410 80.0 -3.547738 0.452538 28
-0.839523 420 80.0 -3.607466 0.517698 28
-0.824435 420 80.0 -3.577586 0.533834 28
-0.808924 430 80.0 -3.582811 0.428063 28
-0.805445 400 80.0 -3.508714 0.487243 28
-0.80039 420 80.0 -3.524902 0.461445 28
-0.791711 410 80.0 -3.531316 0.47402 28
-0.81001 430 80.0 -3.582226 0.550168 28
-0.826851 420 80.0 -3.578268 0.531885 28
-0.838524 410 80.0 -3.543097 0.473132 28
-0.850959 390 80.0 -3.492564 0.503695 28
-0.87279 390 80.0 -3.523234 0.506711 28
-0.826342 430 80.0 -3.58474 0.549189 28
-0.821625 420 80.0 -3.573461 0.53095 28
-0.830918 390 80.0 -3.515284 0.473962 28
-0.809388 410 80.0 -3.537399 0.451068 28
-0.818916 430 80.0 -3.601214 0.495911 28
-0.778552 410 80.0 -3.509102 0.470777 28
-1.010345 500 80.0 -1.814533 1.247531 28
-0.799885 420 80.0 -3.561001 0.431773 28
-0.826491 430 80.0 -3.611694 0.525795 28
-0.801526 430 80.0 -3.567037 0.456237 28
-1.007108 500 80.0 -1.816747 1.121073 28
-0.796442 420 80.0 -3.553263 0.429518 28
-0.809967 430 80.0 -3.579548 0.450779 28
-0.796796 430 80.0 -3.55974 0.454389 28
-0.865993 370 80.0 -3.471976 0.531795 28
-0.822307 430 80.0 -3.579171 0.554567 28
-0.81963 430 80.0 -3.599006 0.526234 28
-0.985194 500 80.0 -1.813316 1.123053 28
-1.000201 500 80.0 -1.818262 1.109722 28
-0.787114 420 80.0 -3.564779 0.431707 28
-0.991558 500 80.0 -1.819821 1.11299 28
-0.77867 420 80.0 -3.550447 0.425319 28
-0.840863 370 80.0 -3.472714 0.527662 28
-0.832925 420 80.0 -3.556517 0.579088 28
-0.881874 380 80.0 -3.509681 0.508943 28
-0.824361 410 80.0 -3.56668 0.558243 28
-0.83103 410 80.0 -3.573615 0.550887 28
-0.834938 420 80.0 -3.595412 0.515868 28
-0.816183 420 80.0 -3.556844 0.562117 28
-0.818325 420 80.0 -3.591038 0.533887 28
-0.989725 500 80.0 -1.817812 1.083149 28
-0.807719 430 80.0 -3.607903 0.519831 28
-0.782222 410 80.0 -3.512981 0.463209 28
-0.816002 410 80.0 -3.552477 0.544381 28
-0.795542 420 80.0 -3.584451 0.527451 28
-0.866834 400 80.0 -3.50983 0.521044 28
-0.807652 430 80.0 -3.602779 0.5485 28
-0.805294 420 80.0 -3.531848 0.465965 28
-0.81237 420 80.0 -3.579322 0.53403 28
-0.821177 410 80.0 -3.562203 0.542124 28
-0.826144 430 80.0 -3.583267 0.557416 28
-0.809386 430 80.0 -3.579734 0.547807 28
-0.833333 420 80.0 -3.587081 0.532992 28
-0.796324 430 80.0 -3.589552 0.54551 28
-0.800095 430 80.0 -3.594343 0.545626 28
-0.832743 410 80.0 -3.575815 0.551623 28
-0.806713 420 80.0 -3.564877 0.561634 28
-0.793537 420 80.0 -3.575155 0.529425 28
-0.825897 430 80.0 -3.611063 0.522216 28
-0.828725 420 80.0 -3.57993 0.528829 28
-0.884637 380 80.0 -3.480372 0.510041 28
-0.826289 390 80.0 -3.49027 0.500254 28
-0.810537 430 80.0 -3.583991 0.553311 28
-0.834078 420 80.0 -3.588662 0.535723 28
-0.810534 430 80.0 -3.581264 0.548356 28
-0.820392 430 80.0 -3.59867 0.55148 28
-0.819696 420 80.0 -3.595316 0.537518 28
-0.870137 370 80.0 -3.469994 0.536526 28
-0.834609 420 80.0 -3.588771 0.533606 28
-0.819414 420 80.0 -3.586564 0.535782 28
-0.827322 420 80.0 -3.578518 0.529323 28
-0.820826 420 80.0 -3.596824 0.538234 28
-0.814089 420 80.0 -3.581561 0.529688 28
-0.80513 420 80.0 -3.592858 0.528908 28
-0.830805 420 80.0 -3.582518 0.531453 28
-0.821303 420 80.0 -3.595024 0.535255 28
-0.817118 420 80.0 -3.588353 0.531211 28
-0.829744 420 80.0 -3.582044 0.532489 28
-0.808526 420 80.0 -3.574772 0.533105 28
-0.802907 420 80.0 -3.569549 0.532458 28
-0.807687 420 80.0 -3.568552 0.565189 28
-0.827355 420 80.0 -3.575941 0.57714 28
-0.820683 410 80.0 -3.515345 0.480224 28
-0.789899 430 80.0 -3.578447 0.507727 28
-0.802495 430 80.0 -3.597569 0.546779 28
-0.807702 430 80.0 -3.579336 0.513314 28
-0.81779 410 80.0 -3.548038 0.454116 28
-0.806231 420 80.0 -3.569669 0.52943 28
-0.866008 390 80.0 -3.50988 0.490211 28
-0.839525 370 80.0 -3.470394 0.526176 28
-0.816496 410 80.0 -3.546453 0.451933 28
-0.814638 420 80.0 -3.583622 0.53732 28
-0.880007 380 80.0 -3.478346 0.512641 28
-0.88618 380 80.0 -3.513162 0.517591 28
-0.816061 410 80.0 -3.579946 0.511027 28
-0.800457 420 80.0 -3.585172 0.521136 28
-0.812765 430 80.0 -3.587162 0.517071 28
-0.818513 410 80.0 -3.548936 0.454368 28
-0.876062 370 80.0 -3.477597 0.518591 28
-0.823 400 80.0 -3.511671 0.50049 28
-0.780788 420 80.0 -3.547089 0.457047 28
-0.836027 420 80.0 -3.572745 0.515339 28
-0.799521 430 80.0 -3.570217 0.519012 28
-0.809514 430 80.0 -3.582709 0.516194 28
-0.848654 380 80.0 -3.472291 0.526403 28
-0.832305 400 80.0 -3.524153 0.50245 28
-0.818337 430 80.0 -3.598023 0.52148 28
-0.819883 400 80.0 -3.526608 0.4771 28
-0.819466 420 80.0 -3.568787 0.510106 28
-0.803832 430 80.0 -3.566312 0.453904 28
-0.809923 420 80.0 -3.537633 0.458848 28
-0.804548 410 80.0 -3.551624 0.438722 28
-1.004144 510 80.0 -1.849752 0.361454 28
-0.800728 420 80.0 -3.58707 0.524895 28
-0.801712 410 80.0 -3.551636 0.443934 28
-0.803327 420 80.0 -3.55664 0.456055 28
-0.812832 400 80.0 -3.513845 0.477686 28
-0.805649 430 80.0 -3.601351 0.550375 28
-0.810603 420 80.0 -3.538481 0.45912 28
-0.813438 410 80.0 -3.538848 0.444374 28
-0.796654 410 80.0 -3.543703 0.439933 28
-0.786947 410 80.0 -3.526716 0.440721 28
-0.813688 410 80.0 -3.542786 0.441585 28
-0.786159 430 80.0 -3.568111 0.44556 28
-0.823127 400 80.0 -3.511378 0.493696 28
-0.796996 410 80.0 -3.544147 0.440068 28
-0.79707 410 80.0 -3.544242 0.440097 28
-0.822925 410 80.0 -3.585778 0.548238 28
-0.996522 510 80.0 -1.810145 1.279954 28
-0.812713 410 80.0 -3.565887 0.570357 28
-0.802869 410 80.0 -3.550404 0.441119 28
-0.787559 410 80.0 -3.527532 0.440973 28
-0.802972 410 80.0 -3.550539 0.441159 28
-0.786538 410 80.0 -3.518705 0.454774 28
-0.805738 410 80.0 -3.557162 0.444624 28
-0.803194 410 80.0 -3.553563 0.444521 28
-0.793724 410 80.0 -3.535381 0.433057 28
-0.791458 430 80.0 -3.574077 0.445296 28
-0.803323 410 80.0 -3.550994 0.441297 28
-0.826678 440 80.0 -3.601476 0.52865 28
-0.818226 440 80.0 -3.614907 0.477534 28
-0.737601 1340 80.0 -3.338803 0.119486 28
-1.140439 480 80.0 -3.473577 0.441043 28
-0.931256 350 80.0 -3.451686 0.544469 28
-0.804458 440 80.0 -3.582285 0.506224 28
-0.845063 360 80.0 -3.450055 0.518297 28
-0.830932 430 80.0 -3.604587 0.50571 28
-0.98974 500 80.0 -1.84832 1.356835 28
-0.831298 430 80.0 -3.594397 0.541541 28
-0.828537 390 80.0 -3.512045 0.472191 28
-0.820721 420 80.0 -3.569358 0.525002 28
-0.881297 390 80.0 -3.504024 0.503189 28
-0.840434 420 80.0 -3.576729 0.547707 28
-0.847832 420 80.0 -3.591512 0.519932 28
-0.807974 410 80.0 -3.535833 0.458022 28
-0.837357 430 80.0 -3.631948 0.505417 28
-0.854751 380 80.0 -3.48268 0.520735 28
-0.815342 400 80.0 -3.501682 0.502868 28
-0.848681 390 80.0 -3.524537 0.519834 28
-0.813908 430 80.0 -3.59178 0.549788 28
-0.853344 380 80.0 -3.480595 0.520373 28
-0.821735 390 80.0 -3.515678 0.489784 28
-0.838662 370 80.0 -3.47047 0.529293 28
-0.834647 420 80.0 -3.594448 0.514167 28
-0.895142 360 80.0 -3.443065 0.526658 28
-0.813223 440 80.0 -3.619744 0.446511 28
-0.983569 510 80.0 -1.78252 1.319781 28
-0.823522 420 80.0 -3.571262 0.564075 28
-0.842661 380 80.0 -3.494876 0.523116 28
-1.005155 500 80.0 -1.8165 1.083992 28
-0.791364 420 80.0 -3.546993 0.433709 28
-0.835469 380 80.0 -3.480022 0.499714 28
-0.861703 390 80.0 -3.513059 0.517093 28
-0.80888 420 80.0 -3.575159 0.520925 28
-0.840266 410 80.0 -3.554708 0.458074 28
-0.852228 390 80.0 -3.499884 0.52155 28
-0.799878 420 80.0 -3.557364 0.560818 28
-0.799295 420 80.0 -3.564482 0.540826 28
-0.847365 430 80.0 -3.599779 0.51416 28
-0.83972 440 80.0 -3.618157 0.487369 28
-0.844403 410 80.0 -3.569506 0.561075 28
-0.981399 500 80.0 -1.815764 1.080508 28
-0.823368 420 80.0 -3.568933 0.570375 28
-0.858867 420 80.0 -3.606777 0.524312 28
-0.866741 390 80.0 -3.512825 0.492228 28
-0.82515 420 80.0 -3.575648 0.547694 28
-0.836472 420 80.0 -3.592073 0.546284 28
-0.823108 430 80.0 -3.602815 0.554584 28
-0.795242 430 80.0 -3.581984 0.546815 28
-0.919385 360 80.0 -3.468085 0.529893 28
-0.845545 380 80.0 -3.498979 0.525957 28
-0.824891 390 80.0 -3.486594 0.500153 28
-0.865555 370 80.0 -3.465915 0.532072 28
-0.884152 370 80.0 -3.458432 0.530191 28
-0.893752 370 80.0 -3.465941 0.53783 28
-0.811114 410 80.0 -3.544481 0.4953 28
-0.801272 420 80.0 -3.59199 0.531679 28
-0.821866 430 80.0 -3.606527 0.530185 28
-0.827341 380 80.0 -3.476319 0.522819 28
-0.840257 370 80.0 -3.471278 0.529292 28
-0.844671 380 80.0 -3.492728 0.508439 28
-0.81075 390 80.0 -3.497935 0.479752 28
-0.816495 420 80.0 -3.557357 0.574203 28
-0.859272 380 80.0 -3.486217 0.521983 28
-0.835083 430 80.0 -3.626905 0.533463 28
-0.990301 280 80.0 -2.718843 0.364957 28
-0.736585 1310 80.0 -3.24764 0.144522 28
-1.210872 480 80.0 -3.466354 0.441426 28
-0.811507 410 80.0 -3.542691 0.543132 28
-0.873986 370 80.0 -3.504965 0.518115 28
-0.846652 420 80.0 -3.616279 0.527913 28
-0.809881 400 80.0 -3.51038 0.476676 28
-0.808231 420 80.0 -3.574373 0.532965 28
-0.815793 430 80.0 -3.59038 0.554103 28
-0.797919 440 80.0 -3.598876 0.47628 28
-0.847574 390 80.0 -3.531394 0.471337 28
-0.856018 380 80.0 -3.482339 0.528879 28
-0.832901 420 80.0 -3.594839 0.514864 28
-0.831404 420 80.0 -3.58331 0.531739 28
-0.81621 390 80.0 -3.484184 0.510232 28
-0.80092 420 80.0 -3.552264 0.456664 28
-0.839192 370 80.0 -3.470078 0.526097 28
-0.777392 430 80.0 -3.551927 0.435962 28
-0.809976 390 80.0 -3.481834 0.465251 28
-0.80837 420 80.0 -3.535692 0.458224 28
-0.855303 430 80.0 -3.608938 0.511649 28
-0.791601 430 80.0 -3.574291 0.445689 28
-0.800733 410 80.0 -3.512795 0.475515 28
-0.829178 390 80.0 -3.494331 0.492482 28
-0.87086 370 80.0 -3.47318 0.514498 28
-0.81134 400 80.0 -3.512093 0.477175 28
-0.878401 370 80.0 -3.479027 0.520946 28
-0.826519 420 80.0 -3.581963 0.507559 28
-0.796255 420 80.0 -3.577828 0.517804 28
-0.880888 370 80.0 -3.484542 0.522141 28
-0.840122 400 80.0 -3.538488 0.462631 28
-0.80358 410 80.0 -3.554368 0.44377 28
-0.791508 410 80.0 -3.532427 0.432073 28
-0.807606 400 80.0 -3.507288 0.476232 28
-0.796324 410 80.0 -3.54324 0.441441 28
-0.792301 410 80.0 -3.535261 0.437704 28
-0.819348 410 80.0 -3.549976 0.446082 28
-0.793487 420 80.0 -3.573249 0.435239 28
-0.804095 410 80.0 -3.555034 0.443974 28
-0.81281 410 80.0 -3.541689 0.44125 28
-0.826337 380 80.0 -3.44516 0.52142 28
-0.812902 410 80.0 -3.538162 0.444163 28
-0.813753 410 80.0 -3.541775 0.440526 28
-0.810281 420 80.0 -3.538079 0.458991 28
-0.841573 410 80.0 -3.555497 0.457895 28
-0.813168 410 80.0 -3.542134 0.441387 28
-0.841684 410 80.0 -3.555631 0.457933 28
-0.804678 410 80.0 -3.555789 0.444205 28
-0.802139 410 80.0 -3.55219 0.444102 28
-0.802154 410 80.0 -3.549477 0.440836 28
-0.802244 410 80.0 -3.552327 0.444144 28
-0.812565 390 80.0 -3.484922 0.466123 28
-0.802289 410 80.0 -3.549653 0.44089 28
-0.813628 410 80.0 -3.542709 0.441562 28
-0.782828 410 80.0 -3.509432 0.45756 28
-0.867329 380 80.0 -3.488376 0.497851 28
-0.821527 390 80.0 -3.490106 0.503429 28
-0.84243 400 80.0 -3.505804 0.498585 28
-0.851391 390 80.0 -3.535663 0.472537 28
-0.811314 420 80.0 -3.539368 0.459406 28
-0.80446 420 80.0 -3.558076 0.456511 28
-0.810891 420 80.0 -3.539051 0.467913 28
-0.814306 410 80.0 -3.543552 0.44182 28
-0.782807 420 80.0 -3.550504 0.451041 28
-0.821236 410 80.0 -3.552328 0.446804 28
-0.814484 410 80.0 -3.543776 0.441888 28
-0.819443 410 80.0 -3.549056 0.444147 28
-0.812906 420 80.0 -3.579499 0.439428 28
-0.812359 400 80.0 -3.512515 0.478996 28
