2.913736 3350 80.0 6.949528 7.222821 23
3.013853 3260 80.0 6.937064 7.217756 23
2.885734 3330 80.0 6.968088 7.223944 23
2.886979 3330 80.0 6.965878 7.224432 23
2.91299 3350 80.0 6.963931 7.22385 23
2.879127 3320 80.0 6.966218 7.22114 23
3.04912 3260 80.0 6.757982 7.319528 23
2.875593 3320 80.0 6.964611 7.222837 23
3.043297 3280 80.0 6.85869 7.214391 23
3.031844 3300 80.0 7.012126 7.232166 23
3.017976 3290 80.0 7.032122 7.237525 23
2.92288 3350 80.0 6.942756 7.22137 23
3.022404 3280 80.0 6.957115 7.232184 23
3.014675 3220 80.0 6.766914 7.182304 23
2.872017 3310 80.0 6.937125 7.218058 23
3.067684 3390 80.0 6.867335 7.271624 23
3.064264 3360 80.0 7.101241 7.262793 23
3.017894 3180 80.0 6.619616 7.26835 23
2.876431 3310 80.0 6.932945 7.217315 23
2.875352 3300 80.0 6.913681 7.214565 23
2.88511 3290 80.0 6.866692 7.202383 23
3.013986 3250 80.0 6.883297 7.204384 23
2.876726 3300 80.0 6.90696 7.214827 23
2.876379 3310 80.0 6.933152 7.21732 23
2.87637 3310 80.0 6.933189 7.217325 23
2.86069 3290 80.0 6.926599 7.214628 23
3.005572 3240 80.0 6.902468 7.201962 23
3.017717 3230 80.0 6.776381 7.191453 23
2.869367 3300 80.0 6.917827 7.213843 23
2.860639 3290 80.0 6.911387 7.214635 23
3.033694 3340 80.0 6.832973 7.252166 23
3.006052 3240 80.0 6.876977 7.202563 23
2.859212 3280 80.0 6.906593 7.208075 23
2.845427 3270 80.0 6.913321 7.209002 23
3.052677 3330 80.0 7.008647 7.248682 23
2.876205 3290 80.0 6.883493 7.205875 23
2.848657 3270 80.0 6.902483 7.206694 23
2.849036 3270 80.0 6.902515 7.207219 23
2.876457 3280 80.0 6.856493 7.200332 23
3.05708 3330 80.0 6.992649 7.237826 23
2.850718 3270 80.0 6.897811 7.201139 23
3.036327 3310 80.0 7.002295 7.242997 23
2.846539 3260 80.0 6.869775 7.197217 23
2.837864 3250 80.0 6.86314 7.198281 23
3.068665 3330 80.0 6.930443 7.226784 23
3.039265 3300 80.0 6.935614 7.23521 23
2.98752 3260 80.0 6.727826 7.224317 23
2.846069 3260 80.0 6.872293 7.201086 23
2.97431 3200 80.0 6.891665 7.193495 23
2.852064 3240 80.0 6.805512 7.184635 23
2.851823 3260 80.0 6.870049 7.193587 23
3.014091 3280 80.0 6.996133 7.234305 23
2.855729 3250 80.0 6.832411 7.184713 23
2.966019 3220 80.0 6.6952 7.208103 23
2.984965 3270 80.0 6.757674 7.188822 23
2.836658 3240 80.0 6.844119 7.1888 23
2.955396 3220 80.0 6.718779 7.168616 23
2.850509 3240 80.0 6.811861 7.180017 23
3.016819 3240 80.0 6.811572 7.201257 23
2.831772 3230 80.0 6.822356 7.180031 23
2.835712 3230 80.0 6.809953 7.181284 23
2.95542 3200 80.0 6.662032 7.198545 23
2.996013 3240 80.0 6.922704 7.220005 23
2.98876 3230 80.0 6.938808 7.214053 23
4.406501 3250 80.0 6.799244 7.189485 23
2.993553 3230 80.0 6.905229 7.203512 23
2.998093 3230 80.0 6.897239 7.198731 23
2.821644 3210 80.0 6.796501 7.179128 23
2.82577 3210 80.0 6.798381 7.176448 23
2.986623 3220 80.0 6.876651 7.203243 23
2.82177 3210 80.0 6.795916 7.179442 23
2.984058 3210 80.0 6.861237 7.197346 23
2.819994 3200 80.0 6.780446 7.168 23
2.835182 3200 80.0 6.743438 7.161455 23
2.816711 3190 80.0 6.758265 7.165863 23
3.002688 3210 80.0 6.764206 7.188541 23
2.811083 3180 80.0 6.757902 7.16226 23
2.988815 3200 80.0 6.820988 7.185546 23
2.978895 3190 80.0 6.828525 7.180682 23
2.887574 3330 80.0 6.965227 7.228886 23
3.03407 3250 80.0 6.797478 7.195544 23
2.88633 3330 80.0 6.965849 7.22778 23
2.898558 3340 80.0 6.961175 7.223789 23
3.075212 3310 80.0 6.815393 7.337375 23
2.888312 3330 80.0 6.957552 7.223664 23
2.882682 3320 80.0 6.938578 7.22262 23
2.887824 3330 80.0 6.962552 7.222517 23
2.883717 3320 80.0 6.932693 7.220634 23
2.883707 3320 80.0 6.932732 7.220638 23
2.847114 3290 80.0 6.943656 7.219511 23
2.916228 3340 80.0 6.914391 7.220042 23
2.883676 3320 80.0 6.93285 7.220644 23
2.876445 3310 80.0 6.932889 7.217311 23
2.876436 3310 80.0 6.93292 7.21731 23
2.871333 3310 80.0 6.937239 7.221383 23
2.874904 3310 80.0 6.941648 7.218077 23
3.024924 3220 80.0 6.742697 7.248246 23
2.866502 3300 80.0 6.928138 7.216083 23
2.864604 3290 80.0 6.927401 7.210209 23
2.876358 3310 80.0 6.917735 7.217332 23
2.890091 3280 80.0 6.80762 7.192663 23
2.862704 3290 80.0 6.901992 7.215229 23
2.859812 3290 80.0 6.910937 7.216005 23
2.862434 3290 80.0 6.917883 7.210316 23
2.873091 3290 80.0 6.895683 7.206207 23
2.855488 3280 80.0 6.902318 7.210321 23
2.859212 3280 80.0 6.906593 7.208075 23
2.859471 3280 80.0 6.904432 7.212067 23
2.994262 3210 80.0 6.818209 7.188797 23
2.869621 3290 80.0 6.891365 7.206385 23
2.848649 3270 80.0 6.902514 7.206695 23
2.868298 3270 80.0 6.848714 7.194798 23
2.859534 3280 80.0 6.903511 7.201446 23
2.976629 3180 80.0 6.797158 7.178014 23
2.857437 3280 80.0 6.912461 7.202035 23
2.848592 3270 80.0 6.886456 7.199372 23
2.84983 3260 80.0 6.843386 7.20037 23
2.836377 3250 80.0 6.869854 7.200267 23
2.977022 3240 80.0 6.712581 7.217486 23
2.847795 3260 80.0 6.868555 7.199563 23
2.846312 3260 80.0 6.872362 7.199473 23
2.839826 3250 80.0 6.854196 7.193949 23
2.847962 3240 80.0 6.81806 7.187554 23
2.83673 3240 80.0 6.843847 7.192771 23
2.965816 3240 80.0 6.758527 7.169751 23
2.851647 3240 80.0 6.824217 7.185131 23
3.023044 3270 80.0 6.933093 7.216381 23
2.843569 3250 80.0 6.840311 7.191884 23
2.848005 3250 80.0 6.843593 7.18485 23
3.024419 3270 80.0 6.900264 7.208236 23
2.847612 3240 80.0 6.802564 7.187003 23
2.992551 3210 80.0 6.82748 7.191373 23
2.82621 3220 80.0 6.819949 7.177458 23
2.831726 3220 80.0 6.798024 7.180586 23
2.834316 3220 80.0 6.810588 7.173717 23
2.833848 3220 80.0 6.812487 7.174318 23
2.853665 3220 80.0 6.757843 7.164815 23
2.835043 3220 80.0 6.787752 7.176149 23
2.821655 3210 80.0 6.796461 7.179124 23
2.830184 3220 80.0 6.807975 7.177365 23
2.938148 3190 80.0 6.696444 7.158265 23
2.939289 3200 80.0 6.718036 7.16486 23
2.845033 3210 80.0 6.749254 7.163062 23
2.841544 3210 80.0 6.743288 7.165004 23
2.832659 3210 80.0 6.759727 7.168736 23
2.820557 3190 80.0 6.744472 7.164379 23
2.810926 3180 80.0 6.758267 7.162673 23
2.817036 3190 80.0 6.775517 7.161957 23
2.929315 3180 80.0 6.694951 7.15545 23
2.818585 3190 80.0 6.750422 7.161323 23
2.811434 3180 80.0 6.738314 7.16204 23
