-2.043916 930 80.0 -6.017461 -5.60994 13
-0.417304 1040 80.0 -7.515923 -6.43026 13
-2.69496 1070 80.0 -5.975148 -5.641905 13
-1.904284 910 80.0 -5.999314 -5.596967 13
-1.947063 920 80.0 -6.012713 -5.597527 13
-2.037784 930 80.0 -6.018936 -5.611131 13
-1.912953 910 80.0 -5.999679 -5.597069 13
-2.973547 1140 80.0 -5.919872 -5.62477 13
-1.855499 900 80.0 -5.990233 -5.596287 13
-0.674122 1070 80.0 -7.503034 -6.277964 13
-2.815352 1090 80.0 -5.932785 -5.620201 13
-2.609967 1040 80.0 -5.934028 -5.634684 13
-2.54084 1030 80.0 -5.964028 -5.64349 13
-2.155297 950 80.0 -6.028236 -5.622244 13
-2.636617 1050 80.0 -5.9426 -5.638399 13
-2.844717 1100 80.0 -5.927046 -5.630727 13
-1.94677 920 80.0 -6.013054 -5.59763 13
-2.531286 1030 80.0 -5.999137 -5.645359 13
-2.560305 1030 80.0 -5.954422 -5.636088 13
-1.968626 920 80.0 -6.020954 -5.597376 13
-2.031909 930 80.0 -6.043099 -5.60413 13
-2.197438 960 80.0 -6.017962 -5.627213 13
-0.584788 1070 80.0 -7.518265 -6.443284 13
-2.74204 1080 80.0 -5.957802 -5.646437 13
-2.033437 930 80.0 -6.041974 -5.604281 13
-1.968477 920 80.0 -6.021163 -5.597435 13
-1.968449 920 80.0 -6.021202 -5.597447 13
-1.997762 930 80.0 -6.0247 -5.598676 13
-2.708104 1070 80.0 -5.952239 -5.643573 13
-0.716533 1080 80.0 -7.509248 -6.271503 13
-2.839713 1100 80.0 -5.948434 -5.628466 13
-1.96834 920 80.0 -6.021357 -5.597491 13
-2.940775 1120 80.0 -5.898636 -5.618081 13
-1.997617 930 80.0 -6.024863 -5.598732 13
-2.471611 1010 80.0 -6.010753 -5.634223 13
-2.707723 1070 80.0 -5.967267 -5.643644 13
-2.049802 940 80.0 -6.026507 -5.61071 13
-1.952212 920 80.0 -6.010428 -5.597815 13
-2.644785 1050 80.0 -5.94205 -5.637901 13
-2.128485 950 80.0 -6.020676 -5.622846 13
-1.968121 920 80.0 -6.021663 -5.597578 13
-2.004493 930 80.0 -6.018422 -5.604678 13
-2.159883 950 80.0 -6.019748 -5.62021 13
-0.482345 1050 80.0 -7.514382 -6.44709 13
-2.710811 1070 80.0 -5.967217 -5.6436 13
-2.011269 930 80.0 -6.019822 -5.605082 13
-2.620159 1050 80.0 -5.977369 -5.637801 13
-2.850868 1100 80.0 -5.936359 -5.63022 13
-2.056068 940 80.0 -6.027503 -5.61094 13
-2.045072 940 80.0 -6.036138 -5.605517 13
-0.695285 1080 80.0 -7.505787 -6.337641 13
-2.789257 1080 80.0 -5.932601 -5.624247 13
-2.707191 1070 80.0 -5.96852 -5.644068 13
-2.504254 1020 80.0 -6.025078 -5.631881 13
-2.050724 940 80.0 -6.029462 -5.611854 13
-2.595337 1040 80.0 -5.962211 -5.632003 13
-2.217179 970 80.0 -6.040898 -5.626892 13
-2.076708 940 80.0 -6.037686 -5.616589 13
-2.553841 1030 80.0 -5.975235 -5.639383 13
-0.693256 1080 80.0 -7.506369 -6.342055 13
-2.820326 1100 80.0 -5.950219 -5.632832 13
-0.696866 1080 80.0 -7.505441 -6.33567 13
-2.789553 1080 80.0 -5.928432 -5.624304 13
-2.153813 950 80.0 -6.030231 -5.622786 13
-2.499608 1020 80.0 -6.01025 -5.640981 13
-2.375593 990 80.0 -6.021509 -5.631314 13
-2.032478 930 80.0 -6.043164 -5.604696 13
-2.365615 990 80.0 -6.032315 -5.634163 13
-2.21319 970 80.0 -6.042844 -5.626915 13
-0.634158 1070 80.0 -7.501873 -6.350477 13
-2.754542 1070 80.0 -5.929023 -5.623323 13
-0.664981 1070 80.0 -7.504019 -6.297513 13
-2.791856 1080 80.0 -5.922853 -5.624502 13
-2.010541 920 80.0 -6.021915 -5.605205 13
-2.087404 940 80.0 -6.030993 -5.617739 13
-2.501219 1020 80.0 -5.996052 -5.6404 13
-2.597294 1040 80.0 -5.941954 -5.638273 13
-2.944181 1130 80.0 -5.939273 -5.62561 13
-2.570143 1030 80.0 -5.949334 -5.635243 13
-0.459065 1050 80.0 -7.522669 -6.461581 13
-2.675655 1060 80.0 -5.950296 -5.641883 13
-0.773412 1090 80.0 -7.501347 -6.266619 13
-2.850688 1100 80.0 -5.940601 -5.62955 13
-0.388404 1040 80.0 -7.525188 -6.507564 13
-2.635048 1050 80.0 -5.947108 -5.640916 13
-0.457957 1050 80.0 -7.523246 -6.459981 13
-2.676982 1060 80.0 -5.952395 -5.641206 13
-2.080233 940 80.0 -6.030584 -5.617715 13
-2.096185 940 80.0 -6.02162 -5.617137 13
-2.631223 1050 80.0 -5.971617 -5.64281 13
-2.048696 930 80.0 -6.030944 -5.611059 13
-2.64039 1050 80.0 -5.945954 -5.640188 13
-2.096043 940 80.0 -6.021836 -5.617192 13
-2.274876 980 80.0 -6.032403 -5.636546 13
-2.135284 950 80.0 -6.021001 -5.623401 13
-0.643718 1070 80.0 -7.500411 -6.335359 13
-2.757118 1070 80.0 -5.919219 -5.622327 13
-2.136997 950 80.0 -6.022357 -5.623511 13
-0.747066 1080 80.0 -7.493351 -6.245461 13
-2.856463 1100 80.0 -5.90624 -5.633492 13
-0.543563 1060 80.0 -7.518783 -6.4425 13
-2.745859 1080 80.0 -5.975345 -5.645687 13
-2.099421 940 80.0 -6.024436 -5.617118 13
-2.099402 940 80.0 -6.024466 -5.617123 13
-2.681495 1060 80.0 -5.941303 -5.647069 13
-0.519913 1060 80.0 -7.515374 -6.455463 13
-2.711288 1070 80.0 -5.958241 -5.64453 13
-2.262532 970 80.0 -6.023505 -5.636255 13
-2.195021 960 80.0 -6.021703 -5.627949 13
-0.56446 1060 80.0 -7.504572 -6.404205 13
-2.73714 1070 80.0 -5.965705 -5.61839 13
-2.342034 990 80.0 -6.041256 -5.638557 13
-0.622265 1070 80.0 -7.515388 -6.372826 13
-2.769818 1080 80.0 -5.952924 -5.628156 13
-0.627264 1070 80.0 -7.508676 -6.363727 13
-2.749999 1070 80.0 -5.952949 -5.626938 13
-2.856068 1100 80.0 -5.930653 -5.626972 13
-2.724144 1060 80.0 -5.938632 -5.621445 13
-0.712187 1080 80.0 -7.503662 -6.282804 13
-2.819168 1090 80.0 -5.93958 -5.62898 13
-2.714562 1070 80.0 -5.949115 -5.641418 13
-2.882106 1110 80.0 -5.944777 -5.631446 13
-0.302727 1030 80.0 -7.529223 -6.575724 13
-2.565958 1030 80.0 -5.982668 -5.628457 13
-0.603704 1060 80.0 -7.506511 -6.334057 13
-2.757839 1070 80.0 -5.923428 -5.622187 13
-0.768666 1090 80.0 -7.501878 -6.276214 13
-2.849339 1100 80.0 -5.942018 -5.631883 13
-2.356719 990 80.0 -6.03685 -5.628822 13
-0.663489 1070 80.0 -7.504872 -6.295743 13
-2.792925 1080 80.0 -5.923071 -5.634205 13
-2.592112 1040 80.0 -5.968009 -5.633444 13
-0.724614 1080 80.0 -7.508068 -6.286387 13
-2.823091 1090 80.0 -5.927177 -5.626775 13
-0.58719 1060 80.0 -7.508922 -6.333873 13
-2.751848 1070 80.0 -5.934579 -5.625388 13
-0.640517 1070 80.0 -7.500718 -6.342204 13
-2.75685 1070 80.0 -5.925049 -5.623389 13
-2.223859 970 80.0 -6.035452 -5.625808 13
-0.746251 1090 80.0 -7.516163 -6.320274 13
-2.832072 1100 80.0 -5.93871 -5.631938 13
-2.200775 960 80.0 -6.012977 -5.626558 13
-0.699978 1080 80.0 -7.50475 -6.332989 13
-2.786955 1080 80.0 -5.926432 -5.62521 13
-0.746234 1090 80.0 -7.504677 -6.318049 13
-2.816055 1090 80.0 -5.944986 -5.631511 13
-0.747681 1090 80.0 -7.510223 -6.316567 13
-2.816667 1090 80.0 -5.941533 -5.630291 13
-0.625939 1070 80.0 -7.508853 -6.366391 13
-2.749354 1070 80.0 -5.95436 -5.627406 13
-0.670887 1080 80.0 -7.50841 -6.385974 13
-2.754144 1070 80.0 -5.934793 -5.624544 13
-2.85193 1100 80.0 -5.932042 -5.630196 13
-2.850227 1100 80.0 -5.943925 -5.629301 13
-0.705735 1080 80.0 -7.504324 -6.320457 13
-2.791992 1080 80.0 -5.921263 -5.624272 13
-2.340686 990 80.0 -6.043587 -5.632597 13
-2.426456 1000 80.0 -6.044658 -5.628682 13
-0.699275 1080 80.0 -7.511123 -6.334281 13
-2.788853 1080 80.0 -5.931155 -5.626291 13
-0.692105 1080 80.0 -7.506499 -6.342841 13
-2.786317 1080 80.0 -5.9387 -5.625895 13
-0.745358 1090 80.0 -7.516289 -6.322215 13
-2.831689 1100 80.0 -5.939685 -5.632302 13
-0.688025 1080 80.0 -7.506518 -6.353919 13
-2.785391 1080 80.0 -5.941041 -5.629226 13
-0.705626 1080 80.0 -7.504504 -6.29513 13
-2.815766 1090 80.0 -5.943635 -5.63192 13
-2.243383 970 80.0 -6.034689 -5.631589 13
-0.698905 1080 80.0 -7.5049 -6.335145 13
-2.786484 1080 80.0 -5.927567 -5.625592 13
-0.720033 1080 80.0 -7.502518 -6.2958 13
-2.842681 1100 80.0 -5.929429 -5.634852 13
-0.663382 1070 80.0 -7.504695 -6.299987 13
-2.791333 1080 80.0 -5.929447 -5.624749 13
-0.704915 1080 80.0 -7.504617 -6.297168 13
-2.793745 1080 80.0 -5.926257 -5.632119 13
-0.716978 1080 80.0 -7.502904 -6.30208 13
-2.820782 1090 80.0 -5.932421 -5.628367 13
-0.729116 1080 80.0 -7.496001 -6.277631 13
-2.84824 1100 80.0 -5.946349 -5.631524 13
-0.661108 1070 80.0 -7.504985 -6.304104 13
-2.789481 1080 80.0 -5.929985 -5.624831 13
-0.709899 1080 80.0 -7.503969 -6.287634 13
-2.818055 1090 80.0 -5.942094 -5.629849 13
-0.708629 1080 80.0 -7.504515 -6.31418 13
-2.817281 1090 80.0 -5.942766 -5.628935 13
-0.660275 1070 80.0 -7.505006 -6.30695 13
-2.788054 1080 80.0 -5.929448 -5.625946 13
-2.822715 1090 80.0 -5.931577 -5.625965 13
-0.72609 1080 80.0 -7.496069 -6.284623 13
-2.847322 1100 80.0 -5.945319 -5.624609 13
-0.66665 1080 80.0 -7.515016 -6.393392 13
-2.751209 1070 80.0 -5.937476 -5.625571 13
-0.603025 1070 80.0 -7.511311 -6.409044 13
-2.716138 1060 80.0 -5.950811 -5.626623 13
-2.515326 1020 80.0 -5.97257 -5.631051 13
-2.914656 1120 80.0 -5.946384 -5.622825 13
-0.745806 1090 80.0 -7.510477 -6.320643 13
-2.815764 1090 80.0 -5.943569 -5.630999 13
-0.801389 1090 80.0 -7.491874 -6.217218 13
-2.884981 1110 80.0 -5.936009 -5.622576 13
-2.594827 1040 80.0 -5.945723 -5.641697 13
-0.728195 1080 80.0 -7.496133 -6.279472 13
-2.847829 1100 80.0 -5.947311 -5.62417 13
-2.373394 990 80.0 -6.025985 -5.633549 13
-2.325149 990 80.0 -6.039237 -5.643354 13
-2.600793 1040 80.0 -5.943699 -5.639372 13
-0.719558 1080 80.0 -7.496845 -6.296626 13
-2.85554 1110 80.0 -5.944778 -5.635973 13
-2.350072 990 80.0 -6.03388 -5.631965 13
-2.287636 970 80.0 -6.02653 -5.632117 13
-2.852572 1100 80.0 -5.93289 -5.628981 13
-2.851949 1100 80.0 -5.94111 -5.630095 13
-0.792902 1090 80.0 -7.493503 -6.229854 13
-2.882286 1110 80.0 -5.947148 -5.622172 13
-2.594581 1040 80.0 -5.94621 -5.641874 13
-2.300619 980 80.0 -6.032422 -5.635145 13
-2.407375 1000 80.0 -6.038342 -5.637753 13
-2.608723 1040 80.0 -5.936143 -5.64279 13
-2.878157 1110 80.0 -5.949862 -5.61889 13
-2.889429 1110 80.0 -5.93252 -5.619987 13
-0.789743 1090 80.0 -7.499948 -6.235112 13
-2.882293 1110 80.0 -5.947185 -5.622964 13
-2.309867 980 80.0 -6.045608 -5.627072 13
-2.408546 1000 80.0 -6.042405 -5.639447 13
-2.869848 1110 80.0 -5.949523 -5.627935 13
-2.49975 1020 80.0 -6.004112 -5.643222 13
-2.907737 1120 80.0 -5.951748 -5.620594 13
-2.643291 1050 80.0 -5.967732 -5.63999 13
-2.590518 1040 80.0 -5.970935 -5.634658 13
-0.383567 1040 80.0 -7.520063 -6.514644 13
-2.605796 1040 80.0 -5.947676 -5.644077 13
-2.701754 1060 80.0 -5.951859 -5.641711 13
-0.768011 1090 80.0 -7.508286 -6.278266 13
-2.829901 1090 80.0 -5.929882 -5.630073 13
-2.629436 1050 80.0 -5.953529 -5.644531 13
-2.594625 1040 80.0 -5.962673 -5.641309 13
-2.528019 1030 80.0 -6.014597 -5.639879 13
-0.741698 1090 80.0 -7.511168 -6.327404 13
-2.813539 1090 80.0 -5.947229 -5.632576 13
-2.590284 1040 80.0 -5.971364 -5.634834 13
-2.606384 1040 80.0 -5.958183 -5.637204 13
-2.637933 1050 80.0 -5.949765 -5.641711 13
-2.641901 1050 80.0 -5.941867 -5.639962 13
-2.603307 1040 80.0 -5.94568 -5.638968 13
-2.672449 1060 80.0 -5.956656 -5.645127 13
-2.41175 1000 80.0 -6.032526 -5.636839 13
-2.6378 1050 80.0 -5.950011 -5.641798 13
-2.637771 1050 80.0 -5.950064 -5.641817 13
-0.640751 1070 80.0 -7.506907 -6.342912 13
-2.799723 1090 80.0 -5.940674 -5.638936 13
-0.559555 1060 80.0 -7.51715 -6.389041 13
-2.732862 1070 80.0 -5.951551 -5.636627 13
-2.633111 1050 80.0 -5.951509 -5.642677 13
-2.641664 1050 80.0 -5.942354 -5.640138 13
-2.633075 1050 80.0 -5.951581 -5.642706 13
-2.565755 1030 80.0 -5.957355 -5.637291 13
-2.604808 1040 80.0 -5.938667 -5.645395 13
-2.628925 1050 80.0 -5.954584 -5.644901 13
-0.503137 1050 80.0 -7.512157 -6.413543 13
-2.726163 1070 80.0 -5.956336 -5.630716 13
-2.639637 1050 80.0 -5.951791 -5.64046 13
-0.401727 1040 80.0 -7.517992 -6.487611 13
-2.64525 1050 80.0 -5.943646 -5.64608 13
-2.632956 1050 80.0 -5.951831 -5.642793 13
-1.950207 920 80.0 -6.014423 -5.598027 13
-2.863451 1100 80.0 -5.916394 -5.622194 13
-1.907213 910 80.0 -6.001403 -5.598146 13
-1.968973 920 80.0 -6.020464 -5.597239 13
-2.93705 1120 80.0 -5.902873 -5.616866 13
-1.951868 920 80.0 -6.009879 -5.597458 13
-1.998218 930 80.0 -6.025752 -5.599047 13
-1.916767 910 80.0 -6.017425 -5.596551 13
-1.968807 920 80.0 -6.020702 -5.597303 13
-1.968778 920 80.0 -6.02074 -5.597317 13
-1.781861 890 80.0 -5.988304 -5.580106 13
-2.185849 960 80.0 -6.039235 -5.627665 13
-1.968693 920 80.0 -6.020861 -5.597349 13
-1.968665 920 80.0 -6.020898 -5.597361 13
-1.968643 920 80.0 -6.020931 -5.597367 13
-1.906789 910 80.0 -6.001984 -5.598279 13
-1.997919 930 80.0 -6.02452 -5.59861 13
-2.903492 1110 80.0 -5.903704 -5.610189 13
-1.952494 920 80.0 -6.010042 -5.597703 13
-2.044004 940 80.0 -6.035329 -5.605004 13
-1.968411 920 80.0 -6.021255 -5.597465 13
-2.274415 970 80.0 -6.037253 -5.629082 13
-2.000471 930 80.0 -6.020099 -5.604595 13
-1.955136 920 80.0 -6.010398 -5.598206 13
-1.968297 920 80.0 -6.021417 -5.597507 13
-2.081037 940 80.0 -6.035453 -5.616382 13
-1.968232 920 80.0 -6.021506 -5.597532 13
-2.049802 940 80.0 -6.026507 -5.61071 13
-2.051069 940 80.0 -6.028952 -5.611703 13
-0.549045 1060 80.0 -7.512021 -6.43145 13
-2.707646 1060 80.0 -5.956319 -5.628875 13
-2.039915 930 80.0 -6.037202 -5.604908 13
-1.9681 920 80.0 -6.021694 -5.597586 13
-2.150384 950 80.0 -6.026843 -5.622161 13
-2.888208 1110 80.0 -5.927992 -5.617398 13
-2.053517 940 80.0 -6.029325 -5.610985 13
-2.714243 1070 80.0 -5.986701 -5.635859 13
-2.044427 940 80.0 -6.035007 -5.605433 13
-1.967944 920 80.0 -6.021913 -5.597649 13
-2.032883 930 80.0 -6.042662 -5.60452 13
-0.72816 1080 80.0 -7.501736 -6.277984 13
-2.824394 1090 80.0 -5.923698 -5.624445 13
-1.999514 930 80.0 -6.027056 -5.604249 13
-2.503824 1020 80.0 -5.995869 -5.640608 13
-2.022794 930 80.0 -6.027588 -5.606569 13
-2.054656 940 80.0 -6.027591 -5.611724 13
-2.053229 940 80.0 -6.029754 -5.611113 13
-0.712427 1080 80.0 -7.503369 -6.307044 13
-2.794909 1080 80.0 -5.914146 -5.621864 13
-2.144086 950 80.0 -6.027469 -5.622128 13
-2.032628 930 80.0 -6.042979 -5.60463 13
-2.356655 990 80.0 -6.043669 -5.628407 13
-0.643488 1070 80.0 -7.506366 -6.335454 13
-2.777316 1080 80.0 -5.935019 -5.622293 13
-2.215062 970 80.0 -6.042185 -5.626942 13
-2.845951 1100 80.0 -5.933553 -5.624295 13
-0.491569 1050 80.0 -7.513286 -6.434569 13
-2.691111 1060 80.0 -5.950857 -5.646014 13
-2.036087 930 80.0 -6.021447 -5.611763 13
-2.059472 930 80.0 -6.030558 -5.611068 13
-2.69754 1060 80.0 -5.942337 -5.63643 13
-2.752769 1080 80.0 -5.946035 -5.64848 13
-2.17057 960 80.0 -6.028177 -5.628559 13
-2.603986 1040 80.0 -5.937939 -5.637276 13
-0.537164 1060 80.0 -7.512648 -6.428671 13
-2.714292 1070 80.0 -5.943145 -5.640855 13
-2.911229 1120 80.0 -5.942645 -5.632808 13
-2.011066 920 80.0 -6.023431 -5.605808 13
-2.096401 940 80.0 -6.021286 -5.61705 13
-2.169801 960 80.0 -6.036342 -5.628014 13
-2.135717 950 80.0 -6.020437 -5.623243 13
-2.3272 990 80.0 -6.035487 -5.639643 13
-2.413209 1000 80.0 -6.027064 -5.635643 13
-2.169338 960 80.0 -6.035943 -5.615759 13
-2.080259 940 80.0 -6.03054 -5.617704 13
-2.089475 940 80.0 -6.0321 -5.61813 13
-2.35173 990 80.0 -6.031446 -5.643939 13
-0.692215 1080 80.0 -7.505783 -6.345116 13
-2.786504 1080 80.0 -5.935209 -5.627197 13
-2.328718 990 80.0 -6.034215 -5.639864 13
-2.449932 1010 80.0 -6.024018 -5.641851 13
-2.317713 990 80.0 -6.038567 -5.642194 13
-2.854574 1100 80.0 -5.92842 -5.625377 13
-2.216094 960 80.0 -6.017578 -5.625054 13
-2.183581 960 80.0 -6.03174 -5.620641 13
-2.149865 950 80.0 -6.031388 -5.616875 13
-0.566719 1060 80.0 -7.51041 -6.371819 13
-2.739713 1070 80.0 -5.943168 -5.632825 13
-2.133996 950 80.0 -6.022576 -5.622708 13
-2.168449 960 80.0 -6.036282 -5.624296 13
-2.313296 980 80.0 -6.03133 -5.639045 13
-2.172411 960 80.0 -6.030103 -5.621684 13
-2.188415 960 80.0 -6.036065 -5.621859 13
-2.136741 950 80.0 -6.023598 -5.623331 13
-2.195316 960 80.0 -6.021292 -5.627831 13
-2.142919 950 80.0 -6.030842 -5.616006 13
-2.188918 960 80.0 -6.037477 -5.615292 13
-2.680457 1060 80.0 -5.948334 -5.638752 13
-2.39822 1000 80.0 -6.051587 -5.632044 13
-2.146883 950 80.0 -6.028625 -5.615522 13
-2.315315 980 80.0 -6.040207 -5.630455 13
-0.765764 1090 80.0 -7.501727 -6.283051 13
-2.82518 1090 80.0 -5.920829 -5.625428 13
-2.557326 1030 80.0 -5.968383 -5.63738 13
-2.349823 990 80.0 -6.047548 -5.630396 13
-2.201309 960 80.0 -6.012115 -5.626309 13
-0.637111 1070 80.0 -7.501102 -6.34849 13
-2.775188 1080 80.0 -5.959541 -5.624238 13
-2.196359 960 80.0 -6.021591 -5.627632 13
-0.728891 1080 80.0 -7.502008 -6.276151 13
-2.828621 1090 80.0 -5.924119 -5.624328 13
-0.791424 1090 80.0 -7.499752 -6.231024 13
-2.846408 1090 80.0 -5.922526 -5.614277 13
-2.927599 1120 80.0 -5.917517 -5.615064 13
-2.761088 1080 80.0 -5.94434 -5.631375 13
-0.49868 1050 80.0 -7.513238 -6.416756 13
-2.703802 1060 80.0 -5.962516 -5.6326 13
-0.606144 1070 80.0 -7.51112 -6.402135 13
-2.739621 1070 80.0 -5.966286 -5.623404 13
-0.763235 1090 80.0 -7.508034 -6.289136 13
-2.82129 1090 80.0 -5.906381 -5.633698 13
-2.370293 990 80.0 -6.032847 -5.633173 13
-0.665184 1070 80.0 -7.504441 -6.296476 13
-2.792125 1080 80.0 -5.927506 -5.624094 13
-0.692595 1080 80.0 -7.50608 -6.343824 13
-2.806091 1090 80.0 -5.93387 -5.634626 13
-0.685577 1080 80.0 -7.506527 -6.333879 13
-2.782342 1080 80.0 -5.939611 -5.629581 13
-0.761984 1090 80.0 -7.502162 -6.291238 13
-2.842797 1100 80.0 -5.94524 -5.627165 13
-2.237432 970 80.0 -6.026198 -5.63313 13
-2.335861 990 80.0 -6.042896 -5.63981 13
-2.45167 1010 80.0 -6.037545 -5.633993 13
-2.281249 980 80.0 -6.034258 -5.63806 13
-2.242715 970 80.0 -6.025514 -5.631344 13
-2.198148 960 80.0 -6.021418 -5.628795 13
-2.178713 960 80.0 -6.030597 -5.622448 13
-2.236488 970 80.0 -6.030248 -5.633496 13
-2.489269 1020 80.0 -6.027921 -5.645057 13
-0.766659 1090 80.0 -7.501913 -6.281871 13
-2.847933 1100 80.0 -5.943876 -5.631817 13
-0.78087 1090 80.0 -7.506248 -6.255816 13
-2.833316 1090 80.0 -5.914403 -5.628984 13
-2.317862 980 80.0 -6.033212 -5.630824 13
-2.322433 990 80.0 -6.03815 -5.64223 13
-2.394849 1000 80.0 -6.053656 -5.635437 13
-2.459175 1010 80.0 -6.015249 -5.639464 13
-0.618856 1070 80.0 -7.509207 -6.38271 13
-2.721935 1060 80.0 -5.938376 -5.622034 13
-2.327134 990 80.0 -6.03668 -5.64071 13
-0.723908 1080 80.0 -7.496407 -6.288503 13
-2.842682 1100 80.0 -5.949332 -5.634252 13
1.161112 880 80.0 -7.603621 -7.064474 13
-1.662844 870 80.0 -5.966369 -5.55832 13
-0.648757 1070 80.0 -7.499773 -6.325596 13
-2.807378 1090 80.0 -5.933497 -5.628114 13
-2.301165 980 80.0 -6.031432 -5.641771 13
-0.728301 1080 80.0 -7.502314 -6.278263 13
-2.829554 1090 80.0 -5.927773 -5.633117 13
-2.528928 1030 80.0 -6.013031 -5.639218 13
-2.822822 1090 80.0 -5.931302 -5.625873 13
-0.699449 1080 80.0 -7.510825 -6.335828 13
-2.808381 1090 80.0 -5.928497 -5.633535 13
-2.491125 1020 80.0 -6.003212 -5.643992 13
-2.330222 990 80.0 -6.046703 -5.63445 13
-0.784894 1090 80.0 -7.50039 -6.244237 13
-2.859987 1100 80.0 -5.946426 -5.61706 13
-0.660612 1070 80.0 -7.505058 -6.305075 13
-2.789261 1080 80.0 -5.930519 -5.625012 13
-2.370933 990 80.0 -6.026857 -5.63286 13
-2.592942 1040 80.0 -5.96276 -5.641534 13
-2.32524 990 80.0 -6.039098 -5.643312 13
-2.674448 1060 80.0 -5.953327 -5.640751 13
-2.542125 1030 80.0 -5.98768 -5.627958 13
-2.591053 1040 80.0 -5.969952 -5.634251 13
-0.787916 1090 80.0 -7.500329 -6.238437 13
-2.846219 1090 80.0 -5.927678 -5.613244 13
-2.6683 1060 80.0 -5.973807 -5.645277 13
-2.527912 1020 80.0 -5.964772 -5.634294 13
-2.420692 1000 80.0 -6.027495 -5.636788 13
-2.364297 1000 80.0 -6.04446 -5.639862 13
-2.52848 1030 80.0 -6.013806 -5.639545 13
-2.700466 1060 80.0 -5.9653 -5.632862 13
-2.301233 980 80.0 -6.031147 -5.635705 13
-2.882479 1110 80.0 -5.947444 -5.623631 13
-2.854748 1100 80.0 -5.933696 -5.628676 13
-2.272722 970 80.0 -6.016244 -5.635416 13
-2.495578 1010 80.0 -5.947497 -5.635705 13
-2.605635 1040 80.0 -5.937031 -5.644856 13
-2.640491 1050 80.0 -5.950216 -5.639832 13
-2.479629 1010 80.0 -6.004812 -5.633746 13
-2.636181 1050 80.0 -5.950883 -5.642962 13
-2.639072 1050 80.0 -5.951717 -5.642004 13
-2.594296 1040 80.0 -5.946775 -5.642071 13
-2.700827 1070 80.0 -5.963854 -5.648109 13
-2.605438 1040 80.0 -5.937423 -5.644983 13
-2.603643 1040 80.0 -5.945092 -5.638749 13
-2.35229 990 80.0 -6.046699 -5.624358 13
-2.606589 1040 80.0 -5.957808 -5.637058 13
-2.604576 1040 80.0 -5.947165 -5.639436 13
-2.590394 1040 80.0 -5.97116 -5.634752 13
-2.558583 1030 80.0 -5.971741 -5.637529 13
-2.603506 1040 80.0 -5.945331 -5.638838 13
-2.558546 1030 80.0 -5.971817 -5.637557 13
-2.605215 1040 80.0 -5.937863 -5.645133 13
-2.629289 1050 80.0 -5.953832 -5.644637 13
-2.633353 1050 80.0 -5.950999 -5.642498 13
-2.629253 1050 80.0 -5.953906 -5.64466 13
-2.517134 1020 80.0 -5.956855 -5.635652 13
-2.633307 1050 80.0 -5.951094 -5.642535 13
-2.60333 1040 80.0 -5.945638 -5.638953 13
-2.590776 1040 80.0 -5.969882 -5.634867 13
-2.327349 980 80.0 -6.032295 -5.630388 13
-2.367283 990 80.0 -6.037652 -5.634453 13
-2.371716 990 80.0 -6.028935 -5.633499 13
-2.489975 1020 80.0 -6.005406 -5.644726 13
-2.590038 1040 80.0 -5.971813 -5.63502 13
-2.594234 1040 80.0 -5.963487 -5.641585 13
-0.301364 1030 80.0 -7.529795 -6.549332 13
-2.568361 1030 80.0 -5.955204 -5.634143 13
-2.60307 1040 80.0 -5.946096 -5.639118 13
-2.632082 1050 80.0 -5.968983 -5.643187 13
-2.593652 1040 80.0 -5.948053 -5.642524 13
-2.603001 1040 80.0 -5.946215 -5.639164 13
-2.600613 1040 80.0 -5.962204 -5.640301 13
-0.399171 1040 80.0 -7.518391 -6.490322 13
-2.642178 1050 80.0 -5.945127 -5.647496 13
-2.502509 1020 80.0 -6.001154 -5.641 13
