-0.299825 660 80.0 2.747834 -3.478954 1
-0.498914 520 80.0 2.492996 -3.476307 1
-0.270129 690 80.0 2.750051 -3.560462 1
-0.274589 690 80.0 2.719538 -3.583545 1
-0.295126 660 80.0 2.767882 -3.468087 1
-0.247757 680 80.0 2.65027 -3.515583 1
-0.246329 690 80.0 2.716174 -3.521855 1
-0.50523 540 80.0 2.491964 -3.536358 1
-0.456701 560 80.0 2.494993 -3.516047 1
-0.311525 630 80.0 2.665073 -3.454273 1
-0.49325 530 80.0 2.477067 -3.512782 1
-0.273734 690 80.0 2.721643 -3.581985 1
-0.448023 560 80.0 2.631435 -3.503128 1
-0.45229 540 80.0 2.694164 -3.47398 1
-0.290647 680 80.0 2.640826 -3.533185 1
-0.286532 660 80.0 2.70208 -3.454231 1
-0.336561 630 80.0 2.5472 -3.490502 1
-0.531874 510 80.0 2.378331 -3.521997 1
-0.288502 660 80.0 2.702684 -3.453751 1
-0.290166 680 80.0 2.641891 -3.53235 1
-0.290078 680 80.0 2.642087 -3.532198 1
-0.281309 680 80.0 2.64598 -3.582758 1
-0.499533 510 80.0 2.410146 -3.495899 1
-0.289729 680 80.0 2.642861 -3.53159 1
-0.280853 680 80.0 2.646985 -3.581993 1
-0.418182 560 80.0 2.613844 -3.469042 1
-0.502603 510 80.0 2.418661 -3.492506 1
-0.263409 660 80.0 2.588518 -3.414899 1
-0.291777 690 80.0 2.609541 -3.602388 1
-0.506871 530 80.0 2.585893 -3.517467 1
-0.316431 650 80.0 2.51618 -3.489378 1
-0.289025 680 80.0 2.563474 -3.53037 1
-0.264687 670 80.0 2.558825 -3.534662 1
-0.319465 630 80.0 2.569765 -3.470737 1
-0.530364 520 80.0 2.520457 -3.534901 1
-0.279561 670 80.0 2.528507 -3.555247 1
-0.506954 550 80.0 2.53291 -3.543007 1
-0.271533 660 80.0 2.568628 -3.434493 1
-0.282233 670 80.0 2.605155 -3.453247 1
-0.529273 520 80.0 2.477385 -3.526792 1
-0.432039 560 80.0 2.417428 -3.521162 1
-0.266656 660 80.0 2.49714 -3.423187 1
-0.473522 540 80.0 2.360822 -3.5014 1
-0.340709 640 80.0 2.450129 -3.503487 1
-0.307947 660 80.0 2.430538 -3.486854 1
-0.465754 550 80.0 2.513077 -3.509311 1
-0.307105 630 80.0 2.526204 -3.447387 1
-0.419097 560 80.0 2.35809 -3.477115 1
-0.383884 580 80.0 2.40873 -3.454246 1
-0.285115 660 80.0 2.469178 -3.447884 1
-0.383153 590 80.0 2.31703 -3.46428 1
-0.335395 640 80.0 2.452092 -3.501809 1
-0.592698 500 80.0 2.351867 -3.521963 1
-0.30425 660 80.0 2.43282 -3.479255 1
-0.302571 650 80.0 2.465166 -3.465112 1
-0.445205 570 80.0 2.288477 -3.518989 1
-0.483955 540 80.0 2.456463 -3.519327 1
-0.463845 540 80.0 2.424628 -3.494321 1
-0.494462 520 80.0 2.278676 -3.500283 1
-0.484846 530 80.0 2.36962 -3.505309 1
-0.504683 520 80.0 2.382031 -3.50755 1
-0.287309 650 80.0 2.333844 -3.444453 1
-0.316871 650 80.0 2.363407 -3.492873 1
-0.50126 540 80.0 2.324061 -3.532028 1
-0.318481 660 80.0 2.398279 -3.508464 1
-0.496209 530 80.0 2.362821 -3.512152 1
-0.316413 650 80.0 2.364228 -3.49214 1
-0.365524 630 80.0 2.367198 -3.572566 1
-0.30132 640 80.0 2.357402 -3.449174 1
-0.600718 500 80.0 2.35199 -3.525782 1
-0.303361 640 80.0 2.350546 -3.453619 1
-0.557355 520 80.0 2.334392 -3.553593 1
-0.318022 650 80.0 2.365236 -3.491243 1
-0.317959 650 80.0 2.365349 -3.491142 1
-0.516487 520 80.0 2.312425 -3.52069 1
-0.508942 510 80.0 2.245902 -3.496433 1
-0.374307 620 80.0 2.235283 -3.527182 1
-0.354062 640 80.0 2.192893 -3.527524 1
-0.561529 510 80.0 2.242221 -3.546384 1
-0.36544 600 80.0 2.232644 -3.500838 1
-0.581126 500 80.0 2.200143 -3.549144 1
-0.544446 520 80.0 2.119629 -3.543319 1
-0.456097 540 80.0 2.137252 -3.448516 1
-0.367871 590 80.0 2.1473 -3.488378 1
-0.464019 540 80.0 2.13083 -3.493804 1
-0.592012 500 80.0 2.084969 -3.521676 1
-0.326966 630 80.0 2.211059 -3.519793 1
-0.337491 630 80.0 2.251248 -3.496871 1
-0.582559 500 80.0 2.148404 -3.5493 1
-0.363431 600 80.0 2.168671 -3.456674 1
-0.41775 580 80.0 2.172553 -3.496969 1
-0.339509 620 80.0 2.204547 -3.491931 1
-0.577656 500 80.0 1.987501 -3.54689 1
-0.540689 500 80.0 2.009042 -3.518408 1
-0.453216 560 80.0 2.072502 -3.508946 1
-0.472259 540 80.0 2.053283 -3.509259 1
-0.368455 580 80.0 2.109719 -3.435345 1
-0.353245 610 80.0 2.022976 -3.493748 1
-0.475983 540 80.0 2.063172 -3.506222 1
-0.343971 590 80.0 2.03407 -3.459894 1
-0.362211 600 80.0 2.031425 -3.496983 1
-0.471367 540 80.0 2.05419 -3.508335 1
-0.33995 600 80.0 1.996027 -3.468029 1
-0.389867 580 80.0 2.011469 -3.461657 1
-0.5051 540 80.0 1.977828 -3.533029 1
-0.377888 610 80.0 1.990855 -3.518551 1
-0.389442 580 80.0 2.011961 -3.461131 1
-0.436152 570 80.0 2.062106 -3.503766 1
-0.492312 530 80.0 1.969885 -3.467707 1
-0.458223 540 80.0 2.018471 -3.487775 1
-0.474485 530 80.0 1.930044 -3.489213 1
-0.520897 510 80.0 1.998913 -3.513349 1
-0.468586 530 80.0 1.9791 -3.491737 1
-0.465803 540 80.0 1.948967 -3.498411 1
-0.425367 560 80.0 1.988638 -3.475914 1
-0.457372 540 80.0 1.959625 -3.486889 1
-0.489044 540 80.0 1.939269 -3.517196 1
-0.485958 530 80.0 1.974868 -3.499051 1
-0.498071 530 80.0 1.955113 -3.517831 1
-0.482755 540 80.0 1.929306 -3.514138 1
-0.488792 520 80.0 1.940388 -3.494762 1
-0.398192 580 80.0 2.019866 -3.466029 1
-0.485496 530 80.0 1.975292 -3.498601 1
-0.485397 530 80.0 1.975383 -3.498502 1
-0.548475 510 80.0 1.877159 -3.499121 1
-0.473145 530 80.0 1.980583 -3.490157 1
-0.497238 530 80.0 1.955872 -3.517022 1
-0.473013 530 80.0 1.980711 -3.490023 1
-0.452224 540 80.0 1.970973 -3.480158 1
-0.466771 530 80.0 1.975873 -3.492584 1
-0.466677 530 80.0 1.980927 -3.489791 1
-0.541514 510 80.0 1.927571 -3.491142 1
-0.490718 530 80.0 1.966176 -3.508529 1
-0.504917 530 80.0 1.894545 -3.524664 1
-0.472562 530 80.0 1.865821 -3.489561 1
-0.261571 680 80.0 2.78287 -3.54276 1
-0.274659 690 80.0 2.719367 -3.583673 1
-0.291763 680 80.0 2.720395 -3.535119 1
-0.267743 680 80.0 2.776991 -3.547204 1
-0.287188 680 80.0 2.726665 -3.585101 1
-0.26295 680 80.0 2.693613 -3.49152 1
-0.291227 680 80.0 2.721619 -3.53419 1
-0.291136 680 80.0 2.721828 -3.534032 1
-0.240892 710 80.0 2.757976 -3.540475 1
-0.304775 630 80.0 2.659045 -3.506976 1
-0.290863 680 80.0 2.72245 -3.533558 1
-0.290773 680 80.0 2.722656 -3.533402 1
-0.290701 680 80.0 2.640707 -3.533276 1
-0.273433 690 80.0 2.722384 -3.581435 1
-0.281808 680 80.0 2.64488 -3.583598 1
-0.292644 690 80.0 2.607605 -3.603871 1
-0.283265 670 80.0 2.68631 -3.562891 1
-0.289955 680 80.0 2.642359 -3.531985 1
-0.366976 610 80.0 2.475413 -3.563976 1
-0.265485 670 80.0 2.646523 -3.530823 1
-0.269605 680 80.0 2.600684 -3.556504 1
-0.28959 680 80.0 2.643169 -3.53135 1
-0.314141 660 80.0 2.582181 -3.489983 1
-0.289383 680 80.0 2.643627 -3.530991 1
-0.263409 660 80.0 2.588518 -3.414899 1
-0.267774 660 80.0 2.574271 -3.425258 1
-0.548391 510 80.0 2.366211 -3.534258 1
-0.291742 660 80.0 2.613847 -3.462175 1
-0.288957 680 80.0 2.563619 -3.530252 1
-0.30675 630 80.0 2.452115 -3.4458 1
-0.293316 670 80.0 2.505169 -3.576441 1
-0.515334 510 80.0 2.343338 -3.469057 1
-0.279476 670 80.0 2.528685 -3.560375 1
-0.288454 680 80.0 2.5647 -3.52938 1
-0.286543 660 80.0 2.546869 -3.450356 1
-0.286255 680 80.0 2.568099 -3.579738 1
-0.431533 560 80.0 2.405809 -3.48596 1
-0.307848 670 80.0 2.473593 -3.49462 1
-0.266527 660 80.0 2.497414 -3.42295 1
-0.292345 670 80.0 2.507176 -3.574821 1
-0.321882 640 80.0 2.459215 -3.486711 1
-0.285645 660 80.0 2.468126 -3.448801 1
-0.39924 600 80.0 2.329265 -3.541693 1
-0.313588 630 80.0 2.513674 -3.460589 1
-0.539904 520 80.0 2.40016 -3.535997 1
-0.290173 660 80.0 2.54468 -3.459515 1
-0.304555 650 80.0 2.462637 -3.470563 1
-0.531101 510 80.0 2.387822 -3.485924 1
-0.564023 510 80.0 2.189365 -3.546781 1
-0.312286 640 80.0 2.41488 -3.470568 1
-0.486482 540 80.0 2.285828 -3.517143 1
-0.52201 510 80.0 2.280721 -3.513482 1
-0.306243 660 80.0 2.433197 -3.478929 1
-0.317572 650 80.0 2.437889 -3.493993 1
-0.309598 640 80.0 2.422576 -3.460554 1
-0.30256 640 80.0 2.431232 -3.451133 1
-0.339258 600 80.0 2.348329 -3.463931 1
-0.404826 580 80.0 2.260468 -3.475904 1
-0.310702 640 80.0 2.410372 -3.51672 1
-0.287389 650 80.0 2.333697 -3.444588 1
-0.306182 650 80.0 2.311658 -3.468809 1
-0.379486 600 80.0 2.359092 -3.514877 1
-0.614299 500 80.0 2.11391 -3.507026 1
-0.3406 600 80.0 2.343663 -3.466587 1
-0.422225 580 80.0 2.236662 -3.496825 1
-0.345282 610 80.0 2.296068 -3.490658 1
-0.370047 630 80.0 2.347492 -3.540595 1
-0.308855 630 80.0 2.370965 -3.452185 1
-0.329116 640 80.0 2.371461 -3.496033 1
-0.577259 510 80.0 2.061227 -3.522603 1
-0.320323 650 80.0 2.357862 -3.496317 1
-0.331872 650 80.0 2.348715 -3.508851 1
-0.372761 610 80.0 2.314296 -3.530457 1
-0.31414 640 80.0 2.247532 -3.475884 1
-0.316859 630 80.0 2.277203 -3.473243 1
-0.302805 640 80.0 2.358656 -3.448031 1
-0.354898 640 80.0 2.339399 -3.528691 1
-0.313713 640 80.0 2.31599 -3.480792 1
-0.316598 630 80.0 2.277637 -3.468396 1
-0.511817 520 80.0 2.150802 -3.512394 1
-0.369972 580 80.0 2.305828 -3.476306 1
-0.293049 630 80.0 2.312844 -3.436954 1
-0.389988 610 80.0 2.2392 -3.541242 1
-0.468764 550 80.0 2.157977 -3.508862 1
-0.375637 600 80.0 2.298256 -3.509477 1
-0.338986 630 80.0 2.248912 -3.499054 1
-0.590105 500 80.0 2.083844 -3.521576 1
-0.353857 640 80.0 2.193196 -3.527236 1
-0.545838 500 80.0 2.010648 -3.489069 1
-0.566586 520 80.0 1.995676 -3.521375 1
-0.547542 500 80.0 2.227679 -3.525004 1
-0.392992 590 80.0 2.24098 -3.476293 1
-0.598039 500 80.0 2.239855 -3.492585 1
-0.318297 620 80.0 2.24101 -3.463763 1
-0.37406 610 80.0 2.191848 -3.523534 1
-0.393792 570 80.0 2.234681 -3.496277 1
-0.354676 620 80.0 2.196412 -3.501562 1
-0.329865 620 80.0 2.162413 -3.47278 1
-0.328745 630 80.0 2.19681 -3.484476 1
-0.323388 640 80.0 2.16963 -3.530246 1
-0.325359 620 80.0 2.162814 -3.464186 1
-0.421614 570 80.0 2.140527 -3.485543 1
-0.371163 600 80.0 2.168444 -3.506327 1
-0.345172 610 80.0 2.085026 -3.488441 1
-0.413772 600 80.0 2.044723 -3.553941 1
-0.409836 570 80.0 2.155849 -3.474346 1
-0.558689 500 80.0 2.003272 -3.534118 1
-0.335638 600 80.0 2.145622 -3.45965 1
-1.086524 180 80.0 2.258977 -2.718843 1
-0.202445 720 80.0 2.165343 -3.462267 1
-0.341658 600 80.0 2.133197 -3.470417 1
-0.428688 560 80.0 2.107124 -3.479679 1
-0.430948 570 80.0 2.064623 -3.496827 1
-0.365846 610 80.0 2.070868 -3.509404 1
-0.395573 590 80.0 2.109203 -3.519559 1
-0.469107 540 80.0 2.005695 -3.501857 1
-0.353533 610 80.0 2.160226 -3.494134 1
-0.503008 520 80.0 2.050506 -3.503705 1
-0.426295 550 80.0 2.00635 -3.471193 1
-0.460167 540 80.0 2.016539 -3.489797 1
-0.505183 530 80.0 1.958313 -3.517815 1
-0.454152 550 80.0 2.049302 -3.497216 1
-0.38878 570 80.0 2.051569 -3.445129 1
-0.352349 600 80.0 2.074516 -3.472227 1
-0.427046 560 80.0 2.108973 -3.477816 1
-0.528786 510 80.0 1.88616 -3.477966 1
-0.337902 600 80.0 1.995908 -3.468156 1
-0.363775 610 80.0 2.005096 -3.506754 1
-0.431098 550 80.0 2.018384 -3.472681 1
-0.469545 530 80.0 2.030677 -3.49541 1
-0.493729 530 80.0 2.021171 -3.511456 1
-0.458929 570 80.0 1.987432 -3.522202 1
-0.479393 530 80.0 2.026181 -3.503167 1
-0.491402 530 80.0 2.021447 -3.511172 1
-0.47034 540 80.0 2.055236 -3.507269 1
-0.53485 530 80.0 2.032182 -3.552479 1
-0.468883 530 80.0 2.031327 -3.494737 1
-0.483892 540 80.0 1.928266 -3.515262 1
-0.379393 600 80.0 1.971195 -3.50527 1
-0.489742 540 80.0 1.938626 -3.517887 1
-0.489682 540 80.0 1.928451 -3.520592 1
-0.457776 540 80.0 1.959236 -3.487312 1
-0.464685 550 80.0 1.967994 -3.511891 1
-0.48343 540 80.0 1.928689 -3.514804 1
-0.464554 550 80.0 1.968125 -3.511752 1
-0.468134 530 80.0 1.974571 -3.493975 1
-0.468036 530 80.0 1.979626 -3.491176 1
-0.474065 530 80.0 1.979701 -3.491098 1
-0.4679 530 80.0 1.979756 -3.491039 1
-0.4233 550 80.0 1.94776 -3.467865 1
-0.473891 530 80.0 1.979868 -3.490919 1
-0.482834 540 80.0 1.929234 -3.514216 1
-0.460949 540 80.0 1.965147 -3.486454 1
-0.361581 590 80.0 2.014181 -3.43504 1
-0.386085 590 80.0 1.914282 -3.512057 1
-0.371781 580 80.0 1.970459 -3.438446 1
-0.426904 570 80.0 1.880671 -3.492176 1
-0.456482 540 80.0 1.960483 -3.485966 1
-0.464383 540 80.0 1.950335 -3.496936 1
-0.485063 550 80.0 1.903448 -3.52496 1
-0.481957 540 80.0 1.930036 -3.513349 1
-0.473381 530 80.0 1.927413 -3.488915 1
-0.468011 540 80.0 1.940451 -3.504857 1
-0.481726 540 80.0 1.930247 -3.513121 1
-0.481669 540 80.0 1.9559 -3.501992 1
-0.5029 530 80.0 1.941386 -3.527382 1
-0.424515 560 80.0 1.923008 -3.475629 1
