5.961524 1000 80.0 2.150983 -0.864765 22
6.36678 940 80.0 2.531232 0.253781 22
5.608675 1150 80.0 1.92695 -0.29744 22
6.118043 890 80.0 2.345339 -0.073369 22
6.514093 500 80.0 2.62622 -1.012125 22
6.402725 960 80.0 2.590928 0.316984 22
6.47571 530 80.0 2.657126 -1.021668 22
6.399291 960 80.0 2.617855 0.279557 22
5.961673 1000 80.0 2.148044 -0.855567 22
6.366235 940 80.0 2.510108 0.288205 22
6.476723 530 80.0 2.662896 -1.015153 22
6.400075 960 80.0 2.600345 0.306512 22
5.530765 1090 80.0 1.965315 2.082386 22
6.015553 820 80.0 2.2743 -0.000894 22
6.49314 520 80.0 2.609692 -1.05337 22
6.405073 970 80.0 2.583731 0.318706 22
5.587505 1080 80.0 1.994698 -0.129224 22
6.081933 840 80.0 2.31714 0.028393 22
5.649446 1120 80.0 1.966398 -0.325088 22
6.153411 890 80.0 2.380955 0.086676 22
5.66433 1150 80.0 1.958096 -0.492806 22
6.179266 910 80.0 2.381699 -0.010495 22
6.287408 560 80.0 2.610247 -0.826071 22
6.343551 920 80.0 2.522294 0.312019 22
5.630441 1130 80.0 1.972647 -0.385357 22
6.153297 880 80.0 2.414164 0.1122 22
5.502135 1190 80.0 1.874147 -0.140776 22
6.00652 880 80.0 2.190215 -0.112536 22
5.984327 1060 80.0 2.098164 -1.02079 22
6.377262 980 80.0 2.476646 0.28377 22
5.977234 630 80.0 2.514284 -0.367113 22
6.263315 840 80.0 2.609494 0.287902 22
5.974854 620 80.0 2.51064 -0.285993 22
6.261219 830 80.0 2.606252 0.271306 22
5.411377 1220 80.0 1.826899 1.953575 22
5.894491 870 80.0 2.144444 1.247627 22
5.967592 1050 80.0 2.112996 -1.005799 22
6.375999 960 80.0 2.59781 0.315018 22
6.303962 590 80.0 2.600871 -0.983465 22
6.352662 960 80.0 2.479278 0.229157 22
5.793184 1170 80.0 1.969992 -0.920905 22
6.292969 950 80.0 2.468136 0.122924 22
5.558626 1190 80.0 1.89734 -0.322832 22
6.084395 890 80.0 2.306729 8.9e-05 22
6.288172 590 80.0 2.603039 -0.991427 22
6.370735 940 80.0 2.489452 0.31244 22
5.960839 1060 80.0 2.101167 -1.005355 22
6.376058 960 80.0 2.596325 0.317232 22
6.347919 580 80.0 2.616383 -1.005274 22
6.376071 960 80.0 2.596053 0.317638 22
5.943768 1100 80.0 2.05433 -1.062678 22
6.373472 970 80.0 2.50753 0.253068 22
5.569165 1190 80.0 1.907913 -0.361383 22
6.088022 900 80.0 2.293188 0.012576 22
5.552658 1130 80.0 1.930016 -0.094994 22
6.049 860 80.0 2.260721 -0.023721 22
6.309438 600 80.0 2.599898 -1.00495 22
6.351599 980 80.0 2.594971 0.116936 22
5.356242 1320 80.0 1.74581 1.924524 22
4.735237 580 80.0 2.58684 2.623816 22
5.866794 910 80.0 2.085412 -0.284572 22
6.288155 620 80.0 2.925978 -1.062281 22
6.337386 1000 80.0 2.438098 0.045815 22
5.800962 960 80.0 2.1661 -0.468328 22
6.21535 890 80.0 2.499054 0.045131 22
5.556419 1200 80.0 1.896594 -0.357139 22
6.082451 900 80.0 2.255049 -0.066492 22
5.851761 1200 80.0 1.933819 -1.033424 22
6.337564 980 80.0 2.40827 0.120862 22
5.920582 1140 80.0 2.019727 -1.114291 22
6.341654 1000 80.0 2.386274 0.121033 22
5.779896 900 80.0 2.213749 -0.28066 22
6.215586 830 80.0 2.526529 0.240422 22
5.804142 1210 80.0 1.928282 -0.987415 22
6.30378 970 80.0 2.448929 0.199087 22
5.920415 1120 80.0 2.041569 -1.074809 22
6.339434 990 80.0 2.526125 0.120071 22
5.885752 1170 80.0 1.973918 -1.0759 22
6.338536 990 80.0 2.400958 0.116985 22
5.844832 1100 80.0 2.044967 -0.840889 22
6.299563 950 80.0 2.368886 0.177308 22
5.715137 960 80.0 2.133201 -0.203348 22
6.169742 840 80.0 2.489275 -0.002003 22
5.900351 1140 80.0 2.01403 -1.085577 22
6.335096 990 80.0 2.436572 0.068931 22
5.725362 1000 80.0 2.112435 -0.360655 22
6.1871 870 80.0 2.424716 0.163914 22
5.441208 1270 80.0 1.797869 -0.201428 22
4.8036 560 80.0 2.599764 2.591092 22
5.936893 920 80.0 2.088695 -0.223726 22
5.826687 1230 80.0 1.902634 -1.044551 22
6.320761 990 80.0 2.441805 0.070996 22
5.838613 1230 80.0 1.894658 -1.019341 22
6.320775 1000 80.0 2.448752 0.045613 22
5.636307 1020 80.0 2.044863 -0.030849 22
6.126252 820 80.0 2.379004 0.128794 22
5.650598 1060 80.0 2.0253 -0.199498 22
6.1428 860 80.0 2.388947 0.013655 22
5.638416 1210 80.0 1.902292 -0.598961 22
6.154484 930 80.0 2.330311 -0.08599 22
5.818549 1250 80.0 1.888193 -1.10913 22
6.309668 1000 80.0 2.418437 0.096669 22
5.547487 1280 80.0 1.814487 -0.528189 22
6.108659 930 80.0 2.270429 -0.053111 22
5.749581 1250 80.0 1.862364 -0.898786 22
6.244051 990 80.0 2.337548 0.027466 22
5.784581 1270 80.0 1.850022 -1.009906 22
6.287067 1000 80.0 2.413369 -0.057086 22
5.653072 1150 80.0 1.947877 -0.458553 22
6.176315 900 80.0 2.344311 0.048036 22
5.409336 1330 80.0 1.737604 -0.268361 22
4.805024 590 80.0 2.551172 2.546855 22
5.946146 930 80.0 2.163375 -0.232685 22
5.446824 1280 80.0 1.790814 2.04651 22
4.840861 540 80.0 2.619711 2.591558 22
5.964162 920 80.0 2.158542 -0.158023 22
5.746035 1270 80.0 1.847558 -0.959773 22
6.270207 980 80.0 2.382308 0.044928 22
5.604823 1260 80.0 1.85098 -0.649275 22
6.128202 950 80.0 2.253066 -0.134505 22
5.679789 1210 80.0 1.902009 -0.665042 22
6.18143 950 80.0 2.307035 -0.121905 22
5.771211 1300 80.0 1.831051 -1.128622 22
6.281442 1010 80.0 2.404779 -0.067943 22
5.6297 1300 80.0 1.819494 -0.838095 22
6.152177 980 80.0 2.239617 -0.208982 22
5.720946 1300 80.0 1.822516 -1.024884 22
6.252985 990 80.0 2.329844 0.038878 22
5.548523 1160 80.0 1.920784 -0.207405 22
6.033207 890 80.0 2.27546 -0.072421 22
5.392099 1350 80.0 1.73409 -0.322322 22
4.773504 630 80.0 2.491753 2.506545 22
5.893164 960 80.0 2.083043 -0.313513 22
5.766305 1300 80.0 1.824025 -1.0768 22
6.276966 1010 80.0 2.330888 -0.04088 22
5.755371 1300 80.0 1.821552 -1.035804 22
6.276474 1000 80.0 2.340365 -0.036486 22
5.579937 1300 80.0 1.802234 -0.651417 22
6.115128 960 80.0 2.19669 -0.046088 22
5.57706 1230 80.0 1.868404 -0.479839 22
6.129088 910 80.0 2.300724 0.058478 22
5.350524 1340 80.0 1.720813 1.941056 22
4.697052 650 80.0 2.49646 2.561747 22
5.85986 930 80.0 2.039434 -0.374573 22
5.611665 1200 80.0 1.896268 -0.472238 22
6.13183 920 80.0 2.301022 -0.032707 22
5.492123 1310 80.0 1.781172 -0.449938 22
4.958437 510 80.0 2.61018 2.560899 22
6.043593 940 80.0 2.186403 -0.1235 22
5.522299 1160 80.0 1.919714 -0.14871 22
6.033448 860 80.0 2.290339 -0.071514 22
5.573233 1220 80.0 1.875066 -0.435217 22
6.112938 910 80.0 2.301534 0.05851 22
5.551071 1230 80.0 1.864042 -0.401545 22
6.088953 910 80.0 2.244874 0.009568 22
5.742109 1320 80.0 1.818488 -1.162984 22
6.234783 1030 80.0 2.30569 -0.190028 22
5.719093 1330 80.0 1.805118 -1.12516 22
6.23262 1020 80.0 2.330327 -0.100058 22
5.567964 1240 80.0 1.847185 -0.43474 22
6.108804 920 80.0 2.278699 -0.062585 22
5.725317 1340 80.0 1.796215 -1.16894 22
6.218982 1040 80.0 2.257488 -0.213019 22
5.549633 1250 80.0 1.842233 -0.440591 22
6.077912 930 80.0 2.225498 -0.043242 22
5.719286 1330 80.0 1.80495 -1.124889 22
6.232817 1020 80.0 2.328966 -0.098252 22
5.67382 1320 80.0 1.8068 -1.02363 22
6.196061 1000 80.0 2.252171 -0.074456 22
5.724972 1320 80.0 1.806225 -1.060543 22
6.227826 1020 80.0 2.285473 -0.114876 22
5.515888 1200 80.0 1.875339 -0.208498 22
6.026377 890 80.0 2.247421 -0.090862 22
5.724805 1320 80.0 1.807717 -1.065122 22
6.211133 1030 80.0 2.239769 -0.137292 22
5.335415 1390 80.0 1.685707 1.777496 22
4.687672 710 80.0 2.406876 2.481207 22
5.853574 960 80.0 2.060302 -0.386256 22
5.519772 1240 80.0 1.83645 -0.315816 22
6.01948 930 80.0 2.164721 -0.213881 22
5.718027 1330 80.0 1.805261 -1.124856 22
5.28177 500 80.0 2.288273 2.429578 22
6.229392 1020 80.0 2.275685 -0.10149 22
5.718052 1330 80.0 1.805238 -1.124819 22
5.281812 500 80.0 2.288256 2.429559 22
6.22942 1020 80.0 2.275492 -0.101241 22
5.513826 1270 80.0 1.833724 -0.45872 22
6.030385 940 80.0 2.177543 -0.107436 22
5.49544 1290 80.0 1.802369 -0.414186 22
4.908087 540 80.0 2.561091 2.57097 22
6.036438 930 80.0 2.16794 -0.078156 22
5.652013 1330 80.0 1.796452 -0.98968 22
5.182064 510 80.0 2.313399 2.436372 22
6.127866 1030 80.0 2.170666 -0.279775 22
5.66214 1360 80.0 1.771592 -1.112609 22
5.199033 530 80.0 2.258744 2.415647 22
6.162938 1040 80.0 2.134031 -0.211547 22
5.472448 1290 80.0 1.788285 -0.331139 22
4.894726 530 80.0 2.612419 2.570335 22
5.986255 940 80.0 2.13334 -0.224214 22
5.618731 1340 80.0 1.789574 -0.944876 22
5.117698 540 80.0 2.500216 2.435181 22
6.130299 1010 80.0 2.175582 -0.24533 22
5.461851 1290 80.0 1.780841 -0.303192 22
4.848548 560 80.0 2.578869 2.57965 22
5.980605 930 80.0 2.168633 -0.191089 22
5.443549 1310 80.0 1.76266 -0.293824 22
4.873137 530 80.0 2.606526 2.57954 22
5.965381 940 80.0 2.104712 -0.236921 22
5.426533 1280 80.0 1.786031 -0.156255 22
4.814236 540 80.0 2.62872 2.606528 22
5.959722 900 80.0 2.186856 -0.184753 22
5.448295 1310 80.0 1.763371 -0.295094 22
4.861361 560 80.0 2.5649 2.573081 22
5.968584 940 80.0 2.101745 -0.233529 22
5.421512 1310 80.0 1.758928 -0.230665 22
4.812127 570 80.0 2.578776 2.582408 22
5.95715 920 80.0 2.144377 -0.195565 22
5.405924 1390 80.0 1.71528 -0.514266 22
4.7809 680 80.0 2.41 2.41072 22
5.908615 1000 80.0 1.997498 -0.324374 22
5.372627 1340 80.0 1.724377 -0.205015 22
4.754203 610 80.0 2.536215 2.556949 22
5.900447 930 80.0 2.089581 -0.28823 22
5.467107 1390 80.0 1.726779 -0.690802 22
4.898812 620 80.0 2.44798 2.446661 22
6.002099 1000 80.0 2.041857 -0.326631 22
5.451419 1290 80.0 1.781449 -0.2582 22
4.826498 580 80.0 2.541502 2.554294 22
5.965737 930 80.0 2.149116 -0.153511 22
5.401321 1320 80.0 1.757615 -0.243399 22
4.798601 570 80.0 2.570642 2.589769 22
5.903094 940 80.0 2.076581 -0.281053 22
5.551103 1400 80.0 1.723014 -0.953949 22
4.997231 620 80.0 2.406495 2.381955 22
6.075616 1030 80.0 2.087371 -0.329378 22
5.40071 1340 80.0 1.74376 -0.314849 22
4.8102 580 80.0 2.534824 2.563654 22
5.94486 930 80.0 2.039731 -0.165589 22
5.434793 1420 80.0 1.688198 -0.692365 22
4.840925 670 80.0 2.393022 2.3757 22
5.962242 1020 80.0 2.009897 -0.346419 22
5.328191 1410 80.0 1.676455 -0.369074 22
4.652259 770 80.0 2.339781 2.414453 22
5.822706 990 80.0 1.950439 -0.365342 22
5.40782 1350 80.0 1.733136 -0.348765 22
4.815362 600 80.0 2.525395 2.537771 22
5.939745 950 80.0 2.128395 -0.274683 22
5.362648 1400 80.0 1.690173 -0.403095 22
4.745399 680 80.0 2.427816 2.438942 22
5.864841 990 80.0 2.012147 -0.364974 22
5.654506 1370 80.0 1.759898 -1.112767 22
5.123982 580 80.0 2.192018 2.340625 22
6.141144 1050 80.0 2.08578 -0.214345 22
5.382416 1360 80.0 1.720989 1.898975 22
4.787297 610 80.0 2.522157 2.534461 22
5.926472 940 80.0 2.077358 -0.229523 22
5.636196 1380 80.0 1.74298 -1.065732 22
5.10804 590 80.0 2.166261 2.354437 22
6.13203 1050 80.0 2.116235 -0.25712 22
5.401485 1340 80.0 1.741794 -0.310777 22
4.797045 600 80.0 2.535347 2.517835 22
5.898947 960 80.0 2.055992 -0.280159 22
5.39885 1340 80.0 1.73712 -0.28117 22
4.791371 600 80.0 2.535444 2.538276 22
5.925646 940 80.0 2.103932 -0.275489 22
5.400043 1340 80.0 1.734817 -0.278521 22
4.781997 610 80.0 2.522274 2.524284 22
5.926536 940 80.0 2.094523 -0.259037 22
5.322299 1450 80.0 1.652318 -0.485177 22
4.606331 850 80.0 2.197337 2.350236 22
5.806519 1030 80.0 1.87838 -0.522138 22
5.399391 1360 80.0 1.713616 -0.346518 22
4.805719 610 80.0 2.511892 2.524735 22
5.92084 960 80.0 2.083518 -0.268774 22
5.388391 1330 80.0 1.741961 -0.243884 22
4.759147 620 80.0 2.504351 2.533808 22
5.895326 940 80.0 2.09073 -0.307326 22
5.379223 1350 80.0 1.721848 -0.244811 22
4.744961 640 80.0 2.486583 2.520673 22
5.886774 950 80.0 2.033703 -0.283006 22
5.373594 1370 80.0 1.709328 -0.311854 22
4.771862 630 80.0 2.493441 2.506399 22
5.893105 960 80.0 2.030351 -0.298425 22
5.576069 1390 80.0 1.737205 -1.010166 22
5.039423 600 80.0 2.428819 2.372494 22
6.080475 1040 80.0 2.064598 -0.333183 22
5.530145 1390 80.0 1.73454 -0.864633 22
4.961761 620 80.0 2.432152 2.390831 22
6.051382 1020 80.0 2.056551 -0.378725 22
5.385882 1360 80.0 1.720425 -0.317937 22
4.76922 640 80.0 2.491033 2.488805 22
5.881619 970 80.0 2.019555 -0.289958 22
5.393172 1350 80.0 1.73004 -0.308699 22
4.760239 650 80.0 2.476996 2.489385 22
5.901361 960 80.0 2.048665 -0.269547 22
5.374375 1370 80.0 1.720544 1.830545 22
4.740905 670 80.0 2.451403 2.491243 22
5.892134 960 80.0 1.987632 -0.225743 22
5.385881 1370 80.0 1.728449 -0.409257 22
4.767329 650 80.0 2.474447 2.471625 22
5.893331 970 80.0 2.001369 -0.264654 22
5.37475 1370 80.0 1.712552 -0.325153 22
4.733989 670 80.0 2.45094 2.4815 22
5.891701 960 80.0 2.006545 -0.257348 22
5.610278 1390 80.0 1.741714 -1.093642 22
5.077248 600 80.0 2.174145 2.33358 22
6.09551 1060 80.0 2.08224 -0.35738 22
5.376696 1370 80.0 1.707579 -0.310098 22
4.758696 650 80.0 2.478261 2.474772 22
5.882324 970 80.0 2.008785 -0.276012 22
5.367836 1370 80.0 1.716762 -0.321004 22
4.722479 680 80.0 2.441344 2.484439 22
5.878733 960 80.0 2.072275 -0.361217 22
5.367184 1380 80.0 1.690718 -0.318947 22
4.748085 660 80.0 2.477748 2.463255 22
5.895592 960 80.0 2.070733 -0.299096 22
5.368646 1380 80.0 1.704222 -0.373709 22
4.737153 670 80.0 2.449851 2.479711 22
5.876901 970 80.0 2.002734 -0.325019 22
5.340801 1400 80.0 1.687689 -0.372899 22
4.709312 700 80.0 2.397437 2.482714 22
5.863454 970 80.0 2.029717 -0.364943 22
5.361844 1370 80.0 1.720539 -0.330181 22
4.716076 680 80.0 2.444463 2.489647 22
5.853776 970 80.0 2.018452 -0.401186 22
5.366885 1380 80.0 1.708934 -0.362743 22
4.734875 680 80.0 2.420289 2.475802 22
5.862787 980 80.0 2.01974 -0.361761 22
5.363904 1380 80.0 1.712204 -0.369507 22
4.735552 670 80.0 2.437256 2.482009 22
5.8548 980 80.0 2.007757 -0.399233 22
5.364725 1380 80.0 1.705702 -0.374894 22
4.703175 710 80.0 2.393559 2.467665 22
5.854526 980 80.0 2.016922 -0.416252 22
5.351436 1400 80.0 1.69057 -0.409119 22
4.720758 700 80.0 2.419386 2.460455 22
5.844807 990 80.0 1.979684 -0.367419 22
5.354092 1380 80.0 1.707759 -0.325952 22
4.713291 690 80.0 2.428118 2.470946 22
5.840146 980 80.0 1.958366 -0.377779 22
5.338594 1400 80.0 1.686012 -0.332536 22
4.695968 710 80.0 2.397449 2.475068 22
5.839087 980 80.0 1.969844 -0.394444 22
5.313515 1460 80.0 1.635674 -0.491116 22
4.606807 850 80.0 2.16495 2.364517 22
5.8044 1030 80.0 1.894973 -0.471291 22
5.337412 1450 80.0 1.64815 -0.533289 22
4.625069 840 80.0 2.204984 2.325792 22
5.810863 1040 80.0 1.870803 -0.538077 22
5.472143 1410 80.0 1.702825 -0.785213 22
4.846082 690 80.0 2.351989 2.355107 22
5.969741 1040 80.0 1.9605 -0.391674 22
5.307167 1400 80.0 1.678792 1.810812 22
4.633254 760 80.0 2.358822 2.482746 22
5.821116 960 80.0 1.980734 -0.369745 22
5.349846 1400 80.0 1.689059 -0.371554 22
4.695556 720 80.0 2.392584 2.438743 22
5.840557 990 80.0 1.95874 -0.394066 22
5.30899 1410 80.0 1.670216 1.794672 22
4.66247 730 80.0 2.411414 2.460219 22
5.822337 970 80.0 1.969435 -0.367567 22
5.438864 1410 80.0 1.703429 -0.694691 22
4.808658 700 80.0 2.353099 2.346132 22
5.954289 1020 80.0 1.981065 -0.21957 22
5.3274 1410 80.0 1.67605 -0.329636 22
4.647326 770 80.0 2.341176 2.433541 22
5.836903 980 80.0 1.973393 -0.397605 22
5.525771 1410 80.0 1.721316 -0.960451 22
4.91082 680 80.0 2.340571 2.299489 22
6.020774 1050 80.0 1.993668 -0.407194 22
5.578448 1410 80.0 1.720132 -1.059359 22
4.953034 680 80.0 2.075145 2.284683 22
6.035171 1080 80.0 1.957641 -0.47388 22
5.437805 1410 80.0 1.702794 -0.694608 22
4.805812 700 80.0 2.365403 2.336686 22
5.950015 1020 80.0 1.94301 -0.226402 22
5.330919 1410 80.0 1.672289 -0.320242 22
4.665131 760 80.0 2.323276 2.437583 22
5.844471 980 80.0 1.982803 -0.357233 22
5.550607 1410 80.0 1.723435 -1.005216 22
4.905724 700 80.0 2.287797 2.284969 22
6.018507 1070 80.0 1.96828 -0.426834 22
5.535315 1430 80.0 1.705118 -1.068792 22
4.938334 680 80.0 2.316676 2.264463 22
6.045966 1060 80.0 1.999698 -0.412355 22
5.317624 1410 80.0 1.691383 1.724578 22
4.633692 780 80.0 2.315381 2.437942 22
5.804305 990 80.0 1.915588 -0.365447 22
5.320311 1410 80.0 1.689821 1.732489 22
4.650604 760 80.0 2.344622 2.437419 22
5.789497 1000 80.0 1.946878 -0.491477 22
5.314266 1410 80.0 1.666749 1.804258 22
4.63532 770 80.0 2.334282 2.44523 22
5.812443 980 80.0 1.958178 -0.417409 22
5.429402 1420 80.0 1.692785 -0.694413 22
4.798273 710 80.0 2.338571 2.330892 22
5.917521 1040 80.0 1.979145 -0.371382 22
5.535214 1440 80.0 1.706008 -1.126151 22
4.946969 680 80.0 2.310972 2.272143 22
6.021619 1080 80.0 1.945643 -0.434161 22
5.510655 1420 80.0 1.697605 -0.915078 22
4.828951 740 80.0 2.268564 2.262433 22
5.995697 1060 80.0 1.940775 -0.473506 22
5.396649 1440 80.0 1.679093 -0.699661 22
4.764523 730 80.0 2.329931 2.32735 22
5.895443 1040 80.0 1.949258 -0.37894 22
5.312455 1420 80.0 1.664613 1.811956 22
4.615884 810 80.0 2.280519 2.426153 22
5.786015 1000 80.0 1.894786 -0.467045 22
5.27928 1440 80.0 1.651341 1.651882 22
4.596019 820 80.0 2.258742 2.450771 22
5.780694 990 80.0 1.909991 -0.46502 22
5.30329 1420 80.0 1.668914 -0.340387 22
4.613898 800 80.0 2.303397 2.43182 22
5.771318 1000 80.0 1.920962 -0.499332 22
5.541705 1430 80.0 1.707774 -1.063426 22
4.912936 700 80.0 2.284957 2.24867 22
6.035269 1070 80.0 1.966675 -0.452178 22
5.462135 1470 80.0 1.66889 -1.031671 22
4.799462 770 80.0 2.228449 2.24433 22
5.958589 1080 80.0 1.887032 -0.5578 22
5.310344 1420 80.0 1.661426 1.782681 22
4.577683 860 80.0 2.187157 2.408925 22
5.768259 1010 80.0 1.917667 -0.512282 22
5.445554 1450 80.0 1.67784 -0.871683 22
4.781444 760 80.0 2.254903 2.287364 22
5.924202 1070 80.0 1.863274 -0.417301 22
5.29842 1420 80.0 1.654726 -0.299824 22
4.596924 820 80.0 2.258189 2.423528 22
5.764786 1000 80.0 1.867804 -0.467937 22
5.383009 1450 80.0 1.65994 -0.649394 22
4.663993 830 80.0 2.181673 2.303898 22
5.871228 1050 80.0 1.880206 -0.490414 22
5.405979 1450 80.0 1.67658 -0.797276 22
4.719168 790 80.0 2.214582 2.286093 22
5.890834 1060 80.0 1.851664 -0.409714 22
5.357091 1480 80.0 1.6488 -0.749242 22
4.614584 880 80.0 2.134279 2.239908 22
5.838236 1070 80.0 1.809674 -0.535531 22
5.348511 1450 80.0 1.672777 -0.615409 22
4.661752 810 80.0 2.228077 2.329647 22
5.851606 1030 80.0 1.872528 -0.416508 22
5.230094 1510 80.0 1.596778 -0.469298 22
4.481021 980 80.0 2.048819 2.275346 22
5.68771 1060 80.0 1.76954 -0.625827 22
5.387909 1450 80.0 1.678584 -0.750895 22
4.698538 800 80.0 2.223973 2.280914 22
5.880827 1050 80.0 1.890521 -0.366635 22
5.380117 1470 80.0 1.659721 -0.795879 22
4.74745 760 80.0 2.26441 2.286925 22
5.882841 1060 80.0 1.867383 -0.433181 22
5.418805 1470 80.0 1.662754 -0.874963 22
4.755207 780 80.0 2.215919 2.274187 22
5.912891 1070 80.0 1.844938 -0.375604 22
5.203474 1550 80.0 1.577497 -0.555983 22
4.447399 1030 80.0 1.954203 2.23428 22
5.655899 1090 80.0 1.690019 -0.671282 22
5.386022 1470 80.0 1.65626 -0.797067 22
4.668315 840 80.0 2.169101 2.256733 22
5.891195 1060 80.0 1.849805 -0.40756 22
5.365162 1480 80.0 1.642227 -0.748774 22
4.662342 840 80.0 2.159458 2.265945 22
5.888889 1050 80.0 1.866988 -0.410641 22
5.374419 1460 80.0 1.659514 -0.699534 22
4.683756 810 80.0 2.227171 2.272509 22
5.874784 1050 80.0 1.864653 -0.391279 22
5.347775 1480 80.0 1.644366 -0.703293 22
4.643173 850 80.0 2.153774 2.274577 22
5.881604 1040 80.0 1.898797 -0.362855 22
5.388001 1460 80.0 1.662773 -0.750102 22
4.653427 850 80.0 2.142334 2.262904 22
5.877517 1060 80.0 1.850184 -0.395495 22
5.352448 1470 80.0 1.658443 -0.706893 22
4.648003 840 80.0 2.186578 2.280886 22
5.854267 1050 80.0 1.841593 -0.408911 22
5.461722 1460 80.0 1.670917 -0.967716 22
4.744829 810 80.0 2.157877 2.204804 22
5.944667 1080 80.0 1.910382 -0.574558 22
5.374552 1460 80.0 1.659405 -0.699417 22
4.626705 870 80.0 2.134027 2.272374 22
5.874996 1050 80.0 1.863701 -0.39016 22
5.374578 1460 80.0 1.65938 -0.699393 22
4.626727 870 80.0 2.134005 2.272345 22
5.875038 1050 80.0 1.863496 -0.389918 22
5.284411 1480 80.0 1.625902 -0.491374 22
4.561265 900 80.0 2.119863 2.330925 22
5.770982 1040 80.0 1.833444 -0.500289 22
5.245052 1540 80.0 1.592382 -0.664222 22
5.199023 2160 80.0 2.66071 1.870075 22
4.444052 1060 80.0 1.870075 2.215752 22
5.714981 1090 80.0 1.707323 -0.636143 22
5.365376 1470 80.0 1.658443 -0.747548 22
4.62928 870 80.0 2.134077 2.267875 22
5.877297 1050 80.0 1.850856 -0.370432 22
5.348026 1480 80.0 1.644168 -0.703115 22
4.623656 870 80.0 2.12213 2.274361 22
5.805599 1080 80.0 1.803666 -0.513073 22
5.365419 1470 80.0 1.65841 -0.74752 22
4.629303 870 80.0 2.134046 2.267838 22
5.838626 1070 80.0 1.804044 -0.44601 22
5.37855 1480 80.0 1.644035 -0.794925 22
4.649495 860 80.0 2.1382 2.24053 22
5.856253 1080 80.0 1.830873 -0.536845 22
5.361053 1480 80.0 1.647837 -0.752136 22
4.624053 880 80.0 2.098595 2.263684 22
5.808161 1090 80.0 1.787343 -0.51485 22
5.36857 1470 80.0 1.657917 -0.750494 22
4.610785 890 80.0 2.082996 2.251817 22
5.805667 1090 80.0 1.790772 -0.516608 22
5.300677 1490 80.0 1.631009 -0.616955 22
4.568825 910 80.0 2.089906 2.275984 22
5.783292 1060 80.0 1.814011 -0.539869 22
5.341887 1490 80.0 1.631072 -0.702616 22
4.596841 900 80.0 2.086447 2.231473 22
5.813103 1080 80.0 1.789742 -0.493029 22
5.345938 1480 80.0 1.645949 -0.706439 22
4.595224 900 80.0 2.087344 2.235247 22
5.803624 1080 80.0 1.818815 -0.540303 22
5.354861 1480 80.0 1.648695 -0.747425 22
4.61048 890 80.0 2.085289 2.239694 22
5.819911 1080 80.0 1.754508 -0.444883 22
6.494542 520 80.0 2.659065 -1.030169 22
6.396691 960 80.0 2.64149 0.24728 22
5.55321 1100 80.0 1.969865 2.097418 22
6.025764 850 80.0 2.237001 -0.032298 22
6.475733 530 80.0 2.65808 -1.02174 22
6.400076 960 80.0 2.61815 0.279215 22
6.404375 550 80.0 2.642081 -1.006833 22
6.387046 950 80.0 2.669027 0.309874 22
5.566685 1040 80.0 2.010432 2.09433 22
6.017052 820 80.0 2.311247 -0.063224 22
6.417586 550 80.0 2.627718 -0.972416 22
6.389864 960 80.0 2.532227 0.312874 22
6.417049 550 80.0 2.632099 -0.993276 22
6.37169 970 80.0 2.522558 0.234212 22
6.412632 560 80.0 2.633083 -1.031379 22
6.384965 970 80.0 2.644645 0.234996 22
6.385836 560 80.0 2.633407 -1.006336 22
6.387128 950 80.0 2.667391 0.312344 22
6.38589 560 80.0 2.633379 -1.006251 22
6.38714 950 80.0 2.667111 0.312765 22
6.490111 540 80.0 2.600962 -1.196369 22
6.039451 990 80.0 2.537843 0.364443 22
6.267759 570 80.0 2.600008 -0.81945 22
6.346651 920 80.0 2.506327 0.231961 22
6.366904 570 80.0 2.6249 -1.005999 22
6.375967 960 80.0 2.598479 0.31402 22
6.366954 570 80.0 2.624873 -1.005916 22
6.375978 960 80.0 2.5982 0.314437 22
6.366996 570 80.0 2.624851 -1.005848 22
6.375988 960 80.0 2.597979 0.314768 22
5.978307 1070 80.0 2.08711 -1.020479 22
6.378088 980 80.0 2.475654 0.285255 22
5.96363 1070 80.0 2.089918 -1.063112 22
6.373413 970 80.0 2.509086 0.250812 22
5.491037 1160 80.0 1.902282 2.063309 22
5.99164 850 80.0 2.235173 -0.080314 22
6.343297 590 80.0 2.618003 -1.114992 22
6.378219 970 80.0 2.456867 0.323653 22
6.305384 600 80.0 2.593632 -1.019156 22
6.356295 970 80.0 2.517903 0.154715 22
6.309337 600 80.0 2.599964 -1.005159 22
6.376087 960 80.0 2.595671 0.318205 22
5.711079 1230 80.0 1.892859 -0.867482 22
6.244471 950 80.0 2.391573 0.021602 22
5.933027 1100 80.0 2.057823 -1.074259 22
6.339539 990 80.0 2.398587 0.119221 22
5.916888 1140 80.0 2.021685 -1.117329 22
6.351834 990 80.0 2.469847 0.099912 22
5.961064 1060 80.0 2.100942 -1.004821 22
6.351642 980 80.0 2.594541 0.117554 22
5.854641 1150 80.0 1.989581 -0.952616 22
6.319363 970 80.0 2.49083 0.117627 22
5.95335 1070 80.0 2.10086 -1.075104 22
6.339332 990 80.0 2.527246 0.118475 22
5.851761 1200 80.0 1.933819 -1.033424 22
6.337564 980 80.0 2.40827 0.120862 22
5.877221 1160 80.0 1.986896 -1.040379 22
6.33606 980 80.0 2.42979 0.091612 22
5.533726 1220 80.0 1.865588 -0.329922 22
6.049252 910 80.0 2.239295 -0.109059 22
5.868011 1150 80.0 1.993767 -0.997108 22
6.33281 970 80.0 2.43325 0.105787 22
5.920447 1120 80.0 2.041543 -1.074753 22
6.339452 990 80.0 2.525913 0.120372 22
5.7623 1240 80.0 1.884247 -0.954837 22
6.284398 970 80.0 2.375562 0.147765 22
5.426836 1260 80.0 1.805296 -0.131065 22
4.771999 570 80.0 2.585801 2.616899 22
5.917506 910 80.0 2.069916 -0.16623 22
5.855914 1190 80.0 1.947695 -1.03626 22
6.33423 980 80.0 2.420231 0.109982 22
5.498918 1280 80.0 1.808982 -0.416025 22
6.034839 930 80.0 2.177873 -0.1707 22
5.885812 1160 80.0 1.979579 -1.017811 22
6.334175 990 80.0 2.445523 0.056447 22
5.854075 1220 80.0 1.920123 -1.074339 22
6.339594 990 80.0 2.524339 0.122612 22
5.842112 1190 80.0 1.943666 -0.989738 22
6.308308 990 80.0 2.409209 0.125933 22
5.418925 1300 80.0 1.770958 -0.238541 22
4.818295 550 80.0 2.583827 2.615255 22
5.9413 920 80.0 2.064142 -0.186862 22
5.840931 1240 80.0 1.885763 -1.068341 22
6.340934 990 80.0 2.510104 0.138939 22
5.606894 1260 80.0 1.853631 -0.656454 22
6.158526 930 80.0 2.318604 0.011812 22
5.78758 1290 80.0 1.838847 -1.113563 22
6.318967 990 80.0 2.44367 0.070262 22
5.818104 1250 80.0 1.887156 -1.10903 22
6.309001 1000 80.0 2.418009 0.097251 22
5.836754 1220 80.0 1.910374 -1.03544 22
6.307189 1000 80.0 2.286312 0.114252 22
5.442377 1280 80.0 1.793033 -0.222494 22
4.82865 550 80.0 2.606865 2.580293 22
5.955654 920 80.0 2.097778 -0.181402 22
5.756159 1260 80.0 1.865375 -0.953945 22
6.259193 990 80.0 2.420665 -0.02396 22
5.770979 1300 80.0 1.83126 -1.128974 22
6.281225 1010 80.0 2.406421 -0.070158 22
5.64913 1280 80.0 1.828164 -0.768943 22
6.188953 960 80.0 2.316106 -0.086252 22
5.456265 1280 80.0 1.79923 -0.304434 22
4.881409 510 80.0 2.625962 2.61139 22
5.982656 920 80.0 2.19956 -0.165348 22
5.737645 1270 80.0 1.850986 -0.970442 22
6.259804 980 80.0 2.399873 0.021335 22
5.430584 1280 80.0 1.772642 -0.141116 22
4.83041 530 80.0 2.626437 2.628967 22
5.969569 900 80.0 2.158606 -0.19934 22
5.616364 1110 80.0 1.97288 -0.256313 22
6.095703 890 80.0 2.266806 -0.081047 22
5.783358 1280 80.0 1.844313 -1.063267 22
6.263281 1020 80.0 2.358963 -0.087485 22
5.760019 1290 80.0 1.83581 -1.039975 22
6.273156 1000 80.0 2.354239 -0.049978 22
5.557005 1190 80.0 1.904241 -0.32509 22
6.09577 880 80.0 2.269273 -0.001613 22
5.433715 1340 80.0 1.742067 -0.382811 22
4.8755 550 80.0 2.586597 2.539639 22
5.985314 940 80.0 2.17933 -0.226733 22
5.744027 1280 80.0 1.828046 -0.941448 22
6.259404 990 80.0 2.390071 0.02496 22
5.494712 1340 80.0 1.750054 -0.53526 22
4.963591 540 80.0 2.55417 2.530677 22
6.048535 960 80.0 2.159333 -0.099409 22
5.530639 1230 80.0 1.854007 -0.313318 22
6.056885 910 80.0 2.281845 -0.111837 22
5.355963 1350 80.0 1.702688 -0.172221 22
4.696643 680 80.0 2.45688 2.522352 22
5.864041 940 80.0 1.980815 -0.291857 22
5.763556 1300 80.0 1.82619 -1.076958 22
6.27562 1010 80.0 2.340867 -0.052004 22
5.741758 1300 80.0 1.81739 -0.989568 22
6.262703 1000 80.0 2.393844 -0.004847 22
5.737967 1300 80.0 1.823932 -1.067132 22
6.254149 1000 80.0 2.313712 0.045579 22
5.724539 1320 80.0 1.806656 -1.06136 22
6.25781 1000 80.0 2.289083 0.07328 22
5.653752 1320 80.0 1.801725 -0.935805 22
6.185394 990 80.0 2.21949 -0.06797 22
5.591323 1320 80.0 1.781036 -0.73513 22
5.108224 500 80.0 2.574807 2.506155 22
6.107099 990 80.0 2.184809 -0.260152 22
5.725809 1310 80.0 1.823781 -1.08086 22
6.234425 1010 80.0 2.321165 -0.070001 22
5.74207 1320 80.0 1.818519 -1.163031 22
6.234749 1030 80.0 2.305938 -0.190351 22
5.743839 1310 80.0 1.823783 -1.105554 22
6.259317 1010 80.0 2.290066 -0.050699 22
5.634221 1310 80.0 1.799819 -0.823445 22
6.170851 980 80.0 2.222372 -0.123624 22
5.403179 1350 80.0 1.727601 -0.316058 22
4.798263 610 80.0 2.514709 2.516857 22
5.910951 960 80.0 2.046901 -0.267999 22
5.656293 1310 80.0 1.803629 -0.866608 22
6.193551 980 80.0 2.278227 -0.071658 22
5.563639 1350 80.0 1.768735 -0.804869 22
5.064797 530 80.0 2.532834 2.482546 22
6.098877 990 80.0 2.172222 -0.217908 22
5.67756 1300 80.0 1.820903 -0.92806 22
6.195261 990 80.0 2.287232 -0.107926 22
5.315007 1410 80.0 1.677772 1.767527 22
4.655777 750 80.0 2.379227 2.452494 22
5.816712 980 80.0 1.985898 -0.470992 22
5.682264 1310 80.0 1.809708 -0.961068 22
6.19687 1000 80.0 2.25935 -0.088512 22
5.717808 1310 80.0 1.809839 -1.027801 22
6.222585 1010 80.0 2.269538 -0.054458 22
5.224543 1430 80.0 1.632616 1.73238 22
4.524942 850 80.0 2.272934 2.50928 22
5.726884 950 80.0 1.895722 1.086598 22
5.703204 1330 80.0 1.793749 -1.025333 22
6.21019 1020 80.0 2.252122 -0.131735 22
5.38885 1390 80.0 1.70037 -0.435398 22
4.751315 690 80.0 2.405027 2.41294 22
5.894106 990 80.0 2.020387 -0.401044 22
5.725274 1320 80.0 1.805564 -1.058174 22
6.228585 1020 80.0 2.28047 -0.107931 22
5.713836 1330 80.0 1.78964 -1.064931 22
6.225477 1020 80.0 2.245195 -0.0431 22
5.648205 1320 80.0 1.788691 -0.882149 22
6.173879 990 80.0 2.264804 -0.127986 22
5.70723 1330 80.0 1.793287 -1.082775 22
6.200883 1030 80.0 2.212524 -0.089011 22
5.683098 1340 80.0 1.781535 -1.045917 22
5.250511 500 80.0 2.304267 2.443052 22
6.197586 1020 80.0 2.241725 -0.102451 22
5.723794 1320 80.0 1.806852 -1.060364 22
6.210815 1030 80.0 2.232685 -0.123518 22
5.696631 1320 80.0 1.794599 -0.98062 22
5.239993 500 80.0 2.275265 2.463917 22
6.195457 1020 80.0 2.196319 -0.120193 22
5.696421 1340 80.0 1.791026 -1.082067 22
5.255137 510 80.0 2.27982 2.434594 22
6.20035 1030 80.0 2.217406 -0.094506 22
5.682961 1340 80.0 1.780402 -1.041422 22
5.250622 500 80.0 2.304782 2.443173 22
6.198455 1020 80.0 2.232197 -0.090341 22
5.427263 1380 80.0 1.716626 -0.50418 22
4.802731 670 80.0 2.417559 2.432412 22
5.929566 1000 80.0 2.023988 -0.309842 22
5.589587 1340 80.0 1.777983 -0.841219 22
5.115682 510 80.0 2.554812 2.500656 22
6.128432 990 80.0 2.211204 -0.245809 22
5.693312 1340 80.0 1.772593 -1.019975 22
5.234782 520 80.0 2.261818 2.424142 22
6.196552 1030 80.0 2.173378 -0.109103 22
5.617418 1350 80.0 1.76292 -0.883817 22
5.133745 530 80.0 2.511328 2.434993 22
6.121185 1020 80.0 2.113645 -0.235787 22
5.34681 1390 80.0 1.695878 -0.323685 22
4.690703 720 80.0 2.384815 2.472086 22
5.838098 980 80.0 2.005122 -0.38315 22
5.479095 1380 80.0 1.72604 -0.68376 22
4.872211 650 80.0 2.404397 2.426694 22
6.0083 1000 80.0 2.05669 -0.281797 22
5.615971 1340 80.0 1.773069 -0.88691 22
5.095176 550 80.0 2.488578 2.45364 22
6.122804 1010 80.0 2.097614 -0.189285 22
5.663469 1350 80.0 1.776617 -1.066548 22
5.192025 530 80.0 2.247121 2.433846 22
6.148894 1040 80.0 2.178007 -0.262451 22
5.345303 1420 80.0 1.672046 -0.444864 22
4.721073 710 80.0 2.384568 2.423728 22
5.86646 990 80.0 1.960346 -0.360636 22
5.663199 1360 80.0 1.770911 -1.114645 22
5.169573 550 80.0 2.225062 2.401155 22
6.162481 1040 80.0 2.137633 -0.216162 22
5.344652 1390 80.0 1.692447 -0.333535 22
4.678444 730 80.0 2.386674 2.447537 22
5.818871 990 80.0 1.939085 -0.412334 22
5.263813 1460 80.0 1.634116 1.662455 22
4.550999 870 80.0 2.175943 2.412037 22
5.738375 1020 80.0 1.878955 -0.566703 22
5.306935 1390 80.0 1.67095 1.839736 22
4.631125 750 80.0 2.379667 2.492936 22
5.798435 960 80.0 1.973324 -0.334847 22
5.353186 1430 80.0 1.665873 -0.484825 22
4.682958 770 80.0 2.29884 2.357755 22
5.840673 1020 80.0 1.884932 -0.3247 22
5.362428 1430 80.0 1.678415 -0.567838 22
4.698249 760 80.0 2.294694 2.376389 22
5.880552 1010 80.0 1.944754 -0.449878 22
5.439671 1330 80.0 1.736636 -0.338851 22
4.873845 550 80.0 2.558541 2.558334 22
5.981952 940 80.0 2.156517 -0.258951 22
5.364418 1370 80.0 1.698984 -0.273208 22
4.683167 730 80.0 2.355061 2.470028 22
5.841428 980 80.0 1.915835 -0.373086 22
5.572587 1370 80.0 1.739833 -0.846346 22
5.011357 600 80.0 2.436716 2.404913 22
6.067396 1030 80.0 2.039028 -0.317437 22
5.423246 1310 80.0 1.759929 -0.272344 22
4.818526 570 80.0 2.576079 2.549917 22
5.945073 930 80.0 2.119723 -0.16354 22
5.330507 1430 80.0 1.661313 -0.408578 22
4.613219 830 80.0 2.221297 2.377039 22
5.818583 1010 80.0 1.919082 -0.412907 22
5.396395 1360 80.0 1.724866 -0.357762 22
4.834417 570 80.0 2.567112 2.543247 22
5.931752 950 80.0 2.069927 -0.238035 22
5.320283 1420 80.0 1.666623 1.723816 22
4.643139 780 80.0 2.294271 2.428344 22
5.823957 990 80.0 1.989389 -0.434075 22
5.621551 1390 80.0 1.746035 -1.135202 22
5.104422 590 80.0 2.183663 2.359277 22
6.145194 1040 80.0 2.085833 -0.197064 22
5.602902 1370 80.0 1.761179 -1.004733 22
5.061741 590 80.0 2.424368 2.384289 22
6.089799 1040 80.0 2.084948 -0.373865 22
5.536734 1380 80.0 1.739207 -0.864632 22
4.983608 600 80.0 2.462127 2.406526 22
6.066349 1010 80.0 2.121273 -0.393176 22
5.626591 1370 80.0 1.755847 -1.032481 22
5.108748 570 80.0 2.243429 2.354377 22
6.124513 1040 80.0 2.057801 -0.209951 22
5.647292 1360 80.0 1.757118 -1.009127 22
5.081674 600 80.0 2.170979 2.347923 22
6.138278 1040 80.0 2.110708 -0.218844 22
5.650829 1370 80.0 1.7497 -1.046518 22
5.097468 600 80.0 2.163597 2.353121 22
6.123519 1060 80.0 2.08707 -0.31097 22
5.656763 1380 80.0 1.757858 -1.148654 22
5.113455 600 80.0 2.138444 2.312478 22
6.126662 1070 80.0 2.05232 -0.293198 22
5.632376 1380 80.0 1.757785 -1.13921 22
5.085046 600 80.0 2.17051 2.344415 22
6.127128 1050 80.0 2.092285 -0.298474 22
5.497308 1410 80.0 1.703761 -0.816222 22
4.890371 670 80.0 2.380523 2.339478 22
5.995431 1040 80.0 1.975533 -0.379122 22
5.291237 1450 80.0 1.644125 -0.378787 22
4.576353 860 80.0 2.184463 2.379639 22
5.764935 1020 80.0 1.84677 -0.470614 22
5.310029 1420 80.0 1.662626 1.734057 22
4.595856 830 80.0 2.221931 2.423887 22
5.786698 1000 80.0 1.916759 -0.436158 22
5.571925 1390 80.0 1.72814 -0.9481 22
5.009941 620 80.0 2.402417 2.357974 22
6.075818 1040 80.0 2.081584 -0.351429 22
5.607273 1380 80.0 1.751347 -1.05581 22
5.03749 620 80.0 2.150995 2.345357 22
6.075007 1060 80.0 2.002049 -0.37275 22
5.557533 1390 80.0 1.721224 -0.905542 22
4.963027 640 80.0 2.380127 2.311892 22
6.036062 1050 80.0 1.967328 -0.388335 22
5.499129 1410 80.0 1.713019 -0.868569 22
4.96382 610 80.0 2.436381 2.382625 22
6.016056 1030 80.0 2.01142 -0.359749 22
5.354505 1420 80.0 1.664489 -0.438056 22
4.670756 780 80.0 2.303303 2.358457 22
5.830542 1020 80.0 1.910439 -0.440231 22
5.577753 1400 80.0 1.735134 -1.05736 22
5.001006 640 80.0 2.367818 2.33376 22
6.079468 1050 80.0 2.038761 -0.322526 22
5.27236 1470 80.0 1.643765 -0.466252 22
4.549594 900 80.0 2.150508 2.361019 22
5.749787 1030 80.0 1.834836 -0.528414 22
5.625751 1410 80.0 1.749611 -1.523266 22
5.335878 580 80.0 2.04261 2.203923 22
5.895985 1140 80.0 2.057457 -0.218651 22
5.36575 1390 80.0 1.693459 -0.35435 22
4.708551 710 80.0 2.374457 2.461699 22
5.872383 980 80.0 1.999099 -0.325318 22
5.576858 1400 80.0 1.736858 -1.06395 22
4.984369 650 80.0 2.368781 2.318157 22
6.076619 1050 80.0 2.062031 -0.351628 22
5.298296 1440 80.0 1.638007 1.749038 22
4.607986 820 80.0 2.248961 2.407243 22
5.780792 1010 80.0 1.898085 -0.483938 22
5.496971 1390 80.0 1.725569 -0.763974 22
4.877939 670 80.0 2.374426 2.349059 22
5.985929 1030 80.0 2.003776 -0.302605 22
5.261016 1480 80.0 1.633461 -0.463799 22
4.532863 920 80.0 2.116659 2.334344 22
5.728882 1040 80.0 1.831226 -0.591003 22
5.276486 1480 80.0 1.631918 1.641803 22
4.539132 920 80.0 2.110078 2.322945 22
5.73646 1050 80.0 1.832607 -0.5588 22
5.171299 1510 80.0 1.572444 1.601222 22
4.459403 960 80.0 2.144209 2.351458 22
5.604601 1040 80.0 1.749645 0.839792 22
5.497548 1400 80.0 1.719377 -0.814528 22
4.91015 650 80.0 2.384872 2.354328 22
6.001187 1030 80.0 2.001896 -0.238853 22
5.585779 1390 80.0 1.736607 -0.99522 22
4.973769 660 80.0 2.354177 2.287541 22
6.058697 1060 80.0 1.993911 -0.333386 22
5.335958 1390 80.0 1.686989 -0.294003 22
4.660808 740 80.0 2.376896 2.484574 22
5.853182 960 80.0 1.986521 -0.333197 22
5.283719 1470 80.0 1.634135 -0.456008 22
4.548563 910 80.0 2.109583 2.336753 22
5.77071 1030 80.0 1.845702 -0.430574 22
5.517087 1420 80.0 1.703753 -0.961039 22
4.923611 670 80.0 2.3409 2.328238 22
6.023111 1050 80.0 1.989543 -0.407052 22
5.388483 1460 80.0 1.661584 -0.743819 22
4.677833 830 80.0 2.173757 2.27224 22
5.900001 1050 80.0 1.925316 -0.444497 22
5.578358 1410 80.0 1.720213 -1.059494 22
4.952922 680 80.0 2.075223 2.299914 22
6.07201 1060 80.0 2.013919 -0.383636 22
5.401629 1410 80.0 1.704943 -0.606063 22
4.775849 700 80.0 2.357533 2.387249 22
5.91461 1010 80.0 1.96752 -0.300079 22
5.452743 1430 80.0 1.69916 -0.843146 22
4.858336 680 80.0 2.364063 2.341178 22
5.970244 1040 80.0 1.964686 -0.400518 22
5.435842 1420 80.0 1.68724 -0.691001 22
4.801448 710 80.0 2.333727 2.3451 22
5.945755 1030 80.0 1.953106 -0.336548 22
5.199378 1520 80.0 1.586541 1.630186 22
4.471247 980 80.0 2.045783 2.304501 22
5.654822 1060 80.0 1.753012 -0.630534 22
5.342371 1480 80.0 1.655583 -0.752397 22
4.611692 880 80.0 2.123274 2.26446 22
5.838069 1060 80.0 1.866807 -0.533759 22
5.430863 1440 80.0 1.685863 -0.792282 22
4.801149 720 80.0 2.313225 2.334926 22
5.969215 1030 80.0 1.974592 -0.39783 22
5.490714 1430 80.0 1.695303 -0.920659 22
4.85517 710 80.0 2.290064 2.314307 22
5.997379 1050 80.0 1.946248 -0.453907 22
5.552568 1420 80.0 1.708225 -1.003085 22
4.909359 700 80.0 2.29909 2.280562 22
6.014315 1080 80.0 1.92539 -0.467043 22
5.448833 1440 80.0 1.693398 -0.875363 22
4.811497 730 80.0 2.303198 2.318806 22
5.950193 1050 80.0 1.949509 -0.380291 22
5.308877 1490 80.0 1.625728 -0.618188 22
4.586648 890 80.0 2.118647 2.274392 22
5.812907 1050 80.0 1.83426 -0.579987 22
5.536351 1440 80.0 1.705391 -1.1259 22
4.949999 680 80.0 2.309663 2.271739 22
6.024655 1080 80.0 1.937369 -0.428924 22
5.265491 1460 80.0 1.63059 -0.386224 22
4.54454 890 80.0 2.16035 2.379119 22
5.717655 1030 80.0 1.838724 -0.575831 22
5.233409 1500 80.0 1.610639 -0.466593 22
4.487514 970 80.0 2.054929 2.304554 22
5.673394 1060 80.0 1.750722 -0.580095 22
5.55517 1420 80.0 1.715149 -1.056325 22
4.894118 720 80.0 2.241463 2.256754 22
6.024358 1080 80.0 1.929532 -0.415284 22
5.445986 1430 80.0 1.690945 -0.781108 22
4.778653 750 80.0 2.267252 2.312634 22
5.958631 1040 80.0 1.975369 -0.407055 22
5.410258 1430 80.0 1.678751 -0.648001 22
4.759871 740 80.0 2.328235 2.308381 22
5.901563 1040 80.0 1.937061 -0.367116 22
5.392468 1440 80.0 1.671289 -0.651557 22
4.710652 780 80.0 2.274188 2.318141 22
5.887224 1040 80.0 1.93687 -0.42324 22
5.444336 1440 80.0 1.683366 -0.816931 22
4.753926 780 80.0 2.231365 2.260621 22
5.926492 1060 80.0 1.908928 -0.468817 22
5.374226 1460 80.0 1.670529 -0.752865 22
4.717306 780 80.0 2.239662 2.314519 22
5.894356 1040 80.0 1.912003 -0.392936 22
5.383289 1450 80.0 1.671269 -0.703298 22
4.741002 750 80.0 2.301882 2.317193 22
5.871532 1050 80.0 1.88314 -0.416733 22
5.399897 1450 80.0 1.671894 -0.747 22
4.71801 790 80.0 2.218629 2.301267 22
5.89933 1050 80.0 1.929881 -0.368735 22
5.343967 1470 80.0 1.653826 -0.658747 22
4.673269 810 80.0 2.238075 2.312549 22
5.877737 1030 80.0 1.92713 -0.385925 22
5.390481 1450 80.0 1.678578 -0.752576 22
4.701838 800 80.0 2.223875 2.278891 22
5.883301 1050 80.0 1.887702 -0.365439 22
5.39799 1450 80.0 1.672986 -0.750381 22
4.703372 800 80.0 2.204378 2.277861 22
5.876996 1060 80.0 1.852577 -0.398288 22
5.517809 1440 80.0 1.703541 -1.068079 22
4.569048 1040 80.0 1.660218 2.242909 22
5.997085 1080 80.0 1.872317 -0.43789 22
5.395182 1450 80.0 1.672681 -0.748947 22
4.691722 810 80.0 2.190743 2.280721 22
5.888597 1050 80.0 1.868457 -0.412357 22
5.397557 1450 80.0 1.67547 -0.75217 22
4.694539 810 80.0 2.191436 2.277931 22
5.891591 1050 80.0 1.868091 -0.33625 22
5.406126 1450 80.0 1.676472 -0.797166 22
4.719277 790 80.0 2.214464 2.285978 22
5.891024 1060 80.0 1.850686 -0.408582 22
5.392877 1470 80.0 1.662762 -0.847551 22
4.759097 760 80.0 2.257181 2.277496 22
5.903836 1060 80.0 1.902757 -0.517727 22
5.398134 1450 80.0 1.672873 -0.750268 22
4.693816 810 80.0 2.188504 2.277741 22
5.87721 1060 80.0 1.851603 -0.397152 22
5.392925 1470 80.0 1.662729 -0.847524 22
4.706838 810 80.0 2.181232 2.277463 22
5.9039 1060 80.0 1.902466 -0.517391 22
5.370727 1470 80.0 1.658196 -0.75242 22
4.66276 840 80.0 2.177836 2.264056 22
5.883659 1050 80.0 1.8861 -0.363544 22
5.368119 1470 80.0 1.658256 -0.750779 22
4.658673 840 80.0 2.178694 2.266149 22
5.881083 1050 80.0 1.889345 -0.365246 22
5.365071 1470 80.0 1.658673 -0.747741 22
4.659231 840 80.0 2.180179 2.268123 22
5.876859 1050 80.0 1.852841 -0.372764 22
5.368164 1470 80.0 1.658221 -0.750751 22
4.658702 840 80.0 2.178658 2.266111 22
5.881152 1050 80.0 1.889053 -0.364901 22
5.412824 1470 80.0 1.658011 -0.842265 22
4.749382 780 80.0 2.24666 2.237589 22
5.915257 1070 80.0 1.857455 -0.471603 22
5.365129 1470 80.0 1.65863 -0.747706 22
4.65927 840 80.0 2.180134 2.268076 22
5.876941 1050 80.0 1.852465 -0.372323 22
5.38798 1460 80.0 1.662792 -0.750121 22
4.653414 850 80.0 2.142355 2.262926 22
5.877478 1060 80.0 1.85035 -0.395689 22
5.381413 1470 80.0 1.657901 -0.792205 22
4.655656 850 80.0 2.158608 2.257592 22
5.883737 1060 80.0 1.85303 -0.409916 22
5.490542 1460 80.0 1.681834 -1.073886 22
4.800399 780 80.0 2.205399 2.185413 22
5.969819 1090 80.0 1.90312 -0.569144 22
5.472445 1470 80.0 1.670001 -1.084774 22
4.802926 770 80.0 2.222526 2.193619 22
5.958888 1090 80.0 1.866363 -0.564505 22
5.452412 1480 80.0 1.663205 -1.024452 22
4.789692 780 80.0 2.211473 2.19511 22
5.963534 1080 80.0 1.848354 -0.510514 22
5.438295 1460 80.0 1.667196 -0.869837 22
4.709414 830 80.0 2.136416 2.20503 22
5.909736 1080 80.0 1.890278 -0.475202 22
5.375657 1480 80.0 1.64634 -0.79685 22
4.658949 850 80.0 2.153123 2.242018 22
5.872168 1070 80.0 1.847864 -0.482044 22
5.370011 1480 80.0 1.649663 -0.79559 22
4.637227 870 80.0 2.126395 2.242967 22
5.864363 1070 80.0 1.864276 -0.507091 22
5.36568 1490 80.0 1.636777 -0.798271 22
4.589905 920 80.0 2.04161 2.199284 22
5.814808 1100 80.0 1.752105 -0.563671 22
5.367348 1480 80.0 1.642859 -0.749906 22
4.643917 860 80.0 2.126134 2.262684 22
5.839708 1080 80.0 1.800841 -0.471763 22
5.34409 1490 80.0 1.628259 -0.696065 22
4.617664 880 80.0 2.11682 2.255512 22
5.839011 1070 80.0 1.802307 -0.526039 22
5.358809 1490 80.0 1.63183 -0.746399 22
4.619125 890 80.0 2.09361 2.228153 22
5.843697 1080 80.0 1.827739 -0.440475 22
5.367409 1480 80.0 1.642807 -0.74985 22
4.65307 850 80.0 2.157943 2.23436 22
5.839817 1080 80.0 1.800352 -0.471201 22
5.353673 1490 80.0 1.631589 -0.741731 22
4.601244 900 80.0 2.081715 2.221937 22
5.835828 1080 80.0 1.797547 -0.533601 22
5.347381 1480 80.0 1.647105 -0.706443 22
4.599297 900 80.0 2.088469 2.231217 22
5.804078 1080 80.0 1.818796 -0.53907 22
5.40642 1480 80.0 1.670614 -0.929406 22
4.64886 880 80.0 2.09442 2.186197 22
5.875673 1090 80.0 1.793164 -0.458332 22
