1.641026 430 80.0 7.222821 -4.061779 18
0.253781 520 80.0 6.36678 -6.017461 18
1.446983 530 80.0 7.217756 -4.049822 18
-0.073369 640 80.0 6.118043 -5.975148 18
1.684918 400 80.0 7.223944 -4.042766 18
0.316984 480 80.0 6.402725 -5.999314 18
1.738968 390 80.0 7.224432 -4.023933 18
0.279557 480 80.0 6.399291 -6.012713 18
1.577147 440 80.0 7.22385 -4.078514 18
0.288205 520 80.0 6.366235 -6.018936 18
1.572969 410 80.0 7.22114 -4.067226 18
0.306512 480 80.0 6.400075 -5.999679 18
-0.554259 1390 80.0 7.832337 -5.51799 18
1.373723 590 80.0 7.319528 -4.04267 18
-0.000894 720 80.0 6.015553 -5.919872 18
1.611608 400 80.0 7.222837 -4.060268 18
0.318706 470 80.0 6.405073 -5.990233 18
-0.460942 1370 80.0 7.911182 -5.520938 18
1.397219 570 80.0 7.214391 -4.06989 18
0.028393 680 80.0 6.081933 -5.932785 18
1.455721 530 80.0 7.232166 -4.071001 18
0.086676 620 80.0 6.153411 -5.934028 18
1.446944 510 80.0 7.237525 -4.075498 18
-0.010495 610 80.0 6.179266 -5.964028 18
1.711658 460 80.0 7.22137 -4.045916 18
0.312019 540 80.0 6.343551 -6.028236 18
1.475312 540 80.0 7.232184 -4.068204 18
0.1122 630 80.0 6.153297 -5.9426 18
-0.596637 1360 80.0 7.841094 -5.528712 18
1.27936 540 80.0 7.182304 -4.04248 18
-0.112536 670 80.0 6.00652 -5.927046 18
1.742999 390 80.0 7.218058 -4.023495 18
0.28377 480 80.0 6.377262 -6.013054 18
1.679089 540 80.0 7.271624 -4.069139 18
0.287902 620 80.0 6.263315 -5.999137 18
1.663867 560 80.0 7.262793 -4.083942 18
0.271306 640 80.0 6.261219 -5.954422 18
-0.688694 1390 80.0 7.737298 -5.527805 18
1.124307 570 80.0 7.26835 -4.050375 18
1.247627 490 80.0 5.894491 -8.089413 18
1.734272 410 80.0 7.217315 -4.040493 18
0.315018 500 80.0 6.375999 -6.020954 18
1.703886 430 80.0 7.214565 -4.059618 18
0.229157 510 80.0 6.352662 -6.043099 18
1.542072 450 80.0 7.202383 -4.05448 18
0.122924 530 80.0 6.292969 -6.017962 18
1.317671 530 80.0 7.204384 -4.067108 18
8.9e-05 650 80.0 6.084395 -5.957802 18
1.69804 430 80.0 7.214827 -4.06088 18
0.31244 520 80.0 6.370735 -6.041974 18
1.736387 410 80.0 7.21732 -4.040256 18
0.317232 500 80.0 6.376058 -6.021163 18
1.736775 410 80.0 7.217325 -4.040211 18
0.317638 500 80.0 6.376071 -6.021202 18
1.771826 410 80.0 7.214628 -4.045028 18
0.253068 490 80.0 6.373472 -6.0247 18
1.262065 530 80.0 7.201962 -4.090318 18
0.012576 640 80.0 6.088022 -5.952239 18
-0.519469 1360 80.0 7.857052 -5.516421 18
1.299565 560 80.0 7.191453 -4.079881 18
-0.023721 680 80.0 6.049 -5.948434 18
1.738316 410 80.0 7.213843 -4.04004 18
0.116936 480 80.0 6.351599 -6.021357 18
-0.746993 1360 80.0 7.728579 -5.530522 18
1.190424 560 80.0 7.272903 -4.048704 18
-0.284572 680 80.0 5.866794 -5.898636 18
1.773819 410 80.0 7.214635 -4.04481 18
0.045815 470 80.0 6.337386 -6.024863 18
1.490162 520 80.0 7.252166 -4.077362 18
0.045131 600 80.0 6.21535 -6.010753 18
1.260961 530 80.0 7.202563 -4.086697 18
-0.066492 650 80.0 6.082451 -5.967267 18
1.716149 420 80.0 7.208075 -4.048036 18
0.120862 490 80.0 6.337564 -6.026507 18
1.759977 400 80.0 7.209002 -4.033482 18
0.121033 470 80.0 6.341654 -6.010428 18
1.585028 560 80.0 7.248682 -4.071967 18
0.240422 650 80.0 6.215586 -5.94205 18
1.564954 420 80.0 7.205875 -4.063615 18
0.199087 510 80.0 6.30378 -6.020676 18
1.741415 410 80.0 7.206694 -4.039689 18
0.120071 480 80.0 6.339434 -6.021663 18
1.736034 410 80.0 7.207219 -4.041487 18
0.116985 480 80.0 6.338536 -6.018422 18
1.512733 440 80.0 7.200332 -4.043825 18
0.177308 530 80.0 6.299563 -6.019748 18
1.507996 550 80.0 7.237826 -4.063974 18
-0.002003 660 80.0 6.169742 -5.967217 18
1.597223 400 80.0 7.201139 -4.047276 18
0.068931 480 80.0 6.335096 -6.019822 18
1.526465 530 80.0 7.242997 -4.066939 18
0.163914 640 80.0 6.1871 -5.977369 18
-0.689371 1340 80.0 7.772208 -5.524561 18
1.245737 540 80.0 7.158153 -4.041274 18
-0.223726 660 80.0 5.936893 -5.936359 18
1.503813 400 80.0 7.197217 -4.053499 18
0.070996 490 80.0 6.320761 -6.027503 18
1.496668 410 80.0 7.198281 -4.064476 18
0.045613 480 80.0 6.320775 -6.036138 18
-0.442631 1390 80.0 7.952653 -5.532633 18
1.429107 570 80.0 7.226784 -4.064043 18
0.128794 690 80.0 6.126252 -5.932601 18
1.456784 560 80.0 7.23521 -4.085893 18
0.013655 660 80.0 6.1428 -5.96852 18
1.392123 490 80.0 7.224317 -4.059638 18
-0.08599 590 80.0 6.154484 -6.025078 18
1.532105 400 80.0 7.201086 -4.048604 18
0.096669 490 80.0 6.309668 -6.029462 18
1.270571 490 80.0 7.193495 -4.063916 18
-0.053111 610 80.0 6.108659 -5.962211 18
1.467602 430 80.0 7.184635 -4.046979 18
0.027466 510 80.0 6.244051 -6.040898 18
1.534518 420 80.0 7.193587 -4.073419 18
-0.057086 490 80.0 6.287067 -6.037686 18
1.494173 510 80.0 7.234305 -4.058603 18
0.048036 630 80.0 6.176315 -5.975235 18
-0.670653 1330 80.0 7.770442 -5.530466 18
1.124088 520 80.0 7.152987 -4.061184 18
-0.232685 640 80.0 5.946146 -5.950219 18
-0.674668 1330 80.0 7.784784 -5.531551 18
1.181676 530 80.0 7.162873 -4.064726 18
-0.158023 650 80.0 5.964162 -5.928432 18
1.416036 420 80.0 7.184713 -4.044043 18
0.044928 510 80.0 6.270207 -6.030231 18
1.335553 480 80.0 7.208103 -4.055399 18
-0.134505 580 80.0 6.128202 -6.01025 18
1.532372 470 80.0 7.188822 -4.046985 18
-0.121905 570 80.0 6.18143 -6.021509 18
1.464833 400 80.0 7.1888 -4.059278 18
-0.067943 480 80.0 6.281442 -6.043164 18
1.327394 470 80.0 7.168616 -4.077224 18
-0.208982 550 80.0 6.152177 -6.032315 18
1.400217 420 80.0 7.180017 -4.045219 18
0.038878 510 80.0 6.252985 -6.042844 18
1.319082 560 80.0 7.201257 -4.074262 18
-0.072421 650 80.0 6.033207 -5.929023 18
-0.683488 1310 80.0 7.744457 -5.523574 18
1.110374 520 80.0 7.138995 -4.068682 18
-0.313513 630 80.0 5.893164 -5.922853 18
1.389567 400 80.0 7.180031 -4.06302 18
-0.04088 490 80.0 6.276966 -6.021915 18
1.466569 400 80.0 7.181284 -4.053454 18
-0.036486 500 80.0 6.276474 -6.030993 18
1.272598 470 80.0 7.198545 -4.067623 18
-0.046088 570 80.0 6.115128 -5.996052 18
1.434494 520 80.0 7.220005 -4.063995 18
0.058478 610 80.0 6.129088 -5.941954 18
-0.740322 1330 80.0 7.7087 -5.516959 18
1.11842 550 80.0 7.203995 -4.07688 18
-0.374573 670 80.0 5.85986 -5.939273 18
1.429678 510 80.0 7.214053 -4.072807 18
-0.032707 610 80.0 6.13183 -5.949334 18
1.212015 510 80.0 7.178157 -4.084067 18
-0.1235 610 80.0 6.043593 -5.950296 18
-0.537462 1360 80.0 7.85056 -5.517489 18
1.315134 550 80.0 7.189485 -4.039698 18
-0.071514 680 80.0 6.033448 -5.940601 18
1.297544 510 80.0 7.203512 -4.077184 18
0.05851 620 80.0 6.112938 -5.947108 18
1.260364 520 80.0 7.198731 -4.086744 18
0.009568 630 80.0 6.088953 -5.952395 18
1.510407 400 80.0 7.179128 -4.045759 18
-0.190028 480 80.0 6.234783 -6.030584 18
1.475685 410 80.0 7.176448 -4.064889 18
-0.100058 480 80.0 6.23262 -6.02162 18
1.334884 510 80.0 7.203243 -4.071871 18
-0.062585 620 80.0 6.108804 -5.971617 18
1.400382 410 80.0 7.179442 -4.073424 18
-0.213019 480 80.0 6.218982 -6.030944 18
1.281087 510 80.0 7.197346 -4.080592 18
-0.043242 610 80.0 6.077912 -5.945954 18
1.314384 390 80.0 7.168 -4.064664 18
-0.098252 480 80.0 6.232817 -6.021836 18
1.360366 420 80.0 7.161455 -4.042766 18
-0.074456 520 80.0 6.196061 -6.032403 18
1.374061 400 80.0 7.165863 -4.056899 18
-0.114876 480 80.0 6.227826 -6.021001 18
1.240932 550 80.0 7.188541 -4.076229 18
-0.090862 650 80.0 6.026377 -5.919219 18
1.361502 400 80.0 7.16226 -4.05966 18
-0.137292 480 80.0 6.211133 -6.022357 18
-0.769422 1320 80.0 7.702207 -5.522426 18
0.986601 520 80.0 7.124207 -4.071249 18
-0.386256 640 80.0 5.853574 -5.90624 18
1.262772 520 80.0 7.185546 -4.074958 18
-0.213881 640 80.0 6.01948 -5.975345 18
1.394013 400 80.0 7.168618 -4.05359 18
-0.10149 480 80.0 6.229392 -6.024436 18
1.394257 400 80.0 7.168622 -4.053561 18
-0.101241 480 80.0 6.22942 -6.024466 18
1.162412 510 80.0 7.180682 -4.095408 18
-0.107436 620 80.0 6.030385 -5.941303 18
1.188681 520 80.0 7.174189 -4.080504 18
-0.078156 630 80.0 6.036438 -5.958241 18
1.162125 430 80.0 7.150572 -4.086562 18
-0.279775 510 80.0 6.127866 -6.023505 18
1.183728 400 80.0 7.149119 -4.04967 18
-0.211547 490 80.0 6.162938 -6.021703 18
1.188237 500 80.0 7.165132 -4.045576 18
-0.224214 630 80.0 5.986255 -5.965705 18
1.318652 430 80.0 7.145354 -4.039624 18
-0.24533 530 80.0 6.130299 -6.041256 18
1.217746 520 80.0 7.166421 -4.068823 18
-0.191089 630 80.0 5.980605 -5.952924 18
-0.590904 1320 80.0 7.810325 -5.519849 18
1.240494 520 80.0 7.165374 -4.052275 18
-0.236921 640 80.0 5.965381 -5.952949 18
-0.667336 1330 80.0 7.756975 -5.5245 18
1.220702 540 80.0 7.157593 -4.062871 18
-0.184753 670 80.0 5.959722 -5.930653 18
-0.587519 1320 80.0 7.812917 -5.524419 18
1.18304 510 80.0 7.166831 -4.048948 18
-0.233529 640 80.0 5.968584 -5.938632 18
-0.656184 1320 80.0 7.766695 -5.518703 18
1.207738 540 80.0 7.160306 -4.060907 18
-0.195565 650 80.0 5.95715 -5.93958 18
1.037978 500 80.0 7.13594 -4.096838 18
-0.324374 600 80.0 5.908615 -5.949115 18
-0.680215 1330 80.0 7.739321 -5.524882 18
1.13474 530 80.0 7.136233 -4.056066 18
-0.28823 660 80.0 5.900447 -5.944777 18
1.04328 470 80.0 7.157271 -4.094883 18
-0.326631 590 80.0 6.002099 -5.982668 18
-0.649003 1310 80.0 7.778426 -5.524867 18
1.184274 520 80.0 7.156756 -4.062644 18
-0.153511 640 80.0 5.965737 -5.923428 18
-0.689458 1320 80.0 7.760415 -5.518727 18
1.076431 530 80.0 7.148938 -4.065891 18
-0.281053 650 80.0 5.903094 -5.942018 18
1.082976 430 80.0 7.124619 -4.0779 18
-0.329378 530 80.0 6.075616 -6.03685 18
-0.642659 1320 80.0 7.784525 -5.523154 18
1.050923 510 80.0 7.143953 -4.065483 18
-0.165589 650 80.0 5.94486 -5.923071 18
1.091565 460 80.0 7.141807 -4.074346 18
-0.346419 570 80.0 5.962242 -5.968009 18
-0.778621 1290 80.0 7.669238 -5.522799 18
0.878847 490 80.0 7.107005 -4.078196 18
-0.365342 630 80.0 5.822706 -5.927177 18
-0.641873 1310 80.0 7.781252 -5.524982 18
1.081944 500 80.0 7.147192 -4.057209 18
-0.274683 620 80.0 5.939745 -5.934579 18
0.942757 500 80.0 7.122676 -4.075494 18
-0.364974 610 80.0 5.864841 -5.925049 18
1.103885 390 80.0 7.129523 -4.04908 18
-0.214345 490 80.0 6.141144 -6.035452 18
-0.709293 1320 80.0 7.756963 -5.53049 18
1.061354 530 80.0 7.144695 -4.102114 18
-0.229523 640 80.0 5.926472 -5.93871 18
1.138722 400 80.0 7.135005 -4.058989 18
-0.25712 490 80.0 6.13203 -6.012977 18
-0.707874 1300 80.0 7.74523 -5.523642 18
1.139886 520 80.0 7.145324 -4.060989 18
-0.280159 630 80.0 5.898947 -5.926432 18
-0.659993 1320 80.0 7.754858 -5.526366 18
1.084793 520 80.0 7.142333 -4.064078 18
-0.275489 640 80.0 5.925646 -5.944986 18
-0.724153 1320 80.0 7.741045 -5.527329 18
1.033898 530 80.0 7.137546 -4.096302 18
-0.259037 640 80.0 5.926536 -5.941533 18
-0.814577 1260 80.0 7.644871 -5.520318 18
0.932656 470 80.0 7.102057 -4.05141 18
-0.522138 600 80.0 5.806519 -5.95436 18
1.091085 500 80.0 7.142514 -4.05629 18
-0.268774 620 80.0 5.92084 -5.934793 18
-0.696501 1320 80.0 7.745065 -5.52437 18
1.060611 530 80.0 7.134778 -4.072489 18
-0.307326 650 80.0 5.895326 -5.932042 18
-0.758331 1320 80.0 7.718787 -5.525871 18
1.075095 510 80.0 7.129141 -4.05195 18
-0.283006 650 80.0 5.886774 -5.943925 18
-0.675718 1310 80.0 7.744222 -5.523757 18
1.123552 520 80.0 7.139445 -4.064508 18
-0.298425 630 80.0 5.893105 -5.921263 18
1.174277 410 80.0 7.127587 -4.048194 18
-0.333183 520 80.0 6.080475 -6.043587 18
1.152709 430 80.0 7.165947 -4.045187 18
-0.378725 550 80.0 6.051382 -6.044658 18
-0.708839 1320 80.0 7.746125 -5.533497 18
0.944055 510 80.0 7.130128 -4.101808 18
-0.289958 630 80.0 5.881619 -5.931155 18
-0.706356 1300 80.0 7.733646 -5.525245 18
1.088999 510 80.0 7.134574 -4.060731 18
-0.269547 630 80.0 5.901361 -5.9387 18
-0.745433 1310 80.0 7.716472 -5.530776 18
1.003852 520 80.0 7.135099 -4.101505 18
-0.225743 640 80.0 5.892134 -5.939685 18
-0.704585 1300 80.0 7.734858 -5.526691 18
1.030448 500 80.0 7.128099 -4.057368 18
-0.264654 630 80.0 5.893331 -5.941041 18
-0.68931 1310 80.0 7.727594 -5.519375 18
1.037822 510 80.0 7.128112 -4.058425 18
-0.257348 640 80.0 5.891701 -5.943635 18
1.113439 410 80.0 7.12588 -4.069856 18
-0.35738 490 80.0 6.09551 -6.034689 18
-0.706164 1300 80.0 7.732157 -5.523947 18
1.020718 500 80.0 7.125955 -4.060312 18
-0.276012 630 80.0 5.882324 -5.927567 18
-0.731372 1320 80.0 7.71111 -5.524479 18
1.071198 500 80.0 7.126264 -4.049842 18
-0.361217 630 80.0 5.878733 -5.929429 18
-0.713233 1300 80.0 7.717202 -5.524343 18
1.00223 500 80.0 7.125617 -4.064363 18
-0.299096 630 80.0 5.895592 -5.929447 18
-0.689909 1310 80.0 7.728777 -5.519487 18
1.039364 510 80.0 7.128428 -4.059494 18
-0.325019 630 80.0 5.876901 -5.926257 18
-0.704082 1310 80.0 7.726149 -5.524328 18
1.004408 510 80.0 7.127739 -4.066856 18
-0.364943 630 80.0 5.863454 -5.932421 18
-0.718574 1310 80.0 7.706908 -5.519409 18
1.035421 520 80.0 7.130541 -4.062335 18
-0.401186 630 80.0 5.853776 -5.946349 18
-0.749472 1290 80.0 7.717917 -5.525435 18
1.007488 500 80.0 7.125306 -4.064647 18
-0.361761 620 80.0 5.862787 -5.929985 18
-0.765114 1290 80.0 7.686031 -5.519557 18
1.033444 510 80.0 7.127366 -4.059343 18
-0.399233 620 80.0 5.8548 -5.942094 18
-0.734259 1300 80.0 7.699822 -5.525825 18
1.023188 510 80.0 7.127865 -4.062428 18
-0.416252 620 80.0 5.854526 -5.942766 18
-0.713688 1300 80.0 7.718414 -5.52447 18
1.00376 500 80.0 7.125651 -4.065619 18
-0.367419 620 80.0 5.844807 -5.929448 18
-0.746104 1300 80.0 7.710533 -5.524086 18
1.056009 520 80.0 7.127116 -4.059286 18
-0.377779 630 80.0 5.840146 -5.931577 18
-0.716289 1310 80.0 7.70822 -5.519581 18
1.040161 520 80.0 7.125181 -4.061976 18
-0.394444 630 80.0 5.839087 -5.945319 18
0.912454 470 80.0 7.102826 -4.067622 18
-0.471291 590 80.0 5.8044 -5.937476 18
0.919163 460 80.0 7.100388 -4.051772 18
-0.538077 590 80.0 5.810863 -5.950811 18
1.048814 450 80.0 7.143105 -4.07352 18
-0.391674 560 80.0 5.969741 -5.97257 18
-0.785148 1310 80.0 7.663212 -5.516921 18
1.003554 520 80.0 7.188713 -4.059212 18
-0.369745 660 80.0 5.821116 -5.946384 18
-0.795954 1300 80.0 7.686949 -5.528043 18
0.918254 510 80.0 7.11806 -4.095052 18
-0.394066 620 80.0 5.840557 -5.943569 18
-0.795921 1300 80.0 7.670046 -5.515683 18
0.943032 520 80.0 7.116432 -4.07168 18
-0.367567 650 80.0 5.822337 -5.936009 18
1.059262 460 80.0 7.13682 -4.070292 18
-0.21957 570 80.0 5.954289 -5.945723 18
-0.791534 1290 80.0 7.665866 -5.51973 18
0.916476 500 80.0 7.110611 -4.061753 18
-0.397605 630 80.0 5.836903 -5.947311 18
1.002937 430 80.0 7.102861 -4.084436 18
-0.407194 530 80.0 6.020774 -6.025985 18
1.073163 400 80.0 7.111554 -4.066523 18
-0.47388 490 80.0 6.035171 -6.039237 18
0.987882 450 80.0 7.125156 -4.070761 18
-0.226402 570 80.0 5.950015 -5.943699 18
-0.775262 1310 80.0 7.684494 -5.526312 18
1.00028 490 80.0 7.112254 -4.042756 18
-0.357233 630 80.0 5.844471 -5.944778 18
1.080053 400 80.0 7.102422 -4.041285 18
-0.426834 510 80.0 6.018507 -6.03388 18
0.954938 400 80.0 7.097995 -4.071105 18
-0.412355 510 80.0 6.045966 -6.02653 18
-0.798286 1310 80.0 7.662693 -5.523902 18
1.004211 500 80.0 7.114349 -4.053123 18
-0.365447 640 80.0 5.804305 -5.93289 18
-0.792444 1310 80.0 7.663538 -5.523912 18
1.019666 500 80.0 7.115078 -4.049259 18
-0.491477 620 80.0 5.789497 -5.94111 18
-0.787517 1300 80.0 7.657704 -5.517304 18
0.903943 510 80.0 7.106955 -4.067043 18
-0.417409 640 80.0 5.812443 -5.947148 18
0.994846 450 80.0 7.126716 -4.069945 18
-0.371382 550 80.0 5.917521 -5.94621 18
1.100117 390 80.0 7.105138 -4.035378 18
-0.434161 500 80.0 6.021619 -6.032422 18
0.940158 410 80.0 7.083598 -4.065689 18
-0.473506 530 80.0 5.995697 -6.038342 18
0.989148 440 80.0 7.118903 -4.048344 18
-0.37894 560 80.0 5.895443 -5.936143 18
-0.817556 1290 80.0 7.649337 -5.524377 18
0.979184 500 80.0 7.108999 -4.062144 18
-0.467045 630 80.0 5.786015 -5.949862 18
-0.843295 1290 80.0 7.626456 -5.523274 18
0.916274 500 80.0 7.173994 -4.063086 18
-0.46502 640 80.0 5.780694 -5.93252 18
-0.829606 1290 80.0 7.643641 -5.517152 18
0.951306 500 80.0 7.106843 -4.056418 18
-0.499332 630 80.0 5.771318 -5.947185 18
0.927236 390 80.0 7.091912 -4.072958 18
-0.452178 500 80.0 6.035269 -6.045608 18
0.874843 420 80.0 7.083652 -4.095765 18
-0.5578 520 80.0 5.958589 -6.042405 18
-0.84387 1300 80.0 7.635019 -5.532641 18
0.928498 490 80.0 7.104915 -4.047409 18
-0.512282 620 80.0 5.768259 -5.949523 18
1.024853 430 80.0 7.129875 -4.06158 18
-0.417301 520 80.0 5.924202 -6.004112 18
-0.84381 1290 80.0 7.627389 -5.516666 18
0.916308 500 80.0 7.169143 -4.052432 18
-0.467937 640 80.0 5.764786 -5.951748 18
0.963294 440 80.0 7.110642 -4.053635 18
-0.490414 570 80.0 5.871228 -5.967732 18
0.970832 440 80.0 7.111453 -4.07213 18
-0.409714 560 80.0 5.890834 -5.970935 18
0.793267 430 80.0 7.09258 -4.072066 18
-0.535531 560 80.0 5.838236 -5.947676 18
0.892179 460 80.0 7.103494 -4.064861 18
-0.416508 590 80.0 5.851606 -5.951859 18
-0.904795 1260 80.0 7.566262 -5.519209 18
0.723036 470 80.0 7.067672 -4.075727 18
-0.625827 600 80.0 5.68771 -5.929882 18
0.936036 450 80.0 7.108685 -4.071424 18
-0.366635 560 80.0 5.880827 -5.953529 18
0.945518 440 80.0 7.111432 -4.065536 18
-0.433181 560 80.0 5.882841 -5.962673 18
0.917797 420 80.0 7.120023 -4.069806 18
-0.375604 530 80.0 5.912891 -6.014597 18
-0.907341 1250 80.0 7.560673 -5.521536 18
0.618267 460 80.0 7.059571 -4.094682 18
-0.671282 580 80.0 5.655899 -5.947229 18
0.904919 430 80.0 7.106229 -4.071808 18
-0.40756 560 80.0 5.891195 -5.971364 18
0.894668 440 80.0 7.103913 -4.07218 18
-0.410641 570 80.0 5.888889 -5.958183 18
0.843833 440 80.0 7.101137 -4.075323 18
-0.391279 560 80.0 5.874784 -5.949765 18
0.871768 450 80.0 7.100797 -4.085054 18
-0.362855 570 80.0 5.881604 -5.941867 18
0.842005 430 80.0 7.098641 -4.073718 18
-0.395495 550 80.0 5.877517 -5.94568 18
0.89994 440 80.0 7.098917 -4.047158 18
-0.408911 570 80.0 5.854267 -5.956656 18
0.850029 400 80.0 7.065654 -4.067435 18
-0.574558 520 80.0 5.944667 -6.032526 18
0.844881 440 80.0 7.101163 -4.075152 18
-0.39016 560 80.0 5.874996 -5.950011 18
0.845107 440 80.0 7.101166 -4.075116 18
-0.389918 560 80.0 5.875038 -5.950064 18
-0.860588 1270 80.0 7.626256 -5.532439 18
0.884859 470 80.0 7.096151 -4.057499 18
-0.500289 590 80.0 5.770982 -5.940674 18
0.708658 440 80.0 7.068682 -4.076656 18
-0.636143 570 80.0 5.714981 -5.951551 18
0.863127 440 80.0 7.103673 -4.072104 18
-0.370432 560 80.0 5.877297 -5.951509 18
0.873683 450 80.0 7.100841 -4.084737 18
-0.513073 550 80.0 5.805599 -5.942354 18
0.863442 440 80.0 7.103673 -4.072052 18
-0.44601 550 80.0 5.838626 -5.951581 18
0.922501 430 80.0 7.100757 -4.065937 18
-0.536845 540 80.0 5.856253 -5.957355 18
0.870652 440 80.0 7.104815 -4.080093 18
-0.51485 540 80.0 5.808161 -5.938667 18
0.872976 440 80.0 7.10354 -4.081619 18
-0.516608 540 80.0 5.805667 -5.954584 18
0.855168 460 80.0 7.09209 -4.076361 18
-0.539869 580 80.0 5.783292 -5.956336 18
0.828938 440 80.0 7.089913 -4.080689 18
-0.493029 550 80.0 5.813103 -5.951791 18
0.854333 450 80.0 7.095615 -4.076881 18
-0.540303 550 80.0 5.803624 -5.943646 18
0.864515 440 80.0 7.098248 -4.07188 18
-0.444883 550 80.0 5.819911 -5.951831 18
1.780223 420 80.0 7.228886 -4.054423 18
0.24728 480 80.0 6.396691 -6.014423 18
-0.536864 1370 80.0 7.868129 -5.5191 18
1.346244 570 80.0 7.195544 -4.057864 18
-0.032298 700 80.0 6.025764 -5.916394 18
1.741169 390 80.0 7.22778 -4.021861 18
0.279215 480 80.0 6.400076 -6.001403 18
1.729358 410 80.0 7.223789 -4.041043 18
0.309874 500 80.0 6.387046 -6.020464 18
-0.545748 1410 80.0 7.856671 -5.524883 18
1.376374 610 80.0 7.337375 -4.079217 18
-0.063224 710 80.0 6.017052 -5.902873 18
1.665614 410 80.0 7.223664 -4.0598 18
0.312874 490 80.0 6.389864 -6.009879 18
1.753717 410 80.0 7.22262 -4.047324 18
0.234212 490 80.0 6.37169 -6.025752 18
1.683812 410 80.0 7.222517 -4.055074 18
0.234996 480 80.0 6.384965 -6.017425 18
1.731717 410 80.0 7.220634 -4.040778 18
0.312344 500 80.0 6.387128 -6.020702 18
1.73212 410 80.0 7.220638 -4.040734 18
0.312765 500 80.0 6.38714 -6.02074 18
1.697473 380 80.0 7.219511 -4.038038 18
0.364443 450 80.0 6.039451 -5.988304 18
1.722259 460 80.0 7.220042 -4.044389 18
0.231961 550 80.0 6.346651 -6.039235 18
1.73332 410 80.0 7.220644 -4.0406 18
0.31402 500 80.0 6.375967 -6.020861 18
1.733717 410 80.0 7.217311 -4.040556 18
0.314437 500 80.0 6.375978 -6.020898 18
1.734034 410 80.0 7.21731 -4.040519 18
0.314768 500 80.0 6.375988 -6.020931 18
1.746951 390 80.0 7.221383 -4.021233 18
0.285255 480 80.0 6.378088 -6.001984 18
1.769643 410 80.0 7.218077 -4.045268 18
0.250812 490 80.0 6.373413 -6.02452 18
-0.613669 1380 80.0 7.816048 -5.527365 18
1.302771 580 80.0 7.248246 -4.068095 18
-0.080314 690 80.0 5.99164 -5.903704 18
1.756081 400 80.0 7.216083 -4.033917 18
0.323653 490 80.0 6.378219 -6.010042 18
1.74299 420 80.0 7.210209 -4.051533 18
0.154715 490 80.0 6.356295 -6.035329 18
1.737318 410 80.0 7.217332 -4.040149 18
0.318205 500 80.0 6.376087 -6.021255 18
1.478601 460 80.0 7.192663 -4.061529 18
0.021602 550 80.0 6.244471 -6.037253 18
1.739113 410 80.0 7.215229 -4.040436 18
0.119221 480 80.0 6.339539 -6.020099 18
1.738082 400 80.0 7.216005 -4.036507 18
0.099912 470 80.0 6.351834 -6.010398 18
1.738928 410 80.0 7.210316 -4.039969 18
0.117554 480 80.0 6.351642 -6.021417 18
1.598676 430 80.0 7.206207 -4.075534 18
0.117627 510 80.0 6.319363 -6.035453 18
1.739838 410 80.0 7.210321 -4.039866 18
0.118475 480 80.0 6.339332 -6.021506 18
1.716149 420 80.0 7.208075 -4.048036 18
0.120862 490 80.0 6.337564 -6.026507 18
1.695352 420 80.0 7.212067 -4.049168 18
0.091612 490 80.0 6.33606 -6.028952 18
1.288768 530 80.0 7.188797 -4.074911 18
-0.109059 640 80.0 6.049252 -5.956319 18
1.597843 420 80.0 7.206385 -4.052768 18
0.105787 500 80.0 6.33281 -6.037202 18
1.741714 410 80.0 7.206695 -4.039658 18
0.120372 480 80.0 6.339452 -6.021694 18
1.576625 440 80.0 7.194798 -4.044465 18
0.147765 520 80.0 6.284398 -6.026843 18
-0.707543 1350 80.0 7.74609 -5.529845 18
1.117257 540 80.0 7.22144 -4.060296 18
-0.16623 670 80.0 5.917506 -5.927992 18
1.530495 400 80.0 7.201446 -4.047373 18
0.109982 490 80.0 6.33423 -6.029325 18
1.236202 510 80.0 7.178014 -4.058157 18
-0.1707 640 80.0 6.034839 -5.986701 18
1.590722 400 80.0 7.202035 -4.048679 18
0.056447 480 80.0 6.334175 -6.035007 18
1.574416 390 80.0 7.199372 -4.039407 18
0.122612 480 80.0 6.339594 -6.021913 18
1.541274 410 80.0 7.20037 -4.059954 18
0.125933 500 80.0 6.308308 -6.042662 18
-0.680394 1320 80.0 7.763025 -5.52191 18
1.155144 540 80.0 7.159462 -4.072691 18
-0.186862 660 80.0 5.9413 -5.923698 18
1.590619 390 80.0 7.200267 -4.036521 18
0.138939 480 80.0 6.340934 -6.027056 18
1.389611 490 80.0 7.217486 -4.069103 18
0.011812 580 80.0 6.158526 -5.995869 18
1.477528 420 80.0 7.199563 -4.069971 18
0.070262 490 80.0 6.318967 -6.027588 18
1.531205 400 80.0 7.199473 -4.049838 18
0.097251 490 80.0 6.309001 -6.027591 18
1.534584 400 80.0 7.193949 -4.046898 18
0.114252 490 80.0 6.307189 -6.029754 18
-0.648795 1320 80.0 7.768945 -5.521849 18
1.160588 530 80.0 7.157903 -4.068728 18
-0.181402 650 80.0 5.955654 -5.914146 18
1.43823 420 80.0 7.187554 -4.040256 18
-0.02396 500 80.0 6.259193 -6.027469 18
1.544969 410 80.0 7.192771 -4.05953 18
-0.070158 480 80.0 6.281225 -6.042979 18
1.363254 450 80.0 7.169751 -4.047301 18
-0.086252 560 80.0 6.188953 -6.043669 18
-0.644505 1350 80.0 7.818983 -5.539145 18
1.177845 520 80.0 7.165628 -4.066254 18
-0.165348 640 80.0 5.982656 -5.935019 18
1.463982 430 80.0 7.185131 -4.049561 18
0.021335 510 80.0 6.259804 -6.042185 18
-0.639434 1350 80.0 7.801672 -5.521843 18
1.268321 540 80.0 7.169356 -4.048434 18
-0.19934 660 80.0 5.969569 -5.933553 18
1.437538 540 80.0 7.216381 -4.069907 18
-0.081047 650 80.0 6.095703 -5.950857 18
1.431563 420 80.0 7.191884 -4.076189 18
-0.087485 480 80.0 6.263281 -6.021447 18
1.368926 410 80.0 7.18485 -4.070958 18
-0.049978 500 80.0 6.273156 -6.030558 18
1.3178 530 80.0 7.208236 -4.069207 18
-0.001613 650 80.0 6.09577 -5.942337 18
1.12148 510 80.0 7.157152 -4.070552 18
-0.226733 630 80.0 5.985314 -5.946035 18
1.478827 420 80.0 7.187003 -4.063688 18
0.02496 500 80.0 6.259404 -6.028177 18
1.230167 490 80.0 7.177895 -4.06382 18
-0.099409 590 80.0 6.048535 -5.937939 18
1.280447 520 80.0 7.191373 -4.063457 18
-0.111837 630 80.0 6.056885 -5.943145 18
-0.782983 1310 80.0 7.692997 -5.521895 18
1.066936 530 80.0 7.199295 -4.057877 18
-0.291857 670 80.0 5.864041 -5.942645 18
1.384531 400 80.0 7.177458 -4.063915 18
-0.052004 490 80.0 6.27562 -6.023431 18
1.472969 410 80.0 7.180586 -4.065232 18
-0.004847 490 80.0 6.262703 -6.021286 18
1.417155 410 80.0 7.173717 -4.059245 18
0.045579 500 80.0 6.254149 -6.036342 18
1.449811 410 80.0 7.174318 -4.057475 18
0.07328 500 80.0 6.25781 -6.020437 18
1.333819 440 80.0 7.164815 -4.054129 18
-0.06797 540 80.0 6.185394 -6.035487 18
1.335919 450 80.0 7.153556 -4.047892 18
-0.260152 560 80.0 6.107099 -6.027064 18
1.409205 410 80.0 7.176149 -4.063507 18
-0.070001 490 80.0 6.234425 -6.035943 18
1.510085 400 80.0 7.179124 -4.045797 18
-0.190351 480 80.0 6.234749 -6.03054 18
1.451685 400 80.0 7.177365 -4.055871 18
-0.050699 500 80.0 6.259317 -6.0321 18
1.350986 440 80.0 7.158265 -4.060693 18
-0.123624 550 80.0 6.170851 -6.031446 18
1.087632 510 80.0 7.139999 -4.059686 18
-0.267999 630 80.0 5.910951 -5.935209 18
1.330382 440 80.0 7.16486 -4.055551 18
-0.071658 540 80.0 6.193551 -6.034215 18
1.146866 450 80.0 7.184749 -4.069029 18
-0.217908 550 80.0 6.098877 -6.024018 18
1.313844 430 80.0 7.163062 -4.055697 18
-0.107926 530 80.0 6.195261 -6.038567 18
-0.776529 1320 80.0 7.674692 -5.521868 18
0.976102 520 80.0 7.12014 -4.08624 18
-0.470992 630 80.0 5.816712 -5.92842 18
1.259778 430 80.0 7.165004 -4.066515 18
-0.088512 520 80.0 6.19687 -6.017578 18
1.323205 410 80.0 7.168736 -4.046246 18
-0.054458 500 80.0 6.222585 -6.03174 18
-0.903778 1340 80.0 7.582909 -5.519186 18
0.887939 540 80.0 7.217721 -4.05472 18
1.086598 460 80.0 5.726884 -6.879209 18
1.342191 410 80.0 7.164379 -4.043182 18
-0.131735 490 80.0 6.21019 -6.031388 18
0.973184 490 80.0 7.120553 -4.077807 18
-0.401044 610 80.0 5.894106 -5.943168 18
1.381364 400 80.0 7.162673 -4.055073 18
-0.107931 480 80.0 6.228585 -6.022576 18
1.350731 400 80.0 7.161957 -4.060225 18
-0.0431 490 80.0 6.225477 -6.036282 18
1.294731 440 80.0 7.15545 -4.064232 18
-0.127986 540 80.0 6.173879 -6.03133 18
1.310474 400 80.0 7.161323 -4.047102 18
-0.089011 490 80.0 6.200883 -6.030103 18
1.276866 410 80.0 7.160713 -4.054652 18
-0.102451 500 80.0 6.197586 -6.036065 18
1.37019 400 80.0 7.16204 -4.057313 18
-0.123518 480 80.0 6.210815 -6.023598 18
1.338972 420 80.0 7.16241 -4.050007 18
-0.120193 500 80.0 6.195457 -6.021292 18
1.302994 400 80.0 7.161532 -4.047167 18
-0.094506 490 80.0 6.20035 -6.030842 18
1.284607 410 80.0 7.15966 -4.052658 18
-0.090341 500 80.0 6.198455 -6.037477 18
0.984304 480 80.0 7.138546 -4.089416 18
-0.309842 590 80.0 5.929566 -5.948334 18
1.224793 440 80.0 7.145492 -4.063546 18
-0.245809 550 80.0 6.128432 -6.051587 18
1.365632 410 80.0 7.158453 -4.041372 18
-0.109103 490 80.0 6.196552 -6.028625 18
1.256682 440 80.0 7.144971 -4.071189 18
-0.235787 530 80.0 6.121185 -6.040207 18
-0.778105 1310 80.0 7.68145 -5.530392 18
0.985802 510 80.0 7.122165 -4.06631 18
-0.38315 630 80.0 5.838098 -5.920829 18
1.145951 460 80.0 7.159412 -4.051206 18
-0.281797 590 80.0 6.0083 -5.968383 18
1.217325 440 80.0 7.150378 -4.078819 18
-0.189285 540 80.0 6.122804 -6.047548 18
1.210755 410 80.0 7.15347 -4.059626 18
-0.262451 490 80.0 6.148894 -6.012115 18
1.011672 490 80.0 7.117047 -4.05115 18
-0.360636 630 80.0 5.86646 -5.959541 18
1.182268 400 80.0 7.143825 -4.051443 18
-0.216162 490 80.0 6.162481 -6.021591 18
-0.761712 1300 80.0 7.680216 -5.518865 18
0.966388 510 80.0 7.115168 -4.077845 18
-0.412334 630 80.0 5.818871 -5.924119 18
-0.898052 1290 80.0 7.597561 -5.522801 18
0.942987 500 80.0 7.097832 -4.053886 18
-0.566703 620 80.0 5.738375 -5.922526 18
-0.788839 1320 80.0 7.654841 -5.515216 18
0.975796 530 80.0 7.184504 -4.070437 18
-0.334847 660 80.0 5.798435 -5.917517 18
0.910967 480 80.0 7.104244 -4.076811 18
-0.3247 600 80.0 5.840673 -5.94434 18
0.933098 470 80.0 7.112908 -4.066638 18
-0.449878 610 80.0 5.880552 -5.962516 18
1.223214 510 80.0 7.158807 -4.052075 18
-0.258951 630 80.0 5.981952 -5.966286 18
-0.773961 1310 80.0 7.696955 -5.523556 18
1.059022 500 80.0 7.122766 -4.052902 18
-0.373086 630 80.0 5.841428 -5.906381 18
1.160864 430 80.0 7.126846 -4.060023 18
-0.317437 540 80.0 6.067396 -6.032847 18
-0.678372 1310 80.0 7.770758 -5.523825 18
1.179974 530 80.0 7.154305 -4.065512 18
-0.16354 650 80.0 5.945073 -5.927506 18
-0.809153 1290 80.0 7.649725 -5.532639 18
0.904599 480 80.0 7.105062 -4.05738 18
-0.412907 610 80.0 5.818583 -5.93387 18
1.053834 520 80.0 7.145679 -4.080542 18
-0.238035 630 80.0 5.931752 -5.939611 18
-0.772211 1310 80.0 7.682858 -5.532506 18
1.007928 510 80.0 7.117108 -4.066156 18
-0.434075 620 80.0 5.823957 -5.94524 18
1.104069 400 80.0 7.134255 -4.06393 18
-0.197064 500 80.0 6.145194 -6.026198 18
1.144891 420 80.0 7.132859 -4.073375 18
-0.373865 510 80.0 6.089799 -6.042896 18
1.146657 450 80.0 7.170931 -4.079972 18
-0.393176 550 80.0 6.066349 -6.037545 18
1.082195 410 80.0 7.131549 -4.064306 18
-0.209951 510 80.0 6.124513 -6.034258 18
1.077275 400 80.0 7.127291 -4.057396 18
-0.218844 500 80.0 6.138278 -6.025514 18
1.09218 390 80.0 7.134934 -4.059925 18
-0.31097 480 80.0 6.123519 -6.021418 18
1.128947 380 80.0 7.128104 -4.048492 18
-0.293198 470 80.0 6.126662 -6.030597 18
1.097741 400 80.0 7.129665 -4.055036 18
-0.298474 490 80.0 6.127128 -6.030248 18
1.137287 440 80.0 7.153056 -4.062287 18
-0.379122 540 80.0 5.995431 -6.027921 18
-0.829943 1280 80.0 7.623951 -5.519103 18
0.851334 490 80.0 7.094383 -4.062848 18
-0.470614 620 80.0 5.764935 -5.943876 18
-0.805332 1290 80.0 7.648546 -5.523375 18
0.882158 500 80.0 7.10422 -4.080294 18
-0.436158 630 80.0 5.786698 -5.914403 18
1.151418 430 80.0 7.126908 -4.076994 18
-0.351429 520 80.0 6.075818 -6.033212 18
1.162924 410 80.0 7.124844 -4.067575 18
-0.37275 500 80.0 6.075007 -6.03815 18
1.032673 410 80.0 7.102899 -4.056625 18
-0.388335 530 80.0 6.036062 -6.053656 18
1.024814 440 80.0 7.159486 -4.090894 18
-0.359749 540 80.0 6.016056 -6.015249 18
0.939896 470 80.0 7.105725 -4.059129 18
-0.440231 610 80.0 5.830542 -5.938376 18
1.120503 410 80.0 7.124049 -4.053522 18
-0.322526 510 80.0 6.079468 -6.03668 18
-0.891592 1280 80.0 7.612572 -5.524453 18
0.923112 480 80.0 7.097295 -4.045276 18
-0.528414 610 80.0 5.749787 -5.949332 18
1.288235 320 80.0 7.148465 -4.024211 18
-0.218651 370 80.0 5.895985 -5.966369 18
-0.767782 1300 80.0 7.705139 -5.526937 18
0.917506 500 80.0 7.119868 -4.083092 18
-0.325318 620 80.0 5.872383 -5.933497 18
1.094582 390 80.0 7.115038 -4.036125 18
-0.351628 510 80.0 6.076619 -6.031432 18
-0.834234 1280 80.0 7.636968 -5.518712 18
0.898952 500 80.0 7.104947 -4.074819 18
-0.483938 620 80.0 5.780792 -5.927773 18
1.051333 440 80.0 7.14547 -4.071096 18
-0.302605 540 80.0 5.985929 -6.013031 18
-0.894105 1260 80.0 7.584004 -5.524012 18
0.811469 480 80.0 7.08556 -4.059443 18
-0.591003 600 80.0 5.728882 -5.931302 18
-0.84877 1280 80.0 7.620096 -5.532389 18
0.836321 490 80.0 7.093775 -4.095866 18
-0.5588 590 80.0 5.73646 -5.928497 18
-0.967131 1290 80.0 7.525584 -5.508134 18
0.821471 490 80.0 7.185916 -4.025689 18
0.839792 420 80.0 5.604601 -6.883698 18
1.041469 430 80.0 7.148291 -4.060545 18
-0.238853 540 80.0 6.001187 -6.003212 18
1.02805 400 80.0 7.109304 -4.067431 18
-0.333386 510 80.0 6.058697 -6.046703 18
-0.775791 1320 80.0 7.686481 -5.528008 18
1.031698 510 80.0 7.12314 -4.048162 18
-0.333197 650 80.0 5.853182 -5.946426 18
-0.859673 1260 80.0 7.620041 -5.525578 18
0.885014 480 80.0 7.094423 -4.06433 18
-0.430574 610 80.0 5.77071 -5.930519 18
1.005699 430 80.0 7.108702 -4.095742 18
-0.407052 530 80.0 6.023111 -6.026857 18
0.868697 430 80.0 7.106097 -4.067783 18
-0.444497 560 80.0 5.900001 -5.96276 18
1.072268 400 80.0 7.11654 -4.066642 18
-0.383636 500 80.0 6.07201 -6.039098 18
1.069041 470 80.0 7.129952 -4.051399 18
-0.300079 590 80.0 5.91461 -5.953327 18
0.977423 440 80.0 7.137737 -4.065161 18
-0.400518 560 80.0 5.970244 -5.98768 18
1.034914 450 80.0 7.131906 -4.072873 18
-0.336548 570 80.0 5.945755 -5.969952 18
-0.966721 1270 80.0 7.541586 -5.5241 18
0.711032 480 80.0 7.068135 -4.078257 18
-0.630534 610 80.0 5.654822 -5.927678 18
0.862081 450 80.0 7.100588 -4.074335 18
-0.533759 570 80.0 5.838069 -5.973807 18
0.981869 450 80.0 7.129921 -4.079924 18
-0.39783 570 80.0 5.969215 -5.964772 18
0.951854 420 80.0 7.141224 -4.078254 18
-0.453907 540 80.0 5.997379 -6.027495 18
1.001127 400 80.0 7.104119 -4.061784 18
-0.467043 500 80.0 6.014315 -6.04446 18
0.983999 430 80.0 7.135514 -4.07046 18
-0.380291 530 80.0 5.950193 -6.013806 18
0.820469 450 80.0 7.0871 -4.066636 18
-0.579987 590 80.0 5.812907 -5.9653 18
1.101296 390 80.0 7.104377 -4.034278 18
-0.428924 500 80.0 6.024655 -6.031147 18
-0.900665 1290 80.0 7.601254 -5.525213 18
0.824814 480 80.0 7.086312 -4.056339 18
-0.575831 620 80.0 5.717655 -5.947444 18
-0.915041 1260 80.0 7.563068 -5.523726 18
0.759977 480 80.0 7.077589 -4.070065 18
-0.580095 610 80.0 5.673394 -5.933696 18
0.961015 390 80.0 7.0947 -4.055143 18
-0.415284 500 80.0 6.024358 -6.016244 18
0.896299 430 80.0 7.128314 -4.06371 18
-0.407055 560 80.0 5.958631 -5.947497 18
0.931688 450 80.0 7.120381 -4.081172 18
-0.367116 560 80.0 5.901563 -5.937031 18
0.955758 460 80.0 7.116308 -4.070728 18
-0.42324 560 80.0 5.887224 -5.950216 18
0.901252 440 80.0 7.124578 -4.095665 18
-0.468817 540 80.0 5.926492 -6.004812 18
0.978203 460 80.0 7.117592 -4.077063 18
-0.392936 560 80.0 5.894356 -5.950883 18
0.956832 460 80.0 7.116177 -4.080773 18
-0.416733 560 80.0 5.871532 -5.951717 18
0.997388 450 80.0 7.121598 -4.069547 18
-0.368735 550 80.0 5.89933 -5.946775 18
0.855712 460 80.0 7.108842 -4.082295 18
-0.385925 580 80.0 5.877737 -5.963854 18
0.933275 450 80.0 7.109953 -4.080916 18
-0.365439 560 80.0 5.883301 -5.937423 18
0.975418 450 80.0 7.109079 -4.07414 18
-0.398288 550 80.0 5.876996 -5.945092 18
0.921322 400 80.0 7.084862 -4.077075 18
-0.43789 510 80.0 5.997085 -6.046699 18
0.960099 450 80.0 7.109116 -4.072442 18
-0.412357 570 80.0 5.888597 -5.957808 18
0.894566 440 80.0 7.10632 -4.07462 18
-0.33625 560 80.0 5.891591 -5.947165 18
0.971923 440 80.0 7.111477 -4.071962 18
-0.408582 560 80.0 5.891024 -5.97116 18
0.944055 430 80.0 7.114234 -4.062772 18
-0.517727 560 80.0 5.903836 -5.971741 18
0.840444 430 80.0 7.098606 -4.073969 18
-0.397152 550 80.0 5.87721 -5.945331 18
0.944383 430 80.0 7.114238 -4.062725 18
-0.517391 560 80.0 5.9039 -5.971817 18
0.867411 440 80.0 7.104748 -4.080624 18
-0.363544 560 80.0 5.883659 -5.937863 18
0.869742 440 80.0 7.103472 -4.071214 18
-0.365246 560 80.0 5.881083 -5.953832 18
0.860936 440 80.0 7.103633 -4.072458 18
-0.372764 560 80.0 5.876859 -5.950999 18
0.870066 440 80.0 7.103481 -4.071161 18
-0.364901 560 80.0 5.881152 -5.953906 18
0.914989 430 80.0 7.111937 -4.064034 18
-0.471603 550 80.0 5.915257 -5.956855 18
0.861352 440 80.0 7.103639 -4.07239 18
-0.372323 560 80.0 5.876941 -5.951094 18
0.841824 430 80.0 7.098636 -4.073748 18
-0.395689 550 80.0 5.877478 -5.945638 18
0.900695 430 80.0 7.106423 -4.059948 18
-0.409916 560 80.0 5.883737 -5.969882 18
0.81332 390 80.0 7.069438 -4.074546 18
-0.569144 500 80.0 5.969819 -6.032295 18
0.80918 400 80.0 7.072635 -4.090775 18
-0.564505 510 80.0 5.958888 -6.037652 18
0.845731 410 80.0 7.073193 -4.088499 18
-0.510514 520 80.0 5.963534 -6.028935 18
0.909982 410 80.0 7.10671 -4.058935 18
-0.475202 510 80.0 5.909736 -6.005406 18
0.907071 430 80.0 7.100918 -4.07147 18
-0.482044 550 80.0 5.872168 -5.971813 18
0.880385 430 80.0 7.100868 -4.064984 18
-0.507091 550 80.0 5.864363 -5.963487 18
0.838957 420 80.0 7.090194 -4.070255 18
-0.563671 540 80.0 5.814808 -5.955204 18
0.843855 430 80.0 7.09869 -4.073423 18
-0.471763 540 80.0 5.839708 -5.946096 18
0.867771 440 80.0 7.102821 -4.071103 18
-0.526039 560 80.0 5.839011 -5.968983 18
0.86797 430 80.0 7.100578 -4.068643 18
-0.440475 540 80.0 5.843697 -5.948053 18
0.84439 430 80.0 7.098707 -4.073339 18
-0.471201 540 80.0 5.839817 -5.946215 18
0.85819 430 80.0 7.09269 -4.067741 18
-0.533601 550 80.0 5.835828 -5.962204 18
0.918028 440 80.0 7.096749 -4.053803 18
-0.53907 550 80.0 5.804078 -5.945127 18
0.84708 410 80.0 7.098947 -4.069937 18
-0.458332 520 80.0 5.875673 -6.001154 18
