6.949528 1090 80.0 2.755152 2.913736 12
6.937064 1090 80.0 2.785479 3.013853 12
6.968088 1110 80.0 2.759962 2.885734 12
6.965878 1110 80.0 2.761835 2.886979 12
6.963931 1080 80.0 3.157394 2.91299 12
6.966218 1110 80.0 2.760397 2.879127 12
6.757982 1070 80.0 2.815884 3.04912 12
6.964611 1120 80.0 2.75963 2.875593 12
6.85869 1070 80.0 2.80555 3.043297 12
7.012126 1070 80.0 2.782679 3.031844 12
7.032122 1090 80.0 2.773869 3.017976 12
6.942756 1070 80.0 2.754493 2.92288 12
6.957115 1090 80.0 2.78284 3.022404 12
6.766914 1110 80.0 2.799255 3.014675 12
6.937125 1130 80.0 2.752356 2.872017 12
6.867335 1020 80.0 2.784874 3.067684 12
7.101241 1040 80.0 2.782875 3.064264 12
6.619616 1120 80.0 2.81911 3.017894 12
6.932945 1120 80.0 2.751424 2.876431 12
6.913681 1120 80.0 2.751609 2.875352 12
6.866692 1110 80.0 2.746455 2.88511 12
6.883297 1100 80.0 2.788369 3.013986 12
6.90696 1120 80.0 2.748261 2.876726 12
6.933152 1120 80.0 2.751303 2.876379 12
6.933189 1120 80.0 2.75128 2.87637 12
6.926599 1130 80.0 2.753802 2.86069 12
6.902468 1100 80.0 2.786023 3.005572 12
6.776381 1110 80.0 2.792387 3.017717 12
6.917827 1130 80.0 2.746807 2.869367 12
6.599925 1150 80.0 2.809354 2.58684 12
6.911387 1140 80.0 2.749322 2.860639 12
6.832973 1050 80.0 2.774592 3.033694 12
6.876977 1110 80.0 2.783053 3.006052 12
6.906593 1130 80.0 2.746896 2.859212 12
6.913321 1140 80.0 2.750714 2.845427 12
7.008647 1060 80.0 2.787789 3.052677 12
6.883493 1120 80.0 2.746299 2.876205 12
6.902483 1140 80.0 2.74663 2.848657 12
6.902515 1140 80.0 2.746985 2.849036 12
6.856493 1120 80.0 3.118955 2.876457 12
6.992649 1050 80.0 2.794155 3.05708 12
6.897811 1140 80.0 2.748958 2.850718 12
7.002295 1080 80.0 2.778756 3.036327 12
6.683251 1150 80.0 2.787031 2.599764 12
6.869775 1150 80.0 2.7452 2.846539 12
6.86314 1160 80.0 2.745907 2.837864 12
6.930443 1040 80.0 2.801128 3.068665 12
6.935614 1080 80.0 2.7899 3.039265 12
6.727826 1110 80.0 2.765386 2.98752 12
6.872293 1150 80.0 2.744962 2.846069 12
6.891665 1140 80.0 2.766239 2.97431 12
6.805512 1150 80.0 2.734027 2.852064 12
6.870049 1140 80.0 2.742894 2.851823 12
6.996133 1100 80.0 2.770503 3.014091 12
6.68947 1160 80.0 2.787909 2.551172 12
6.730795 1140 80.0 2.789436 2.619711 12
6.832411 1140 80.0 2.74066 2.855729 12
6.6952 1130 80.0 2.759658 2.966019 12
6.757674 1120 80.0 2.749985 2.984965 12
6.844119 1160 80.0 2.739091 2.836658 12
6.718779 1150 80.0 2.740483 2.955396 12
6.811861 1150 80.0 2.73721 2.850509 12
6.811572 1110 80.0 2.790387 3.016819 12
6.649197 1180 80.0 2.779366 2.491753 12
6.822356 1170 80.0 2.737634 2.831772 12
6.809953 1170 80.0 2.734951 2.835712 12
6.662032 1150 80.0 2.755661 2.95542 12
6.922704 1120 80.0 2.772916 2.996013 12
6.586236 1170 80.0 2.795832 2.49646 12
6.938808 1120 80.0 2.771574 2.98876 12
6.800992 1160 80.0 2.770262 2.61018 12
6.799244 1090 80.0 2.795618 4.406501 12
6.905229 1120 80.0 2.773654 2.993553 12
6.897239 1110 80.0 2.781026 2.998093 12
6.796501 1180 80.0 2.733081 2.821644 12
6.798381 1170 80.0 2.734252 2.82577 12
6.876651 1140 80.0 2.76733 2.986623 12
6.795916 1180 80.0 3.43882 2.82177 12
6.861237 1140 80.0 2.771432 2.984058 12
6.780446 1180 80.0 2.734144 2.819994 12
6.743438 1170 80.0 2.727096 2.835182 12
6.758265 1190 80.0 2.731539 2.816711 12
6.764206 1130 80.0 2.788426 3.002688 12
6.757902 1190 80.0 2.732479 2.811083 12
6.568605 1200 80.0 2.788746 2.406876 12
6.820988 1130 80.0 2.783598 2.988815 12
6.760476 1190 80.0 2.731228 2.288273 12
6.742186 1200 80.0 2.727898 2.288256 12
6.828525 1140 80.0 2.777232 2.978895 12
6.759013 1170 80.0 2.773321 2.561091 12
6.689792 1190 80.0 2.723404 2.313399 12
6.712872 1200 80.0 2.725659 2.258744 12
6.743909 1160 80.0 2.779572 2.612419 12
6.668438 1190 80.0 2.72885 2.500216 12
6.743273 1150 80.0 2.786492 2.578869 12
6.744798 1150 80.0 2.787733 2.606526 12
6.694017 1140 80.0 2.789088 2.62872 12
6.726956 1160 80.0 2.785763 2.5649 12
6.702707 1150 80.0 2.783154 2.578776 12
6.668367 1210 80.0 2.76994 2.41 12
6.664357 1150 80.0 2.790922 2.536215 12
6.781205 1200 80.0 2.754086 2.44798 12
6.688576 1170 80.0 2.781447 2.541502 12
6.664456 1160 80.0 2.785815 2.570642 12
6.613228 1210 80.0 2.728603 2.406495 12
6.669042 1170 80.0 2.786367 2.534824 12
6.73359 1220 80.0 2.752547 2.393022 12
6.548944 1220 80.0 2.775371 2.339781 12
6.697089 1170 80.0 2.784787 2.525395 12
6.609465 1210 80.0 2.775725 2.427816 12
6.671577 1220 80.0 2.722833 2.192018 12
6.666556 1170 80.0 2.783921 2.522157 12
6.665313 1220 80.0 3.653529 2.166261 12
6.652769 1180 80.0 2.782459 2.535347 12
6.665365 1170 80.0 2.780519 2.535444 12
6.666279 1170 80.0 2.779738 2.522274 12
6.540891 1250 80.0 2.771791 2.197337 12
6.675147 1180 80.0 2.782041 2.511892 12
6.616539 1180 80.0 2.785296 2.504351 12
6.623441 1180 80.0 2.783049 2.486583 12
6.646509 1180 80.0 2.783492 2.493441 12
6.612129 1220 80.0 2.722997 2.428819 12
6.598629 1200 80.0 2.738084 2.432152 12
6.653291 1180 80.0 2.777704 2.491033 12
6.656364 1180 80.0 2.781564 2.476996 12
6.626145 1190 80.0 2.781007 2.451403 12
6.663262 1180 80.0 2.781127 2.474447 12
6.626965 1190 80.0 2.77692 2.45094 12
6.629871 1230 80.0 3.639214 2.174145 12
6.632936 1190 80.0 2.779573 2.478261 12
6.614162 1190 80.0 2.784806 2.441344 12
6.628803 1190 80.0 2.775686 2.477748 12
6.629033 1190 80.0 2.776631 2.449851 12
6.594763 1200 80.0 2.779813 2.397437 12
6.585678 1200 80.0 2.779444 2.444463 12
6.590284 1210 80.0 2.772715 2.420289 12
6.582989 1210 80.0 2.774512 2.437256 12
6.583045 1210 80.0 2.775227 2.393559 12
6.632002 1190 80.0 2.780673 2.419386 12
6.590539 1200 80.0 2.778089 2.428118 12
6.589229 1200 80.0 2.778652 2.397449 12
6.517029 1260 80.0 2.773213 2.16495 12
6.560186 1250 80.0 2.769702 2.204984 12
6.754635 1230 80.0 2.741496 2.351989 12
6.53892 1200 80.0 2.789227 2.358822 12
6.60667 1200 80.0 2.776534 2.392584 12
6.535339 1210 80.0 2.781912 2.411414 12
6.662003 1250 80.0 2.749972 2.353099 12
6.565735 1210 80.0 2.776793 2.341176 12
6.558757 1230 80.0 2.730844 2.340571 12
6.591551 1240 80.0 3.595438 2.075145 12
6.679402 1240 80.0 2.750128 2.365403 12
6.574018 1210 80.0 2.781863 2.323276 12
6.546941 1250 80.0 2.721226 2.287797 12
6.532825 1260 80.0 3.606005 2.316676 12
6.532915 1220 80.0 2.78459 2.315381 12
6.536559 1220 80.0 2.783925 2.344622 12
6.522107 1220 80.0 2.780124 2.334282 12
6.662447 1250 80.0 3.148514 2.338571 12
6.565085 1250 80.0 3.623181 2.310972 12
6.513918 1250 80.0 2.728156 2.268564 12
6.641665 1250 80.0 3.14324 2.329931 12
6.533149 1220 80.0 2.778603 2.280519 12
6.489794 1230 80.0 3.806243 2.258742 12
6.499256 1230 80.0 3.803007 2.303397 12
6.519651 1270 80.0 3.128856 2.284957 12
6.51412 1250 80.0 2.729521 2.228449 12
6.470665 1250 80.0 3.793467 2.187157 12
6.490908 1240 80.0 2.739259 2.254903 12
6.490492 1230 80.0 3.811356 2.258189 12
6.612469 1260 80.0 3.16731 2.181673 12
6.62907 1270 80.0 2.744735 2.214582 12
6.596817 1270 80.0 2.750426 2.134279 12
6.581838 1250 80.0 2.765043 2.228077 12
6.398054 1290 80.0 2.769423 2.048819 12
6.624633 1260 80.0 3.031704 2.223973 12
6.621344 1270 80.0 2.74671 2.26441 12
6.462882 1250 80.0 2.742573 2.215919 12
6.380199 1310 80.0 3.154306 1.954203 12
6.629458 1270 80.0 2.744596 2.169101 12
6.608819 1270 80.0 2.749508 2.159458 12
6.616756 1260 80.0 2.752825 2.227171 12
6.584146 1270 80.0 3.15462 2.153774 12
6.615953 1270 80.0 2.748215 2.142334 12
6.599 1260 80.0 3.156316 2.186578 12
6.421864 1290 80.0 3.619567 2.157877 12
6.616972 1260 80.0 2.752752 2.134027 12
6.617025 1260 80.0 2.752734 2.134005 12
6.480752 1270 80.0 2.76835 2.119863 12
6.597237 1270 80.0 2.750191 2.134077 12
6.584552 1270 80.0 2.753836 2.12213 12
6.597296 1270 80.0 2.750168 2.134046 12
6.632654 1270 80.0 2.743237 2.1382 12
6.583372 1280 80.0 2.749538 2.098595 12
6.538459 1300 80.0 2.747556 2.082996 12
6.486585 1290 80.0 2.762438 2.089906 12
6.54732 1290 80.0 2.750057 2.086447 12
6.539508 1290 80.0 3.028994 2.087344 12
6.532631 1300 80.0 2.748195 2.085289 12
6.965227 1110 80.0 2.762693 2.887574 12
6.797478 1080 80.0 2.806082 3.03407 12
6.965849 1110 80.0 2.762638 2.88633 12
6.961175 1100 80.0 2.756426 2.898558 12
6.815393 1040 80.0 2.819016 3.075212 12
6.957552 1110 80.0 2.756129 2.888312 12
6.938578 1120 80.0 2.755036 2.882682 12
6.962552 1110 80.0 2.759058 2.887824 12
6.932693 1120 80.0 2.751572 2.883717 12
6.932732 1120 80.0 2.751548 2.883707 12
6.943656 1150 80.0 3.167941 2.847114 12
6.914391 1090 80.0 2.748466 2.916228 12
6.93285 1120 80.0 2.751479 2.883676 12
6.932889 1120 80.0 2.751456 2.876445 12
6.93292 1120 80.0 2.751438 2.876436 12
6.937239 1130 80.0 2.753062 2.871333 12
6.941648 1120 80.0 2.753919 2.874904 12
6.742697 1090 80.0 2.812934 3.024924 12
6.928138 1130 80.0 2.750933 2.866502 12
6.927401 1120 80.0 2.753831 2.864604 12
6.917735 1130 80.0 2.746862 2.876358 12
6.80762 1120 80.0 2.737003 2.890091 12
6.901992 1140 80.0 2.747137 2.862704 12
6.910937 1140 80.0 2.751698 2.859812 12
6.917883 1130 80.0 2.746772 2.862434 12
6.895683 1120 80.0 2.744492 2.873091 12
6.902318 1140 80.0 2.746721 2.855488 12
6.906593 1130 80.0 2.746896 2.859212 12
6.904432 1130 80.0 2.749366 2.859471 12
6.818209 1130 80.0 2.78298 2.994262 12
6.891365 1130 80.0 2.744393 2.869621 12
6.902514 1140 80.0 2.746613 2.848649 12
6.848714 1130 80.0 2.739877 2.868298 12
6.666652 1140 80.0 2.797666 2.585801 12
6.903511 1130 80.0 2.747765 2.859534 12
6.797158 1150 80.0 2.777381 2.976629 12
6.912461 1130 80.0 2.749757 2.857437 12
6.886456 1150 80.0 2.742358 2.848592 12
6.843386 1160 80.0 2.739443 2.84983 12
6.688097 1150 80.0 2.7879 2.583827 12
6.869854 1160 80.0 2.745968 2.836377 12
6.712581 1120 80.0 2.761269 2.977022 12
6.868555 1150 80.0 2.745167 2.847795 12
6.872362 1150 80.0 2.744503 2.846312 12
6.854196 1160 80.0 2.739471 2.839826 12
6.702132 1150 80.0 2.788188 2.606865 12
6.81806 1150 80.0 2.739517 2.847962 12
6.843847 1160 80.0 2.739221 2.83673 12
6.758527 1130 80.0 2.742194 2.965816 12
6.728154 1150 80.0 2.790395 2.625962 12
6.824217 1140 80.0 2.738225 2.851647 12
6.703995 1140 80.0 2.799006 2.626437 12
6.933093 1080 80.0 2.785233 3.023044 12
6.840311 1160 80.0 2.736303 2.843569 12
6.843593 1150 80.0 2.73916 2.848005 12
6.900264 1090 80.0 2.783168 3.024419 12
6.744109 1160 80.0 2.78011 2.586597 12
6.802564 1160 80.0 2.733731 2.847612 12
6.819755 1170 80.0 2.762673 2.55417 12
6.82748 1130 80.0 2.782541 2.992551 12
6.565577 1190 80.0 2.788069 2.45688 12
6.819949 1170 80.0 2.73864 2.82621 12
6.798024 1170 80.0 2.73442 2.831726 12
6.810588 1160 80.0 2.736186 2.834316 12
6.812487 1160 80.0 2.7352 2.833848 12
6.757843 1150 80.0 2.729286 2.853665 12
6.657863 1170 80.0 2.743245 2.574807 12
6.787752 1170 80.0 2.730094 2.835043 12
6.796461 1180 80.0 2.733102 2.821655 12
6.807975 1170 80.0 2.735673 2.830184 12
6.696444 1170 80.0 3.1013 2.938148 12
6.664308 1180 80.0 2.780699 2.514709 12
6.718036 1170 80.0 2.730464 2.939289 12
6.651801 1170 80.0 3.143815 2.532834 12
6.749254 1160 80.0 2.726586 2.845033 12
6.567819 1200 80.0 2.787309 2.379227 12
6.743288 1170 80.0 2.725427 2.841544 12
6.759727 1180 80.0 2.730326 2.832659 12
6.396269 1220 80.0 2.804883 2.272934 12
6.744472 1190 80.0 2.729369 2.820557 12
6.616567 1220 80.0 2.773376 2.405027 12
6.758267 1190 80.0 2.731269 2.810926 12
6.775517 1180 80.0 2.732534 2.817036 12
6.694951 1180 80.0 2.729766 2.929315 12
6.750422 1190 80.0 2.726969 2.818585 12
6.751984 1180 80.0 2.728613 2.304267 12
6.738314 1200 80.0 3.646752 2.811434 12
6.712475 1200 80.0 2.725828 2.275265 12
6.748469 1190 80.0 2.727253 2.27982 12
6.752242 1180 80.0 2.727821 2.304782 12
6.688096 1210 80.0 2.764637 2.417559 12
6.693139 1160 80.0 3.115325 2.554812 12
6.746904 1190 80.0 2.727426 2.261818 12
6.692802 1180 80.0 2.730509 2.511328 12
6.587718 1200 80.0 2.783904 2.384815 12
6.765779 1210 80.0 2.752225 2.404397 12
6.680704 1180 80.0 2.734268 2.488578 12
6.70345 1200 80.0 2.724248 2.247121 12
6.591885 1220 80.0 2.777845 2.384568 12
6.714329 1200 80.0 2.725388 2.225062 12
6.58532 1200 80.0 2.779909 2.386674 12
6.459653 1250 80.0 2.782442 2.175943 12
6.517801 1200 80.0 2.793446 2.379667 12
6.575826 1240 80.0 2.770693 2.29884 12
6.59549 1240 80.0 2.767383 2.294694 12
6.719698 1170 80.0 2.781353 2.558541 12
6.570228 1210 80.0 2.788082 2.355061 12
6.644424 1190 80.0 2.734858 2.436716 12
6.688536 1160 80.0 2.781579 2.576079 12
6.514751 1250 80.0 2.773655 2.221297 12
6.708331 1160 80.0 2.781666 2.567112 12
6.531532 1230 80.0 2.775327 2.294271 12
6.680223 1210 80.0 2.722437 2.183663 12
6.619966 1220 80.0 2.722697 2.424368 12
6.613997 1190 80.0 2.739395 2.462127 12
6.682371 1200 80.0 2.723624 2.243429 12
6.675418 1210 80.0 2.723634 2.170979 12
6.671128 1220 80.0 3.633259 2.163597 12
6.647426 1240 80.0 2.722266 2.138444 12
6.680554 1210 80.0 2.723033 2.17051 12
6.562497 1210 80.0 2.741235 2.380523 12
6.463737 1260 80.0 2.772308 2.184463 12
6.472631 1250 80.0 2.775237 2.221931 12
6.626784 1210 80.0 2.727139 2.402417 12
6.63351 1220 80.0 2.717052 2.150995 12
6.550085 1240 80.0 2.728345 2.380127 12
6.544424 1220 80.0 3.060796 2.436381 12
6.585941 1230 80.0 2.773774 2.303303 12
6.606129 1230 80.0 2.72036 2.367818 12
6.48666 1250 80.0 2.772132 2.150508 12
6.728401 1290 80.0 2.735479 2.04261 12
6.598135 1210 80.0 2.782858 2.374457 12
6.624472 1220 80.0 2.721677 2.368781 12
6.501876 1240 80.0 2.77521 2.248961 12
6.521765 1220 80.0 2.745524 2.374426 12
6.4453 1270 80.0 2.769722 2.116659 12
6.467716 1270 80.0 2.770302 2.110078 12
6.331578 1270 80.0 2.793657 2.144209 12
6.514405 1230 80.0 3.043907 2.384872 12
6.583999 1240 80.0 2.718225 2.354177 12
6.567397 1200 80.0 2.781516 2.376896 12
6.465656 1270 80.0 2.766217 2.109583 12
6.540686 1240 80.0 2.728336 2.3409 12
6.641281 1260 80.0 2.749521 2.173757 12
6.591405 1240 80.0 3.634707 2.075223 12
6.62836 1240 80.0 2.76185 2.357533 12
6.733937 1240 80.0 3.052679 2.364063 12
6.693069 1240 80.0 2.749429 2.333727 12
6.348885 1300 80.0 2.778625 2.045783 12
6.579659 1270 80.0 3.155736 2.123274 12
6.714723 1240 80.0 2.74363 2.313225 12
6.519234 1240 80.0 2.735568 2.290064 12
6.558592 1250 80.0 2.7184 2.29909 12
6.52259 1220 80.0 2.745217 2.303198 12
6.516675 1280 80.0 3.145873 2.118647 12
6.566695 1250 80.0 3.622437 2.309663 12
6.458638 1250 80.0 2.779362 2.16035 12
6.386034 1290 80.0 2.771923 2.054929 12
6.525068 1270 80.0 3.608359 2.241463 12
6.702324 1250 80.0 2.743527 2.267252 12
6.669257 1240 80.0 3.159966 2.328235 12
6.653351 1240 80.0 2.754604 2.274188 12
6.438259 1260 80.0 2.741144 2.231365 12
6.64017 1250 80.0 3.100265 2.239662 12
6.635036 1250 80.0 2.753994 2.301882 12
6.641438 1260 80.0 3.089781 2.218629 12
6.606654 1250 80.0 2.75961 2.238075 12
6.626422 1260 80.0 3.064887 2.223875 12
6.61542 1270 80.0 3.065833 2.204378 12
6.503219 1270 80.0 2.71948 1.660218 12
6.60849 1270 80.0 2.749619 2.190743 12
6.611112 1270 80.0 2.750189 2.191436 12
6.629273 1270 80.0 2.744661 2.214464 12
6.641163 1270 80.0 2.744191 2.257181 12
6.615633 1270 80.0 2.748324 2.188504 12
6.641228 1270 80.0 2.744169 2.181232 12
6.626794 1260 80.0 2.751726 2.177836 12
6.624906 1260 80.0 2.751644 2.178694 12
6.618837 1260 80.0 2.752304 2.180179 12
6.624973 1260 80.0 2.751621 2.178658 12
6.670013 1270 80.0 2.736638 2.24666 12
6.618922 1260 80.0 2.752275 2.180134 12
6.615916 1270 80.0 2.748228 2.142355 12
6.622703 1270 80.0 2.745675 2.158608 12
6.477059 1280 80.0 2.720254 2.205399 12
6.467226 1280 80.0 3.621372 2.222526 12
6.457106 1280 80.0 3.628148 2.211473 12
6.394475 1290 80.0 2.734343 2.136416 12
6.629867 1270 80.0 2.744453 2.153123 12
6.622042 1270 80.0 2.746466 2.126395 12
6.541423 1310 80.0 2.740971 2.04161 12
6.61633 1270 80.0 2.748088 2.126134 12
6.576163 1280 80.0 2.749874 2.11682 12
6.577354 1290 80.0 2.745156 2.09361 12
6.551066 1300 80.0 2.744246 2.157943 12
6.568573 1290 80.0 2.745849 2.081715 12
6.539868 1290 80.0 3.02949 2.088469 12
6.382335 1290 80.0 2.73645 2.09442 12
