-0.864765 890 80.0 5.961524 2.755152 20
-0.29744 970 80.0 5.608675 2.785479 20
-1.012125 890 80.0 6.514093 2.759962 20
-1.021668 890 80.0 6.47571 2.761835 20
-0.855567 890 80.0 5.961673 3.157394 20
-1.015153 890 80.0 6.476723 2.760397 20
-1.05337 890 80.0 6.49314 2.75963 20
-0.129224 1010 80.0 5.587505 2.80555 20
-0.325088 960 80.0 5.649446 2.782679 20
-0.492806 930 80.0 5.66433 2.773869 20
-0.826071 880 80.0 6.287408 2.754493 20
-0.385357 950 80.0 5.630441 2.78284 20
-0.140776 1010 80.0 5.502135 2.799255 20
-1.02079 890 80.0 5.984327 2.752356 20
-0.367113 950 80.0 5.977234 2.784874 20
-0.285993 960 80.0 5.974854 2.782875 20
-1.005799 880 80.0 5.967592 2.751424 20
-0.983465 880 80.0 6.303962 2.751609 20
-0.920905 860 80.0 5.793184 2.746455 20
-0.322832 970 80.0 5.558626 2.788369 20
-0.991427 870 80.0 6.288172 2.748261 20
-1.005355 880 80.0 5.960839 2.751303 20
-1.005274 880 80.0 6.347919 2.75128 20
-1.062678 880 80.0 5.943768 2.753802 20
-0.361383 960 80.0 5.569165 2.786023 20
-0.094994 1010 80.0 5.552658 2.792387 20
-1.00495 880 80.0 6.309438 2.746807 20
-1.062281 880 80.0 6.288155 2.749322 20
-0.468328 930 80.0 5.800962 2.774592 20
-0.357139 960 80.0 5.556419 2.783053 20
-1.033424 870 80.0 5.851761 2.746896 20
-1.114291 870 80.0 5.920582 2.750714 20
-0.28066 970 80.0 5.779896 2.787789 20
-0.987415 860 80.0 5.804142 2.746299 20
-1.074809 870 80.0 5.920415 2.74663 20
-1.0759 870 80.0 5.885752 2.746985 20
-0.840889 870 80.0 5.844832 3.118955 20
-0.203348 990 80.0 5.715137 2.794155 20
-1.085577 870 80.0 5.900351 2.748958 20
-0.360655 950 80.0 5.725362 2.778756 20
-0.201428 990 80.0 5.441208 2.787031 20
-1.044551 870 80.0 5.826687 2.7452 20
-1.019341 880 80.0 5.838613 2.745907 20
-0.030849 1020 80.0 5.636307 2.801128 20
-0.199498 990 80.0 5.650598 2.7899 20
-0.598961 910 80.0 5.638416 2.765386 20
-1.10913 860 80.0 5.818549 2.744962 20
-0.528189 920 80.0 5.547487 2.766239 20
-0.898786 860 80.0 5.749581 2.734027 20
-1.009906 870 80.0 5.784581 2.742894 20
-0.458553 930 80.0 5.653072 2.770503 20
-0.268361 980 80.0 5.409336 2.787909 20
-0.959773 860 80.0 5.746035 2.74066 20
-0.649275 900 80.0 5.604823 2.759658 20
-0.665042 890 80.0 5.679789 2.749985 20
-1.128622 850 80.0 5.771211 2.739091 20
-0.838095 860 80.0 5.6297 2.740483 20
-1.024884 850 80.0 5.720946 2.73721 20
-0.207405 990 80.0 5.548523 2.790387 20
-0.322322 960 80.0 5.392099 2.779366 20
-1.0768 860 80.0 5.766305 2.737634 20
-1.035804 860 80.0 5.755371 2.734951 20
-0.651417 900 80.0 5.579937 2.755661 20
-0.479839 930 80.0 5.57706 2.772916 20
-0.472238 930 80.0 5.611665 2.771574 20
-0.449938 940 80.0 5.492123 2.770262 20
-0.14871 1000 80.0 5.522299 2.795618 20
-0.435217 940 80.0 5.573233 2.773654 20
-0.401545 950 80.0 5.551071 2.781026 20
-1.162984 840 80.0 5.742109 2.733081 20
-1.12516 840 80.0 5.719093 2.734252 20
-0.43474 940 80.0 5.567964 2.76733 20
-1.16894 840 80.0 5.725317 3.43882 20
-0.440591 940 80.0 5.549633 2.771432 20
-1.124889 840 80.0 5.719286 2.734144 20
-1.02363 830 80.0 5.67382 2.727096 20
-1.060543 850 80.0 5.724972 2.731539 20
-0.208498 990 80.0 5.515888 2.788426 20
-1.065122 850 80.0 5.724805 2.732479 20
-0.315816 970 80.0 5.519772 2.783598 20
-1.124856 840 80.0 5.718027 2.731228 20
-1.124819 840 80.0 5.718052 2.727898 20
-0.45872 940 80.0 5.513826 2.777232 20
-0.414186 950 80.0 5.49544 2.773321 20
-0.98968 830 80.0 5.652013 2.723404 20
-1.112609 830 80.0 5.66214 2.725659 20
-0.331139 970 80.0 5.472448 2.779572 20
-0.944876 840 80.0 5.618731 2.72885 20
-0.303192 980 80.0 5.461851 2.786492 20
-0.293824 980 80.0 5.443549 2.787733 20
-0.156255 1000 80.0 5.426533 2.789088 20
-0.295094 980 80.0 5.448295 2.785763 20
-0.230665 980 80.0 5.421512 2.783154 20
-0.514266 930 80.0 5.405924 2.76994 20
-0.205015 990 80.0 5.372627 2.790922 20
-0.690802 890 80.0 5.467107 2.754086 20
-0.2582 980 80.0 5.451419 2.781447 20
-0.243399 980 80.0 5.401321 2.785815 20
-0.953949 840 80.0 5.551103 2.728603 20
-0.314849 970 80.0 5.40071 2.786367 20
-0.692365 890 80.0 5.434793 2.752547 20
-0.369074 950 80.0 5.328191 2.775371 20
-0.348765 970 80.0 5.40782 2.784787 20
-0.403095 950 80.0 5.362648 2.775725 20
-1.112767 830 80.0 5.654506 2.722833 20
-1.065732 830 80.0 5.636196 3.653529 20
-0.310777 970 80.0 5.401485 2.782459 20
-0.28117 970 80.0 5.39885 2.780519 20
-0.278521 970 80.0 5.400043 2.779738 20
-0.485177 940 80.0 5.322299 2.771791 20
-0.346518 970 80.0 5.399391 2.782041 20
-0.243884 980 80.0 5.388391 2.785296 20
-0.244811 980 80.0 5.379223 2.783049 20
-0.311854 970 80.0 5.373594 2.783492 20
-1.010166 830 80.0 5.576069 2.722997 20
-0.864633 860 80.0 5.530145 2.738084 20
-0.317937 960 80.0 5.385882 2.777704 20
-0.308699 970 80.0 5.393172 2.781564 20
-0.409257 950 80.0 5.385881 2.781127 20
-0.325153 960 80.0 5.37475 2.77692 20
-1.093642 820 80.0 5.610278 3.639214 20
-0.310098 970 80.0 5.376696 2.779573 20
-0.321004 970 80.0 5.367836 2.784806 20
-0.318947 960 80.0 5.367184 2.775686 20
-0.373709 950 80.0 5.368646 2.776631 20
-0.372899 950 80.0 5.340801 2.779813 20
-0.330181 960 80.0 5.361844 2.779444 20
-0.362743 950 80.0 5.366885 2.772715 20
-0.369507 950 80.0 5.363904 2.774512 20
-0.374894 950 80.0 5.364725 2.775227 20
-0.409119 950 80.0 5.351436 2.780673 20
-0.325952 960 80.0 5.354092 2.778089 20
-0.332536 960 80.0 5.338594 2.778652 20
-0.491116 940 80.0 5.313515 2.773213 20
-0.533289 930 80.0 5.337412 2.769702 20
-0.785213 870 80.0 5.472143 2.741496 20
-0.371554 950 80.0 5.349846 2.776534 20
-0.694691 890 80.0 5.438864 2.749972 20
-0.329636 960 80.0 5.3274 2.776793 20
-0.960451 840 80.0 5.525771 2.730844 20
-1.059359 820 80.0 5.578448 3.595438 20
-0.694608 890 80.0 5.437805 2.750128 20
-0.320242 970 80.0 5.330919 2.781863 20
-1.005216 830 80.0 5.550607 2.721226 20
-1.068792 820 80.0 5.535315 3.606005 20
-0.694413 890 80.0 5.429402 3.148514 20
-1.126151 810 80.0 5.535214 3.623181 20
-0.915078 850 80.0 5.510655 2.728156 20
-0.699661 890 80.0 5.396649 3.14324 20
-0.340387 960 80.0 5.30329 3.803007 20
-1.063426 820 80.0 5.541705 3.128856 20
-1.031671 830 80.0 5.462135 2.729521 20
-0.871683 860 80.0 5.445554 2.739259 20
-0.299824 970 80.0 5.29842 3.811356 20
-0.649394 900 80.0 5.383009 3.16731 20
-0.797276 870 80.0 5.405979 2.744735 20
-0.749242 880 80.0 5.357091 2.750426 20
-0.615409 910 80.0 5.348511 2.765043 20
-0.469298 930 80.0 5.230094 2.769423 20
-0.750895 880 80.0 5.387909 3.031704 20
-0.795879 870 80.0 5.380117 2.74671 20
-0.874963 860 80.0 5.418805 2.742573 20
-0.555983 910 80.0 5.203474 3.154306 20
-0.797067 870 80.0 5.386022 2.744596 20
-0.748774 880 80.0 5.365162 2.749508 20
-0.699534 890 80.0 5.374419 2.752825 20
-0.703293 890 80.0 5.347775 3.15462 20
-0.750102 880 80.0 5.388001 2.748215 20
-0.706893 890 80.0 5.352448 3.156316 20
-0.967716 840 80.0 5.461722 3.619567 20
-0.699417 890 80.0 5.374552 2.752752 20
-0.699393 890 80.0 5.374578 2.752734 20
-0.491374 930 80.0 5.284411 2.76835 20
-0.664222 900 80.0 5.245052 2.66071 20
-0.747548 880 80.0 5.365376 2.750191 20
-0.703115 890 80.0 5.348026 2.753836 20
-0.74752 880 80.0 5.365419 2.750168 20
-0.794925 870 80.0 5.37855 2.743237 20
-0.752136 880 80.0 5.361053 2.749538 20
-0.750494 880 80.0 5.36857 2.747556 20
-0.616955 910 80.0 5.300677 2.762438 20
-0.702616 890 80.0 5.341887 2.750057 20
-0.706439 890 80.0 5.345938 3.028994 20
-0.747425 880 80.0 5.354861 2.748195 20
-1.030169 890 80.0 6.494542 2.762693 20
-1.02174 890 80.0 6.475733 2.762638 20
-1.006833 880 80.0 6.404375 2.756426 20
-0.972416 890 80.0 6.417586 2.756129 20
-0.993276 890 80.0 6.417049 2.755036 20
-1.031379 890 80.0 6.412632 2.759058 20
-1.006336 880 80.0 6.385836 2.751572 20
-1.006251 880 80.0 6.38589 2.751548 20
-1.196369 880 80.0 6.490111 3.167941 20
-0.81945 880 80.0 6.267759 2.748466 20
-1.005999 880 80.0 6.366904 2.751479 20
-1.005916 880 80.0 6.366954 2.751456 20
-1.005848 880 80.0 6.366996 2.751438 20
-1.020479 890 80.0 5.978307 2.753062 20
-1.063112 880 80.0 5.96363 2.753919 20
-1.114992 870 80.0 6.343297 2.750933 20
-1.019156 880 80.0 6.305384 2.753831 20
-1.005159 880 80.0 6.309337 2.746862 20
-0.867482 850 80.0 5.711079 2.737003 20
-1.074259 870 80.0 5.933027 2.747137 20
-1.117329 870 80.0 5.916888 2.751698 20
-1.004821 880 80.0 5.961064 2.746772 20
-0.952616 870 80.0 5.854641 2.744492 20
-1.075104 870 80.0 5.95335 2.746721 20
-1.033424 870 80.0 5.851761 2.746896 20
-1.040379 870 80.0 5.877221 2.749366 20
-0.329922 970 80.0 5.533726 2.78298 20
-0.997108 870 80.0 5.868011 2.744393 20
-1.074753 870 80.0 5.920447 2.746613 20
-0.954837 860 80.0 5.7623 2.739877 20
-0.131065 1010 80.0 5.426836 2.797666 20
-1.03626 870 80.0 5.855914 2.747765 20
-0.416025 950 80.0 5.498918 2.777381 20
-1.017811 880 80.0 5.885812 2.749757 20
-1.074339 870 80.0 5.854075 2.742358 20
-0.989738 870 80.0 5.842112 2.739443 20
-0.238541 980 80.0 5.418925 2.7879 20
-1.068341 870 80.0 5.840931 2.745968 20
-0.656454 900 80.0 5.606894 2.761269 20
-1.113563 860 80.0 5.78758 2.745167 20
-1.10903 860 80.0 5.818104 2.744503 20
-1.03544 870 80.0 5.836754 2.739471 20
-0.222494 990 80.0 5.442377 2.788188 20
-0.953945 860 80.0 5.756159 2.739517 20
-1.128974 850 80.0 5.770979 2.739221 20
-0.768943 870 80.0 5.64913 2.742194 20
-0.304434 980 80.0 5.456265 2.790395 20
-0.970442 850 80.0 5.737645 2.738225 20
-0.141116 1020 80.0 5.430584 2.799006 20
-0.256313 970 80.0 5.616364 2.785233 20
-1.063267 860 80.0 5.783358 2.736303 20
-1.039975 860 80.0 5.760019 2.73916 20
-0.32509 960 80.0 5.557005 2.783168 20
-0.382811 960 80.0 5.433715 2.78011 20
-0.941448 860 80.0 5.744027 2.733731 20
-0.53526 920 80.0 5.494712 2.762673 20
-0.313318 970 80.0 5.530639 2.782541 20
-0.172221 1000 80.0 5.355963 2.788069 20
-1.076958 860 80.0 5.763556 2.73864 20
-0.989568 860 80.0 5.741758 2.73442 20
-1.067132 850 80.0 5.737967 2.736186 20
-1.06136 850 80.0 5.724539 2.7352 20
-0.935805 840 80.0 5.653752 2.729286 20
-0.73513 880 80.0 5.591323 2.743245 20
-1.08086 840 80.0 5.725809 2.730094 20
-1.163031 840 80.0 5.74207 2.733102 20
-1.105554 850 80.0 5.743839 2.735673 20
-0.823445 860 80.0 5.634221 3.1013 20
-0.316058 970 80.0 5.403179 2.780699 20
-0.866608 850 80.0 5.656293 2.730464 20
-0.804869 870 80.0 5.563639 3.143815 20
-0.92806 840 80.0 5.67756 2.726586 20
-0.961068 840 80.0 5.682264 2.725427 20
-1.027801 850 80.0 5.717808 2.730326 20
-1.025333 850 80.0 5.703204 2.729369 20
-0.435398 950 80.0 5.38885 2.773376 20
-1.058174 850 80.0 5.725274 2.731269 20
-1.064931 850 80.0 5.713836 2.732534 20
-0.882149 850 80.0 5.648205 2.729766 20
-1.082775 840 80.0 5.70723 2.726969 20
-1.045917 840 80.0 5.683098 2.728613 20
-1.060364 850 80.0 5.723794 3.646752 20
-0.98062 850 80.0 5.696631 2.725828 20
-1.082067 840 80.0 5.696421 2.727253 20
-1.041422 840 80.0 5.682961 2.727821 20
-0.50418 930 80.0 5.427263 2.764637 20
-0.841219 860 80.0 5.589587 3.115325 20
-1.019975 850 80.0 5.693312 2.727426 20
-0.883817 850 80.0 5.617418 2.730509 20
-0.323685 970 80.0 5.34681 2.783904 20
-0.68376 890 80.0 5.479095 2.752225 20
-0.88691 850 80.0 5.615971 2.734268 20
-1.066548 830 80.0 5.663469 2.724248 20
-0.444864 950 80.0 5.345303 2.777845 20
-1.114645 830 80.0 5.663199 2.725388 20
-0.333535 960 80.0 5.344652 2.779909 20
-0.484825 940 80.0 5.353186 2.770693 20
-0.567838 920 80.0 5.362428 2.767383 20
-0.338851 970 80.0 5.439671 2.781353 20
-0.273208 990 80.0 5.364418 2.788082 20
-0.846346 860 80.0 5.572587 2.734858 20
-0.272344 970 80.0 5.423246 2.781579 20
-0.408578 950 80.0 5.330507 2.773655 20
-0.357762 960 80.0 5.396395 2.781666 20
-1.135202 820 80.0 5.621551 2.722437 20
-1.004733 830 80.0 5.602902 2.722697 20
-0.864632 860 80.0 5.536734 2.739395 20
-1.032481 830 80.0 5.626591 2.723624 20
-1.009127 840 80.0 5.647292 2.723634 20
-1.046518 840 80.0 5.650829 3.633259 20
-1.148654 830 80.0 5.656763 2.722266 20
-1.13921 820 80.0 5.632376 2.723033 20
-0.816222 870 80.0 5.497308 2.741235 20
-0.378787 950 80.0 5.291237 2.772308 20
-0.9481 840 80.0 5.571925 2.727139 20
-1.05581 820 80.0 5.607273 2.717052 20
-0.905542 850 80.0 5.557533 2.728345 20
-0.868569 860 80.0 5.499129 3.060796 20
-0.438056 950 80.0 5.354505 2.773774 20
-1.05736 820 80.0 5.577753 2.72036 20
-0.466252 930 80.0 5.27236 2.772132 20
-1.523266 850 80.0 5.625751 2.735479 20
-0.35435 970 80.0 5.36575 2.782858 20
-1.06395 820 80.0 5.576858 2.721677 20
-0.763974 880 80.0 5.496971 2.745524 20
-0.463799 930 80.0 5.261016 2.769722 20
-0.814528 870 80.0 5.497548 3.043907 20
-0.99522 830 80.0 5.585779 2.718225 20
-0.294003 970 80.0 5.335958 2.781516 20
-0.456008 930 80.0 5.283719 2.766217 20
-0.961039 840 80.0 5.517087 2.728336 20
-0.743819 880 80.0 5.388483 2.749521 20
-1.059494 820 80.0 5.578358 3.634707 20
-0.606063 910 80.0 5.401629 2.76185 20
-0.843146 860 80.0 5.452743 3.052679 20
-0.691001 890 80.0 5.435842 2.749429 20
-0.752397 880 80.0 5.342371 3.155736 20
-0.792282 870 80.0 5.430863 2.74363 20
-0.920659 850 80.0 5.490714 2.735568 20
-1.003085 830 80.0 5.552568 2.7184 20
-0.875363 860 80.0 5.448833 2.745217 20
-0.618188 910 80.0 5.308877 3.145873 20
-1.1259 810 80.0 5.536351 3.622437 20
-0.386224 950 80.0 5.265491 2.779362 20
-0.466593 930 80.0 5.233409 2.771923 20
-1.056325 820 80.0 5.55517 3.608359 20
-0.781108 870 80.0 5.445986 2.743527 20
-0.648001 900 80.0 5.410258 3.159966 20
-0.651557 900 80.0 5.392468 2.754604 20
-0.816931 870 80.0 5.444336 2.741144 20
-0.752865 880 80.0 5.374226 3.100265 20
-0.703298 890 80.0 5.383289 2.753994 20
-0.747 880 80.0 5.399897 3.089781 20
-0.658747 900 80.0 5.343967 2.75961 20
-0.752576 880 80.0 5.390481 3.064887 20
-0.750381 880 80.0 5.39799 3.065833 20
-1.068079 820 80.0 5.517809 2.71948 20
-0.748947 880 80.0 5.395182 2.749619 20
-0.75217 880 80.0 5.397557 2.750189 20
-0.797166 870 80.0 5.406126 2.744661 20
-0.847551 860 80.0 5.392877 2.744191 20
-0.750268 880 80.0 5.398134 2.748324 20
-0.847524 860 80.0 5.392925 2.744169 20
-0.75242 880 80.0 5.370727 2.751726 20
-0.750779 880 80.0 5.368119 2.751644 20
-0.747741 880 80.0 5.365071 2.752304 20
-0.750751 880 80.0 5.368164 2.751621 20
-0.842265 860 80.0 5.412824 2.736638 20
-0.747706 880 80.0 5.365129 2.752275 20
-0.750121 880 80.0 5.38798 2.748228 20
-0.792205 870 80.0 5.381413 2.745675 20
-1.073886 820 80.0 5.490542 2.720254 20
-1.084774 820 80.0 5.472445 3.621372 20
-1.024452 830 80.0 5.452412 3.628148 20
-0.869837 860 80.0 5.438295 2.734343 20
-0.79685 870 80.0 5.375657 2.744453 20
-0.79559 870 80.0 5.370011 2.746466 20
-0.798271 870 80.0 5.36568 2.740971 20
-0.749906 880 80.0 5.367348 2.748088 20
-0.696065 890 80.0 5.34409 2.749874 20
-0.746399 880 80.0 5.358809 2.745156 20
-0.74985 880 80.0 5.367409 2.744246 20
-0.741731 880 80.0 5.353673 2.745849 20
-0.706443 890 80.0 5.347381 3.02949 20
-0.929406 850 80.0 5.40642 2.73645 20
