2.755152 5570 80.0 -0.864765 6.949528 6
2.785479 5540 80.0 -0.29744 6.937064 6
2.759962 5550 80.0 -1.012125 6.968088 6
2.761835 5550 80.0 -1.021668 6.965878 6
3.157394 5580 80.0 -0.855567 6.963931 6
2.760397 5550 80.0 -1.015153 6.966218 6
1.144422 5120 80.0 -2.171202 7.832337 6
2.815884 5500 80.0 -1.355466 6.757982 6
2.75963 5540 80.0 -1.05337 6.964611 6
1.386736 5170 80.0 -1.373424 7.911182 6
2.80555 5530 80.0 -0.129224 6.85869 6
1.132275 5210 80.0 -1.478539 7.971718 6
2.782679 5560 80.0 -0.325088 7.012126 6
2.773869 5560 80.0 -0.492806 7.032122 6
2.754493 5590 80.0 -0.826071 6.942756 6
1.135234 5210 80.0 -1.473792 7.967148 6
2.78284 5550 80.0 -0.385357 6.957115 6
1.366132 5140 80.0 -1.36768 7.841094 6
2.799255 5500 80.0 -0.140776 6.766914 6
2.752356 5530 80.0 -1.02079 6.937125 6
2.784874 5590 80.0 -0.367113 6.867335 6
2.782875 5590 80.0 -0.285993 7.101241 6
1.123895 5070 80.0 -1.274871 7.737298 6
2.81911 5450 80.0 -1.290291 6.619616 6
2.751424 5550 80.0 -1.005799 6.932945 6
2.751609 5550 80.0 -0.983465 6.913681 6
2.746455 5580 80.0 -0.920905 6.866692 6
1.269333 5180 80.0 -0.983345 7.905895 6
2.788369 5520 80.0 -0.322832 6.883297 6
2.748261 5560 80.0 -0.991427 6.90696 6
2.751303 5550 80.0 -1.005355 6.933152 6
2.75128 5550 80.0 -1.005274 6.933189 6
2.753802 5540 80.0 -1.062678 6.926599 6
1.132429 5190 80.0 -1.446991 7.926103 6
2.786023 5530 80.0 -0.361383 6.902468 6
1.276561 5140 80.0 -1.369549 7.857052 6
2.792387 5510 80.0 -0.094994 6.776381 6
2.746807 5540 80.0 -1.00495 6.917827 6
1.119036 5080 80.0 -2.117568 7.728579 6
2.809354 5450 80.0 -1.305748 6.599925 6
2.749322 5530 80.0 -1.062281 6.911387 6
2.774592 5580 80.0 -0.468328 6.832973 6
1.132654 5190 80.0 -1.443719 7.924048 6
2.783053 5520 80.0 -0.357139 6.876977 6
2.746896 5550 80.0 -1.033424 6.906593 6
2.750714 5540 80.0 -1.114291 6.913321 6
1.159628 5240 80.0 -1.456989 8.0247 6
2.787789 5560 80.0 -0.28066 7.008647 6
2.746299 5570 80.0 -0.987415 6.883493 6
2.74663 5540 80.0 -1.074809 6.902483 6
2.746985 5540 80.0 -1.0759 6.902515 6
3.118955 5580 80.0 -0.840889 6.856493 6
1.154507 5220 80.0 -1.431033 7.988205 6
2.794155 5550 80.0 -0.203348 6.992649 6
2.748958 5540 80.0 -1.085577 6.897811 6
2.778756 5560 80.0 -0.360655 7.002295 6
1.114534 5110 80.0 -1.364997 7.772208 6
2.787031 5480 80.0 -0.201428 6.683251 6
2.7452 5540 80.0 -1.044551 6.869775 6
2.745907 5530 80.0 -1.019341 6.86314 6
1.304907 5190 80.0 -1.37703 7.952653 6
2.801128 5550 80.0 -0.030849 6.930443 6
1.146605 5210 80.0 -1.444256 7.962302 6
2.7899 5540 80.0 -0.199498 6.935614 6
2.765386 5550 80.0 -0.598961 6.727826 6
2.744962 5540 80.0 -1.10913 6.872293 6
2.766239 5530 80.0 -0.528189 6.891665 6
2.734027 5560 80.0 -0.898786 6.805512 6
2.742894 5540 80.0 -1.009906 6.870049 6
2.770503 5560 80.0 -0.458553 6.996133 6
1.339835 5110 80.0 -1.375783 7.770442 6
2.787909 5480 80.0 -0.268361 6.68947 6
1.469206 5120 80.0 -1.376813 7.784784 6
2.789436 5490 80.0 -1.459362 6.730795 6
2.74066 5560 80.0 -0.959773 6.832411 6
2.759658 5540 80.0 -0.649275 6.6952 6
2.749985 5560 80.0 -0.665042 6.757674 6
2.739091 5540 80.0 -1.128622 6.844119 6
2.740483 5550 80.0 -0.838095 6.718779 6
2.73721 5550 80.0 -1.024884 6.811861 6
1.494164 5160 80.0 -1.396639 7.872046 6
2.790387 5510 80.0 -0.207405 6.811572 6
1.099119 5100 80.0 -2.234671 7.744457 6
2.779366 5480 80.0 -0.322322 6.649197 6
2.737634 5530 80.0 -1.0768 6.822356 6
2.734951 5530 80.0 -1.035804 6.809953 6
2.755661 5530 80.0 -0.651417 6.662032 6
2.772916 5540 80.0 -0.479839 6.922704 6
1.111469 5080 80.0 -2.224167 7.7087 6
2.795832 5460 80.0 -1.390536 6.586236 6
2.771574 5550 80.0 -0.472238 6.938808 6
1.247531 5170 80.0 -1.010345 7.868196 6
2.770262 5500 80.0 -0.449938 6.800992 6
1.280654 5140 80.0 -1.352351 7.85056 6
2.795618 5510 80.0 -0.14871 6.799244 6
1.119606 5190 80.0 -1.462753 7.917846 6
2.773654 5530 80.0 -0.435217 6.905229 6
1.121073 5180 80.0 -1.007108 7.905664 6
2.781026 5530 80.0 -0.401545 6.897239 6
2.733081 5530 80.0 -1.162984 6.796501 6
2.734252 5540 80.0 -1.12516 6.798381 6
2.76733 5520 80.0 -0.43474 6.876651 6
3.43882 5530 80.0 -1.16894 6.795916 6
1.121556 5190 80.0 -1.459262 7.914378 6
2.771432 5520 80.0 -0.440591 6.861237 6
2.734144 5540 80.0 -1.124889 6.780446 6
2.727096 5560 80.0 -1.02363 6.743438 6
2.731539 5530 80.0 -1.060543 6.758265 6
1.487009 5150 80.0 -1.393245 7.856531 6
2.788426 5500 80.0 -0.208498 6.764206 6
2.732479 5530 80.0 -1.065122 6.757902 6
1.096774 5080 80.0 -1.35049 7.702207 6
2.788746 5450 80.0 -2.142824 6.568605 6
1.123053 5170 80.0 -0.985194 7.879755 6
2.783598 5510 80.0 -0.315816 6.820988 6
2.731228 5530 80.0 -1.124856 6.760476 6
2.727898 5520 80.0 -1.124819 6.742186 6
1.109722 5160 80.0 -1.000201 7.863352 6
2.777232 5510 80.0 -0.45872 6.828525 6
1.11299 5160 80.0 -0.991558 7.844147 6
2.773321 5490 80.0 -0.414186 6.759013 6
2.723404 5550 80.0 -0.98968 6.689792 6
2.725659 5530 80.0 -1.112609 6.712872 6
1.464308 5140 80.0 -1.420224 7.82011 6
2.779572 5480 80.0 -0.331139 6.743909 6
2.72885 5540 80.0 -0.944876 6.668438 6
1.342951 5130 80.0 -1.400377 7.795848 6
2.786492 5480 80.0 -0.303192 6.743273 6
1.464612 5130 80.0 -1.400902 7.810325 6
2.787733 5490 80.0 -0.293824 6.744798 6
1.257565 5100 80.0 -1.363287 7.756975 6
2.789088 5480 80.0 -0.156255 6.694017 6
1.463362 5130 80.0 -1.40104 7.812917 6
2.785763 5480 80.0 -0.295094 6.726956 6
1.337674 5110 80.0 -1.385159 7.766695 6
2.783154 5490 80.0 -0.230665 6.702707 6
1.083149 5110 80.0 -0.989725 7.747507 6
2.76994 5470 80.0 -0.514266 6.668367 6
1.105983 5090 80.0 -1.359139 7.739321 6
2.790922 5480 80.0 -0.205015 6.664357 6
2.754086 5500 80.0 -0.690802 6.781205 6
1.337088 5120 80.0 -1.394549 7.778426 6
2.781447 5480 80.0 -0.2582 6.688576 6
1.259661 5110 80.0 -1.353004 7.760415 6
2.785815 5480 80.0 -0.243399 6.664456 6
2.728603 5520 80.0 -0.953949 6.613228 6
1.342191 5130 80.0 -1.387767 7.784525 6
2.786367 5480 80.0 -0.314849 6.669042 6
2.752547 5490 80.0 -0.692365 6.73359 6
1.230793 5070 80.0 -1.370537 7.669238 6
2.775371 5450 80.0 -0.369074 6.548944 6
1.34078 5120 80.0 -1.398465 7.781252 6
2.784787 5470 80.0 -0.348765 6.697089 6
1.4381 5090 80.0 -1.396765 7.711687 6
2.775725 5460 80.0 -0.403095 6.609465 6
2.722833 5520 80.0 -1.112767 6.671577 6
1.461054 5110 80.0 -1.374593 7.756963 6
2.783921 5470 80.0 -1.453389 6.666556 6
3.653529 5530 80.0 -1.065732 6.665313 6
1.338548 5110 80.0 -1.390702 7.74523 6
2.782459 5470 80.0 -0.310777 6.652769 6
1.329692 5100 80.0 -1.373352 7.754858 6
2.780519 5480 80.0 -0.28117 6.665365 6
1.329194 5100 80.0 -1.37433 7.741045 6
2.779738 5480 80.0 -0.278521 6.666279 6
1.418911 5070 80.0 -1.401442 7.644871 6
2.771791 5430 80.0 -0.485177 6.540891 6
1.340277 5120 80.0 -1.398651 7.768149 6
2.782041 5460 80.0 -0.346518 6.675147 6
1.336482 5100 80.0 -1.364633 7.745065 6
2.785296 5470 80.0 -0.243884 6.616539 6
1.100953 5090 80.0 -1.365506 7.718787 6
2.783049 5470 80.0 -0.244811 6.623441 6
1.331548 5100 80.0 -1.386837 7.744222 6
2.783492 5470 80.0 -0.311854 6.646509 6
2.722997 5520 80.0 -1.010166 6.612129 6
2.738084 5510 80.0 -0.864633 6.598629 6
1.452286 5100 80.0 -1.378206 7.746125 6
2.777704 5480 80.0 -0.317937 6.653291 6
1.330067 5100 80.0 -1.392495 7.733646 6
2.781564 5470 80.0 -0.308699 6.656364 6
1.445307 5090 80.0 -1.374968 7.716472 6
2.781007 5460 80.0 -1.454565 6.626145 6
1.329552 5100 80.0 -1.392749 7.734858 6
2.781127 5470 80.0 -0.409257 6.663262 6
1.321127 5090 80.0 -1.386589 7.727594 6
2.77692 5470 80.0 -0.325153 6.626965 6
3.639214 5520 80.0 -1.093642 6.629871 6
1.330445 5100 80.0 -1.391121 7.732157 6
2.779573 5460 80.0 -0.310098 6.632936 6
1.315239 5080 80.0 -1.371357 7.71111 6
2.784806 5460 80.0 -0.321004 6.614162 6
1.091969 5090 80.0 -1.375524 7.717202 6
2.775686 5470 80.0 -0.318947 6.628803 6
1.238435 5090 80.0 -1.388358 7.728777 6
2.776631 5470 80.0 -0.373709 6.629033 6
1.240998 5090 80.0 -1.37213 7.726149 6
2.779813 5470 80.0 -0.372899 6.594763 6
1.239557 5080 80.0 -1.354446 7.706908 6
2.779444 5460 80.0 -0.330181 6.585678 6
1.331069 5100 80.0 -1.390205 7.717917 6
2.772715 5460 80.0 -0.362743 6.590284 6
1.313731 5080 80.0 -1.386183 7.686031 6
2.774512 5460 80.0 -0.369507 6.582989 6
1.233566 5080 80.0 -1.373081 7.699822 6
2.775227 5460 80.0 -0.374894 6.583045 6
1.318234 5090 80.0 -1.378357 7.718414 6
2.780673 5460 80.0 -0.409119 6.632002 6
1.243294 5090 80.0 -1.369661 7.710533 6
2.778089 5460 80.0 -0.325952 6.590539 6
1.238941 5080 80.0 -1.355788 7.70822 6
2.778652 5460 80.0 -0.332536 6.589229 6
1.302138 5070 80.0 -1.400117 7.658273 6
2.773213 5430 80.0 -0.491116 6.517029 6
1.212646 5080 80.0 -1.420867 7.68135 6
2.769702 5440 80.0 -0.533289 6.560186 6
2.741496 5490 80.0 -0.785213 6.754635 6
1.09323 5060 80.0 -1.34054 7.663212 6
2.789227 5450 80.0 -1.405559 6.53892 6
1.31334 5080 80.0 -1.375115 7.686949 6
2.776534 5470 80.0 -0.371554 6.60667 6
1.094355 5070 80.0 -1.345899 7.670046 6
2.781912 5440 80.0 -1.421143 6.535339 6
2.749972 5470 80.0 -0.694691 6.662003 6
1.23319 5070 80.0 -1.354797 7.665866 6
2.776793 5450 80.0 -0.329636 6.565735 6
2.730844 5510 80.0 -0.960451 6.558757 6
3.595438 5520 80.0 -1.059359 6.591551 6
2.750128 5470 80.0 -0.694608 6.679402 6
1.30821 5070 80.0 -1.37214 7.684494 6
2.781863 5450 80.0 -0.320242 6.574018 6
2.721226 5510 80.0 -1.005216 6.546941 6
3.606005 5510 80.0 -1.068792 6.532825 6
1.230972 5060 80.0 -1.364939 7.662693 6
2.78459 5440 80.0 -1.420055 6.532915 6
1.082641 5060 80.0 -1.366005 7.663538 6
2.783925 5440 80.0 -1.422041 6.536559 6
1.087246 5060 80.0 -1.34667 7.657704 6
2.780124 5440 80.0 -1.426238 6.522107 6
3.148514 5470 80.0 -0.694413 6.662447 6
3.623181 5520 80.0 -1.126151 6.565085 6
2.728156 5490 80.0 -0.915078 6.513918 6
3.14324 5460 80.0 -0.699661 6.641665 6
1.232277 5060 80.0 -1.363727 7.649337 6
2.778603 5440 80.0 -1.41711 6.533149 6
1.08433 5050 80.0 -1.342904 7.626456 6
3.806243 5430 80.0 -1.436994 6.489794 6
1.087728 5060 80.0 -1.347842 7.643641 6
3.803007 5430 80.0 -0.340387 6.499256 6
3.128856 5510 80.0 -1.063426 6.519651 6
2.729521 5490 80.0 -1.031671 6.51412 6
1.078748 5050 80.0 -1.357927 7.635019 6
3.793467 5430 80.0 -1.440874 6.470665 6
2.739259 5480 80.0 -0.871683 6.490908 6
1.084138 5050 80.0 -1.343408 7.627389 6
3.811356 5440 80.0 -0.299824 6.490492 6
3.16731 5460 80.0 -0.649394 6.612469 6
2.744735 5460 80.0 -0.797276 6.62907 6
1.062504 5100 80.0 -1.462108 7.682466 6
2.750426 5450 80.0 -0.749242 6.596817 6
2.765043 5450 80.0 -0.615409 6.581838 6
1.282623 5030 80.0 -1.366817 7.566262 6
2.769423 5410 80.0 -0.469298 6.398054 6
3.031704 5460 80.0 -0.750895 6.624633 6
2.74671 5460 80.0 -0.795879 6.621344 6
2.742573 5480 80.0 -0.874963 6.462882 6
1.060018 5030 80.0 -1.376614 7.560673 6
3.154306 5410 80.0 -0.555983 6.380199 6
2.744596 5460 80.0 -0.797067 6.629458 6
2.749508 5460 80.0 -0.748774 6.608819 6
2.752825 5460 80.0 -0.699534 6.616756 6
3.15462 5450 80.0 -0.703293 6.584146 6
2.748215 5460 80.0 -0.750102 6.615953 6
3.156316 5450 80.0 -0.706893 6.599 6
3.619567 5470 80.0 -0.967716 6.421864 6
2.752752 5460 80.0 -0.699417 6.616972 6
2.752734 5460 80.0 -0.699393 6.617025 6
1.291016 5060 80.0 -1.395685 7.626256 6
2.76835 5430 80.0 -0.491374 6.480752 6
1.279954 5050 80.0 -0.996522 7.596667 6
2.66071 4550 80.0 -0.664222 5.199023 6
2.750191 5450 80.0 -0.747548 6.597237 6
2.753836 5450 80.0 -0.703115 6.584552 6
2.750168 5450 80.0 -0.74752 6.597296 6
2.743237 5460 80.0 -0.794925 6.632654 6
2.749538 5450 80.0 -0.752136 6.583372 6
2.747556 5440 80.0 -0.750494 6.538459 6
1.287362 5070 80.0 -1.427275 7.643356 6
2.762438 5420 80.0 -0.616955 6.486585 6
2.750057 5440 80.0 -0.702616 6.54732 6
3.028994 5440 80.0 -0.706439 6.539508 6
2.748195 5440 80.0 -0.747425 6.532631 6
2.762693 5550 80.0 -1.030169 6.965227 6
1.147574 5150 80.0 -1.344797 7.868129 6
2.806082 5520 80.0 -1.419177 6.797478 6
2.762638 5550 80.0 -1.02174 6.965849 6
2.756426 5560 80.0 -1.006833 6.961175 6
1.151317 5130 80.0 -2.170713 7.856671 6
2.819016 5510 80.0 -1.375404 6.815393 6
2.756129 5550 80.0 -0.972416 6.957552 6
2.755036 5540 80.0 -0.993276 6.938578 6
2.759058 5540 80.0 -1.031379 6.962552 6
2.751572 5550 80.0 -1.006336 6.932693 6
2.751548 5550 80.0 -1.006251 6.932732 6
3.167941 5520 80.0 -1.196369 6.943656 6
2.748466 5580 80.0 -0.81945 6.914391 6
2.751479 5550 80.0 -1.005999 6.93285 6
2.751456 5550 80.0 -1.005916 6.932889 6
2.751438 5550 80.0 -1.005848 6.93292 6
2.753062 5530 80.0 -1.020479 6.937239 6
2.753919 5540 80.0 -1.063112 6.941648 6
1.288094 5120 80.0 -1.333997 7.816048 6
2.812934 5490 80.0 -1.360658 6.742697 6
2.750933 5540 80.0 -1.114992 6.928138 6
2.753831 5550 80.0 -1.019156 6.927401 6
2.746862 5540 80.0 -1.005159 6.917735 6
2.737003 5580 80.0 -0.867482 6.80762 6
2.747137 5540 80.0 -1.074259 6.901992 6
2.751698 5540 80.0 -1.117329 6.910937 6
2.746772 5540 80.0 -1.004821 6.917883 6
2.744492 5560 80.0 -0.952616 6.895683 6
2.746721 5540 80.0 -1.075104 6.902318 6
2.746896 5550 80.0 -1.033424 6.906593 6
2.749366 5550 80.0 -1.040379 6.904432 6
1.362558 5160 80.0 -1.410747 7.875423 6
2.78298 5500 80.0 -0.329922 6.818209 6
2.744393 5550 80.0 -0.997108 6.891365 6
2.746613 5540 80.0 -1.074753 6.902514 6
2.739877 5560 80.0 -0.954837 6.848714 6
1.111602 5090 80.0 -1.341301 7.74609 6
2.797666 5480 80.0 -0.131065 6.666652 6
2.747765 5550 80.0 -1.03626 6.903511 6
1.356835 5160 80.0 -0.98974 7.87022 6
2.777381 5500 80.0 -0.416025 6.797158 6
2.749757 5540 80.0 -1.017811 6.912461 6
2.742358 5530 80.0 -1.074339 6.886456 6
2.739443 5540 80.0 -0.989738 6.843386 6
1.341414 5110 80.0 -1.355494 7.763025 6
2.7879 5490 80.0 -0.238541 6.688097 6
2.745968 5540 80.0 -1.068341 6.869854 6
2.761269 5540 80.0 -0.656454 6.712581 6
2.745167 5540 80.0 -1.113563 6.868555 6
2.744503 5540 80.0 -1.10903 6.872362 6
2.739471 5530 80.0 -1.03544 6.854196 6
1.106411 5110 80.0 -1.384102 7.768945 6
2.788188 5480 80.0 -0.222494 6.702132 6
2.739517 5560 80.0 -0.953945 6.81806 6
2.739221 5540 80.0 -1.128974 6.843847 6
2.742194 5560 80.0 -0.768943 6.758527 6
1.345818 5130 80.0 -1.395274 7.818983 6
2.790395 5480 80.0 -0.304434 6.728154 6
2.738225 5570 80.0 -0.970442 6.824217 6
1.350132 5120 80.0 -1.353938 7.801672 6
2.799006 5470 80.0 -0.141116 6.703995 6
1.138908 5210 80.0 -1.447051 7.936779 6
2.785233 5550 80.0 -0.256313 6.933093 6
2.736303 5530 80.0 -1.063267 6.840311 6
2.73916 5540 80.0 -1.039975 6.843593 6
1.128696 5190 80.0 -1.439344 7.904211 6
2.783168 5530 80.0 -0.32509 6.900264 6
1.102802 5130 80.0 -1.406048 7.792031 6
2.78011 5480 80.0 -0.382811 6.744109 6
2.733731 5550 80.0 -0.941448 6.802564 6
2.762673 5510 80.0 -0.53526 6.819755 6
1.122302 5170 80.0 -1.429212 7.868241 6
2.782541 5510 80.0 -0.313318 6.82748 6
1.104473 5080 80.0 -1.340047 7.692997 6
2.788069 5450 80.0 -0.172221 6.565577 6
2.73864 5530 80.0 -1.076958 6.819949 6
2.73442 5540 80.0 -0.989568 6.798024 6
2.736186 5540 80.0 -1.067132 6.810588 6
2.7352 5540 80.0 -1.06136 6.812487 6
2.729286 5560 80.0 -0.935805 6.757843 6
2.743245 5530 80.0 -0.73513 6.657863 6
2.730094 5540 80.0 -1.08086 6.787752 6
2.733102 5530 80.0 -1.163031 6.796461 6
2.735673 5530 80.0 -1.105554 6.807975 6
3.1013 5550 80.0 -0.823445 6.696444 6
1.329949 5100 80.0 -1.393296 7.735198 6
2.780699 5470 80.0 -0.316058 6.664308 6
2.730464 5560 80.0 -0.866608 6.718036 6
3.143815 5530 80.0 -0.804869 6.651801 6
2.726586 5560 80.0 -0.92806 6.749254 6
1.233301 5060 80.0 -1.349742 7.674692 6
2.787309 5440 80.0 -1.415669 6.567819 6
2.725427 5550 80.0 -0.961068 6.743288 6
2.730326 5530 80.0 -1.027801 6.759727 6
1.252994 5010 80.0 -1.267784 7.582909 6
2.804883 5400 80.0 -1.286903 6.396269 6
2.729369 5530 80.0 -1.025333 6.744472 6
1.319781 5100 80.0 -0.983569 7.721538 6
2.773376 5450 80.0 -0.435398 6.616567 6
2.731269 5530 80.0 -1.058174 6.758267 6
2.732534 5530 80.0 -1.064931 6.775517 6
2.729766 5550 80.0 -0.882149 6.694951 6
2.726969 5530 80.0 -1.082775 6.750422 6
2.728613 5540 80.0 -1.045917 6.751984 6
3.646752 5520 80.0 -1.060364 6.738314 6
2.725828 5530 80.0 -0.98062 6.712475 6
2.727253 5530 80.0 -1.082067 6.748469 6
2.727821 5540 80.0 -1.041422 6.752242 6
1.083992 5120 80.0 -1.005155 7.768658 6
2.764637 5470 80.0 -0.50418 6.688096 6
3.115325 5540 80.0 -0.841219 6.693139 6
2.727426 5530 80.0 -1.019975 6.746904 6
2.730509 5550 80.0 -0.883817 6.692802 6
1.309353 5070 80.0 -1.368806 7.68145 6
2.783904 5450 80.0 -0.323685 6.587718 6
2.752225 5500 80.0 -0.68376 6.765779 6
2.734268 5550 80.0 -0.88691 6.680704 6
2.724248 5540 80.0 -1.066548 6.70345 6
1.437865 5090 80.0 -1.397916 7.71241 6
2.777845 5440 80.0 -0.444864 6.591885 6
2.725388 5530 80.0 -1.114645 6.714329 6
1.31158 5070 80.0 -1.366564 7.680216 6
2.779909 5460 80.0 -0.333535 6.58532 6
1.077899 5040 80.0 -1.34681 7.597561 6
2.782442 5420 80.0 -1.402859 6.459653 6
1.094099 5050 80.0 -1.319947 7.654841 6
2.793446 5440 80.0 -1.376883 6.517801 6
1.074674 5080 80.0 -1.403983 7.679336 6
2.770693 5440 80.0 -0.484825 6.575826 6
1.080508 5100 80.0 -0.981399 7.70001 6
2.767383 5450 80.0 -0.567838 6.59549 6
1.466858 5140 80.0 -1.418202 7.816843 6
2.781353 5480 80.0 -0.338851 6.719698 6
1.236879 5080 80.0 -1.369221 7.696955 6
2.788082 5440 80.0 -0.273208 6.570228 6
2.734858 5530 80.0 -0.846346 6.644424 6
1.111129 5120 80.0 -1.374821 7.770758 6
2.781579 5490 80.0 -0.272344 6.688536 6
1.419708 5060 80.0 -1.378346 7.649725 6
2.773655 5440 80.0 -0.408578 6.514751 6
1.462286 5120 80.0 -1.394121 7.792025 6
2.781666 5480 80.0 -0.357762 6.708331 6
1.308573 5070 80.0 -1.371089 7.682858 6
2.775327 5450 80.0 -1.484852 6.531532 6
2.722437 5530 80.0 -1.135202 6.680223 6
2.722697 5530 80.0 -1.004733 6.619966 6
2.739395 5510 80.0 -0.864632 6.613997 6
2.723624 5540 80.0 -1.032481 6.682371 6
2.723634 5530 80.0 -1.009127 6.675418 6
3.633259 5520 80.0 -1.046518 6.671128 6
2.722266 5510 80.0 -1.148654 6.647426 6
2.723033 5530 80.0 -1.13921 6.680554 6
2.741235 5500 80.0 -0.816222 6.562497 6
1.221844 5050 80.0 -1.355265 7.623951 6
2.772308 5430 80.0 -0.378787 6.463737 6
1.231295 5060 80.0 -1.352676 7.648546 6
2.775237 5430 80.0 -1.464771 6.472631 6
2.727139 5530 80.0 -0.9481 6.626784 6
2.717052 5530 80.0 -1.05581 6.63351 6
2.728345 5510 80.0 -0.905542 6.550085 6
3.060796 5500 80.0 -0.868569 6.544424 6
1.306329 5080 80.0 -1.414704 7.676495 6
2.773774 5440 80.0 -0.438056 6.585941 6
2.72036 5530 80.0 -1.05736 6.606129 6
1.074374 5050 80.0 -1.369056 7.612572 6
2.772132 5430 80.0 -0.466252 6.48666 6
2.735479 5430 80.0 -1.523266 6.728401 6
1.32202 5090 80.0 -1.392811 7.705139 6
2.782858 5450 80.0 -0.35435 6.598135 6
2.721677 5530 80.0 -1.06395 6.624472 6
1.082427 5060 80.0 -1.354206 7.636968 6
2.77521 5440 80.0 -1.474746 6.501876 6
2.745524 5490 80.0 -0.763974 6.521765 6
1.214154 5040 80.0 -1.369562 7.584004 6
2.769722 5420 80.0 -0.463799 6.4453 6
1.414743 5050 80.0 -1.378623 7.620096 6
2.770302 5420 80.0 -1.464858 6.467716 6
1.234415 5000 80.0 -1.291772 7.525584 6
2.793657 5390 80.0 -1.34716 6.331578 6
3.043907 5490 80.0 -0.814528 6.514405 6
2.718225 5520 80.0 -0.99522 6.583999 6
1.315665 5070 80.0 -1.348432 7.686481 6
2.781516 5450 80.0 -0.294003 6.567397 6
1.301238 5060 80.0 -1.3904 7.620041 6
2.766217 5430 80.0 -0.456008 6.465656 6
2.728336 5500 80.0 -0.961039 6.540686 6
2.749521 5470 80.0 -0.743819 6.641281 6
3.634707 5520 80.0 -1.059494 6.591405 6
2.76185 5460 80.0 -0.606063 6.62836 6
3.052679 5490 80.0 -0.843146 6.733937 6
2.749429 5480 80.0 -0.691001 6.693069 6
1.066203 5020 80.0 -1.348374 7.541586 6
2.778625 5390 80.0 -1.403756 6.348885 6
1.066941 5100 80.0 -1.457448 7.690823 6
3.155736 5450 80.0 -0.752397 6.579659 6
2.74363 5480 80.0 -0.792282 6.714723 6
2.735568 5500 80.0 -0.920659 6.519234 6
2.7184 5510 80.0 -1.003085 6.558592 6
2.745217 5490 80.0 -0.875363 6.52259 6
1.062532 5070 80.0 -1.428298 7.630736 6
3.145873 5430 80.0 -0.618188 6.516675 6
3.622437 5520 80.0 -1.1259 6.566695 6
1.225511 5040 80.0 -1.347548 7.601254 6
2.779362 5430 80.0 -0.386224 6.458638 6
1.284474 5030 80.0 -1.364307 7.563068 6
2.771923 5410 80.0 -0.466593 6.386034 6
3.608359 5510 80.0 -1.056325 6.525068 6
2.743527 5490 80.0 -0.781108 6.702324 6
3.159966 5470 80.0 -0.648001 6.669257 6
2.754604 5460 80.0 -0.651557 6.653351 6
2.741144 5470 80.0 -0.816931 6.438259 6
3.100265 5470 80.0 -0.752865 6.64017 6
2.753994 5460 80.0 -0.703298 6.635036 6
3.089781 5470 80.0 -0.747 6.641438 6
1.071615 5100 80.0 -1.452229 7.714418 6
2.75961 5450 80.0 -0.658747 6.606654 6
3.064887 5460 80.0 -0.752576 6.626422 6
3.065833 5460 80.0 -0.750381 6.61542 6
2.71948 5500 80.0 -1.068079 6.503219 6
2.749619 5460 80.0 -0.748947 6.60849 6
2.750189 5460 80.0 -0.75217 6.611112 6
2.744661 5460 80.0 -0.797166 6.629273 6
2.744191 5470 80.0 -0.847551 6.641163 6
2.748324 5460 80.0 -0.750268 6.615633 6
2.744169 5470 80.0 -0.847524 6.641228 6
2.751726 5460 80.0 -0.75242 6.626794 6
2.751644 5460 80.0 -0.750779 6.624906 6
2.752304 5460 80.0 -0.747741 6.618837 6
2.751621 5460 80.0 -0.750751 6.624973 6
2.736638 5470 80.0 -0.842265 6.670013 6
2.752275 5460 80.0 -0.747706 6.618922 6
2.748228 5460 80.0 -0.750121 6.615916 6
2.745675 5460 80.0 -0.792205 6.622703 6
2.720254 5490 80.0 -1.073886 6.477059 6
3.621372 5490 80.0 -1.084774 6.467226 6
3.628148 5480 80.0 -1.024452 6.457106 6
2.734343 5460 80.0 -0.869837 6.394475 6
2.744453 5460 80.0 -0.79685 6.629867 6
2.746466 5460 80.0 -0.79559 6.622042 6
2.740971 5440 80.0 -0.798271 6.541423 6
2.748088 5460 80.0 -0.749906 6.61633 6
2.749874 5450 80.0 -0.696065 6.576163 6
2.745156 5450 80.0 -0.746399 6.577354 6
2.744246 5440 80.0 -0.74985 6.551066 6
2.745849 5450 80.0 -0.741731 6.568573 6
3.02949 5440 80.0 -0.706443 6.539868 6
2.73645 5450 80.0 -0.929406 6.382335 6
