1.565181 3580 80.0 -0.205089 8.212623 14
1.550858 3570 80.0 -0.170616 7.945558 14
1.549485 3560 80.0 -0.209564 8.220204 14
2.62622 3240 80.0 -2.477748 6.514093 14
1.551632 3560 80.0 -0.208238 8.220453 14
2.657126 3220 80.0 -2.576929 6.47571 14
1.541804 3560 80.0 -0.205774 8.18903 14
1.535883 3560 80.0 -0.212003 8.195576 14
2.662896 3210 80.0 -2.4622 6.476723 14
1.536189 3570 80.0 -0.215748 8.2162 14
2.609692 3230 80.0 -2.477755 6.49314 14
1.574657 3580 80.0 -0.187803 8.010188 14
1.630001 3570 80.0 -0.202068 8.161178 14
2.610247 3150 80.0 -2.625205 6.287408 14
1.540684 3550 80.0 -0.208353 8.208573 14
1.601543 3610 80.0 -0.188487 8.073465 14
1.59929 3620 80.0 -0.189448 8.066911 14
1.540956 3550 80.0 -0.207127 8.182565 14
1.543275 3550 80.0 -0.204753 8.1805 14
2.600871 3150 80.0 -2.590958 6.303962 14
1.606534 3540 80.0 -0.198396 8.10515 14
1.543655 3550 80.0 -0.204136 8.179635 14
2.603039 3150 80.0 -2.58681 6.288172 14
1.540778 3550 80.0 -0.207191 8.182706 14
1.530424 3540 80.0 -0.207203 8.170332 14
2.616383 3160 80.0 -2.598108 6.347919 14
1.523666 3550 80.0 -0.21174 8.173962 14
1.530297 3540 80.0 -0.20725 8.170432 14
2.599898 3140 80.0 -2.599098 6.309438 14
1.5235 3550 80.0 -0.211792 8.174093 14
2.925978 3140 80.0 -2.622618 6.288155 14
1.587572 3590 80.0 -0.192303 8.056169 14
1.524369 3540 80.0 -0.206545 8.150826 14
1.522011 3540 80.0 -0.210365 8.165126 14
1.604386 3530 80.0 -0.199943 8.114476 14
1.530041 3540 80.0 -0.207343 8.157834 14
1.516178 3540 80.0 -0.209966 8.144757 14
1.606317 3530 80.0 -0.196841 8.110612 14
1.511325 3530 80.0 -0.208994 8.128001 14
1.581395 3610 80.0 -0.188183 8.014357 14
1.528081 3540 80.0 -0.206663 8.147811 14
1.522195 3540 80.0 -0.208527 8.152525 14
1.567076 3550 80.0 -0.187645 7.976477 14
1.506167 3520 80.0 -0.206713 8.111213 14
1.538722 3550 80.0 -0.184717 7.913539 14
1.585219 3510 80.0 -0.197754 8.058901 14
1.515746 3530 80.0 -0.205027 8.097635 14
1.561311 3570 80.0 -0.187165 7.987607 14
1.579037 3520 80.0 -0.202592 8.075081 14
1.537724 3550 80.0 -0.195971 7.941316 14
1.57179 3540 80.0 -0.191341 8.004764 14
1.512102 3520 80.0 -0.204559 8.105355 14
1.555148 3530 80.0 -0.198299 7.972317 14
1.584008 3510 80.0 -0.198196 8.060866 14
1.504904 3520 80.0 -0.206146 8.086529 14
1.581692 3510 80.0 -0.203083 8.079766 14
1.545829 3530 80.0 -0.188555 7.929898 14
1.550274 3560 80.0 -0.182504 7.950939 14
1.554059 3570 80.0 -0.186286 7.955852 14
1.489385 3500 80.0 -0.203806 8.043368 14
1.567719 3490 80.0 -0.200775 8.034707 14
1.545795 3550 80.0 -0.180965 7.907404 14
1.486827 3510 80.0 -0.206928 8.056135 14
1.567573 3490 80.0 -0.200836 8.034831 14
1.562195 3500 80.0 -0.197195 8.005152 14
1.565859 3500 80.0 -0.202659 8.030643 14
1.566263 3500 80.0 -0.202359 8.030467 14
1.567687 3490 80.0 -0.20028 8.034119 14
1.567666 3490 80.0 -0.200289 8.034138 14
1.554329 3480 80.0 -0.193075 7.955125 14
1.557648 3490 80.0 -0.199697 7.975027 14
1.548744 3490 80.0 -0.194424 7.944045 14
1.518382 3500 80.0 -0.175949 7.823009 14
1.522494 3480 80.0 -0.196607 7.877956 14
1.49628 3500 80.0 -0.18614 7.792843 14
1.548748 3480 80.0 -0.199243 7.959706 14
1.543316 3470 80.0 -0.197508 7.958205 14
1.536647 3460 80.0 -0.192111 7.902024 14
1.512827 3490 80.0 -0.194531 7.859358 14
1.538009 3470 80.0 -0.197529 7.936638 14
1.501912 3480 80.0 -0.188612 7.794873 14
1.495138 3480 80.0 -0.177268 7.76353 14
1.521208 3470 80.0 -0.189239 7.856884 14
1.524522 3440 80.0 -0.192811 7.851867 14
1.495307 3480 80.0 -0.179536 7.761633 14
1.518138 3450 80.0 -0.19265 7.841086 14
1.516781 3450 80.0 -0.195583 7.844521 14
1.494917 3480 80.0 -0.177393 7.763726 14
1.520235 3430 80.0 -0.190896 7.834627 14
1.5117 3450 80.0 -0.18787 7.808704 14
1.482869 3470 80.0 -0.176183 7.712059 14
1.518357 3440 80.0 -0.192789 7.830946 14
1.511626 3450 80.0 -0.187923 7.808807 14
1.496283 3470 80.0 -0.190757 7.790231 14
1.477858 3490 80.0 -0.181246 7.707795 14
1.484798 3470 80.0 -0.183322 7.736715 14
1.980868 3470 80.0 -0.168327 7.676259 14
1.485696 3460 80.0 -0.172991 7.714097 14
1.486243 3470 80.0 -0.181051 7.720899 14
1.496802 3450 80.0 -0.185196 7.756784 14
1.48459 3470 80.0 -0.183438 7.722425 14
1.483916 3460 80.0 -0.177875 7.700146 14
1.480669 3480 80.0 -0.181614 7.70931 14
1.483294 3480 80.0 -0.175677 7.707482 14
1.482967 3460 80.0 -0.178806 7.702955 14
1.47618 3480 80.0 -0.177955 7.688636 14
1.499093 3430 80.0 -0.185338 7.77492 14
1.473768 3470 80.0 -0.18168 7.694742 14
1.466945 3460 80.0 -0.181694 7.680165 14
1.470887 3470 80.0 -0.182965 7.698334 14
1.469527 3460 80.0 -0.1758 7.678404 14
1.470855 3470 80.0 -0.182985 7.698359 14
1.476522 3460 80.0 -0.184483 7.708403 14
1.478784 3450 80.0 -0.173843 7.700252 14
1.478428 3450 80.0 -0.173276 7.69981 14
1.468315 3460 80.0 -0.181191 7.679126 14
1.466709 3470 80.0 -0.178732 7.661899 14
1.470751 3470 80.0 -0.183053 7.668906 14
1.562945 3580 80.0 -0.211262 8.239593 14
2.659065 3240 80.0 -2.619531 6.494542 14
1.551754 3560 80.0 -0.208898 8.220434 14
2.65808 3220 80.0 -2.580697 6.475733 14
1.552065 3560 80.0 -0.206979 8.206399 14
2.642081 3190 80.0 -2.593335 6.404375 14
1.542821 3560 80.0 -0.209768 8.213806 14
2.627718 3200 80.0 -2.606274 6.417586 14
1.546306 3570 80.0 -0.211915 8.208235 14
2.632099 3200 80.0 -2.609555 6.417049 14
1.541775 3560 80.0 -0.211649 8.204061 14
2.633083 3190 80.0 -2.548366 6.412632 14
1.54117 3550 80.0 -0.20705 8.194592 14
2.633407 3180 80.0 -2.594853 6.385836 14
1.541137 3550 80.0 -0.207062 8.194618 14
2.633379 3180 80.0 -2.595113 6.38589 14
1.518051 3560 80.0 -0.217119 8.234127 14
2.600962 3240 80.0 -2.5766 6.490111 14
1.617579 3560 80.0 -0.201235 8.153378 14
2.600008 3140 80.0 -2.575391 6.267759 14
1.541036 3550 80.0 -0.207099 8.194695 14
2.6249 3170 80.0 -2.595884 6.366904 14
1.541002 3550 80.0 -0.207111 8.19472 14
2.624873 3170 80.0 -2.59614 6.366954 14
1.540975 3550 80.0 -0.20712 8.182547 14
2.624851 3170 80.0 -2.596344 6.366996 14
1.540665 3550 80.0 -0.209063 8.208658 14
1.544659 3570 80.0 -0.211682 8.198383 14
1.532517 3550 80.0 -0.210253 8.177423 14
2.618003 3170 80.0 -2.539832 6.343297 14
1.533093 3550 80.0 -0.208822 8.176421 14
2.593632 3150 80.0 -2.61108 6.305384 14
1.53038 3540 80.0 -0.207219 8.170368 14
2.599964 3140 80.0 -2.598457 6.309337 14
1.582559 3520 80.0 -0.195215 8.044706 14
1.526403 3550 80.0 -0.210199 8.169227 14
1.533688 3550 80.0 -0.209972 8.176312 14
1.530247 3540 80.0 -0.207268 8.170472 14
1.527443 3540 80.0 -0.204483 8.134337 14
1.530172 3540 80.0 -0.207296 8.17053 14
1.524369 3540 80.0 -0.206545 8.150826 14
1.526254 3540 80.0 -0.206563 8.149693 14
1.524458 3530 80.0 -0.203085 8.141476 14
1.530017 3540 80.0 -0.207352 8.157849 14
1.588304 3530 80.0 -0.202692 8.075618 14
1.511475 3540 80.0 -0.209863 8.123441 14
1.511841 3530 80.0 -0.208668 8.127077 14
1.519892 3530 80.0 -0.207419 8.14517 14
1.522453 3530 80.0 -0.204381 8.130683 14
1.514697 3540 80.0 -0.210938 8.146165 14
1.567441 3550 80.0 -0.188183 7.978079 14
1.516613 3540 80.0 -0.208759 8.119427 14
1.506061 3520 80.0 -0.206403 8.111249 14
1.511131 3540 80.0 -0.209981 8.123724 14
1.590012 3520 80.0 -0.200147 8.079323 14
1.512288 3520 80.0 -0.204493 8.105199 14
1.570709 3520 80.0 -0.19384 7.988387 14
1.580918 3520 80.0 -0.201333 8.072953 14
1.5002 3520 80.0 -0.2064 8.102303 14
1.59176 3520 80.0 -0.202247 8.091522 14
1.586744 3520 80.0 -0.200474 8.067331 14
1.52499 3530 80.0 -0.181524 7.870271 14
1.505414 3520 80.0 -0.206171 8.085694 14
1.57687 3500 80.0 -0.200682 8.061512 14
1.576754 3510 80.0 -0.201712 8.055281 14
1.575168 3510 80.0 -0.202509 8.057251 14
1.568334 3490 80.0 -0.191607 7.99104 14
1.533147 3520 80.0 -0.19511 7.91818 14
1.577306 3510 80.0 -0.201118 8.055443 14
1.498532 3510 80.0 -0.203795 8.056869 14
1.565032 3490 80.0 -0.202229 8.023337 14
1.547466 3500 80.0 -0.194913 7.966506 14
1.568456 3490 80.0 -0.191108 7.991054 14
1.537543 3520 80.0 -0.193697 7.914005 14
1.571647 3500 80.0 -0.193527 7.997657 14
1.568245 3490 80.0 -0.193456 8.005088 14
1.561293 3500 80.0 -0.201951 8.022013 14
1.564492 3490 80.0 -0.199262 8.024332 14
1.568231 3490 80.0 -0.199633 8.033861 14
1.558365 3490 80.0 -0.202381 8.015854 14
1.569815 3490 80.0 -0.191133 7.991922 14
1.555758 3500 80.0 -0.203297 8.0007 14
1.554792 3490 80.0 -0.199918 7.992428 14
1.56601 3500 80.0 -0.202426 8.029984 14
1.557904 3490 80.0 -0.199599 8.002733 14
1.560649 3490 80.0 -0.200636 8.015088 14
1.554873 3490 80.0 -0.200585 7.992719 14
1.550363 3490 80.0 -0.190322 7.940711 14
1.557371 3500 80.0 -0.203365 8.013199 14
1.552444 3480 80.0 -0.191197 7.944534 14
1.510377 3510 80.0 -0.184865 7.826208 14
1.538212 3490 80.0 -0.19599 7.940027 14
1.551903 3480 80.0 -0.197316 7.972033 14
1.557319 3490 80.0 -0.199102 7.975086 14
1.528864 3480 80.0 -0.194458 7.900455 14
1.545128 3470 80.0 -0.196666 7.95602 14
1.540129 3470 80.0 -0.192625 7.920374 14
1.525447 3490 80.0 -0.190733 7.886773 14
1.5415 3470 80.0 -0.195868 7.931514 14
1.535352 3470 80.0 -0.198547 7.923583 14
1.541449 3470 80.0 -0.199279 7.945701 14
1.533625 3470 80.0 -0.202688 7.940119 14
1.534505 3470 80.0 -0.200115 7.925502 14
1.512033 3480 80.0 -0.189765 7.837308 14
1.529185 3480 80.0 -0.196902 7.899198 14
1.529922 3450 80.0 -0.192886 7.885363 14
1.51979 3470 80.0 -0.195123 7.845363 14
1.51693 3490 80.0 -0.190997 7.85397 14
1.53407 3450 80.0 -0.191729 7.894217 14
1.443086 3490 80.0 -0.222084 8.062509 14
1.535429 3450 80.0 -0.190668 7.892966 14
1.519721 3480 80.0 -0.184738 7.828427 14
1.513881 3480 80.0 -0.187454 7.821033 14
1.522797 3450 80.0 -0.194073 7.864237 14
1.509486 3470 80.0 -0.192844 7.842477 14
1.487164 3470 80.0 -0.180767 7.734554 14
1.531978 3450 80.0 -0.192776 7.89598 14
1.485916 3490 80.0 -0.17588 7.728012 14
1.513702 3480 80.0 -0.184037 7.794846 14
1.499578 3490 80.0 -0.183058 7.765182 14
1.496564 3480 80.0 -0.184527 7.773046 14
1.501541 3460 80.0 -0.190855 7.801891 14
1.513877 3450 80.0 -0.195871 7.843928 14
1.50436 3460 80.0 -0.184964 7.800033 14
1.519899 3430 80.0 -0.191185 7.835349 14
1.526682 3440 80.0 -0.19111 7.849928 14
1.499735 3460 80.0 -0.182219 7.763174 14
1.500572 3480 80.0 -0.173428 7.757673 14
1.482608 3480 80.0 -0.180758 7.722176 14
1.489206 3470 80.0 -0.190043 7.755002 14
1.479427 3480 80.0 -0.179038 7.726418 14
1.482195 3480 80.0 -0.177842 7.722861 14
1.487521 3470 80.0 -0.177537 7.749422 14
1.4861 3460 80.0 -0.173527 7.728949 14
1.490079 3470 80.0 -0.178643 7.717326 14
1.508224 3450 80.0 -0.195495 7.808161 14
1.484082 3460 80.0 -0.177775 7.699994 14
1.484397 3460 80.0 -0.178672 7.701031 14
1.484688 3470 80.0 -0.183383 7.722335 14
1.487039 3480 80.0 -0.18479 7.742996 14
1.489967 3470 80.0 -0.178709 7.717431 14
1.487006 3480 80.0 -0.184808 7.743024 14
1.485922 3460 80.0 -0.173639 7.714653 14
1.485565 3460 80.0 -0.173073 7.714216 14
1.477903 3480 80.0 -0.182826 7.712824 14
1.485532 3460 80.0 -0.173093 7.714244 14
1.491193 3450 80.0 -0.184463 7.73768 14
1.477861 3480 80.0 -0.182852 7.712862 14
1.482986 3460 80.0 -0.178795 7.70294 14
1.484806 3470 80.0 -0.182902 7.721233 14
1.503853 3440 80.0 -0.195476 7.806747 14
1.509434 3440 80.0 -0.19167 7.785813 14
1.500376 3440 80.0 -0.189615 7.782861 14
1.484731 3440 80.0 -0.188029 7.718727 14
1.477572 3460 80.0 -0.183558 7.707903 14
1.479104 3460 80.0 -0.181264 7.706497 14
1.475237 3440 80.0 -0.179455 7.678004 14
1.475958 3450 80.0 -0.17892 7.688536 14
1.46847 3450 80.0 -0.179096 7.668416 14
1.473291 3450 80.0 -0.177864 7.69162 14
1.475904 3450 80.0 -0.178953 7.688584 14
1.475713 3450 80.0 -0.180444 7.686137 14
1.466494 3470 80.0 -0.179346 7.678254 14
1.479126 3440 80.0 -0.188991 7.712554 14
