1.517296 10090 80.0 -0.538739 -2.171202 27
1.74447 10090 80.0 -0.624956 -1.373424 27
1.482432 10090 80.0 -0.6225 -1.36768 27
1.77713 10090 80.0 -0.523165 -1.274871 27
1.74528 10090 80.0 -0.615962 -1.369549 27
1.516548 10090 80.0 -0.542288 -2.117568 27
1.744041 10090 80.0 -0.60562 -1.364997 27
1.747146 10090 80.0 -0.633251 -1.37703 27
1.745083 10090 80.0 -0.630601 -1.375783 27
1.746994 10090 80.0 -0.642035 -1.376813 27
1.748896 10090 80.0 -0.637901 -1.396639 27
1.744704 10100 80.0 -0.629879 -2.234671 27
1.475698 10100 80.0 -0.570483 -2.224167 27
1.742087 10090 80.0 -0.614846 -1.352351 27
1.747999 10090 80.0 -0.629762 -1.393245 27
1.739618 10090 80.0 -0.609816 -1.35049 27
1.490147 10090 80.0 -0.686988 -1.813316 27
1.488614 10090 80.0 -0.67293 -1.420224 27
1.749668 10090 80.0 -0.656622 -1.400377 27
1.747968 10090 80.0 -0.657531 -1.400902 27
1.479524 10100 80.0 -0.611134 -1.363287 27
1.748197 10090 80.0 -0.658577 -1.40104 27
1.745585 10100 80.0 -0.632291 -1.385159 27
1.491124 10090 80.0 -0.697051 -1.817812 27
1.740282 10100 80.0 -0.601824 -1.359139 27
1.744377 10100 80.0 -0.654911 -1.394549 27
1.742188 10090 80.0 -0.616419 -1.353004 27
1.483854 10090 80.0 -0.627815 -1.387767 27
1.481264 10100 80.0 -0.627026 -1.370537 27
1.484935 10100 80.0 -0.663782 -1.398465 27
1.748692 10090 80.0 -0.648155 -1.396765 27
1.746385 10090 80.0 -0.637732 -1.374593 27
1.747167 10090 80.0 -0.634483 -1.390702 27
1.745959 10090 80.0 -0.62387 -1.373352 27
1.746158 10090 80.0 -0.625293 -1.37433 27
1.748063 10090 80.0 -0.65864 -1.401442 27
1.749214 10090 80.0 -0.652655 -1.398651 27
1.741621 10100 80.0 -0.613828 -1.364633 27
1.743914 10090 80.0 -0.605422 -1.365506 27
1.74608 10100 80.0 -0.636636 -1.386837 27
1.74717 10090 80.0 -0.63521 -1.378206 27
1.747516 10090 80.0 -0.637914 -1.392495 27
1.746451 10090 80.0 -0.638535 -1.374968 27
1.747744 10090 80.0 -0.639003 -1.392749 27
1.745929 10100 80.0 -0.636433 -1.386589 27
1.747239 10090 80.0 -0.635338 -1.391121 27
1.482925 10090 80.0 -0.629793 -1.371357 27
1.662782 10090 80.0 -0.62913 -1.375524 27
1.746297 10100 80.0 -0.640165 -1.388358 27
1.745575 10090 80.0 -0.621397 -1.37213 27
1.742462 10090 80.0 -0.619392 -1.354446 27
1.746736 10100 80.0 -0.643715 -1.390205 27
1.74576 10100 80.0 -0.634369 -1.386183 27
1.745837 10090 80.0 -0.622998 -1.373081 27
1.745254 10090 80.0 -0.634526 -1.378357 27
1.742866 10100 80.0 -0.625511 -1.369661 27
1.74279 10090 80.0 -0.622304 -1.355788 27
1.749545 10090 80.0 -0.655548 -1.400117 27
1.488556 10090 80.0 -0.662491 -1.420867 27
1.738669 10090 80.0 -0.575532 -1.34054 27
1.746298 10090 80.0 -0.626909 -1.375115 27
1.738099 10100 80.0 -0.60887 -1.345899 27
1.742525 10090 80.0 -0.620154 -1.354797 27
1.745451 10090 80.0 -0.619637 -1.37214 27
1.741595 10100 80.0 -0.613797 -1.364939 27
1.743946 10090 80.0 -0.606403 -1.366005 27
1.738345 10100 80.0 -0.611029 -1.34667 27
1.479577 10100 80.0 -0.611444 -1.363727 27
1.479142 10090 80.0 -0.581541 -1.342904 27
1.74052 10090 80.0 -0.592406 -1.347842 27
1.48001 10090 80.0 -0.589185 -1.357927 27
1.737496 10100 80.0 -0.603327 -1.343408 27
1.489192 10100 80.0 -0.704993 -1.849752 27
1.7442 10090 80.0 -0.608707 -1.366817 27
1.744398 10090 80.0 -0.631037 -1.376614 27
1.748387 10090 80.0 -0.646287 -1.395685 27
1.488943 10090 80.0 -0.676697 -1.810145 27
1.488463 10100 80.0 -0.686559 -1.427275 27
1.738189 10090 80.0 -0.597444 -1.344797 27
1.515814 10100 80.0 -0.548068 -2.170713 27
1.737187 10100 80.0 -0.571445 -1.333997 27
1.491115 10080 80.0 -0.682283 -1.410747 27
1.477513 10100 80.0 -0.588907 -1.341301 27
1.489719 10100 80.0 -0.695667 -1.84832 27
1.744975 10080 80.0 -0.612375 -1.355494 27
1.74335 10100 80.0 -0.620678 -1.384102 27
1.748524 10090 80.0 -0.645536 -1.395274 27
1.744565 10080 80.0 -0.619176 -1.353938 27
1.491654 10090 80.0 -0.70211 -1.447051 27
1.490021 10090 80.0 -0.685618 -1.439344 27
1.664169 10090 80.0 -0.671042 -1.406048 27
1.738726 10100 80.0 -0.586133 -1.340047 27
1.747886 10090 80.0 -0.629646 -1.393296 27
1.74123 10090 80.0 -0.608289 -1.349742 27
1.508819 10100 80.0 -0.512882 -1.267784 27
1.751341 10080 80.0 -0.657371 -1.78252 27
1.742764 10100 80.0 -0.623198 -1.368806 27
1.746932 10100 80.0 -0.661462 -1.397916 27
1.744301 10090 80.0 -0.608764 -1.366564 27
1.738285 10090 80.0 -0.600412 -1.34681 27
1.476557 10090 80.0 -0.565679 -1.319947 27
1.663515 10090 80.0 -0.665944 -1.403983 27
1.489951 10090 80.0 -0.685959 -1.815764 27
1.488073 10090 80.0 -0.656805 -1.418202 27
1.745007 10090 80.0 -0.625392 -1.369221 27
1.662666 10090 80.0 -0.627684 -1.374821 27
1.747601 10080 80.0 -0.635733 -1.378346 27
1.748112 10090 80.0 -0.64287 -1.394121 27
1.743509 10090 80.0 -0.618391 -1.371089 27
1.742695 10090 80.0 -0.621168 -1.355265 27
1.741908 10090 80.0 -0.604374 -1.352676 27
1.485792 10100 80.0 -0.660923 -1.414704 27
1.744807 10090 80.0 -0.613796 -1.369056 27
1.747741 10090 80.0 -0.638286 -1.392811 27
1.740179 10090 80.0 -0.619035 -1.354206 27
1.742849 10100 80.0 -0.625306 -1.369562 27
1.747262 10090 80.0 -0.646118 -1.378623 27
1.512385 10100 80.0 -0.535686 -1.291772 27
1.480488 10090 80.0 -0.605297 -1.348432 27
1.746769 10100 80.0 -0.644111 -1.3904 27
1.738448 10090 80.0 -0.603512 -1.348374 27
1.740518 10090 80.0 -0.60268 -1.347548 27
1.743475 10090 80.0 -0.602951 -1.364307 27
