-7.521118 4250 80.0 -4.061779 -2.399718 11
-7.515923 4140 80.0 -4.049822 -0.417304 11
-7.590843 4250 80.0 -4.042766 -2.364534 11
-7.590065 4250 80.0 -4.023933 -2.316421 11
-7.521342 4250 80.0 -4.078514 -2.448928 11
-7.590643 4250 80.0 -4.067226 -2.465047 11
-7.491426 4140 80.0 -4.04267 -2.694294 11
-7.593011 4250 80.0 -4.060268 -2.52529 11
-7.503034 4140 80.0 -4.06989 -0.674122 11
-7.519993 4140 80.0 -4.071001 -2.522179 11
-7.532478 4130 80.0 -4.075498 -2.527432 11
-7.551714 4130 80.0 -4.045916 -2.529189 11
-7.518626 4140 80.0 -4.068204 -2.549882 11
-7.50266 4140 80.0 -4.04248 -2.662536 11
-7.590135 4250 80.0 -4.023495 -2.322591 11
-7.526363 4140 80.0 -4.069139 -2.479456 11
-7.53062 4130 80.0 -4.083942 -2.555524 11
-7.486309 4140 80.0 -4.050375 -2.707615 11
-7.586784 4250 80.0 -4.040493 -2.304926 11
-7.529333 4240 80.0 -4.059618 -2.396118 11
-7.550546 4130 80.0 -4.05448 -2.489149 11
-7.518265 4130 80.0 -4.067108 -0.584788 11
-7.528841 4240 80.0 -4.06088 -2.383353 11
-7.586825 4250 80.0 -4.040256 -2.308136 11
-7.586831 4250 80.0 -4.040211 -2.308724 11
-7.594664 4240 80.0 -4.045028 -2.485093 11
-7.520304 4130 80.0 -4.090318 -2.604619 11
-7.509248 4130 80.0 -4.079881 -0.716533 11
-7.586874 4250 80.0 -4.04004 -2.311061 11
-7.490934 4140 80.0 -4.048704 -2.693997 11
-7.594701 4240 80.0 -4.04481 -2.488183 11
-7.5282 4140 80.0 -4.077362 -2.49785 11
-7.520576 4130 80.0 -4.086697 -2.608365 11
-7.528564 4240 80.0 -4.048036 -2.523198 11
-7.594815 4240 80.0 -4.033482 -2.484822 11
-7.51847 4140 80.0 -4.071967 -2.5209 11
-7.524346 4240 80.0 -4.063615 -2.31449 11
-7.586934 4250 80.0 -4.039689 -2.315764 11
-7.592058 4240 80.0 -4.041487 -2.571611 11
-7.543955 4140 80.0 -4.043825 -2.354952 11
-7.514382 4140 80.0 -4.063974 -0.482345 11
-7.592152 4240 80.0 -4.047276 -2.489025 11
-7.522391 4140 80.0 -4.066939 -2.441615 11
-7.500849 4140 80.0 -4.041274 -2.672946 11
-7.529006 4240 80.0 -4.053499 -2.47984 11
-7.524756 4250 80.0 -4.064476 -2.453424 11
-7.505787 4140 80.0 -4.064043 -0.695285 11
-7.520738 4130 80.0 -4.085893 -2.616648 11
-7.528236 4140 80.0 -4.059638 -2.542452 11
-7.528804 4240 80.0 -4.048604 -2.531931 11
-7.522337 4140 80.0 -4.063916 -2.465939 11
-7.551915 4130 80.0 -4.046979 -2.391443 11
-7.527697 4240 80.0 -4.073419 -2.381196 11
-7.524915 4140 80.0 -4.058603 -2.499411 11
-7.506369 4140 80.0 -4.061184 -0.693256 11
-7.505441 4140 80.0 -4.064726 -0.696866 11
-7.552097 4130 80.0 -4.044043 -2.55548 11
-7.528529 4140 80.0 -4.055399 -2.579648 11
-7.540382 4130 80.0 -4.046985 -2.575981 11
-7.529083 4240 80.0 -4.059278 -2.405341 11
-7.535522 4140 80.0 -4.077224 -2.487386 11
-7.551818 4130 80.0 -4.045219 -2.410278 11
-7.501873 4150 80.0 -4.074262 -0.634158 11
-7.504019 4140 80.0 -4.068682 -0.664981 11
-7.522529 4250 80.0 -4.06302 -2.387803 11
-7.52674 4240 80.0 -4.053454 -2.401517 11
-7.528288 4140 80.0 -4.067623 -2.482489 11
-7.521376 4140 80.0 -4.063995 -2.501212 11
-7.50015 4130 80.0 -4.07688 -2.686423 11
-7.528937 4130 80.0 -4.072807 -2.501792 11
-7.522669 4130 80.0 -4.084067 -0.459065 11
-7.501347 4140 80.0 -4.039698 -0.773412 11
-7.525188 4130 80.0 -4.077184 -0.388404 11
-7.523246 4130 80.0 -4.086744 -0.457957 11
-7.526567 4240 80.0 -4.045759 -2.464027 11
-7.531302 4230 80.0 -4.064889 -2.419873 11
-7.526958 4130 80.0 -4.071871 -2.637951 11
-7.527056 4240 80.0 -4.073424 -2.541821 11
-7.525449 4130 80.0 -4.080592 -2.458852 11
-7.531339 4230 80.0 -4.064664 -2.422682 11
-7.542023 4140 80.0 -4.042766 -2.424177 11
-7.524918 4240 80.0 -4.056899 -2.494755 11
-7.500411 4150 80.0 -4.076229 -0.643718 11
-7.525251 4240 80.0 -4.05966 -2.468218 11
-7.493351 4150 80.0 -4.071249 -0.747066 11
-7.518783 4130 80.0 -4.074958 -0.543563 11
-7.525322 4240 80.0 -4.05359 -2.415426 11
-7.525327 4240 80.0 -4.053561 -2.415816 11
-7.527301 4120 80.0 -4.095408 -2.56095 11
-7.515374 4140 80.0 -4.080504 -0.519913 11
-7.552989 4120 80.0 -4.086562 -2.50082 11
-7.550878 4130 80.0 -4.04967 -2.558083 11
-7.504572 4150 80.0 -4.045576 -0.56446 11
-7.539057 4140 80.0 -4.039624 -2.481752 11
-7.515388 4130 80.0 -4.068823 -0.622265 11
-7.508676 4140 80.0 -4.052275 -0.627264 11
-7.505994 4130 80.0 -4.062871 -2.671738 11
-7.502859 4150 80.0 -4.048948 -2.486627 11
-7.503662 4140 80.0 -4.060907 -0.712187 11
-7.513471 4140 80.0 -4.096838 -2.463965 11
-7.505486 4130 80.0 -4.056066 -2.684086 11
-7.529223 4130 80.0 -4.094883 -0.302727 11
-7.506511 4140 80.0 -4.062644 -0.603704 11
-7.501878 4140 80.0 -4.065891 -0.768666 11
-7.542285 4130 80.0 -4.0779 -2.459296 11
-7.504872 4140 80.0 -4.065483 -0.663489 11
-7.529416 4130 80.0 -4.074346 -2.489707 11
-7.508068 4130 80.0 -4.078196 -0.724614 11
-7.508922 4140 80.0 -4.057209 -0.58719 11
-7.500718 4150 80.0 -4.075494 -0.640517 11
-7.545222 4140 80.0 -4.04908 -2.401322 11
-7.516163 4120 80.0 -4.102114 -0.746251 11
-7.54986 4130 80.0 -4.058989 -2.474443 11
-7.50475 4140 80.0 -4.060989 -0.699978 11
-7.504677 4140 80.0 -4.064078 -0.746234 11
-7.510223 4130 80.0 -4.096302 -0.747681 11
-7.508853 4140 80.0 -4.05141 -0.625939 11
-7.50841 4140 80.0 -4.05629 -0.670887 11
-7.500242 4140 80.0 -4.072489 -2.67391 11
-7.501869 4140 80.0 -4.05195 -2.661352 11
-7.504324 4140 80.0 -4.064508 -0.705735 11
-7.546006 4130 80.0 -4.048194 -2.498484 11
-7.533333 4140 80.0 -4.045187 -2.545894 11
-7.511123 4130 80.0 -4.101808 -0.699275 11
-7.506499 4140 80.0 -4.060731 -0.692105 11
-7.516289 4120 80.0 -4.101505 -0.745358 11
-7.506518 4140 80.0 -4.057368 -0.688025 11
-7.504504 4140 80.0 -4.058425 -0.705626 11
-7.542476 4140 80.0 -4.069856 -2.41388 11
-7.5049 4140 80.0 -4.060312 -0.698905 11
-7.502518 4140 80.0 -4.049842 -0.720033 11
-7.504695 4140 80.0 -4.064363 -0.663382 11
-7.504617 4140 80.0 -4.059494 -0.704915 11
-7.502904 4140 80.0 -4.066856 -0.716978 11
-7.496001 4150 80.0 -4.062335 -0.729116 11
-7.504985 4140 80.0 -4.064647 -0.661108 11
-7.503969 4140 80.0 -4.059343 -0.709899 11
-7.504515 4140 80.0 -4.062428 -0.708629 11
-7.505006 4140 80.0 -4.065619 -0.660275 11
-7.496657 4150 80.0 -4.059286 -2.667973 11
-7.496069 4150 80.0 -4.061976 -0.72609 11
-7.515016 4130 80.0 -4.067622 -0.66665 11
-7.511311 4140 80.0 -4.051772 -0.603025 11
-7.527506 4140 80.0 -4.07352 -2.368225 11
-7.491074 4150 80.0 -4.059212 -2.667735 11
-7.510477 4130 80.0 -4.095052 -0.745806 11
-7.491874 4150 80.0 -4.07168 -0.801389 11
-7.528175 4130 80.0 -4.070292 -2.548974 11
-7.496133 4150 80.0 -4.061753 -0.728195 11
-7.541128 4130 80.0 -4.084436 -2.546903 11
-7.553099 4120 80.0 -4.066523 -2.492352 11
-7.527851 4130 80.0 -4.070761 -2.53368 11
-7.496845 4150 80.0 -4.042756 -0.719558 11
-7.538133 4140 80.0 -4.041285 -2.471878 11
-7.546007 4130 80.0 -4.071105 -2.510156 11
-7.500483 4140 80.0 -4.053123 -2.662125 11
-7.502111 4140 80.0 -4.049259 -2.662038 11
-7.493503 4150 80.0 -4.067043 -0.792902 11
-7.528251 4130 80.0 -4.069945 -2.552609 11
-7.540145 4140 80.0 -4.035378 -2.397759 11
-7.540959 4130 80.0 -4.065689 -2.645867 11
-7.526367 4130 80.0 -4.048344 -2.519193 11
-7.499823 4140 80.0 -4.062144 -2.6602 11
-7.497785 4140 80.0 -4.063086 -2.670547 11
-7.499948 4140 80.0 -4.056418 -0.789743 11
-7.545851 4130 80.0 -4.072958 -2.460634 11
-7.540747 4130 80.0 -4.095765 -2.585722 11
-7.500817 4140 80.0 -4.047409 -2.672449 11
-7.529882 4140 80.0 -4.06158 -2.449886 11
-7.491825 4150 80.0 -4.052432 -2.670609 11
-7.519426 4140 80.0 -4.053635 -2.489895 11
-7.529904 4130 80.0 -4.07213 -2.513081 11
-7.520063 4140 80.0 -4.072066 -0.383567 11
-7.50761 4150 80.0 -4.064861 -2.454043 11
-7.508286 4130 80.0 -4.075727 -0.768011 11
-7.526298 4130 80.0 -4.071424 -2.641181 11
-7.528393 4130 80.0 -4.065536 -2.578727 11
-7.529285 4140 80.0 -4.069806 -2.381728 11
-7.511168 4130 80.0 -4.094682 -0.741698 11
-7.529982 4130 80.0 -4.071808 -2.516515 11
-7.527549 4130 80.0 -4.07218 -2.600784 11
-7.525919 4130 80.0 -4.075323 -2.601591 11
-7.524409 4130 80.0 -4.085054 -2.539989 11
-7.527881 4130 80.0 -4.073718 -2.610447 11
-7.517947 4140 80.0 -4.047158 -2.672114 11
-7.539666 4130 80.0 -4.067435 -2.628444 11
-7.525946 4130 80.0 -4.075152 -2.603365 11
-7.525956 4130 80.0 -4.075116 -2.603747 11
-7.506907 4140 80.0 -4.057499 -0.640751 11
-7.51715 4130 80.0 -4.076656 -0.559555 11
-7.525923 4130 80.0 -4.072104 -2.632422 11
-7.524479 4130 80.0 -4.084737 -2.54318 11
-7.525934 4130 80.0 -4.072052 -2.632954 11
-7.530007 4130 80.0 -4.065937 -2.558272 11
-7.526427 4130 80.0 -4.080093 -2.574895 11
-7.526454 4130 80.0 -4.081619 -2.558384 11
-7.512157 4140 80.0 -4.076361 -0.503137 11
-7.526185 4130 80.0 -4.080689 -2.570886 11
-7.517992 4140 80.0 -4.076881 -0.401727 11
-7.519875 4140 80.0 -4.07188 -2.543709 11
-7.59657 4240 80.0 -4.054423 -2.504502 11
-7.498755 4140 80.0 -4.057864 -2.66968 11
-7.590907 4250 80.0 -4.021861 -2.332109 11
-7.586671 4250 80.0 -4.041043 -2.297471 11
-7.491374 4140 80.0 -4.079217 -2.682526 11
-7.594696 4240 80.0 -4.0598 -2.461715 11
-7.5948 4240 80.0 -4.047324 -2.472503 11
-7.596947 4240 80.0 -4.055074 -2.50415 11
-7.586723 4250 80.0 -4.040778 -2.301051 11
-7.586735 4250 80.0 -4.040734 -2.301661 11
-7.599431 4250 80.0 -4.038038 -2.389872 11
-7.55721 4120 80.0 -4.044389 -2.645741 11
-7.586757 4250 80.0 -4.0406 -2.303481 11
-7.586767 4250 80.0 -4.040556 -2.304085 11
-7.586774 4250 80.0 -4.040519 -2.304566 11
-7.591016 4250 80.0 -4.021233 -2.340975 11
-7.594627 4240 80.0 -4.045268 -2.48171 11
-7.493982 4140 80.0 -4.068095 -2.67633 11
-7.594749 4240 80.0 -4.033917 -2.478788 11
-7.530832 4240 80.0 -4.051533 -2.445276 11
-7.586847 4250 80.0 -4.040149 -2.309546 11
-7.546494 4130 80.0 -4.061529 -2.429896 11
-7.592032 4240 80.0 -4.040436 -2.581471 11
-7.594931 4240 80.0 -4.036507 -2.449186 11
-7.586884 4250 80.0 -4.039969 -2.311988 11
-7.527631 4240 80.0 -4.075534 -2.354981 11
-7.586901 4250 80.0 -4.039866 -2.31337 11
-7.528564 4240 80.0 -4.048036 -2.523198 11
-7.528721 4240 80.0 -4.049168 -2.524146 11
-7.512021 4140 80.0 -4.074911 -0.549045 11
-7.521194 4250 80.0 -4.052768 -2.376973 11
-7.58694 4250 80.0 -4.039658 -2.316216 11
-7.551971 4130 80.0 -4.044465 -2.542238 11
-7.491053 4150 80.0 -4.060296 -2.66634 11
-7.528992 4240 80.0 -4.047373 -2.640313 11
-7.508576 4150 80.0 -4.058157 -2.473535 11
-7.53031 4240 80.0 -4.048679 -2.474048 11
-7.586998 4250 80.0 -4.039407 -2.319576 11
-7.528981 4240 80.0 -4.059954 -2.39607 11
-7.501736 4140 80.0 -4.072691 -0.72816 11
-7.594134 4240 80.0 -4.036521 -2.592318 11
-7.534426 4130 80.0 -4.069103 -2.570818 11
-7.517521 4260 80.0 -4.069971 -2.418015 11
-7.528906 4240 80.0 -4.049838 -2.517891 11
-7.529064 4240 80.0 -4.046898 -2.646959 11
-7.503369 4140 80.0 -4.068728 -0.712427 11
-7.552032 4130 80.0 -4.040256 -2.470637 11
-7.529044 4240 80.0 -4.05953 -2.401904 11
-7.537074 4140 80.0 -4.047301 -2.546405 11
-7.506366 4140 80.0 -4.066254 -0.643488 11
-7.551946 4130 80.0 -4.049561 -2.502431 11
-7.507395 4130 80.0 -4.048434 -2.678751 11
-7.513286 4140 80.0 -4.069907 -0.491569 11
-7.521781 4250 80.0 -4.076189 -2.481537 11
-7.520662 4250 80.0 -4.070958 -2.367091 11
-7.512331 4140 80.0 -4.069207 -2.493575 11
-7.510224 4140 80.0 -4.070552 -2.57289 11
-7.523415 4240 80.0 -4.063688 -2.411494 11
-7.520868 4140 80.0 -4.06382 -2.490851 11
-7.512648 4140 80.0 -4.063457 -0.537164 11
-7.490554 4150 80.0 -4.057877 -2.667993 11
-7.522684 4250 80.0 -4.063915 -2.38906 11
-7.531238 4230 80.0 -4.065232 -2.415576 11
-7.524899 4240 80.0 -4.059245 -2.444089 11
-7.52482 4240 80.0 -4.057475 -2.487323 11
-7.540156 4140 80.0 -4.054129 -2.415804 11
-7.538471 4130 80.0 -4.047892 -2.60751 11
-7.530643 4230 80.0 -4.063507 -2.539865 11
-7.526561 4240 80.0 -4.045797 -2.463516 11
-7.527095 4240 80.0 -4.055871 -2.364742 11
-7.543746 4130 80.0 -4.060693 -2.511156 11
-7.505783 4140 80.0 -4.059686 -0.692215 11
-7.540341 4140 80.0 -4.055551 -2.397242 11
-7.532203 4140 80.0 -4.069029 -2.52762 11
-7.540341 4140 80.0 -4.055697 -2.389988 11
-7.499791 4140 80.0 -4.08624 -2.662231 11
-7.547911 4130 80.0 -4.066515 -2.428773 11
-7.552625 4130 80.0 -4.046246 -2.531061 11
-7.482887 4140 80.0 -4.05472 -2.71524 11
-7.552115 4130 80.0 -4.043182 -2.449619 11
-7.51041 4140 80.0 -4.077807 -0.566719 11
-7.524818 4240 80.0 -4.055073 -2.401592 11
-7.524983 4240 80.0 -4.060225 -2.468263 11
-7.546045 4130 80.0 -4.064232 -2.483649 11
-7.557957 4120 80.0 -4.047102 -2.620404 11
-7.557003 4120 80.0 -4.054652 -2.576497 11
-7.525144 4240 80.0 -4.057313 -2.485407 11
-7.550812 4130 80.0 -4.050007 -2.553452 11
-7.552269 4130 80.0 -4.047167 -2.384091 11
-7.551166 4130 80.0 -4.052658 -2.480267 11
-7.522852 4130 80.0 -4.089416 -2.493333 11
-7.536296 4140 80.0 -4.063546 -2.43112 11
-7.552199 4130 80.0 -4.041372 -2.575925 11
-7.544944 4130 80.0 -4.071189 -2.500453 11
-7.501727 4140 80.0 -4.06631 -0.765764 11
-7.52345 4140 80.0 -4.051206 -2.488317 11
-7.54366 4130 80.0 -4.078819 -2.556942 11
-7.549712 4130 80.0 -4.059626 -2.465998 11
-7.501102 4150 80.0 -4.05115 -0.637111 11
-7.550932 4130 80.0 -4.051443 -2.534224 11
-7.502008 4140 80.0 -4.077845 -0.728891 11
-7.499752 4140 80.0 -4.053886 -0.791424 11
-7.493073 4140 80.0 -4.070437 -2.685222 11
-7.510518 4140 80.0 -4.076811 -2.529624 11
-7.513238 4140 80.0 -4.066638 -0.49868 11
-7.51112 4140 80.0 -4.052075 -0.606144 11
-7.508034 4130 80.0 -4.052902 -0.763235 11
-7.542163 4130 80.0 -4.060023 -2.560514 11
-7.504441 4140 80.0 -4.065512 -0.665184 11
-7.50608 4140 80.0 -4.05738 -0.692595 11
-7.506527 4140 80.0 -4.080542 -0.685577 11
-7.502162 4140 80.0 -4.066156 -0.761984 11
-7.549506 4130 80.0 -4.06393 -2.436007 11
-7.545313 4130 80.0 -4.073375 -2.452715 11
-7.538688 4130 80.0 -4.079972 -2.530348 11
-7.542193 4140 80.0 -4.064306 -2.491869 11
-7.543463 4140 80.0 -4.057396 -2.493073 11
-7.550841 4130 80.0 -4.059925 -2.428072 11
-7.552004 4130 80.0 -4.048492 -2.477571 11
-7.543571 4140 80.0 -4.055036 -2.54573 11
-7.536851 4130 80.0 -4.062287 -2.505268 11
-7.501913 4140 80.0 -4.062848 -0.766659 11
-7.506248 4130 80.0 -4.080294 -0.78087 11
-7.544 4130 80.0 -4.076994 -2.578813 11
-7.546558 4130 80.0 -4.067575 -2.377634 11
-7.536185 4140 80.0 -4.056625 -2.492004 11
-7.543427 4120 80.0 -4.090894 -2.544879 11
-7.509207 4140 80.0 -4.059129 -0.618856 11
-7.540781 4140 80.0 -4.053522 -2.42348 11
-7.496407 4150 80.0 -4.045276 -0.723908 11
-7.603621 4250 80.0 -4.024211 1.161112 11
-7.499773 4150 80.0 -4.083092 -0.648757 11
-7.53996 4140 80.0 -4.036125 -2.388724 11
-7.502314 4140 80.0 -4.074819 -0.728301 11
-7.528975 4140 80.0 -4.071096 -2.367449 11
-7.496627 4150 80.0 -4.059443 -2.66789 11
-7.510825 4130 80.0 -4.095866 -0.699449 11
-7.488193 4140 80.0 -4.025689 -2.700537 11
-7.52989 4140 80.0 -4.060545 -2.457038 11
-7.545969 4130 80.0 -4.067431 -2.51252 11
-7.50039 4140 80.0 -4.048162 -0.784894 11
-7.505058 4140 80.0 -4.06433 -0.660612 11
-7.546769 4120 80.0 -4.095742 -2.556189 11
-7.527957 4130 80.0 -4.067783 -2.56743 11
-7.553071 4120 80.0 -4.066642 -2.490859 11
-7.51714 4140 80.0 -4.051399 -2.606929 11
-7.521036 4150 80.0 -4.065161 -2.450824 11
-7.529741 4130 80.0 -4.072873 -2.505241 11
-7.500329 4140 80.0 -4.078257 -0.787916 11
-7.51756 4140 80.0 -4.074335 -2.525276 11
-7.525834 4140 80.0 -4.079924 -2.547555 11
-7.539379 4130 80.0 -4.078254 -2.549508 11
-7.539347 4140 80.0 -4.061784 -2.452156 11
-7.529129 4140 80.0 -4.07046 -2.374507 11
-7.513569 4140 80.0 -4.066636 -2.521938 11
-7.539943 4140 80.0 -4.034278 -2.408977 11
-7.499957 4140 80.0 -4.056339 -2.671711 11
-7.500506 4140 80.0 -4.070065 -2.673922 11
-7.539245 4140 80.0 -4.055143 -2.433363 11
-7.525609 4140 80.0 -4.06371 -2.549556 11
-7.532328 4120 80.0 -4.081172 -2.653561 11
-7.519853 4140 80.0 -4.070728 -2.55934 11
-7.533781 4130 80.0 -4.095665 -2.45354 11
-7.525823 4130 80.0 -4.077063 -2.612308 11
-7.525855 4130 80.0 -4.080773 -2.570141 11
-7.528338 4130 80.0 -4.069547 -2.556803 11
-7.510209 4150 80.0 -4.082295 -2.496494 11
-7.532379 4120 80.0 -4.080916 -2.656229 11
-7.527791 4130 80.0 -4.07414 -2.605981 11
-7.543993 4130 80.0 -4.077075 -2.553113 11
-7.527496 4130 80.0 -4.072442 -2.59804 11
-7.528006 4130 80.0 -4.07462 -2.606791 11
-7.529948 4130 80.0 -4.071962 -2.514886 11
-7.529975 4130 80.0 -4.062772 -2.488123 11
-7.527828 4130 80.0 -4.073969 -2.6078 11
-7.529983 4130 80.0 -4.062725 -2.488667 11
-7.532444 4120 80.0 -4.080624 -2.659246 11
-7.526348 4130 80.0 -4.071214 -2.64339 11
-7.525849 4130 80.0 -4.072458 -2.628717 11
-7.526357 4130 80.0 -4.071161 -2.643937 11
-7.521303 4150 80.0 -4.064034 -2.463531 11
-7.525867 4130 80.0 -4.07239 -2.629419 11
-7.527873 4130 80.0 -4.073748 -2.610138 11
-7.529757 4130 80.0 -4.059948 -2.600217 11
-7.544604 4130 80.0 -4.074546 -2.611569 11
-7.548649 4120 80.0 -4.090775 -2.590885 11
-7.541541 4130 80.0 -4.088499 -2.636722 11
-7.530281 4140 80.0 -4.058935 -2.475017 11
-7.530057 4130 80.0 -4.07147 -2.520102 11
-7.528513 4130 80.0 -4.064984 -2.584518 11
-7.529795 4130 80.0 -4.070255 -0.301364 11
-7.527944 4130 80.0 -4.073423 -2.613583 11
-7.520385 4140 80.0 -4.071103 -2.441251 11
-7.528535 4130 80.0 -4.068643 -2.566302 11
-7.527966 4130 80.0 -4.073339 -2.614489 11
-7.528406 4130 80.0 -4.067741 -2.640226 11
-7.518391 4140 80.0 -4.053803 -0.399171 11
-7.535747 4130 80.0 -4.069937 -2.585107 11
