-3.478954 280 80.0 -0.299825 -5.559772 17
-4.061779 830 80.0 1.641026 -7.521118 17
-2.510514 190 80.0 2.9481 -6.891076 17
-3.476307 400 80.0 -0.498914 -5.529984 17
-4.049822 830 80.0 1.446983 -7.515923 17
-3.560462 270 80.0 -0.270129 -5.565832 17
-4.042766 850 80.0 1.684918 -7.590843 17
-2.575291 190 80.0 3.287304 -6.988891 17
-3.583545 270 80.0 -0.274589 -5.571714 17
-4.023933 860 80.0 1.738968 -7.590065 17
-2.57507 190 80.0 3.257576 -6.98023 17
-3.468087 280 80.0 -0.295126 -5.55268 17
-4.078514 820 80.0 1.577147 -7.521342 17
-2.453912 190 80.0 2.957616 -6.900062 17
-3.515583 280 80.0 -0.247757 -5.565274 17
-4.067226 840 80.0 1.572969 -7.590643 17
-2.434068 180 80.0 3.207748 -6.950973 17
-4.04267 770 80.0 1.373723 -7.491426 17
-3.521855 270 80.0 -0.246329 -5.565685 17
-4.060268 850 80.0 1.611608 -7.593011 17
-2.452694 190 80.0 3.278158 -6.983961 17
-4.06989 800 80.0 1.397219 -7.503034 17
-3.536358 390 80.0 -0.50523 -5.533643 17
-4.071001 840 80.0 1.455721 -7.519993 17
-2.429027 270 80.0 1.934339 -6.491349 17
-3.516047 370 80.0 -0.456701 -5.552431 17
-4.075498 860 80.0 1.446944 -7.532478 17
-2.560168 250 80.0 2.107673 -6.578776 17
-3.454273 310 80.0 -0.311525 -5.555554 17
-4.045916 930 80.0 1.711658 -7.551714 17
-2.591223 210 80.0 2.770861 -6.862889 17
-3.512782 400 80.0 -0.49325 -5.539195 17
-4.068204 830 80.0 1.475312 -7.518626 17
-2.47606 270 80.0 1.898273 -6.499121 17
-4.04248 800 80.0 1.27936 -7.50266 17
-3.581985 270 80.0 -0.273734 -5.571877 17
-4.023495 860 80.0 1.742999 -7.590135 17
-2.570951 190 80.0 3.259729 -6.981259 17
-3.503128 370 80.0 -0.448023 -5.546854 17
-4.069139 860 80.0 1.679089 -7.526363 17
-2.525431 250 80.0 2.131613 -6.59614 17
-3.47398 390 80.0 -0.45229 -5.538891 17
-4.083942 850 80.0 1.663867 -7.53062 17
-2.477194 270 80.0 2.06958 -6.564913 17
-4.050375 750 80.0 1.124307 -7.486309 17
-3.533185 270 80.0 -0.290647 -5.566933 17
-4.040493 850 80.0 1.734272 -7.586784 17
-2.516866 190 80.0 3.170351 -6.936308 17
-3.454231 280 80.0 -0.286532 -5.555264 17
-4.059618 840 80.0 1.703886 -7.529333 17
-2.565226 180 80.0 3.002796 -6.887054 17
-3.490502 310 80.0 -0.336561 -5.556665 17
-4.05448 920 80.0 1.542072 -7.550546 17
-2.562837 200 80.0 2.700959 -6.798616 17
-3.521997 420 80.0 -0.531874 -5.539256 17
-4.067108 820 80.0 1.317671 -7.518265 17
-3.453751 280 80.0 -0.288502 -5.555322 17
-4.06088 840 80.0 1.69804 -7.528841 17
-2.446738 190 80.0 3.053657 -6.914058 17
-3.53235 270 80.0 -0.290166 -5.567017 17
-4.040256 850 80.0 1.736387 -7.586825 17
-2.514695 190 80.0 3.171542 -6.936873 17
-3.532198 270 80.0 -0.290078 -5.567034 17
-4.040211 850 80.0 1.736775 -7.586831 17
-2.514298 190 80.0 3.171761 -6.936978 17
-3.582758 280 80.0 -0.281309 -5.567778 17
-4.045028 860 80.0 1.771826 -7.594664 17
-2.58988 200 80.0 3.139168 -6.985335 17
-3.495899 420 80.0 -0.499533 -5.539498 17
-4.090318 820 80.0 1.262065 -7.520304 17
-2.52872 280 80.0 1.766934 -6.45328 17
-4.079881 800 80.0 1.299565 -7.509248 17
-3.53159 270 80.0 -0.289729 -5.567094 17
-4.04004 850 80.0 1.738316 -7.586874 17
-2.512718 190 80.0 3.172628 -6.93739 17
-4.048704 770 80.0 1.190424 -7.490934 17
-3.581993 280 80.0 -0.280853 -5.567881 17
-4.04481 860 80.0 1.773819 -7.594701 17
-2.587862 200 80.0 3.140142 -6.985857 17
-3.469042 370 80.0 -0.418182 -5.539147 17
-4.077362 850 80.0 1.490162 -7.5282 17
-2.542737 260 80.0 2.226186 -6.649382 17
-3.492506 420 80.0 -0.502603 -5.536862 17
-4.086697 820 80.0 1.260961 -7.520576 17
-2.535194 280 80.0 1.772972 -6.453001 17
-3.414899 280 80.0 -0.263409 -5.554411 17
-4.048036 840 80.0 1.716149 -7.528564 17
-2.479275 180 80.0 3.038303 -6.902095 17
-3.602388 270 80.0 -0.291777 -5.566074 17
-4.033482 860 80.0 1.759977 -7.594815 17
-2.520665 180 80.0 3.174666 -6.938293 17
-3.517467 400 80.0 -0.506871 -5.533583 17
-4.071967 830 80.0 1.585028 -7.51847 17
-2.486745 270 80.0 1.877056 -6.487674 17
-3.489378 290 80.0 -0.316431 -5.554671 17
-4.063615 840 80.0 1.564954 -7.524346 17
-2.392394 210 80.0 2.960657 -6.875818 17
-3.53037 270 80.0 -0.289025 -5.567219 17
-4.039689 850 80.0 1.741415 -7.586934 17
-2.634038 200 80.0 3.174375 -6.970005 17
-3.534662 290 80.0 -0.264687 -5.56636 17
-4.041487 850 80.0 1.736034 -7.592058 17
-2.622051 200 80.0 3.10015 -6.962361 17
-3.470737 310 80.0 -0.319465 -5.555302 17
-4.043825 920 80.0 1.512733 -7.543955 17
-2.50248 220 80.0 2.840311 -6.847402 17
-3.534901 410 80.0 -0.530364 -5.537862 17
-4.063974 830 80.0 1.507996 -7.514382 17
-3.555247 290 80.0 -0.279561 -5.567735 17
-4.047276 850 80.0 1.597223 -7.592152 17
-2.415709 200 80.0 3.14431 -6.960276 17
-3.543007 380 80.0 -0.506954 -5.539989 17
-4.066939 850 80.0 1.526465 -7.522391 17
-2.549582 270 80.0 2.001007 -6.554982 17
-4.041274 790 80.0 1.245737 -7.500849 17
-3.434493 280 80.0 -0.271533 -5.560058 17
-4.053499 840 80.0 1.503813 -7.529006 17
-2.515681 180 80.0 3.035824 -6.904305 17
-3.453247 270 80.0 -0.282233 -5.556216 17
-4.064476 830 80.0 1.496668 -7.524756 17
-2.434905 180 80.0 3.073923 -6.890206 17
-4.064043 800 80.0 1.429107 -7.505787 17
-3.526792 410 80.0 -0.529273 -5.537258 17
-4.085893 820 80.0 1.456784 -7.520738 17
-2.52983 280 80.0 1.777224 -6.455519 17
-3.521162 380 80.0 -0.432039 -5.548202 17
-4.059638 860 80.0 1.392123 -7.528236 17
-2.476682 250 80.0 2.163676 -6.611876 17
-3.423187 280 80.0 -0.266656 -5.554684 17
-4.048604 840 80.0 1.532105 -7.528804 17
-2.473559 180 80.0 3.041329 -6.903561 17
-3.5014 390 80.0 -0.473522 -5.534036 17
-4.063916 850 80.0 1.270571 -7.522337 17
-2.525171 270 80.0 2.003787 -6.528756 17
-3.503487 300 80.0 -0.340709 -5.554019 17
-4.046979 930 80.0 1.467602 -7.551915 17
-2.472814 220 80.0 2.860054 -6.854851 17
-3.486854 280 80.0 -0.307947 -5.555484 17
-4.073419 840 80.0 1.534518 -7.527697 17
-2.400337 200 80.0 3.00188 -6.888182 17
-3.509311 380 80.0 -0.465754 -5.543251 17
-4.058603 860 80.0 1.494173 -7.524915 17
-2.450013 250 80.0 2.047975 -6.546391 17
-4.061184 800 80.0 1.124088 -7.506369 17
-4.064726 800 80.0 1.181676 -7.505441 17
-3.447387 310 80.0 -0.307105 -5.556433 17
-4.044043 930 80.0 1.416036 -7.552097 17
-2.574184 210 80.0 2.780415 -6.867961 17
-3.477115 370 80.0 -0.419097 -5.548367 17
-4.055399 860 80.0 1.335553 -7.528529 17
-2.453396 250 80.0 2.183203 -6.594358 17
-3.454246 350 80.0 -0.383884 -5.554151 17
-4.046985 900 80.0 1.532372 -7.540382 17
-2.392562 230 80.0 2.338928 -6.670424 17
-3.447884 280 80.0 -0.285115 -5.556033 17
-4.059278 840 80.0 1.464833 -7.529083 17
-2.431826 190 80.0 3.061437 -6.917618 17
-3.46428 340 80.0 -0.383153 -5.553294 17
-4.077224 880 80.0 1.327394 -7.535522 17
-2.416408 240 80.0 2.441307 -6.701499 17
-3.501809 300 80.0 -0.335395 -5.555759 17
-4.045219 930 80.0 1.400217 -7.551818 17
-2.468403 220 80.0 2.868937 -6.85773 17
-3.521963 420 80.0 -0.592698 -5.531896 17
-4.074262 790 80.0 1.319082 -7.501873 17
-4.068682 800 80.0 1.110374 -7.504019 17
-3.479255 280 80.0 -0.30425 -5.556504 17
-4.06302 830 80.0 1.389567 -7.522529 17
-2.40412 200 80.0 3.024219 -6.902017 17
-3.465112 290 80.0 -0.302571 -5.556843 17
-4.053454 840 80.0 1.466569 -7.52674 17
-2.363323 210 80.0 3.020072 -6.868256 17
-3.518989 360 80.0 -0.445205 -5.540613 17
-4.067623 870 80.0 1.272598 -7.528288 17
-2.449204 250 80.0 2.178834 -6.620316 17
-3.519327 390 80.0 -0.483955 -5.540127 17
-4.063995 840 80.0 1.434494 -7.521376 17
-2.484225 260 80.0 1.979137 -6.514565 17
-4.07688 780 80.0 1.11842 -7.50015 17
-3.494321 390 80.0 -0.463845 -5.536449 17
-4.072807 860 80.0 1.429678 -7.528937 17
-2.423142 260 80.0 2.032189 -6.514036 17
-3.500283 410 80.0 -0.494462 -5.539413 17
-4.084067 830 80.0 1.212015 -7.522669 17
-4.039698 790 80.0 1.315134 -7.501347 17
-3.505309 400 80.0 -0.484846 -5.541677 17
-4.077184 840 80.0 1.297544 -7.525188 17
-3.50755 410 80.0 -0.504683 -5.534856 17
-4.086744 830 80.0 1.260364 -7.523246 17
-3.444453 290 80.0 -0.287309 -5.555916 17
-4.045759 840 80.0 1.510407 -7.526567 17
-2.425892 200 80.0 2.979986 -6.880829 17
-3.492873 290 80.0 -0.316871 -5.555456 17
-4.064889 840 80.0 1.475685 -7.531302 17
-2.425326 210 80.0 2.978983 -6.884599 17
-3.532028 390 80.0 -0.50126 -5.542535 17
-4.071871 840 80.0 1.334884 -7.526958 17
-2.614406 270 80.0 1.914634 -6.52545 17
-3.508464 280 80.0 -0.318481 -5.555143 17
-4.073424 830 80.0 1.400382 -7.527056 17
-2.469788 200 80.0 2.923071 -6.87954 17
-3.512152 400 80.0 -0.496209 -5.535923 17
-4.080592 840 80.0 1.281087 -7.525449 17
-2.566746 260 80.0 1.900092 -6.502255 17
-3.49214 290 80.0 -0.316413 -5.555548 17
-4.064664 840 80.0 1.314384 -7.531339 17
-2.423424 210 80.0 2.980076 -6.885136 17
-3.572566 320 80.0 -0.365524 -5.561217 17
-4.042766 920 80.0 1.360366 -7.542023 17
-2.454851 220 80.0 2.669986 -6.786931 17
-3.449174 300 80.0 -0.30132 -5.556672 17
-4.056899 830 80.0 1.374061 -7.524918 17
-2.43908 210 80.0 2.894166 -6.869842 17
-3.525782 420 80.0 -0.600718 -5.529734 17
-4.076229 790 80.0 1.240932 -7.500411 17
-3.453619 300 80.0 -0.303361 -5.556706 17
-4.05966 830 80.0 1.361502 -7.525251 17
-2.454749 210 80.0 2.88663 -6.866246 17
-4.071249 780 80.0 0.986601 -7.493351 17
-3.553593 410 80.0 -0.557355 -5.537539 17
-4.074958 830 80.0 1.262772 -7.518783 17
-3.491243 290 80.0 -0.318022 -5.560958 17
-4.05359 830 80.0 1.394013 -7.525322 17
-2.421151 210 80.0 2.968899 -6.878448 17
-3.491142 290 80.0 -0.317959 -5.560969 17
-4.053561 830 80.0 1.394257 -7.525327 17
-2.420888 210 80.0 2.969051 -6.87852 17
-3.52069 410 80.0 -0.516487 -5.540537 17
-4.095408 830 80.0 1.162412 -7.527301 17
-2.591523 270 80.0 1.793813 -6.468141 17
-3.496433 420 80.0 -0.508942 -5.534717 17
-4.080504 810 80.0 1.188681 -7.515374 17
-3.527182 320 80.0 -0.374307 -5.556509 17
-4.086562 910 80.0 1.162125 -7.552989 17
-2.542675 240 80.0 2.643499 -6.807372 17
-3.527524 300 80.0 -0.354062 -5.557538 17
-4.04967 920 80.0 1.183728 -7.550878 17
-2.528263 220 80.0 2.778321 -6.838253 17
-3.546384 420 80.0 -0.561529 -5.539312 17
-4.045576 820 80.0 1.188237 -7.504572 17
-3.500838 340 80.0 -0.36544 -5.55853 17
-4.039624 900 80.0 1.318652 -7.539057 17
-2.372034 230 80.0 2.55081 -6.731145 17
-3.549144 430 80.0 -0.581126 -5.535233 17
-4.068823 820 80.0 1.217746 -7.515388 17
-4.052275 810 80.0 1.240494 -7.508676 17
-4.062871 800 80.0 1.220702 -7.505994 17
-4.048948 810 80.0 1.18304 -7.502859 17
-2.544903 280 80.0 1.58613 -6.374978 17
-4.060907 790 80.0 1.207738 -7.503662 17
-3.543319 410 80.0 -0.544446 -5.540946 17
-4.096838 820 80.0 1.037978 -7.513471 17
-2.561197 280 80.0 1.735623 -6.434806 17
-4.056066 790 80.0 1.13474 -7.505486 17
-3.448516 380 80.0 -0.456097 -5.531358 17
-4.094883 850 80.0 1.04328 -7.529223 17
-4.062644 810 80.0 1.184274 -7.506511 17
-4.065891 780 80.0 1.076431 -7.501878 17
-3.488378 350 80.0 -0.367871 -5.548414 17
-4.0779 890 80.0 1.082976 -7.542285 17
-2.569708 240 80.0 2.472 -6.749461 17
-4.065483 800 80.0 1.050923 -7.504872 17
-3.493804 390 80.0 -0.464019 -5.544101 17
-4.074346 860 80.0 1.091565 -7.529416 17
-2.427708 260 80.0 2.026935 -6.539255 17
-4.078196 800 80.0 0.878847 -7.508068 17
-4.057209 810 80.0 1.081944 -7.508922 17
-3.521676 420 80.0 -0.592012 -5.533338 17
-4.075494 790 80.0 0.942757 -7.500718 17
-3.519793 320 80.0 -0.326966 -5.563191 17
-4.04908 920 80.0 1.103885 -7.545222 17
-2.431192 210 80.0 2.770425 -6.806396 17
-4.102114 800 80.0 1.061354 -7.516163 17
-3.496871 310 80.0 -0.337491 -5.556283 17
-4.058989 920 80.0 1.138722 -7.54986 17
-2.567566 220 80.0 2.736585 -6.853322 17
-4.060989 800 80.0 1.139886 -7.50475 17
-4.064078 790 80.0 1.084793 -7.504677 17
-4.096302 790 80.0 1.033898 -7.510223 17
-4.05141 810 80.0 0.932656 -7.508853 17
-3.5493 430 80.0 -0.582559 -5.540995 17
-4.05629 810 80.0 1.091085 -7.50841 17
-4.072489 780 80.0 1.060611 -7.500242 17
-4.05195 800 80.0 1.075095 -7.501869 17
-4.064508 800 80.0 1.123552 -7.504324 17
-3.456674 330 80.0 -0.363431 -5.544015 17
-4.048194 910 80.0 1.174277 -7.546006 17
-2.592545 230 80.0 2.519284 -6.769164 17
-3.496969 350 80.0 -0.41775 -5.544783 17
-4.045187 880 80.0 1.152709 -7.533333 17
-2.479161 230 80.0 2.280751 -6.641555 17
-4.101808 800 80.0 0.944055 -7.511123 17
-4.060731 800 80.0 1.088999 -7.506499 17
-4.101505 800 80.0 1.003852 -7.516289 17
-4.057368 800 80.0 1.030448 -7.506518 17
-4.058425 790 80.0 1.037822 -7.504504 17
-3.491931 320 80.0 -0.339509 -5.55674 17
-4.069856 910 80.0 1.113439 -7.542476 17
-2.582318 210 80.0 2.625911 -6.791715 17
-4.060312 800 80.0 1.020718 -7.5049 17
-4.049842 810 80.0 1.071198 -7.502518 17
-4.064363 800 80.0 1.00223 -7.504695 17
-4.059494 790 80.0 1.039364 -7.504617 17
-4.066856 790 80.0 1.004408 -7.502904 17
-4.062335 780 80.0 1.035421 -7.496001 17
-4.064647 800 80.0 1.007488 -7.504985 17
-4.059343 790 80.0 1.033444 -7.503969 17
-4.062428 790 80.0 1.023188 -7.504515 17
-4.065619 800 80.0 1.00376 -7.505006 17
-4.059286 780 80.0 1.056009 -7.496657 17
-4.061976 780 80.0 1.040161 -7.496069 17
-3.54689 430 80.0 -0.577656 -5.542971 17
-4.067622 820 80.0 0.912454 -7.515016 17
-3.518408 430 80.0 -0.540689 -5.537277 17
-4.051772 820 80.0 0.919163 -7.511311 17
-3.508946 370 80.0 -0.453216 -5.545424 17
-4.07352 860 80.0 1.048814 -7.527506 17
-2.634447 260 80.0 2.171879 -6.622664 17
-4.059212 780 80.0 1.003554 -7.491074 17
-4.095052 790 80.0 0.918254 -7.510477 17
-4.07168 770 80.0 0.943032 -7.491874 17
-3.509259 390 80.0 -0.472259 -5.543395 17
-4.070292 850 80.0 1.059262 -7.528175 17
-2.447901 260 80.0 2.004697 -6.532303 17
-4.061753 780 80.0 0.916476 -7.496133 17
-3.435345 350 80.0 -0.368455 -5.54271 17
-4.084436 880 80.0 1.002937 -7.541128 17
-2.43541 240 80.0 2.411812 -6.688484 17
-3.493748 330 80.0 -0.353245 -5.543818 17
-4.066523 920 80.0 1.073163 -7.553099 17
-2.43882 230 80.0 2.639733 -6.775212 17
-3.506222 390 80.0 -0.475983 -5.542027 17
-4.070761 850 80.0 0.987882 -7.527851 17
-2.457349 260 80.0 1.989444 -6.520707 17
-4.042756 800 80.0 1.00028 -7.496845 17
-3.459894 350 80.0 -0.343971 -5.54966 17
-4.041285 900 80.0 1.080053 -7.538133 17
-2.370541 230 80.0 2.524838 -6.717692 17
-3.496983 340 80.0 -0.362211 -5.551273 17
-4.071105 900 80.0 0.954938 -7.546007 17
-2.570709 230 80.0 2.517384 -6.771559 17
-4.053123 800 80.0 1.004211 -7.500483 17
-4.049259 800 80.0 1.019666 -7.502111 17
-4.067043 770 80.0 0.903943 -7.493503 17
-3.508335 390 80.0 -0.471367 -5.543565 17
-4.069945 850 80.0 0.994846 -7.528251 17
-2.445491 260 80.0 2.006558 -6.533323 17
-3.468029 340 80.0 -0.33995 -5.55035 17
-4.035378 910 80.0 1.100117 -7.540145 17
-2.504524 230 80.0 2.607647 -6.761367 17
-3.461657 350 80.0 -0.389867 -5.545105 17
-4.065689 880 80.0 0.940158 -7.540959 17
-2.323533 240 80.0 2.384736 -6.670941 17
-3.533029 390 80.0 -0.5051 -5.542045 17
-4.048344 850 80.0 0.989148 -7.526367 17
-2.619319 270 80.0 1.932011 -6.547661 17
-4.062144 800 80.0 0.979184 -7.499823 17
-4.063086 790 80.0 0.916274 -7.497785 17
-4.056418 790 80.0 0.951306 -7.499948 17
-3.518551 330 80.0 -0.377888 -5.545819 17
-4.072958 910 80.0 0.927236 -7.545851 17
-2.638413 220 80.0 2.482254 -6.747904 17
-3.461131 350 80.0 -0.389442 -5.545191 17
-4.095765 880 80.0 0.874843 -7.540747 17
-2.382924 230 80.0 2.337434 -6.670374 17
-4.047409 790 80.0 0.928498 -7.500817 17
-3.503766 360 80.0 -0.436152 -5.541796 17
-4.06158 870 80.0 1.024853 -7.529882 17
-2.503393 240 80.0 2.215909 -6.614918 17
-4.052432 780 80.0 0.916308 -7.491825 17
-3.467707 390 80.0 -0.492312 -5.536684 17
-4.053635 850 80.0 0.963294 -7.519426 17
-2.452021 270 80.0 1.904361 -6.500693 17
-3.487775 390 80.0 -0.458223 -5.545206 17
-4.07213 860 80.0 0.970832 -7.529904 17
-2.412042 260 80.0 2.038273 -6.517434 17
-3.489213 400 80.0 -0.474485 -5.541266 17
-4.072066 840 80.0 0.793267 -7.520063 17
-3.513349 420 80.0 -0.520897 -5.541517 17
-4.064861 820 80.0 0.892179 -7.50761 17
-2.48268 270 80.0 1.732616 -6.405226 17
-4.075727 790 80.0 0.723036 -7.508286 17
-3.491737 400 80.0 -0.468586 -5.543097 17
-4.071424 840 80.0 0.936036 -7.526298 17
-2.41162 270 80.0 1.945096 -6.501299 17
-3.498411 390 80.0 -0.465803 -5.543865 17
-4.065536 850 80.0 0.945518 -7.528393 17
-2.421117 260 80.0 2.011611 -6.535762 17
-3.475914 370 80.0 -0.425367 -5.543568 17
-4.069806 870 80.0 0.917797 -7.529285 17
-2.46026 250 80.0 2.226413 -6.618613 17
-4.094682 790 80.0 0.618267 -7.511168 17
-3.486889 390 80.0 -0.457372 -5.545368 17
-4.071808 860 80.0 0.904919 -7.529982 17
-2.409744 260 80.0 2.039939 -6.518375 17
-3.517196 390 80.0 -0.489044 -5.543223 17
-4.07218 850 80.0 0.894668 -7.527549 17
-2.370987 270 80.0 1.964864 -6.510218 17
-3.499051 400 80.0 -0.485958 -5.537619 17
-4.075323 840 80.0 0.843833 -7.525919 17
-2.438911 270 80.0 1.918531 -6.481925 17
-3.517831 400 80.0 -0.498071 -5.542494 17
-4.085054 840 80.0 0.871768 -7.524409 17
-2.477521 270 80.0 1.885216 -6.467155 17
-3.514138 390 80.0 -0.482755 -5.538481 17
-4.073718 850 80.0 0.842005 -7.527881 17
-2.370121 270 80.0 1.975994 -6.515824 17
-3.494762 410 80.0 -0.488792 -5.538294 17
-4.047158 830 80.0 0.89994 -7.517947 17
-2.341283 270 80.0 1.862318 -6.451042 17
-3.466029 350 80.0 -0.398192 -5.542592 17
-4.067435 880 80.0 0.850029 -7.539666 17
-2.317056 240 80.0 2.345941 -6.649601 17
-3.498601 400 80.0 -0.485496 -5.537718 17
-4.075152 840 80.0 0.844881 -7.525946 17
-2.43774 270 80.0 1.919414 -6.482435 17
-3.498502 400 80.0 -0.485397 -5.53774 17
-4.075116 840 80.0 0.845107 -7.525956 17
-2.437488 270 80.0 1.919604 -6.482548 17
-4.057499 810 80.0 0.884859 -7.506907 17
-3.499121 410 80.0 -0.548475 -5.532568 17
-4.076656 820 80.0 0.708658 -7.51715 17
-3.490157 400 80.0 -0.473145 -5.543391 17
-4.072104 840 80.0 0.863127 -7.525923 17
-2.426865 270 80.0 1.93221 -6.486508 17
-3.517022 400 80.0 -0.497238 -5.542648 17
-4.084737 840 80.0 0.873683 -7.524479 17
-2.475415 270 80.0 1.886911 -6.468137 17
-3.490023 400 80.0 -0.473013 -5.543416 17
-4.072052 840 80.0 0.863442 -7.525934 17
-2.426515 270 80.0 1.932476 -6.486668 17
-3.480158 390 80.0 -0.452224 -5.544168 17
-4.065937 860 80.0 0.922501 -7.530007 17
-2.386353 260 80.0 2.054309 -6.524292 17
-3.492584 400 80.0 -0.466771 -5.543441 17
-4.080093 850 80.0 0.870652 -7.526427 17
-2.406758 270 80.0 1.959212 -6.506277 17
-3.489791 400 80.0 -0.466677 -5.543459 17
-4.081619 850 80.0 0.872976 -7.526454 17
-2.406551 270 80.0 1.948926 -6.50353 17
-3.491142 410 80.0 -0.541514 -5.536623 17
-4.076361 820 80.0 0.855168 -7.512157 17
-3.508529 400 80.0 -0.490718 -5.544182 17
-4.080689 840 80.0 0.828938 -7.526185 17
-2.464617 270 80.0 1.908806 -6.474722 17
-3.524664 400 80.0 -0.504917 -5.542735 17
-4.076881 830 80.0 0.854333 -7.517992 17
-3.489561 400 80.0 -0.472562 -5.543502 17
-4.07188 840 80.0 0.864515 -7.519875 17
-2.425318 270 80.0 1.933379 -6.487188 17
-3.54276 280 80.0 -0.261571 -5.567653 17
-4.054423 850 80.0 1.780223 -7.59657 17
-2.631642 190 80.0 3.191134 -7.009798 17
-4.057864 790 80.0 1.346244 -7.498755 17
-3.583673 270 80.0 -0.274659 -5.571701 17
-4.021861 860 80.0 1.741169 -7.590907 17
-2.575338 190 80.0 3.27221 -6.985296 17
-3.535119 270 80.0 -0.291763 -5.566737 17
-4.041043 850 80.0 1.729358 -7.586671 17
-2.384105 180 80.0 3.167582 -6.904315 17
-4.079217 770 80.0 1.376374 -7.491374 17
-3.547204 280 80.0 -0.267743 -5.566144 17
-4.0598 850 80.0 1.665614 -7.594696 17
-2.522115 200 80.0 3.220947 -6.995597 17
-3.585101 280 80.0 -0.287188 -5.567462 17
-4.047324 860 80.0 1.753717 -7.5948 17
-2.471961 190 80.0 3.141969 -6.957018 17
-3.49152 270 80.0 -0.26295 -5.561266 17
-4.055074 850 80.0 1.683812 -7.596947 17
-2.645053 190 80.0 3.197956 -6.978325 17
-3.53419 270 80.0 -0.291227 -5.56683 17
-4.040778 850 80.0 1.731717 -7.586723 17
-2.381623 180 80.0 3.168911 -6.904914 17
-3.534032 270 80.0 -0.291136 -5.566846 17
-4.040734 850 80.0 1.73212 -7.586735 17
-2.381199 180 80.0 3.169138 -6.905017 17
-3.540475 250 80.0 -0.240892 -5.572949 17
-4.038038 870 80.0 1.697473 -7.599431 17
-2.745273 170 80.0 3.370373 -7.057684 17
-3.506976 320 80.0 -0.304775 -5.556448 17
-4.044389 930 80.0 1.722259 -7.55721 17
-2.444426 220 80.0 2.8067 -6.857462 17
-3.533558 270 80.0 -0.290863 -5.566895 17
-4.0406 850 80.0 1.73332 -7.586757 17
-2.379939 180 80.0 3.169813 -6.905322 17
-3.533402 270 80.0 -0.290773 -5.566911 17
-4.040556 850 80.0 1.733717 -7.586767 17
-2.517435 190 80.0 3.170038 -6.936158 17
-3.533276 270 80.0 -0.290701 -5.566923 17
-4.040519 850 80.0 1.734034 -7.586774 17
-2.51711 190 80.0 3.170216 -6.936241 17
-3.581435 270 80.0 -0.273433 -5.571937 17
-4.021233 860 80.0 1.746951 -7.591016 17
-2.569431 190 80.0 3.275313 -6.986779 17
-3.583598 280 80.0 -0.281808 -5.567665 17
-4.045268 860 80.0 1.769643 -7.594627 17
-2.592086 200 80.0 3.138103 -6.984762 17
-4.068095 780 80.0 1.302771 -7.493982 17
-3.603871 270 80.0 -0.292644 -5.565878 17
-4.033917 860 80.0 1.756081 -7.594749 17
-2.524653 180 80.0 3.172549 -6.937274 17
-3.562891 290 80.0 -0.283265 -5.567416 17
-4.051533 850 80.0 1.74299 -7.530832 17
-2.459027 200 80.0 3.138607 -6.953346 17
-3.531985 270 80.0 -0.289955 -5.567056 17
-4.040149 850 80.0 1.737318 -7.586847 17
-2.513742 190 80.0 3.172067 -6.937127 17
-3.563976 340 80.0 -0.366976 -5.561146 17
-4.061529 910 80.0 1.478601 -7.546494 17
-2.600575 220 80.0 2.57538 -6.76828 17
-3.530823 290 80.0 -0.265485 -5.566174 17
-4.040436 850 80.0 1.739113 -7.592032 17
-2.625409 200 80.0 3.10525 -6.963133 17
-3.556504 280 80.0 -0.269605 -5.565981 17
-4.036507 860 80.0 1.738082 -7.594931 17
-2.54371 180 80.0 3.164769 -6.965231 17
-3.53135 270 80.0 -0.28959 -5.56712 17
-4.039969 850 80.0 1.738928 -7.586884 17
-2.512091 190 80.0 3.172973 -6.937555 17
-3.489983 280 80.0 -0.314141 -5.553548 17
-4.075534 840 80.0 1.598676 -7.527631 17
-2.408544 200 80.0 2.991082 -6.915934 17
-3.530991 270 80.0 -0.289383 -5.567156 17
-4.039866 850 80.0 1.739838 -7.586901 17
-2.511158 190 80.0 3.173485 -6.937799 17
-3.414899 280 80.0 -0.263409 -5.554411 17
-4.048036 840 80.0 1.716149 -7.528564 17
-2.479275 180 80.0 3.038303 -6.902095 17
-3.425258 280 80.0 -0.267774 -5.554442 17
-4.049168 840 80.0 1.695352 -7.528721 17
-2.478717 180 80.0 3.038493 -6.902251 17
-3.534258 420 80.0 -0.548391 -5.53336 17
-4.074911 820 80.0 1.288768 -7.512021 17
-3.462175 280 80.0 -0.291742 -5.553972 17
-4.052768 830 80.0 1.597843 -7.521194 17
-2.441311 190 80.0 3.030694 -6.904948 17
-3.530252 270 80.0 -0.288957 -5.567231 17
-4.039658 850 80.0 1.741714 -7.58694 17
-2.63374 200 80.0 3.174542 -6.970086 17
-3.4458 310 80.0 -0.30675 -5.556069 17
-4.044465 930 80.0 1.576625 -7.551971 17
-2.581148 210 80.0 2.782001 -6.871532 17
-4.060296 780 80.0 1.117257 -7.491053 17
-3.576441 290 80.0 -0.293316 -5.566041 17
-4.047373 840 80.0 1.530495 -7.528992 17
-2.47196 200 80.0 3.035607 -6.93713 17
-3.469057 410 80.0 -0.515334 -5.533242 17
-4.058157 820 80.0 1.236202 -7.508576 17
-2.468066 270 80.0 1.750442 -6.412688 17
-3.560375 290 80.0 -0.279476 -5.567756 17
-4.048679 850 80.0 1.590722 -7.53031 17
-2.415391 200 80.0 3.137259 -6.95858 17
-3.52938 270 80.0 -0.288454 -5.567319 17
-4.039407 850 80.0 1.574416 -7.586998 17
-2.63152 200 80.0 3.175791 -6.970712 17
-3.450356 280 80.0 -0.286543 -5.555733 17
-4.059954 840 80.0 1.541274 -7.528981 17
-2.438114 190 80.0 3.058156 -6.916115 17
-4.072691 790 80.0 1.155144 -7.501736 17
-3.579738 280 80.0 -0.286255 -5.566525 17
-4.036521 850 80.0 1.590619 -7.594134 17
-2.600103 200 80.0 3.121501 -6.974189 17
-3.48596 370 80.0 -0.431533 -5.535538 17
-4.069103 870 80.0 1.389611 -7.534426 17
-2.457442 250 80.0 2.173204 -6.617208 17
-3.49462 270 80.0 -0.307848 -5.556642 17
-4.069971 820 80.0 1.477528 -7.517521 17
-2.417686 190 80.0 3.019679 -6.895423 17
-3.42295 280 80.0 -0.266527 -5.554713 17
-4.049838 840 80.0 1.531205 -7.528906 17
-2.473027 180 80.0 3.034533 -6.901997 17
-3.574821 290 80.0 -0.292345 -5.566261 17
-4.046898 840 80.0 1.534584 -7.529064 17
-2.467609 200 80.0 3.037788 -6.938287 17
-4.068728 800 80.0 1.160588 -7.503369 17
-3.486711 300 80.0 -0.321882 -5.556084 17
-4.040256 930 80.0 1.43823 -7.552032 17
-2.434382 220 80.0 2.899427 -6.872878 17
-3.448801 280 80.0 -0.285645 -5.555922 17
-4.05953 840 80.0 1.544969 -7.529044 17
-2.434155 190 80.0 3.060222 -6.917058 17
-3.541693 340 80.0 -0.39924 -5.55618 17
-4.047301 890 80.0 1.363254 -7.537074 17
-2.478192 250 80.0 2.479152 -6.753434 17
-4.066254 810 80.0 1.177845 -7.506366 17
-3.460589 310 80.0 -0.313588 -5.554883 17
-4.049561 930 80.0 1.463982 -7.551946 17
-2.589909 210 80.0 2.754147 -6.856638 17
-4.048434 800 80.0 1.268321 -7.507395 17
-3.535997 410 80.0 -0.539904 -5.536769 17
-4.069907 830 80.0 1.437538 -7.513286 17
-3.459515 280 80.0 -0.290173 -5.553715 17
-4.076189 820 80.0 1.431563 -7.521781 17
-2.432017 190 80.0 2.969287 -6.875214 17
-3.470563 290 80.0 -0.304555 -5.556736 17
-4.070958 820 80.0 1.368926 -7.520662 17
-2.488403 200 80.0 2.953175 -6.901213 17
-3.485924 410 80.0 -0.531101 -5.531122 17
-4.069207 820 80.0 1.3178 -7.512331 17
-2.610208 280 80.0 1.70349 -6.413572 17
-3.546781 420 80.0 -0.564023 -5.538876 17
-4.070552 810 80.0 1.12148 -7.510224 17
-2.580418 290 80.0 1.642104 -6.407113 17
-3.470568 300 80.0 -0.312286 -5.553984 17
-4.063688 830 80.0 1.478827 -7.523415 17
-2.491398 210 80.0 2.852358 -6.849905 17
-3.517143 390 80.0 -0.486482 -5.540024 17
-4.06382 840 80.0 1.230167 -7.520868 17
-2.485734 260 80.0 1.967558 -6.508694 17
-3.513482 420 80.0 -0.52201 -5.539044 17
-4.063457 820 80.0 1.280447 -7.512648 17
-4.057877 780 80.0 1.066936 -7.490554 17
-3.478929 280 80.0 -0.306243 -5.556547 17
-4.063915 830 80.0 1.384531 -7.522684 17
-2.403335 200 80.0 3.024513 -6.902232 17
-3.493993 290 80.0 -0.317572 -5.555315 17
-4.065232 840 80.0 1.472969 -7.531238 17
-2.428232 210 80.0 2.977309 -6.883767 17
-3.460554 300 80.0 -0.309598 -5.555635 17
-4.059245 830 80.0 1.417155 -7.524899 17
-2.473336 210 80.0 2.878807 -6.862146 17
-3.451133 300 80.0 -0.30256 -5.556425 17
-4.057475 830 80.0 1.449811 -7.52482 17
-2.444054 210 80.0 2.891477 -6.868436 17
-3.463931 340 80.0 -0.339258 -5.556894 17
-4.054129 900 80.0 1.333819 -7.540156 17
-2.504909 230 80.0 2.621216 -6.764091 17
-3.475904 350 80.0 -0.404826 -5.541851 17
-4.047892 890 80.0 1.335919 -7.538471 17
-2.35181 240 80.0 2.340909 -6.643042 17
-3.51672 310 80.0 -0.310702 -5.568027 17
-4.063507 830 80.0 1.409205 -7.530643 17
-2.48391 210 80.0 2.866694 -6.856188 17
-3.444588 290 80.0 -0.287389 -5.5559 17
-4.045797 840 80.0 1.510085 -7.526561 17
-2.426236 200 80.0 2.979795 -6.880734 17
-3.468809 290 80.0 -0.306182 -5.556992 17
-4.055871 840 80.0 1.451685 -7.527095 17
-2.376619 210 80.0 3.007988 -6.86412 17
-3.514877 340 80.0 -0.379486 -5.55577 17
-4.060693 910 80.0 1.350986 -7.543746 17
-2.50947 220 80.0 2.405522 -6.711059 17
-3.507026 410 80.0 -0.614299 -5.518975 17
-4.059686 800 80.0 1.087632 -7.505783 17
-3.466587 340 80.0 -0.3406 -5.555521 17
-4.055551 900 80.0 1.330382 -7.540341 17
-2.502188 230 80.0 2.610693 -6.76186 17
-3.496825 350 80.0 -0.422225 -5.543061 17
-4.069029 870 80.0 1.146866 -7.532203 17
-2.499667 250 80.0 2.309517 -6.657995 17
-3.490658 330 80.0 -0.345282 -5.556084 17
-4.055697 910 80.0 1.313844 -7.540341 17
-2.565898 220 80.0 2.603132 -6.778552 17
-4.08624 790 80.0 0.976102 -7.499791 17
-3.540595 310 80.0 -0.370047 -5.555137 17
-4.066515 910 80.0 1.259778 -7.547911 17
-2.556406 230 80.0 2.715984 -6.816707 17
-3.452185 310 80.0 -0.308855 -5.556952 17
-4.046246 930 80.0 1.323205 -7.552625 17
-2.564214 210 80.0 2.767054 -6.865964 17
-4.05472 740 80.0 0.887939 -7.482887 17
-3.496033 300 80.0 -0.329116 -5.557811 17
-4.043182 930 80.0 1.342191 -7.552115 17
-2.437629 220 80.0 2.885783 -6.868137 17
-3.522603 410 80.0 -0.577259 -5.534881 17
-4.077807 810 80.0 0.973184 -7.51041 17
-3.496317 290 80.0 -0.320323 -5.560938 17
-4.055073 830 80.0 1.381364 -7.524818 17
-2.421744 210 80.0 2.955113 -6.873503 17
-3.508851 290 80.0 -0.331872 -5.556742 17
-4.060225 830 80.0 1.350731 -7.524983 17
-2.59249 220 80.0 2.890809 -6.893904 17
-3.530457 330 80.0 -0.372761 -5.555781 17
-4.064232 900 80.0 1.294731 -7.546045 17
-2.553843 230 80.0 2.607039 -6.784524 17
-3.475884 300 80.0 -0.31414 -5.556017 17
-4.047102 940 80.0 1.310474 -7.557957 17
-2.513429 210 80.0 2.790831 -6.875835 17
-3.473243 310 80.0 -0.316859 -5.555535 17
-4.054652 930 80.0 1.276866 -7.557003 17
-2.609174 210 80.0 2.729389 -6.879467 17
-3.448031 300 80.0 -0.302805 -5.556817 17
-4.057313 830 80.0 1.37019 -7.525144 17
-2.436241 210 80.0 2.889055 -6.868977 17
-3.528691 300 80.0 -0.354898 -5.557379 17
-4.050007 920 80.0 1.338972 -7.550812 17
-2.531287 220 80.0 2.776575 -6.837306 17
-3.480792 300 80.0 -0.313713 -5.556842 17
-4.047167 940 80.0 1.302994 -7.552269 17
-2.403531 220 80.0 2.909192 -6.847989 17
-3.468396 310 80.0 -0.316598 -5.555586 17
-4.052658 930 80.0 1.284607 -7.551166 17
-2.608111 210 80.0 2.742639 -6.852645 17
-3.512394 410 80.0 -0.511817 -5.540651 17
-4.089416 830 80.0 0.984304 -7.522852 17
-2.571046 270 80.0 1.81223 -6.478083 17
-3.476306 360 80.0 -0.369972 -5.557368 17
-4.063546 890 80.0 1.224793 -7.536296 17
-2.424438 240 80.0 2.424924 -6.702561 17
-3.436954 310 80.0 -0.293049 -5.561377 17
-4.041372 930 80.0 1.365632 -7.552199 17
-2.559245 210 80.0 2.794398 -6.878058 17
-3.541242 330 80.0 -0.389988 -5.557567 17
-4.071189 900 80.0 1.256682 -7.544944 17
-2.475303 240 80.0 2.553225 -6.759364 17
-4.06631 790 80.0 0.985802 -7.501727 17
-3.508862 380 80.0 -0.468764 -5.542269 17
-4.051206 850 80.0 1.145951 -7.52345 17
-2.556562 260 80.0 2.066126 -6.561631 17
-3.509477 340 80.0 -0.375637 -5.56143 17
-4.078819 900 80.0 1.217325 -7.54366 17
-2.512202 240 80.0 2.469274 -6.740489 17
-3.499054 310 80.0 -0.338986 -5.555996 17
-4.059626 920 80.0 1.210755 -7.549712 17
-2.573098 220 80.0 2.733143 -6.851511 17
-3.521576 420 80.0 -0.590105 -5.533225 17
-4.05115 800 80.0 1.011672 -7.501102 17
-3.527236 300 80.0 -0.353857 -5.557576 17
-4.051443 920 80.0 1.182268 -7.550932 17
-2.527577 220 80.0 2.766112 -6.835232 17
-4.077845 790 80.0 0.966388 -7.502008 17
-4.053886 790 80.0 0.942987 -7.499752 17
-4.070437 770 80.0 0.975796 -7.493073 17
-3.489069 420 80.0 -0.545838 -5.532189 17
-4.076811 810 80.0 0.910967 -7.510518 17
-2.503317 280 80.0 1.617171 -6.370602 17
-3.521375 400 80.0 -0.566586 -5.533643 17
-4.066638 820 80.0 0.933098 -7.513238 17
-3.525004 430 80.0 -0.547542 -5.541502 17
-4.052075 820 80.0 1.223214 -7.51112 17
-4.052902 810 80.0 1.059022 -7.508034 17
-3.476293 340 80.0 -0.392992 -5.542879 17
-4.060023 890 80.0 1.160864 -7.542163 17
-2.543289 230 80.0 2.386203 -6.695972 17
-4.065512 800 80.0 1.179974 -7.504441 17
-4.05738 800 80.0 0.904599 -7.50608 17
-3.492585 410 80.0 -0.598039 -5.524613 17
-4.080542 790 80.0 1.053834 -7.506527 17
-4.066156 790 80.0 1.007928 -7.502162 17
-3.463763 320 80.0 -0.318297 -5.561327 17
-4.06393 920 80.0 1.104069 -7.549506 17
-2.490886 210 80.0 2.720856 -6.810113 17
-3.523534 330 80.0 -0.37406 -5.548941 17
-4.073375 910 80.0 1.144891 -7.545313 17
-2.430484 240 80.0 2.5772 -6.775655 17
-3.496277 370 80.0 -0.393792 -5.556714 17
-4.079972 880 80.0 1.146657 -7.538688 17
-2.512463 250 80.0 2.317274 -6.688373 17
-3.501562 320 80.0 -0.354676 -5.55758 17
-4.064306 900 80.0 1.082195 -7.542193 17
-2.480119 220 80.0 2.64887 -6.777405 17
-3.47278 320 80.0 -0.329865 -5.556561 17
-4.057396 910 80.0 1.077275 -7.543463 17
-2.509627 210 80.0 2.645749 -6.802592 17
-3.484476 310 80.0 -0.328745 -5.557068 17
-4.059925 930 80.0 1.09218 -7.550841 17
-2.526243 200 80.0 2.716547 -6.806686 17
-3.530246 310 80.0 -0.323388 -5.557868 17
-4.048492 940 80.0 1.128947 -7.552004 17
-2.400094 220 80.0 2.831208 -6.841402 17
-3.464186 320 80.0 -0.325359 -5.558139 17
-4.055036 910 80.0 1.097741 -7.543571 17
-2.493396 210 80.0 2.670655 -6.782258 17
-3.485543 360 80.0 -0.421614 -5.53757 17
-4.062287 880 80.0 1.137287 -7.536851 17
-2.467408 240 80.0 2.244903 -6.627326 17
-4.062848 780 80.0 0.851334 -7.501913 17
-4.080294 790 80.0 0.882158 -7.506248 17
-3.506327 340 80.0 -0.371163 -5.549996 17
-4.076994 900 80.0 1.151418 -7.544 17
-2.504024 240 80.0 2.48513 -6.750266 17
-3.488441 330 80.0 -0.345172 -5.562067 17
-4.067575 920 80.0 1.162924 -7.546558 17
-2.445076 230 80.0 2.642215 -6.776042 17
-3.553941 340 80.0 -0.413772 -5.545275 17
-4.056625 890 80.0 1.032673 -7.536185 17
-2.414765 240 80.0 2.450028 -6.707545 17
-3.474346 360 80.0 -0.409836 -5.540938 17
-4.090894 880 80.0 1.024814 -7.543427 17
-2.441258 240 80.0 2.267045 -6.611444 17
-3.534118 430 80.0 -0.558689 -5.540596 17
-4.059129 820 80.0 0.939896 -7.509207 17
-3.45965 340 80.0 -0.335638 -5.556461 17
-4.053522 900 80.0 1.120503 -7.540781 17
-2.484634 230 80.0 2.621493 -6.767645 17
-4.045276 800 80.0 0.923112 -7.496407 17
-3.462267 240 80.0 -0.202445 -5.569041 17
-4.024211 870 80.0 1.288235 -7.603621 17
-4.083092 790 80.0 0.917506 -7.499773 17
-3.470417 340 80.0 -0.341658 -5.556534 17
-4.036125 910 80.0 1.094582 -7.53996 17
-2.510563 230 80.0 2.603634 -6.759237 17
-4.074819 790 80.0 0.898952 -7.502314 17
-3.479679 370 80.0 -0.428688 -5.542914 17
-4.071096 870 80.0 1.051333 -7.528975 17
-2.469901 250 80.0 2.219527 -6.614961 17
-4.059443 780 80.0 0.811469 -7.496627 17
-4.095866 800 80.0 0.836321 -7.510825 17
-4.025689 770 80.0 0.821471 -7.488193 17
-3.496827 360 80.0 -0.430948 -5.543682 17
-4.060545 870 80.0 1.041469 -7.52989 17
-2.402193 250 80.0 2.263085 -6.613438 17
-3.509404 330 80.0 -0.365846 -5.55087 17
-4.067431 910 80.0 1.02805 -7.545969 17
-2.602419 220 80.0 2.503589 -6.790568 17
-4.048162 790 80.0 1.031698 -7.50039 17
-4.06433 800 80.0 0.885014 -7.505058 17
-3.519559 350 80.0 -0.395573 -5.549919 17
-4.095742 890 80.0 1.005699 -7.546769 17
-2.647251 240 80.0 2.367384 -6.717725 17
-3.501857 390 80.0 -0.469107 -5.54411 17
-4.067783 850 80.0 0.868697 -7.527957 17
-2.536538 250 80.0 1.967705 -6.530623 17
-3.494134 330 80.0 -0.353533 -5.543744 17
-4.066642 920 80.0 1.072268 -7.553071 17
-2.439819 230 80.0 2.639122 -6.774886 17
-3.503705 410 80.0 -0.503008 -5.542512 17
-4.051399 830 80.0 1.069041 -7.51714 17
-2.380163 270 80.0 1.828102 -6.431472 17
-3.471193 380 80.0 -0.426295 -5.544661 17
-4.065161 850 80.0 0.977423 -7.521036 17
-2.440017 260 80.0 2.156096 -6.584708 17
-3.489797 390 80.0 -0.460167 -5.544836 17
-4.072873 860 80.0 1.034914 -7.529741 17
-2.417297 260 80.0 2.034469 -6.543408 17
-4.078257 780 80.0 0.711032 -7.500329 17
-3.517815 400 80.0 -0.505183 -5.542113 17
-4.074335 830 80.0 0.862081 -7.51756 17
-2.488889 270 80.0 1.865877 -6.482107 17
-3.497216 380 80.0 -0.454152 -5.537714 17
-4.079924 850 80.0 0.981869 -7.525834 17
-2.419445 270 80.0 2.108914 -6.588174 17
-3.445129 360 80.0 -0.38878 -5.538034 17
-4.078254 880 80.0 0.951854 -7.539379 17
-2.373725 240 80.0 2.325778 -6.641982 17
-3.472227 340 80.0 -0.352349 -5.543252 17
-4.061784 900 80.0 1.001127 -7.539347 17
-2.532702 230 80.0 2.523416 -6.741519 17
-3.477816 370 80.0 -0.427046 -5.543237 17
-4.07046 870 80.0 0.983999 -7.529129 17
-2.465136 250 80.0 2.222931 -6.616767 17
-3.477966 410 80.0 -0.528786 -5.530452 17
-4.066636 820 80.0 0.820469 -7.513569 17
-2.500632 270 80.0 1.72234 -6.398549 17
-3.468156 340 80.0 -0.337902 -5.550327 17
-4.034278 910 80.0 1.101296 -7.539943 17
-2.504791 230 80.0 2.613822 -6.762887 17
-4.056339 790 80.0 0.824814 -7.499957 17
-4.070065 780 80.0 0.759977 -7.500506 17
-3.506754 330 80.0 -0.363775 -5.550525 17
-4.055143 900 80.0 0.961015 -7.539245 17
-2.490944 230 80.0 2.612052 -6.759308 17
-3.472681 380 80.0 -0.431098 -5.542042 17
-4.06371 850 80.0 0.896299 -7.525609 17
-2.436346 260 80.0 2.137496 -6.575747 17
-3.49541 400 80.0 -0.469545 -5.542917 17
-4.081172 850 80.0 0.931688 -7.532328 17
-2.414121 270 80.0 1.95363 -6.503026 17
-3.511456 400 80.0 -0.493729 -5.543624 17
-4.070728 830 80.0 0.955758 -7.519853 17
-2.472225 270 80.0 1.903043 -6.471366 17
-3.522202 360 80.0 -0.458929 -5.542282 17
-4.095665 860 80.0 0.901252 -7.533781 17
-2.567585 260 80.0 2.197022 -6.605907 17
-3.503167 400 80.0 -0.479393 -5.541539 17
-4.077063 840 80.0 0.978203 -7.525823 17
-2.442485 270 80.0 1.931478 -6.489216 17
-3.511172 400 80.0 -0.491402 -5.537325 17
-4.080773 840 80.0 0.956832 -7.525855 17
-2.461817 270 80.0 1.909712 -6.478292 17
-3.507269 390 80.0 -0.47034 -5.543762 17
-4.069547 850 80.0 0.997388 -7.528338 17
-2.442712 260 80.0 2.008705 -6.534505 17
-3.552479 400 80.0 -0.53485 -5.543053 17
-4.082295 820 80.0 0.855712 -7.510209 17
-2.480778 280 80.0 1.809876 -6.47835 17
-3.494737 400 80.0 -0.468883 -5.543042 17
-4.080916 850 80.0 0.933275 -7.532379 17
-2.412362 270 80.0 1.954964 -6.503798 17
-3.515262 390 80.0 -0.483892 -5.538236 17
-4.07414 850 80.0 0.975418 -7.527791 17
-2.373099 270 80.0 1.973886 -6.514579 17
-3.50527 340 80.0 -0.379393 -5.543832 17
-4.077075 900 80.0 0.921322 -7.543993 17
-2.613991 230 80.0 2.417868 -6.74019 17
-3.517887 390 80.0 -0.489742 -5.543094 17
-4.072442 850 80.0 0.960099 -7.527496 17
-2.372822 270 80.0 1.963572 -6.509465 17
-3.520592 390 80.0 -0.489682 -5.544542 17
-4.07462 850 80.0 0.894566 -7.528006 17
-2.372617 270 80.0 1.974193 -6.5148 17
-3.487312 390 80.0 -0.457776 -5.545292 17
-4.071962 860 80.0 0.971923 -7.529948 17
-2.410834 260 80.0 2.03915 -6.517929 17
-3.511891 380 80.0 -0.464685 -5.54382 17
-4.062772 860 80.0 0.944055 -7.529975 17
-2.544945 260 80.0 2.062074 -6.562699 17
-3.514804 390 80.0 -0.48343 -5.538337 17
-4.073969 850 80.0 0.840444 -7.527828 17
-2.371886 270 80.0 1.974743 -6.515085 17
-3.511752 380 80.0 -0.464554 -5.543845 17
-4.062725 860 80.0 0.944383 -7.529983 17
-2.544592 260 80.0 2.062359 -6.562859 17
-3.493975 400 80.0 -0.468134 -5.543184 17
-4.080624 850 80.0 0.867411 -7.532444 17
-2.410373 270 80.0 1.956472 -6.504674 17
-3.491176 400 80.0 -0.468036 -5.543202 17
-4.071214 840 80.0 0.869742 -7.526348 17
-2.410162 270 80.0 1.946199 -6.501942 17
-3.491098 400 80.0 -0.474065 -5.543215 17
-4.072458 840 80.0 0.860936 -7.525849 17
-2.429306 270 80.0 1.930365 -6.485437 17
-3.491039 400 80.0 -0.4679 -5.543227 17
-4.071161 840 80.0 0.870066 -7.526357 17
-2.4098 270 80.0 1.946471 -6.502099 17
-3.467865 380 80.0 -0.4233 -5.545249 17
-4.064034 850 80.0 0.914989 -7.521303 17
-2.528919 250 80.0 2.119759 -6.588096 17
-3.490919 400 80.0 -0.473891 -5.543249 17
-4.07239 840 80.0 0.861352 -7.525867 17
-2.428843 270 80.0 1.930714 -6.485639 17
-3.514216 390 80.0 -0.482834 -5.538465 17
-4.073748 850 80.0 0.841824 -7.527873 17
-2.370327 270 80.0 1.975848 -6.515735 17
-3.486454 390 80.0 -0.460949 -5.54261 17
-4.059948 850 80.0 0.900695 -7.529757 17
-2.408569 260 80.0 2.030195 -6.514834 17
-3.43504 340 80.0 -0.361581 -5.543952 17
-4.074546 890 80.0 0.81332 -7.544604 17
-2.441172 230 80.0 2.462716 -6.737823 17
-3.512057 350 80.0 -0.386085 -5.552105 17
-4.090775 890 80.0 0.80918 -7.548649 17
-2.624623 240 80.0 2.401365 -6.738351 17
-3.438446 350 80.0 -0.371781 -5.543313 17
-4.088499 880 80.0 0.845731 -7.541541 17
-2.35201 230 80.0 2.364344 -6.655666 17
-3.492176 360 80.0 -0.426904 -5.544484 17
-4.058935 870 80.0 0.909982 -7.530281 17
-2.390036 250 80.0 2.271756 -6.618154 17
-3.485966 390 80.0 -0.456482 -5.545538 17
-4.07147 860 80.0 0.907071 -7.530057 17
-2.40734 260 80.0 2.04168 -6.519351 17
-3.496936 390 80.0 -0.464383 -5.544136 17
-4.064984 850 80.0 0.880385 -7.528513 17
-2.41727 260 80.0 2.01457 -6.537387 17
-3.52496 380 80.0 -0.485063 -5.544791 17
-4.070255 860 80.0 0.838957 -7.529795 17
-3.513349 390 80.0 -0.481957 -5.538652 17
-4.073423 850 80.0 0.843855 -7.527944 17
-2.368028 270 80.0 1.977474 -6.51669 17
-3.488915 400 80.0 -0.473381 -5.541413 17
-4.071103 840 80.0 0.867771 -7.520385 17
-2.514543 260 80.0 1.933502 -6.490871 17
-3.504857 390 80.0 -0.468011 -5.544207 17
-4.068643 850 80.0 0.86797 -7.528535 17
-2.436416 260 80.0 2.013568 -6.537173 17
-3.513121 390 80.0 -0.481726 -5.538704 17
-4.073339 850 80.0 0.84439 -7.527966 17
-2.367421 270 80.0 1.977901 -6.51694 17
-3.501992 390 80.0 -0.481669 -5.537296 17
-4.067741 850 80.0 0.85819 -7.528406 17
-2.456408 260 80.0 1.958834 -6.52393 17
-3.527382 400 80.0 -0.5029 -5.544189 17
-4.053803 840 80.0 0.918028 -7.518391 17
-3.475629 370 80.0 -0.424515 -5.544769 17
-4.069937 870 80.0 0.84708 -7.535747 17
-2.645579 250 80.0 2.14309 -6.655671 17
