0.361525 1150 80.0 -1.712804 -0.205089 24
0.55845 660 80.0 -2.385112 -1.037902 24
1.016876 260 80.0 0 -0.709001 24
0.362833 1110 80.0 -1.451147 -0.170616 24
0.429351 510 80.0 -0.793422 -1.02377 24
0.362784 1150 80.0 -1.751723 -0.209564 24
0.600003 680 80.0 -2.396757 -1.028368 24
0.362663 1150 80.0 -1.749879 -0.208238 24
0.595118 680 80.0 -2.389324 -1.034484 24
0.361618 1150 80.0 -1.715196 -0.205774 24
0.558629 660 80.0 -2.393615 -1.02924 24
0.362713 1150 80.0 -1.767405 -0.212003 24
0.596166 680 80.0 -2.391826 -1.035545 24
0.569195 220 80.0 0 -0.43221 24
0.485909 520 80.0 -0.837751 -0.854824 24
0.363067 1150 80.0 -1.774984 -0.215748 24
0.603438 690 80.0 -2.425014 -1.030056 24
0.756652 240 80.0 0 -0.576681 24
0.536157 560 80.0 -0.818374 -0.857562 24
1.049252 280 80.0 0 -0.787678 24
0.453234 510 80.0 -0.82452 -1.009943 24
1.228029 290 80.0 0 -0.858108 24
0.361491 1130 80.0 -1.511913 -0.187803 24
0.468655 540 80.0 -0.813036 -1.025919 24
0.360726 1150 80.0 -1.682137 -0.202068 24
0.542319 630 80.0 -2.382795 -1.030666 24
1.010978 280 80.0 0 -0.769262 24
0.443816 510 80.0 -0.815066 -1.00982 24
0.74768 250 80.0 0 -0.564943 24
0.532291 550 80.0 -0.830845 -0.857353 24
0.362675 1150 80.0 -1.750112 -0.208353 24
0.595368 680 80.0 -2.390584 -1.034516 24
1.249762 290 80.0 0 -0.869957 24
0.361558 1130 80.0 -1.516527 -0.188487 24
0.473147 540 80.0 -0.792009 -1.017738 24
1.15484 280 80.0 0 -0.813921 24
0.360425 1130 80.0 -1.489777 -0.189448 24
0.45855 530 80.0 -0.79816 -1.018072 24
0.493764 220 80.0 0 -0.360569 24
0.460004 510 80.0 -0.829041 -0.859405 24
0.356062 1170 80.0 -1.780882 -0.207127 24
0.571706 680 80.0 -2.399709 -1.032426 24
0.361717 1150 80.0 -1.715042 -0.204753 24
0.571968 650 80.0 -2.405659 -1.020386 24
0.360509 1150 80.0 -1.660839 -0.198396 24
0.52929 630 80.0 -2.382768 -1.028816 24
0.910768 260 80.0 0 -0.691111 24
0.361696 1150 80.0 -1.715852 -0.204136 24
0.57123 650 80.0 -2.402461 -1.021326 24
0.356068 1170 80.0 -1.781013 -0.207191 24
0.571855 680 80.0 -2.400378 -1.032453 24
0.356069 1170 80.0 -1.781037 -0.207203 24
0.571882 680 80.0 -2.4005 -1.032458 24
0.362309 1150 80.0 -1.746752 -0.21174 24
0.598387 660 80.0 -2.348991 -1.024413 24
1.001722 250 80.0 0 -0.690985 24
0.427719 500 80.0 -0.806951 -1.01367 24
0.736806 240 80.0 0 -0.565894 24
0.539425 550 80.0 -0.806611 -0.857831 24
0.356073 1170 80.0 -1.781132 -0.20725 24
0.571991 680 80.0 -2.400987 -1.032478 24
0.567787 220 80.0 0 -0.431505 24
0.49695 510 80.0 -0.817344 -0.853594 24
0.362315 1150 80.0 -1.746873 -0.211792 24
0.598495 660 80.0 -2.349606 -1.024428 24
1.271665 300 80.0 0 -0.908098 24
0.359348 1140 80.0 -1.536431 -0.192303 24
0.473771 550 80.0 -0.814195 -1.019784 24
0.994767 250 80.0 0 -0.68105 24
0.427416 500 80.0 -0.807336 -1.022498 24
0.361962 1150 80.0 -1.721783 -0.206545 24
0.567835 670 80.0 -2.400516 -1.031489 24
0.362525 1150 80.0 -1.748929 -0.210365 24
0.596386 670 80.0 -2.369404 -1.026604 24
1.030176 270 80.0 0 -0.757864 24
0.449957 500 80.0 -0.810928 -1.007652 24
0.361132 1150 80.0 -1.70513 -0.199943 24
0.551822 640 80.0 -2.406651 -1.023526 24
0.356081 1170 80.0 -1.781324 -0.207343 24
0.572209 680 80.0 -2.401967 -1.032518 24
0.362227 1150 80.0 -1.744394 -0.209966 24
0.589711 660 80.0 -2.36991 -1.025089 24
0.360633 1150 80.0 -1.681947 -0.196841 24
0.526006 640 80.0 -2.399529 -1.029814 24
0.960256 260 80.0 0 -0.696783 24
0.362112 1150 80.0 -1.741275 -0.208994 24
0.586547 660 80.0 -2.356534 -1.031183 24
1.098648 280 80.0 0 -0.79288 24
0.359389 1130 80.0 -1.483245 -0.188183 24
0.452538 520 80.0 -0.816818 -1.011848 24
0.701429 240 80.0 0 -0.543469 24
0.517698 560 80.0 -0.839523 -0.864536 24
0.361834 1150 80.0 -1.735391 -0.206663 24
0.565493 670 80.0 -2.390259 -1.038884 24
0.362019 1150 80.0 -1.740085 -0.208527 24
0.5667 680 80.0 -2.381637 -1.039228 24
0.78331 240 80.0 0 -0.580147 24
0.533834 570 80.0 -0.824435 -0.866777 24
0.925286 270 80.0 0 -0.708078 24
0.428063 500 80.0 -0.808924 -1.022609 24
1.199497 310 80.0 0 -0.908854 24
0.358979 1140 80.0 -1.517976 -0.187645 24
0.487243 530 80.0 -0.805445 -1.010388 24
0.361884 1150 80.0 -1.738472 -0.206713 24
0.566452 670 80.0 -2.401442 -1.028634 24
1.108641 280 80.0 0 -0.796588 24
0.359543 1130 80.0 -1.48289 -0.184717 24
0.461445 510 80.0 -0.80039 -1.011894 24
0.36073 1150 80.0 -1.682171 -0.197754 24
0.527024 640 80.0 -2.409851 -1.030168 24
0.361498 1150 80.0 -1.710654 -0.205027 24
0.551705 660 80.0 -2.411668 -1.036386 24
1.147565 290 80.0 0 -0.845962 24
0.360641 1130 80.0 -1.506842 -0.187165 24
0.47402 520 80.0 -0.791711 -1.014166 24
0.749366 250 80.0 0 -0.583692 24
0.550168 550 80.0 -0.81001 -0.856824 24
0.777979 240 80.0 0 -0.578726 24
0.531885 570 80.0 -0.826851 -0.8652 24
0.360768 1150 80.0 -1.683453 -0.202592 24
0.54365 630 80.0 -2.388325 -1.030942 24
1.266096 300 80.0 0 -0.905326 24
0.3593 1140 80.0 -1.51992 -0.195971 24
0.473132 550 80.0 -0.838524 -1.028126 24
1.379116 320 80.0 0 -0.991072 24
0.361358 1140 80.0 -1.570912 -0.191341 24
0.503695 560 80.0 -0.850959 -1.017681 24
0.361735 1150 80.0 -1.734483 -0.204559 24
0.555299 670 80.0 -2.407094 -1.037753 24
1.394791 330 80.0 0 -1.033238 24
0.358775 1150 80.0 -1.575303 -0.198299 24
0.506711 570 80.0 -0.87279 -1.019713 24
0.360782 1150 80.0 -1.682754 -0.198196 24
0.528078 640 80.0 -2.412838 -1.030806 24
0.772275 260 80.0 0 -0.616863 24
0.549189 570 80.0 -0.826342 -0.865901 24
0.742008 250 80.0 0 -0.584907 24
0.53095 570 80.0 -0.821625 -0.86727 24
0.361522 1150 80.0 -1.713159 -0.206146 24
0.559277 660 80.0 -2.382685 -1.03835 24
0.361294 1150 80.0 -1.708272 -0.203083 24
0.555378 650 80.0 -2.391299 -1.034287 24
1.230342 310 80.0 0 -0.910166 24
0.359211 1140 80.0 -1.521533 -0.188555 24
0.473962 550 80.0 -0.830918 -1.02003 24
1.084436 280 80.0 0 -0.787075 24
0.358887 1130 80.0 -1.481385 -0.182504 24
0.451068 520 80.0 -0.809388 -1.020263 24
0.621504 240 80.0 0 -0.453396 24
0.495911 530 80.0 -0.818916 -0.861846 24
1.090783 290 80.0 0 -0.823583 24
0.359774 1130 80.0 -1.500622 -0.186286 24
0.470777 510 80.0 -0.778552 -1.010575 24
1.025589 260 80.0 0 -0.713347 24
0.431773 510 80.0 -0.799885 -1.023243 24
0.735915 230 80.0 0 -0.533387 24
0.525795 550 80.0 -0.826491 -0.863644 24
1.068098 270 80.0 0 -0.765149 24
0.456237 500 80.0 -0.801526 -1.010016 24
1.018378 260 80.0 0 -0.710032 24
0.429518 510 80.0 -0.796442 -1.021908 24
0.361411 1150 80.0 -1.711492 -0.203806 24
0.558464 650 80.0 -2.40445 -1.028058 24
0.361128 1150 80.0 -1.704593 -0.200775 24
0.552865 640 80.0 -2.401165 -1.025684 24
1.054891 280 80.0 0 -0.789489 24
0.358593 1130 80.0 -1.478101 -0.180965 24
0.450779 510 80.0 -0.809967 -1.017874 24
0.361354 1150 80.0 -1.691639 -0.206928 24
0.547787 660 80.0 -2.425046 -1.036319 24
1.049974 270 80.0 0 -0.753097 24
0.454389 500 80.0 -0.796796 -1.017014 24
0.361132 1150 80.0 -1.704724 -0.200836 24
0.553007 640 80.0 -2.401765 -1.025705 24
0.360244 1150 80.0 -1.65299 -0.197195 24
0.531795 600 80.0 -0.865993 -1.022634 24
0.36109 1150 80.0 -1.702364 -0.202659 24
0.550633 640 80.0 -2.395666 -1.03239 24
0.788398 250 80.0 0 -0.604848 24
0.554567 560 80.0 -0.822307 -0.867205 24
0.361048 1150 80.0 -1.684686 -0.202359 24
0.537537 650 80.0 -2.419306 -1.0326 24
0.678351 240 80.0 0 -0.530383 24
0.526234 540 80.0 -0.81963 -0.85798 24
0.915308 260 80.0 0 -0.674836 24
0.361116 1150 80.0 -1.703391 -0.20028 24
0.552444 640 80.0 -2.399344 -1.034772 24
0.361117 1150 80.0 -1.70341 -0.200289 24
0.552464 640 80.0 -2.399427 -1.034775 24
0.989399 260 80.0 0 -0.713807 24
0.431707 500 80.0 -0.787114 -1.014147 24
0.993065 250 80.0 0 -0.683043 24
0.425319 500 80.0 -0.77867 -1.020536 24
1.492689 350 80.0 0 -1.101866 24
0.360002 1150 80.0 -1.628348 -0.193075 24
0.527662 590 80.0 -0.840863 -1.024458 24
0.360608 1150 80.0 -1.679363 -0.199697 24
0.541128 620 80.0 -2.367347 -1.028849 24
0.894708 250 80.0 0 -0.650258 24
0.579088 570 80.0 -0.832925 -0.860623 24
1.445217 340 80.0 0 -1.063993 24
0.359663 1150 80.0 -1.618531 -0.194424 24
0.508943 590 80.0 -0.881874 -1.022029 24
0.819067 250 80.0 0 -0.629946 24
0.558243 570 80.0 -0.824361 -0.85918 24
0.839096 250 80.0 0 -0.622019 24
0.550887 580 80.0 -0.83103 -0.867601 24
0.738599 240 80.0 0 -0.534591 24
0.515868 550 80.0 -0.834938 -0.857841 24
0.875638 240 80.0 0 -0.616083 24
0.562117 570 80.0 -0.816183 -0.864858 24
0.753945 240 80.0 0 -0.573054 24
0.533887 560 80.0 -0.818325 -0.865477 24
0.942247 260 80.0 0 -0.689507 24
0.666443 240 80.0 0 -0.520259 24
0.519831 540 80.0 -0.807719 -0.865449 24
1.105808 290 80.0 0 -0.826285 24
0.363054 1120 80.0 -1.502523 -0.175949 24
0.463209 520 80.0 -0.782222 -1.020642 24
0.861333 230 80.0 0 -0.58723 24
0.544381 570 80.0 -0.816002 -0.867124 24
0.737399 230 80.0 0 -0.536761 24
0.527451 550 80.0 -0.795542 -0.866212 24
1.467571 320 80.0 0 -1.009767 24
0.358933 1150 80.0 -1.596045 -0.196607 24
0.521044 560 80.0 -0.866834 -1.012146 24
0.850955 240 80.0 0 -0.573246 24
0.5485 550 80.0 -0.807652 -0.865765 24
1.129565 280 80.0 0 -0.804495 24
0.359729 1130 80.0 -1.485825 -0.18614 24
0.465965 510 80.0 -0.805294 -1.013056 24
0.770978 250 80.0 0 -0.561935 24
0.53403 550 80.0 -0.81237 -0.858231 24
0.88802 250 80.0 0 -0.614217 24
0.542124 580 80.0 -0.821177 -0.86673 24
0.801224 250 80.0 0 -0.616677 24
0.557416 560 80.0 -0.826144 -0.86033 24
0.360568 1150 80.0 -1.661391 -0.199243 24
0.536313 620 80.0 -2.372808 -1.028081 24
0.777645 240 80.0 0 -0.569839 24
0.547807 550 80.0 -0.809386 -0.866298 24
0.360497 1150 80.0 -1.676279 -0.197508 24
0.540776 610 80.0 -2.352951 -1.02061 24
0.759807 250 80.0 0 -0.590712 24
0.532992 570 80.0 -0.833333 -0.866326 24
0.757224 240 80.0 0 -0.566519 24
0.54551 550 80.0 -0.796324 -0.866074 24
0.761584 240 80.0 0 -0.566862 24
0.545626 550 80.0 -0.800095 -0.865668 24
0.843285 250 80.0 0 -0.623964 24
0.551623 580 80.0 -0.832743 -0.867813 24
0.81868 250 80.0 0 -0.625019 24
0.561634 560 80.0 -0.806713 -0.859182 24
0.695508 240 80.0 0 -0.540792 24
0.529425 540 80.0 -0.793537 -0.858003 24
0.705923 240 80.0 0 -0.546399 24
0.522216 550 80.0 -0.825897 -0.865133 24
0.748827 250 80.0 0 -0.580699 24
0.528829 570 80.0 -0.828725 -0.874728 24
1.44636 340 80.0 0 -1.085327 24
0.359644 1150 80.0 -1.60473 -0.192111 24
0.510041 590 80.0 -0.884637 -1.022544 24
1.349233 310 80.0 0 -0.964019 24
0.360715 1140 80.0 -1.564745 -0.194531 24
0.500254 550 80.0 -0.826289 -1.01418 24
0.788689 240 80.0 0 -0.583228 24
0.553311 550 80.0 -0.810537 -0.858667 24
0.770474 250 80.0 0 -0.599392 24
0.535723 570 80.0 -0.834078 -0.866757 24
0.780445 240 80.0 0 -0.57118 24
0.548356 550 80.0 -0.810534 -0.866422 24
0.775065 250 80.0 0 -0.604633 24
0.55148 560 80.0 -0.820392 -0.863652 24
0.73494 250 80.0 0 -0.588891 24
0.537518 560 80.0 -0.819696 -0.866405 24
0.360237 1150 80.0 -1.637974 -0.197529 24
0.536526 600 80.0 -0.870137 -1.021589 24
0.762826 250 80.0 0 -0.592204 24
0.533606 570 80.0 -0.834609 -0.866483 24
0.777027 250 80.0 0 -0.566895 24
0.535782 550 80.0 -0.819414 -0.856593 24
0.853514 240 80.0 0 -0.572912 24
0.529323 570 80.0 -0.827322 -0.875591 24
0.740174 250 80.0 0 -0.582677 24
0.538234 560 80.0 -0.820826 -0.865419 24
0.74388 240 80.0 0 -0.569659 24
0.529688 560 80.0 -0.814089 -0.866392 24
0.751567 230 80.0 0 -0.540989 24
0.528908 550 80.0 -0.80513 -0.864453 24
0.756286 250 80.0 0 -0.590241 24
0.531453 570 80.0 -0.830805 -0.866842 24
0.761039 240 80.0 0 -0.576492 24
0.535255 560 80.0 -0.821303 -0.865845 24
0.757094 240 80.0 0 -0.575728 24
0.531211 560 80.0 -0.817118 -0.866129 24
0.784107 240 80.0 0 -0.581717 24
0.532489 570 80.0 -0.829744 -0.866922 24
0.732792 240 80.0 0 -0.560342 24
0.533105 550 80.0 -0.808526 -0.866941 24
0.757461 230 80.0 0 -0.54529 24
0.532458 550 80.0 -0.802907 -0.866417 24
0.828426 250 80.0 0 -0.631821 24
0.565189 560 80.0 -0.807687 -0.859423 24
0.856062 260 80.0 0 -0.664306 24
0.57714 570 80.0 -0.827355 -0.860116 24
1.235357 290 80.0 0 -0.865291 24
0.358419 1140 80.0 -1.515444 -0.188612 24
0.480224 530 80.0 -0.820683 -1.016672 24
0.638864 230 80.0 0 -0.490643 24
0.507727 530 80.0 -0.789899 -0.864521 24
0.767329 240 80.0 0 -0.569678 24
0.546779 550 80.0 -0.802495 -0.865965 24
0.65748 240 80.0 0 -0.515474 24
0.513314 540 80.0 -0.807702 -0.86492 24
1.110227 280 80.0 0 -0.80168 24
0.362528 1120 80.0 -1.486101 -0.177268 24
0.454116 520 80.0 -0.81779 -1.012448 24
0.754193 230 80.0 0 -0.542264 24
0.52943 550 80.0 -0.806231 -0.864588 24
1.41005 320 80.0 0 -1.004956 24
0.361552 1140 80.0 -1.574579 -0.189239 24
0.490211 580 80.0 -0.866008 -1.02642 24
1.479482 350 80.0 0 -1.118822 24
0.359953 1150 80.0 -1.628877 -0.192811 24
0.526176 590 80.0 -0.839525 -1.022686 24
1.102832 280 80.0 0 -0.790976 24
0.359074 1130 80.0 -1.482532 -0.179536 24
0.451933 520 80.0 -0.816496 -1.020706 24
0.772255 230 80.0 0 -0.549184 24
0.53732 550 80.0 -0.814638 -0.856896 24
1.430288 340 80.0 0 -1.050222 24
0.359372 1150 80.0 -1.600634 -0.19265 24
0.512641 580 80.0 -0.880007 -1.020756 24
1.451904 340 80.0 0 -1.090678 24
0.35967 1150 80.0 -1.621299 -0.195583 24
0.517591 580 80.0 -0.88618 -1.013631 24
0.699348 240 80.0 0 -0.53814 24
0.511027 560 80.0 -0.816061 -0.866621 24
0.707505 240 80.0 0 -0.545162 24
0.521136 550 80.0 -0.800457 -0.865369 24
0.699491 230 80.0 0 -0.511457 24
0.517071 540 80.0 -0.812765 -0.865253 24
1.112219 280 80.0 0 -0.802432 24
0.362552 1120 80.0 -1.486315 -0.177393 24
0.454368 520 80.0 -0.818513 -1.012488 24
1.496336 340 80.0 0 -1.08734 24
0.359839 1150 80.0 -1.625653 -0.190896 24
0.518591 590 80.0 -0.876062 -1.015979 24
1.366649 320 80.0 0 -0.988386 24
0.361396 1140 80.0 -1.571189 -0.18787 24
0.50049 560 80.0 -0.823 -1.027581 24
1.04613 280 80.0 0 -0.780347 24
0.361686 1120 80.0 -1.476061 -0.176183 24
0.457047 500 80.0 -0.780788 -1.01851 24
0.746768 240 80.0 0 -0.537089 24
0.515339 550 80.0 -0.836027 -0.865296 24
0.662759 230 80.0 0 -0.501745 24
0.519012 530 80.0 -0.799521 -0.865004 24
0.692859 230 80.0 0 -0.522588 24
0.516194 540 80.0 -0.809514 -0.865091 24
1.473411 340 80.0 0 -1.073617 24
0.359815 1150 80.0 -1.606641 -0.192789 24
0.526403 580 80.0 -0.848654 -1.022429 24
1.36718 320 80.0 0 -0.991547 24
0.361402 1140 80.0 -1.570869 -0.187923 24
0.50245 560 80.0 -0.832305 -1.022131 24
0.719159 250 80.0 0 -0.539852 24
0.52148 540 80.0 -0.818337 -0.865207 24
1.290385 300 80.0 0 -0.90085 24
0.35964 1140 80.0 -1.538232 -0.190757 24
0.4771 550 80.0 -0.819883 -1.824279 24
0.637286 240 80.0 0 -0.515647 24
0.510106 540 80.0 -0.819466 -0.865697 24
1.021479 280 80.0 0 -0.771523 24
0.361185 1120 80.0 -1.47449 -0.181246 24
0.453904 500 80.0 -0.803832 -1.016575 24
1.14253 280 80.0 0 -0.809295 24
0.359887 1130 80.0 -1.487215 -0.183322 24
0.458848 520 80.0 -0.809923 -1.021557 24
1.089566 270 80.0 0 -0.760321 24
0.438722 520 80.0 -0.804548 -1.025979 24
0.96719 250 80.0 0 -0.686804 24
0.361454 1110 80.0 -1.004144 -0.168327 24
0.717269 240 80.0 0 -0.550398 24
0.524895 550 80.0 -0.800728 -0.867481 24
1.063471 280 80.0 0 -0.777057 24
0.361795 1120 80.0 -1.479883 -0.172991 24
0.443934 520 80.0 -0.801712 -1.019994 24
1.123686 280 80.0 0 -0.802389 24
0.359448 1130 80.0 -1.485874 -0.181051 24
0.456055 520 80.0 -0.803327 -1.020962 24
1.256224 300 80.0 0 -0.90583 24
0.359281 1140 80.0 -1.521154 -0.185196 24
0.477686 540 80.0 -0.812832 -1.018349 24
0.781566 240 80.0 0 -0.577002 24
0.550375 550 80.0 -0.805649 -0.866371 24
1.144435 280 80.0 0 -0.810001 24
0.35991 1130 80.0 -1.487419 -0.183438 24
0.45912 520 80.0 -0.810603 -1.021607 24
1.080267 280 80.0 0 -0.781096 24
0.358834 1130 80.0 -1.480333 -0.177875 24
0.444374 520 80.0 -0.813438 -1.018016 24
1.073535 270 80.0 0 -0.762738 24
0.358048 1130 80.0 -1.462393 -0.181614 24
0.439933 520 80.0 -0.796654 -1.025567 24
1.04483 270 80.0 0 -0.752047 24
0.360767 1120 80.0 -1.459173 -0.175677 24
0.440721 510 80.0 -0.786947 -1.016996 24
1.097157 280 80.0 0 -0.792199 24
0.358962 1130 80.0 -1.483988 -0.178806 24
0.441585 530 80.0 -0.813688 -1.027412 24
1.012273 270 80.0 0 -0.738467 24
0.360394 1120 80.0 -1.456275 -0.177955 24
0.44556 500 80.0 -0.786159 -1.023458 24
1.346805 320 80.0 0 -0.975392 24
0.360979 1140 80.0 -1.568671 -0.185338 24
0.493696 560 80.0 -0.823127 -1.024105 24
1.074494 270 80.0 0 -0.763114 24
0.358063 1130 80.0 -1.4625 -0.18168 24
0.440068 520 80.0 -0.796996 -1.025597 24
1.074701 270 80.0 0 -0.763195 24
0.358066 1130 80.0 -1.462523 -0.181694 24
0.440097 520 80.0 -0.79707 -1.025604 24
0.833087 240 80.0 0 -0.599338 24
0.548238 570 80.0 -0.822925 -0.868948 24
0.917909 250 80.0 0 -0.644656 24
0.570357 580 80.0 -0.812713 -0.869096 24
1.054626 280 80.0 0 -0.782184 24
0.358261 1130 80.0 -1.476686 -0.182965 24
0.441119 520 80.0 -0.802869 -1.027359 24
1.046557 270 80.0 0 -0.752734 24
0.360793 1120 80.0 -1.459365 -0.1758 24
0.440973 510 80.0 -0.787559 -1.01704 24
1.054912 280 80.0 0 -0.7823 24
0.358266 1130 80.0 -1.47672 -0.182985 24
0.441159 520 80.0 -0.802972 -1.027367 24
1.116751 290 80.0 0 -0.830493 24
0.360129 1130 80.0 -1.488695 -0.184483 24
0.454774 530 80.0 -0.786538 -1.02962 24
1.0675 280 80.0 0 -0.796739 24
0.361832 1120 80.0 -1.48114 -0.173843 24
0.444624 520 80.0 -0.805738 -1.017686 24
1.067592 280 80.0 0 -0.778713 24
0.361851 1120 80.0 -1.480351 -0.173276 24
0.444521 520 80.0 -0.803194 -1.020101 24
0.928667 270 80.0 0 -0.685095 24
1.059657 270 80.0 0 -0.757813 24
0.35792 1130 80.0 -1.46047 -0.181191 24
0.433057 520 80.0 -0.793724 -1.024956 24
1.026647 270 80.0 0 -0.743937 24
0.360618 1120 80.0 -1.457718 -0.178732 24
0.445296 500 80.0 -0.791458 -1.025261 24
1.055884 280 80.0 0 -0.782696 24
0.358281 1130 80.0 -1.476836 -0.183053 24
0.441297 520 80.0 -0.803323 -1.027392 24
0.362544 1150 80.0 -1.767113 -0.211262 24
0.601636 670 80.0 -2.376896 -1.025512 24
0.668619 230 80.0 0 -0.51111 24
0.52865 530 80.0 -0.826678 -0.857343 24
0.362662 1150 80.0 -1.749601 -0.208898 24
0.595737 680 80.0 -2.390795 -1.033599 24
0.356049 1170 80.0 -1.780579 -0.206979 24
0.57136 680 80.0 -2.398156 -1.032362 24
0.593537 210 80.0 0 -0.4222 24
0.477534 530 80.0 -0.818226 -0.870552 24
0.36248 1150 80.0 -1.767372 -0.209768 24
0.596091 670 80.0 -2.3671 -1.026808 24
0.362245 1150 80.0 -1.743875 -0.211915 24
0.597207 660 80.0 -2.346105 -1.023729 24
0.356417 1170 80.0 -1.786405 -0.211649 24
0.590103 680 80.0 -2.404457 -1.034511 24
0.356055 1170 80.0 -1.780725 -0.20705 24
0.571527 680 80.0 -2.398902 -1.032393 24
0.356056 1170 80.0 -1.78075 -0.207062 24
0.571555 680 80.0 -2.399029 -1.032398 24
0.363896 1150 80.0 -1.822889 -0.217119 24
0.119486 470 80.0 -0.737601 -0.255678 24
0.441043 580 80.0 -1.140439 -1.033503 24
0.360814 1150 80.0 -1.664178 -0.201235 24
0.544469 630 80.0 -0.931256 -1.023482 24
0.356059 1170 80.0 -1.780824 -0.207099 24
0.571639 680 80.0 -2.399408 -1.032413 24
0.35606 1170 80.0 -1.780849 -0.207111 24
0.571667 680 80.0 -2.399534 -1.032418 24
0.356061 1170 80.0 -1.780868 -0.20712 24
0.571689 680 80.0 -2.399633 -1.032423 24
0.362679 1150 80.0 -1.749933 -0.209063 24
0.596096 680 80.0 -2.392607 -1.033645 24
0.362303 1150 80.0 -1.746619 -0.211682 24
0.59827 660 80.0 -2.348318 -1.024396 24
0.604253 230 80.0 0 -0.476555 24
0.506224 520 80.0 -0.804458 -0.854615 24
0.362514 1150 80.0 -1.748711 -0.210253 24
0.596136 670 80.0 -2.368191 -1.026573 24
0.362072 1150 80.0 -1.739611 -0.208822 24
0.59074 650 80.0 -2.349102 -1.023347 24
0.35607 1170 80.0 -1.781071 -0.207219 24
0.571921 680 80.0 -2.400671 -1.032465 24
1.495322 340 80.0 0 -1.091059 24
0.359914 1150 80.0 -1.608802 -0.195215 24
0.518297 600 80.0 -0.845063 -1.023791 24
0.362241 1150 80.0 -1.743399 -0.210199 24
0.589597 660 80.0 -2.373874 -1.02325 24
0.362471 1150 80.0 -1.748097 -0.209972 24
0.594224 670 80.0 -2.362616 -1.026918 24
0.356074 1170 80.0 -1.78117 -0.207268 24
0.572034 680 80.0 -2.401181 -1.032486 24
0.361434 1150 80.0 -1.710498 -0.204483 24
0.558722 650 80.0 -2.404295 -1.028948 24
0.356077 1170 80.0 -1.781226 -0.207296 24
0.572098 680 80.0 -2.401468 -1.032498 24
0.361962 1150 80.0 -1.721783 -0.206545 24
0.567835 670 80.0 -2.400516 -1.031489 24
0.361871 1150 80.0 -1.720424 -0.206563 24
0.566091 670 80.0 -2.399841 -1.028573 24
0.919489 270 80.0 0 -0.688676 24
0.361688 1150 80.0 -1.715128 -0.203085 24
0.562306 660 80.0 -2.397216 -1.029833 24
0.356082 1170 80.0 -1.781342 -0.207352 24
0.57223 680 80.0 -2.402061 -1.032522 24
0.360793 1150 80.0 -1.683975 -0.202692 24
0.545576 630 80.0 -2.387598 -1.032189 24
0.632439 230 80.0 0 -0.49096 24
0.50571 540 80.0 -0.830932 -0.864037 24
0.361898 1150 80.0 -1.719762 -0.209863 24
0.583196 650 80.0 -2.369532 -1.022537 24
0.981378 250 80.0 0 -0.679317 24
0.362089 1150 80.0 -1.739705 -0.208668 24
0.58573 660 80.0 -2.354748 -1.031295 24
0.356088 1170 80.0 -1.781479 -0.207419 24
0.572386 680 80.0 -2.402761 -1.032551 24
0.361719 1150 80.0 -1.716375 -0.204381 24
0.554796 670 80.0 -2.40514 -1.037646 24
0.716022 240 80.0 0 -0.555574 24
0.541541 540 80.0 -0.831298 -0.850499 24
0.362283 1150 80.0 -1.745302 -0.210938 24
0.590172 660 80.0 -2.37709 -1.02394 24
1.201066 310 80.0 0 -0.91794 24
0.35911 1140 80.0 -1.519043 -0.188183 24
0.472191 550 80.0 -0.828537 -1.015839 24
0.361819 1150 80.0 -1.718047 -0.208759 24
0.561825 670 80.0 -2.386069 -1.03536 24
0.361886 1150 80.0 -1.738738 -0.206403 24
0.564336 670 80.0 -2.398361 -1.029477 24
0.361909 1150 80.0 -1.720008 -0.209981 24
0.583479 650 80.0 -2.370873 -1.022568 24
0.729994 250 80.0 0 -0.58194 24
0.525002 570 80.0 -0.820721 -0.873733 24
0.360821 1150 80.0 -1.680089 -0.200147 24
0.537365 640 80.0 -2.42388 -1.032023 24
0.361729 1150 80.0 -1.734328 -0.204493 24
0.555113 670 80.0 -2.406369 -1.037714 24
1.415454 330 80.0 0 -1.030547 24
0.359123 1150 80.0 -1.580368 -0.19384 24
0.503189 580 80.0 -0.881297 -1.020154 24
0.792993 250 80.0 0 -0.612661 24
0.547707 570 80.0 -0.840434 -0.859742 24
0.360726 1150 80.0 -1.682442 -0.201333 24
0.535706 630 80.0 -2.381678 -1.029194 24
0.713066 240 80.0 0 -0.549501 24
0.519932 560 80.0 -0.847832 -0.865944 24
0.95135 280 80.0 0 -0.721757 24
0.361673 1150 80.0 -1.71652 -0.2064 24
0.560181 660 80.0 -2.400413 -1.029501 24
0.361251 1150 80.0 -1.706298 -0.202247 24
0.552654 650 80.0 -2.385496 -1.035233 24
0.904058 260 80.0 0 -0.681936 24
0.889247 250 80.0 0 -0.646001 24
0.360946 1150 80.0 -1.682776 -0.200474 24
0.548342 630 80.0 -2.40996 -1.024257 24
1.079345 280 80.0 0 -0.781872 24
0.358752 1130 80.0 -1.479859 -0.181524 24
0.458022 510 80.0 -0.807974 -1.012178 24
0.966316 250 80.0 0 -0.671708 24
0.642552 230 80.0 0 -0.494142 24
0.505417 540 80.0 -0.837357 -0.864675 24
0.361524 1150 80.0 -1.711823 -0.206171 24
0.557947 660 80.0 -2.383165 -1.037647 24
0.361121 1150 80.0 -1.704394 -0.200682 24
0.552647 640 80.0 -2.400246 -1.025651 24
0.360994 1150 80.0 -1.683599 -0.201712 24
0.542328 640 80.0 -2.415225 -1.032388 24
0.361078 1150 80.0 -1.701998 -0.202509 24
0.550262 640 80.0 -2.394098 -1.03231 24
1.453849 350 80.0 0 -1.106694 24
0.359876 1150 80.0 -1.624467 -0.191607 24
0.520735 590 80.0 -0.854751 -1.022771 24
1.332246 320 80.0 0 -0.971905 24
0.360804 1140 80.0 -1.551309 -0.19511 24
0.502868 550 80.0 -0.815342 -1.015869 24
0.357864 1160 80.0 -1.70021 -0.201118 24
0.550813 630 80.0 -2.351156 -1.023848 24
0.36141 1150 80.0 -1.71147 -0.203795 24
0.558438 650 80.0 -2.404343 -1.028054 24
0.361258 1150 80.0 -1.706966 -0.202229 24
0.55172 650 80.0 -2.38763 -1.033836 24
1.456633 330 80.0 0 -1.043283 24
0.359291 1150 80.0 -1.598404 -0.194913 24
0.519834 570 80.0 -0.848681 -1.021069 24
0.774183 250 80.0 0 -0.603642 24
0.549788 560 80.0 -0.813908 -0.865353 24
1.45143 350 80.0 0 -1.10705 24
0.359863 1150 80.0 -1.625261 -0.191108 24
0.520373 590 80.0 -0.853344 -1.022993 24
1.295636 320 80.0 0 -0.956695 24
0.360734 1140 80.0 -1.548037 -0.193697 24
0.489784 560 80.0 -0.821735 -1.02272 24
1.496972 350 80.0 0 -1.130672 24
0.359983 1150 80.0 -1.629894 -0.193527 24
0.529293 590 80.0 -0.838662 -1.017006 24
0.678949 240 80.0 0 -0.529363 24
0.514167 550 80.0 -0.834647 -0.857512 24
0.360239 1150 80.0 -1.652849 -0.193456 24
0.526658 610 80.0 -0.895142 -1.01869 24
0.360771 1150 80.0 -1.683747 -0.201951 24
0.537289 630 80.0 -2.355628 -1.029936 24
0.479885 210 80.0 0 -0.32866 24
0.446511 500 80.0 -0.813223 -0.860492 24
0.360829 1150 80.0 -1.684864 -0.199262 24
0.536395 640 80.0 -2.389675 -1.030797 24
0.841826 260 80.0 0 -0.65541 24
0.564075 580 80.0 -0.823522 -0.866043 24
0.361115 1150 80.0 -1.702885 -0.199633 24
0.551444 640 80.0 -2.397675 -1.034166 24
0.361034 1150 80.0 -1.684156 -0.202381 24
0.539684 650 80.0 -2.417382 -1.032862 24
1.48452 340 80.0 0 -1.078617 24
0.359785 1150 80.0 -1.618991 -0.191133 24
0.523116 580 80.0 -0.842661 -1.024135 24
0.360905 1150 80.0 -1.683608 -0.203297 24
0.547098 630 80.0 -2.37302 -1.024849 24
0.360671 1150 80.0 -1.661697 -0.199918 24
0.53367 630 80.0 -2.400287 -1.030547 24
0.361053 1150 80.0 -1.685455 -0.202426 24
0.540787 650 80.0 -2.423087 -1.032537 24
0.360601 1150 80.0 -1.679117 -0.199599 24
0.540887 620 80.0 -2.366369 -1.028801 24
0.360879 1150 80.0 -1.682593 -0.200636 24
0.540768 640 80.0 -2.401229 -1.024658 24
0.360673 1150 80.0 -1.664539 -0.200585 24
0.536005 630 80.0 -2.372717 -1.022347 24
1.003375 260 80.0 0 -0.719243 24
0.433709 500 80.0 -0.791364 -1.013794 24
1.363515 330 80.0 0 -1.004525 24
0.358748 1150 80.0 -1.590107 -0.190322 24
0.499714 570 80.0 -0.835469 -1.018008 24
0.360847 1150 80.0 -1.664034 -0.203365 24
0.548217 630 80.0 -2.363997 -1.035057 24
1.449742 340 80.0 0 -1.065866 24
0.359675 1150 80.0 -1.604712 -0.191197 24
0.517093 580 80.0 -0.861703 -1.022057 24
0.726838 240 80.0 0 -0.556799 24
0.520925 560 80.0 -0.80888 -0.864927 24
1.18221 280 80.0 0 -0.823904 24
0.360162 1130 80.0 -1.491197 -0.184865 24
0.458074 530 80.0 -0.840266 -1.014582 24
1.464708 330 80.0 0 -1.048527 24
0.359316 1150 80.0 -1.599926 -0.19599 24
0.52155 570 80.0 -0.852228 -1.021704 24
0.360483 1150 80.0 -1.67583 -0.197316 24
0.540326 610 80.0 -2.35114 -1.020551 24
0.840351 240 80.0 0 -0.59813 24
0.560818 560 80.0 -0.799878 -0.859489 24
0.360589 1150 80.0 -1.680019 -0.199102 24
0.53896 620 80.0 -2.364652 -1.029622 24
0.720824 240 80.0 0 -0.553858 24
0.540826 540 80.0 -0.799295 -0.857523 24
0.672951 230 80.0 0 -0.508392 24
0.51416 540 80.0 -0.847365 -0.861534 24
0.612663 220 80.0 0 -0.456511 24
0.487369 530 80.0 -0.83972 -0.863083 24
0.917153 260 80.0 0 -0.654237 24
0.561075 580 80.0 -0.844403 -0.860453 24
0.872568 270 80.0 0 -0.683797 24
0.908918 260 80.0 0 -0.654499 24
0.570375 570 80.0 -0.823368 -0.859648 24
0.735692 240 80.0 0 -0.560437 24
0.524312 560 80.0 -0.858867 -0.858918 24
1.416222 320 80.0 0 -1.009812 24
0.358768 1150 80.0 -1.591095 -0.194458 24
0.492228 580 80.0 -0.866741 -1.026233 24
0.847802 240 80.0 0 -0.570394 24
0.547694 550 80.0 -0.82515 -0.860324 24
0.804467 240 80.0 0 -0.586217 24
0.546284 560 80.0 -0.836472 -0.859569 24
0.78868 250 80.0 0 -0.608921 24
0.554584 560 80.0 -0.823108 -0.867695 24
0.743519 240 80.0 0 -0.566025 24
0.546815 540 80.0 -0.795242 -0.857999 24
0.360429 1150 80.0 -1.656521 -0.196666 24
0.529893 620 80.0 -0.919385 -1.029281 24
1.479894 340 80.0 0 -1.074911 24
0.359787 1150 80.0 -1.606298 -0.192625 24
0.525957 580 80.0 -0.845545 -1.02388 24
1.30021 320 80.0 0 -0.975698 24
0.360707 1140 80.0 -1.563429 -0.190733 24
0.500153 550 80.0 -0.824891 -1.0153 24
0.360167 1150 80.0 -1.633659 -0.195868 24
0.532072 600 80.0 -0.865555 -1.025485 24
0.360351 1150 80.0 -1.655128 -0.198547 24
0.530191 610 80.0 -0.884152 -1.02837 24
0.360576 1150 80.0 -1.662327 -0.199279 24
0.539414 620 80.0 -2.365649 -1.028837 24
0.360877 1150 80.0 -1.686123 -0.202688 24
0.536871 640 80.0 -2.398436 -1.031035 24
0.360374 1150 80.0 -1.656781 -0.200115 24
0.53783 610 80.0 -0.893752 -1.027363 24
1.322491 300 80.0 0 -0.913542 24
0.360062 1140 80.0 -1.541946 -0.189765 24
0.4953 540 80.0 -0.811114 -1.021395 24
0.753552 230 80.0 0 -0.54339 24
0.531679 550 80.0 -0.801272 -0.866214 24
0.698805 240 80.0 0 -0.537838 24
0.530185 540 80.0 -0.821866 -0.858552 24
1.473791 330 80.0 0 -1.055711 24
0.359364 1150 80.0 -1.601969 -0.196902 24
0.522819 570 80.0 -0.827341 -1.012942 24
1.497928 350 80.0 0 -1.1274 24
0.359999 1150 80.0 -1.629177 -0.192886 24
0.529292 590 80.0 -0.840257 -1.025503 24
1.430709 320 80.0 0 -1.019014 24
0.35882 1150 80.0 -1.577475 -0.195123 24
0.508439 570 80.0 -0.844671 -1.018122 24
1.307424 310 80.0 0 -0.942189 24
0.360247 1140 80.0 -1.543686 -0.190997 24
0.479752 560 80.0 -0.81075 -1.029946 24
0.884185 260 80.0 0 -0.640041 24
0.574203 560 80.0 -0.816495 -0.860799 24
1.461818 350 80.0 0 -1.112019 24
0.359902 1150 80.0 -1.62667 -0.191729 24
0.521983 590 80.0 -0.859272 -1.023248 24
0.759466 230 80.0 0 -0.549052 24
0.533463 550 80.0 -0.835083 -0.866235 24
0.364957 1150 80.0 -0.990301 -0.222084 24
0.144522 500 80.0 -0.736585 -0.257162 24
0.441426 610 80.0 -1.210872 -1.046292 24
0.769397 250 80.0 0 -0.597423 24
0.543132 570 80.0 -0.811507 -0.867174 24
1.492767 340 80.0 0 -1.085702 24
0.359825 1150 80.0 -1.625168 -0.190668 24
0.518115 590 80.0 -0.873986 -1.015921 24
0.714352 240 80.0 0 -0.551181 24
0.527913 550 80.0 -0.846652 -0.858024 24
1.249002 300 80.0 0 -0.902965 24
0.359204 1140 80.0 -1.520347 -0.184738 24
0.476676 540 80.0 -0.809881 -1.018182 24
0.732093 240 80.0 0 -0.55999 24
0.532965 550 80.0 -0.808231 -0.86691 24
0.79935 240 80.0 0 -0.582003 24
0.554103 550 80.0 -0.815793 -0.85896 24
0.522678 220 80.0 0 -0.384096 24
0.47628 500 80.0 -0.797919 -0.861096 24
1.263624 310 80.0 0 -0.925948 24
0.359605 1140 80.0 -1.525758 -0.187454 24
0.471337 560 80.0 -0.847574 -1.02072 24
1.499704 340 80.0 0 -1.0879 24
0.35988 1150 80.0 -1.625346 -0.194073 24
0.528879 580 80.0 -0.856018 -1.014654 24
0.738138 240 80.0 0 -0.535286 24
0.514864 550 80.0 -0.832901 -0.865869 24
0.757695 250 80.0 0 -0.590937 24
0.531739 570 80.0 -0.831404 -0.866916 24
1.368573 330 80.0 0 -1.007403 24
0.361533 1140 80.0 -1.591282 -0.192844 24
0.510232 560 80.0 -0.81621 -1.017809 24
1.118264 280 80.0 0 -0.801846 24
0.359281 1130 80.0 -1.485356 -0.180767 24
0.456664 520 80.0 -0.80092 -1.021307 24
1.478892 350 80.0 0 -1.11854 24
0.359951 1150 80.0 -1.628796 -0.192776 24
0.526097 590 80.0 -0.839192 -1.022672 24
0.983146 270 80.0 0 -0.721982 24
0.359984 1120 80.0 -1.452121 -0.17588 24
0.435962 500 80.0 -0.777392 -1.024311 24
1.235679 290 80.0 0 -0.864967 24
0.358368 1140 80.0 -1.515939 -0.184037 24
0.465251 540 80.0 -0.809976 -1.017009 24
1.138181 280 80.0 0 -0.807685 24
0.359834 1130 80.0 -1.486749 -0.183058 24
0.458224 520 80.0 -0.80837 -1.021444 24
0.682741 230 80.0 0 -0.515641 24
0.511649 540 80.0 -0.855303 -0.857857 24
1.029631 270 80.0 0 -0.742391 24
0.445689 500 80.0 -0.791601 -1.0183 24
1.172979 290 80.0 0 -0.837617 24
0.360861 1130 80.0 -1.508048 -0.184527 24
0.475515 520 80.0 -0.800733 -1.015864 24
1.311959 320 80.0 0 -0.982626 24
0.360841 1140 80.0 -1.56486 -0.190855 24
0.492482 560 80.0 -0.829178 -1.833826 24
1.469051 340 80.0 0 -1.065222 24
0.359797 1150 80.0 -1.621238 -0.195871 24
0.514498 590 80.0 -0.87086 -1.022613 24
1.252573 300 80.0 0 -0.904381 24
0.359242 1140 80.0 -1.520746 -0.184964 24
0.477175 540 80.0 -0.81134 -1.018264 24
0.959914 250 80.0 0 -0.679022 24
1.500414 340 80.0 0 -1.091325 24
0.359858 1150 80.0 -1.626586 -0.191185 24
0.520946 590 80.0 -0.878401 -1.015886 24
0.659738 240 80.0 0 -0.530046 24
0.507559 550 80.0 -0.826519 -0.865164 24
0.689457 240 80.0 0 -0.536407 24
0.517804 550 80.0 -0.796255 -0.865523 24
1.457379 350 80.0 0 -1.10905 24
0.359903 1150 80.0 -1.626558 -0.19111 24
0.522141 590 80.0 -0.880888 -1.015628 24
1.222259 290 80.0 0 -0.854957 24
0.357998 1140 80.0 -1.513457 -0.182219 24
0.462631 540 80.0 -0.840122 -1.015391 24
1.061511 280 80.0 0 -0.794362 24
0.361749 1120 80.0 -1.480458 -0.173428 24
0.44377 520 80.0 -0.80358 -1.017532 24
1.053413 270 80.0 0 -0.755364 24
0.357825 1130 80.0 -1.459774 -0.180758 24
0.432073 520 80.0 -0.791508 -1.024757 24
1.202579 310 80.0 0 -0.895334 24
0.358879 1140 80.0 -1.519434 -0.190043 24
0.476232 540 80.0 -0.807606 -1.019332 24
1.078819 270 80.0 0 -0.768372 24
0.361466 1120 80.0 -1.46246 -0.179038 24
0.441441 520 80.0 -0.796324 -1.027081 24
1.058331 270 80.0 0 -0.758961 24
0.361297 1120 80.0 -1.460911 -0.177842 24
0.437704 520 80.0 -0.792301 -1.025322 24
1.114519 280 80.0 0 -0.803298 24
0.362581 1120 80.0 -1.486563 -0.177537 24
0.446082 530 80.0 -0.819348 -1.020699 24
0.97376 270 80.0 0 -0.737464 24
0.435239 500 80.0 -0.793487 -1.014575 24
1.06294 280 80.0 0 -0.794929 24
0.361768 1120 80.0 -1.480621 -0.173527 24
0.443974 520 80.0 -0.804095 -1.017568 24
1.094733 280 80.0 0 -0.791237 24
0.358929 1130 80.0 -1.483712 -0.178643 24
0.44125 530 80.0 -0.81281 -1.027335 24
1.45846 330 80.0 0 -1.044578 24
0.359386 1150 80.0 -1.60083 -0.195495 24
0.52142 570 80.0 -0.826337 -1.020413 24
1.078781 280 80.0 0 -0.780508 24
0.358814 1130 80.0 -1.480165 -0.177775 24
0.444163 520 80.0 -0.812902 -1.017978 24
1.079302 280 80.0 0 -0.785597 24
0.358918 1130 80.0 -1.481064 -0.178672 24
0.440526 530 80.0 -0.813753 -1.024609 24
1.143531 280 80.0 0 -0.809666 24
0.359899 1130 80.0 -1.487323 -0.183383 24
0.458991 520 80.0 -0.810281 -1.021583 24
1.150685 290 80.0 0 -0.846639 24
0.360182 1130 80.0 -1.49354 -0.18479 24
0.457895 530 80.0 -0.841573 -1.014797 24
1.09572 280 80.0 0 -0.791629 24
0.358942 1130 80.0 -1.483824 -0.178709 24
0.441387 530 80.0 -0.813168 -1.027367 24
1.150974 290 80.0 0 -0.846752 24
0.360186 1130 80.0 -1.507932 -0.184808 24
0.457933 530 80.0 -0.841684 -1.014804 24
1.064558 280 80.0 0 -0.795571 24
0.361791 1120 80.0 -1.480805 -0.173639 24
0.444205 520 80.0 -0.804678 -1.01761 24
1.064657 280 80.0 0 -0.777534 24
0.361811 1120 80.0 -1.480018 -0.173073 24
0.444102 520 80.0 -0.802139 -1.020025 24
1.05264 280 80.0 0 -0.781373 24
0.358231 1130 80.0 -1.476447 -0.182826 24
0.440836 520 80.0 -0.802154 -1.027307 24
1.064951 280 80.0 0 -0.777652 24
0.361815 1120 80.0 -1.480051 -0.173093 24
0.444144 520 80.0 -0.802244 -1.020032 24
1.242301 290 80.0 0 -0.8675 24
0.358446 1140 80.0 -1.516686 -0.184463 24
0.466123 540 80.0 -0.812565 -1.017154 24
1.053015 280 80.0 0 -0.781527 24
0.358237 1130 80.0 -1.476492 -0.182852 24
0.44089 520 80.0 -0.802289 -1.027317 24
1.096989 280 80.0 0 -0.792132 24
0.35896 1130 80.0 -1.483969 -0.178795 24
0.441562 530 80.0 -0.813628 -1.027407 24
1.136864 280 80.0 0 -0.804817 24
0.359922 1130 80.0 -1.487105 -0.182902 24
0.45756 520 80.0 -0.782828 -1.021089 24
1.437715 330 80.0 0 -1.039793 24
0.35928 1150 80.0 -1.599239 -0.195476 24
0.497851 590 80.0 -0.867329 -1.028299 24
1.386893 330 80.0 0 -1.015326 24
0.358836 1150 80.0 -1.593191 -0.19167 24
0.503429 570 80.0 -0.821527 -1.027171 24
1.404964 320 80.0 0 -1.002447 24
0.361539 1140 80.0 -1.574301 -0.189615 24
0.498585 570 80.0 -0.84243 -1.034703 24
1.272281 310 80.0 0 -0.929625 24
0.359702 1140 80.0 -1.526713 -0.188029 24
0.472537 560 80.0 -0.851391 -1.020934 24
1.146424 280 80.0 0 -0.810737 24
0.359935 1130 80.0 -1.487632 -0.183558 24
0.459406 520 80.0 -0.811314 -1.021659 24
1.12686 280 80.0 0 -0.803583 24
0.359491 1130 80.0 -1.486214 -0.181264 24
0.456511 520 80.0 -0.80446 -1.021044 24
1.107116 290 80.0 0 -0.826231 24
0.359872 1130 80.0 -1.487982 -0.179455 24
0.467913 510 80.0 -0.810891 -1.013717 24
1.098859 280 80.0 0 -0.792874 24
0.358986 1130 80.0 -1.484181 -0.17892 24
0.44182 530 80.0 -0.814306 -1.027468 24
1.09263 270 80.0 0 -0.766912 24
0.358342 1130 80.0 -1.477082 -0.179096 24
0.451041 510 80.0 -0.782807 -1.028321 24
1.119726 280 80.0 0 -0.805261 24
0.362645 1120 80.0 -1.487123 -0.177864 24
0.446804 530 80.0 -0.821236 -1.020835 24
1.099351 280 80.0 0 -0.793069 24
0.358992 1130 80.0 -1.484238 -0.178953 24
0.441888 530 80.0 -0.814484 -1.027483 24
1.099423 280 80.0 0 -0.786355 24
0.359216 1130 80.0 -1.48207 -0.180444 24
0.444147 530 80.0 -0.819443 -1.027721 24
1.031288 270 80.0 0 -0.75223 24
0.360755 1120 80.0 -1.45931 -0.179346 24
0.439428 510 80.0 -0.812906 -1.014581 24
1.256379 300 80.0 0 -0.906938 24
0.359332 1140 80.0 -1.536411 -0.188991 24
0.478996 540 80.0 -0.812359 -1.018962 24
