7.222821 5810 80.0 2.913736 1.641026 15
7.217756 5850 80.0 3.013853 1.446983 15
7.223944 5830 80.0 2.885734 1.684918 15
7.224432 5830 80.0 2.886979 1.738968 15
7.22385 5810 80.0 2.91299 1.577147 15
7.22114 5840 80.0 2.879127 1.572969 15
7.319528 5840 80.0 3.04912 1.373723 15
7.222837 5840 80.0 2.875593 1.611608 15
7.214391 5820 80.0 3.043297 1.397219 15
7.232166 5820 80.0 3.031844 1.455721 15
7.237525 5830 80.0 3.017976 1.446944 15
7.22137 5800 80.0 2.92288 1.711658 15
7.232184 5820 80.0 3.022404 1.475312 15
7.182304 5890 80.0 3.014675 1.27936 15
7.218058 5850 80.0 2.872017 1.742999 15
7.271624 5740 80.0 3.067684 1.679089 15
7.262793 5740 80.0 3.064264 1.663867 15
7.26835 5930 80.0 3.017894 1.124307 15
7.217315 5840 80.0 2.876431 1.734272 15
7.214565 5840 80.0 2.875352 1.703886 15
7.202383 5850 80.0 2.88511 1.542072 15
7.204384 5870 80.0 3.013986 1.317671 15
7.214827 5840 80.0 2.876726 1.69804 15
7.21732 5840 80.0 2.876379 1.736387 15
7.217325 5840 80.0 2.87637 1.736775 15
7.214628 5850 80.0 2.86069 1.771826 15
7.201962 5880 80.0 3.005572 1.262065 15
7.191453 5870 80.0 3.017717 1.299565 15
7.213843 5850 80.0 2.869367 1.738316 15
7.272903 5940 80.0 2.623816 1.190424 15
7.214635 5850 80.0 2.860639 1.773819 15
7.252166 5800 80.0 3.033694 1.490162 15
7.202563 5880 80.0 3.006052 1.260961 15
7.208075 5860 80.0 2.859212 1.716149 15
7.209002 5870 80.0 2.845427 1.759977 15
7.248682 5770 80.0 3.052677 1.585028 15
7.205875 5860 80.0 2.876205 1.564954 15
7.206694 5870 80.0 2.848657 1.741415 15
7.207219 5870 80.0 2.849036 1.736034 15
7.200332 5860 80.0 2.876457 1.512733 15
7.237826 5790 80.0 3.05708 1.507996 15
7.201139 5880 80.0 2.850718 1.597223 15
7.242997 5800 80.0 3.036327 1.526465 15
7.158153 5940 80.0 2.591092 1.245737 15
7.197217 5890 80.0 2.846539 1.503813 15
7.198281 5890 80.0 2.837864 1.496668 15
7.226784 5790 80.0 3.068665 1.429107 15
7.23521 5800 80.0 3.039265 1.456784 15
7.224317 5870 80.0 2.98752 1.392123 15
7.201086 5890 80.0 2.846069 1.532105 15
7.193495 5920 80.0 2.97431 1.270571 15
7.184635 5900 80.0 2.852064 1.467602 15
7.193587 5890 80.0 2.851823 1.534518 15
7.234305 5830 80.0 3.014091 1.494173 15
7.152987 5970 80.0 2.546855 1.124088 15
7.162873 5940 80.0 2.591558 1.181676 15
7.184713 5900 80.0 2.855729 1.416036 15
7.208103 5910 80.0 2.966019 1.335553 15
7.188822 5860 80.0 2.984965 1.532372 15
7.1888 5910 80.0 2.836658 1.464833 15
7.168616 5910 80.0 2.955396 1.327394 15
7.180017 5910 80.0 2.850509 1.400217 15
7.201257 5860 80.0 3.016819 1.319082 15
7.138995 5990 80.0 2.506545 1.110374 15
7.180031 5920 80.0 2.831772 1.389567 15
7.181284 5920 80.0 2.835712 1.466569 15
7.198545 5930 80.0 2.95542 1.272598 15
7.220005 5860 80.0 2.996013 1.434494 15
7.203995 5970 80.0 2.561747 1.11842 15
7.214053 5870 80.0 2.98876 1.429678 15
7.178157 5940 80.0 2.560899 1.212015 15
7.189485 5870 80.0 4.406501 1.315134 15
7.203512 5890 80.0 2.993553 1.297544 15
7.198731 5890 80.0 2.998093 1.260364 15
7.179128 5930 80.0 2.821644 1.510407 15
7.176448 5930 80.0 2.82577 1.475685 15
7.203243 5890 80.0 2.986623 1.334884 15
7.179442 5930 80.0 2.82177 1.400382 15
7.197346 5900 80.0 2.984058 1.281087 15
7.168 5950 80.0 2.819994 1.314384 15
7.161455 5940 80.0 2.835182 1.360366 15
7.165863 5950 80.0 2.816711 1.374061 15
7.188541 5890 80.0 3.002688 1.240932 15
7.16226 5960 80.0 2.811083 1.361502 15
7.124207 6010 80.0 2.481207 0.986601 15
7.185546 5910 80.0 2.988815 1.262772 15
7.168618 5950 80.0 2.429578 1.394013 15
7.168622 5950 80.0 2.429559 1.394257 15
7.180682 5930 80.0 2.978895 1.162412 15
7.174189 5940 80.0 2.57097 1.188681 15
7.150572 5970 80.0 2.436372 1.162125 15
7.149119 5980 80.0 2.415647 1.183728 15
7.165132 5950 80.0 2.570335 1.188237 15
7.145354 5970 80.0 2.435181 1.318652 15
7.166421 5940 80.0 2.57965 1.217746 15
7.165374 5940 80.0 2.57954 1.240494 15
7.157593 5940 80.0 2.606528 1.220702 15
7.166831 5950 80.0 2.573081 1.18304 15
7.160306 5940 80.0 2.582408 1.207738 15
7.13594 6020 80.0 2.41072 1.037978 15
7.136233 5980 80.0 2.556949 1.13474 15
7.157271 6000 80.0 2.446661 1.04328 15
7.156756 5960 80.0 2.554294 1.184274 15
7.148938 5960 80.0 2.589769 1.076431 15
7.124619 6010 80.0 2.381955 1.082976 15
7.143953 5980 80.0 2.563654 1.050923 15
7.141807 6030 80.0 2.3757 1.091565 15
7.107005 6050 80.0 2.414453 0.878847 15
7.147192 5980 80.0 2.537771 1.081944 15
7.122676 6030 80.0 2.438942 0.942757 15
7.129523 6020 80.0 2.340625 1.103885 15
7.144695 5980 80.0 2.534461 1.061354 15
7.135005 6010 80.0 2.354437 1.138722 15
7.145324 5980 80.0 2.517835 1.139886 15
7.142333 5980 80.0 2.538276 1.084793 15
7.137546 5990 80.0 2.524284 1.033898 15
7.102057 6070 80.0 2.350236 0.932656 15
7.142514 5990 80.0 2.524735 1.091085 15
7.134778 5990 80.0 2.533808 1.060611 15
7.129141 6000 80.0 2.520673 1.075095 15
7.139445 5990 80.0 2.506399 1.123552 15
7.127587 6010 80.0 2.372494 1.174277 15
7.165947 6010 80.0 2.390831 1.152709 15
7.130128 6010 80.0 2.488805 0.944055 15
7.134574 6000 80.0 2.489385 1.088999 15
7.135099 6000 80.0 2.491243 1.003852 15
7.128099 6020 80.0 2.471625 1.030448 15
7.128112 6010 80.0 2.4815 1.037822 15
7.12588 6020 80.0 2.33358 1.113439 15
7.125955 6020 80.0 2.474772 1.020718 15
7.126264 6010 80.0 2.484439 1.071198 15
7.125617 6020 80.0 2.463255 1.00223 15
7.128428 6010 80.0 2.479711 1.039364 15
7.127739 6010 80.0 2.482714 1.004408 15
7.130541 6000 80.0 2.489647 1.035421 15
7.125306 6020 80.0 2.475802 1.007488 15
7.127366 6010 80.0 2.482009 1.033444 15
7.127865 6010 80.0 2.467665 1.023188 15
7.125651 6020 80.0 2.460455 1.00376 15
7.127116 6010 80.0 2.470946 1.056009 15
7.125181 6010 80.0 2.475068 1.040161 15
7.102826 6070 80.0 2.364517 0.912454 15
7.100388 6080 80.0 2.325792 0.919163 15
7.143105 6040 80.0 2.355107 1.048814 15
7.188713 6010 80.0 2.482746 1.003554 15
7.11806 6030 80.0 2.438743 0.918254 15
7.116432 6020 80.0 2.460219 0.943032 15
7.13682 6040 80.0 2.346132 1.059262 15
7.110611 6040 80.0 2.433541 0.916476 15
7.102861 6050 80.0 2.299489 1.002937 15
7.111554 6050 80.0 2.284683 1.073163 15
7.125156 6060 80.0 2.336686 0.987882 15
7.112254 6040 80.0 2.437583 1.00028 15
7.102422 6060 80.0 2.284969 1.080053 15
7.097995 6070 80.0 2.264463 0.954938 15
7.114349 6030 80.0 2.437942 1.004211 15
7.115078 6030 80.0 2.437419 1.019666 15
7.106955 6040 80.0 2.44523 0.903943 15
7.126716 6060 80.0 2.330892 0.994846 15
7.105138 6060 80.0 2.272143 1.100117 15
7.083598 6080 80.0 2.262433 0.940158 15
7.118903 6070 80.0 2.32735 0.989148 15
7.108999 6040 80.0 2.426153 0.979184 15
7.173994 6040 80.0 2.450771 0.916274 15
7.106843 6040 80.0 2.43182 0.951306 15
7.091912 6080 80.0 2.24867 0.927236 15
7.083652 6090 80.0 2.24433 0.874843 15
7.104915 6050 80.0 2.408925 0.928498 15
7.129875 6070 80.0 2.287364 1.024853 15
7.169143 6050 80.0 2.423528 0.916308 15
7.110642 6080 80.0 2.303898 0.963294 15
7.111453 6090 80.0 2.286093 0.970832 15
7.09258 6120 80.0 2.239908 0.793267 15
7.103494 6080 80.0 2.329647 0.892179 15
7.067672 6120 80.0 2.275346 0.723036 15
7.108685 6090 80.0 2.280914 0.936036 15
7.111432 6090 80.0 2.286925 0.945518 15
7.120023 6090 80.0 2.274187 0.917797 15
7.059571 6140 80.0 2.23428 0.618267 15
7.106229 6100 80.0 2.256733 0.904919 15
7.103913 6100 80.0 2.265945 0.894668 15
7.101137 6100 80.0 2.272509 0.843833 15
7.100797 6100 80.0 2.274577 0.871768 15
7.098641 6110 80.0 2.262904 0.842005 15
7.098917 6100 80.0 2.280886 0.89994 15
7.065654 6120 80.0 2.204804 0.850029 15
7.101163 6100 80.0 2.272374 0.844881 15
7.101166 6100 80.0 2.272345 0.845107 15
7.096151 6080 80.0 2.330925 0.884859 15
7.068682 6140 80.0 2.215752 0.708658 15
7.103673 6100 80.0 2.267875 0.863127 15
7.100841 6100 80.0 2.274361 0.873683 15
7.103673 6100 80.0 2.267838 0.863442 15
7.100757 6110 80.0 2.24053 0.922501 15
7.104815 6100 80.0 2.263684 0.870652 15
7.10354 6100 80.0 2.251817 0.872976 15
7.09209 6100 80.0 2.275984 0.855168 15
7.089913 6120 80.0 2.231473 0.828938 15
7.095615 6110 80.0 2.235247 0.854333 15
7.098248 6110 80.0 2.239694 0.864515 15
7.228886 5810 80.0 2.887574 1.780223 15
7.195544 5850 80.0 3.03407 1.346244 15
7.22778 5830 80.0 2.88633 1.741169 15
7.223789 5820 80.0 2.898558 1.729358 15
7.337375 5800 80.0 3.075212 1.376374 15
7.223664 5830 80.0 2.888312 1.665614 15
7.22262 5830 80.0 2.882682 1.753717 15
7.222517 5830 80.0 2.887824 1.683812 15
7.220634 5830 80.0 2.883717 1.731717 15
7.220638 5830 80.0 2.883707 1.73212 15
7.219511 5860 80.0 2.847114 1.697473 15
7.220042 5800 80.0 2.916228 1.722259 15
7.220644 5830 80.0 2.883676 1.73332 15
7.217311 5840 80.0 2.876445 1.733717 15
7.21731 5840 80.0 2.876436 1.734034 15
7.221383 5850 80.0 2.871333 1.746951 15
7.218077 5840 80.0 2.874904 1.769643 15
7.248246 5880 80.0 3.024924 1.302771 15
7.216083 5850 80.0 2.866502 1.756081 15
7.210209 5850 80.0 2.864604 1.74299 15
7.217332 5840 80.0 2.876358 1.737318 15
7.192663 5860 80.0 2.890091 1.478601 15
7.215229 5850 80.0 2.862704 1.739113 15
7.216005 5850 80.0 2.859812 1.738082 15
7.210316 5860 80.0 2.862434 1.738928 15
7.206207 5860 80.0 2.873091 1.598676 15
7.210321 5860 80.0 2.855488 1.739838 15
7.208075 5860 80.0 2.859212 1.716149 15
7.212067 5860 80.0 2.859471 1.695352 15
7.188797 5900 80.0 2.994262 1.288768 15
7.206385 5860 80.0 2.869621 1.597843 15
7.206695 5870 80.0 2.848649 1.741714 15
7.194798 5870 80.0 2.868298 1.576625 15
7.22144 5950 80.0 2.616899 1.117257 15
7.201446 5880 80.0 2.859534 1.530495 15
7.178014 5930 80.0 2.976629 1.236202 15
7.202035 5880 80.0 2.857437 1.590722 15
7.199372 5890 80.0 2.848592 1.574416 15
7.20037 5880 80.0 2.84983 1.541274 15
7.159462 5940 80.0 2.615255 1.155144 15
7.200267 5890 80.0 2.836377 1.590619 15
7.217486 5890 80.0 2.977022 1.389611 15
7.199563 5880 80.0 2.847795 1.477528 15
7.199473 5890 80.0 2.846312 1.531205 15
7.193949 5900 80.0 2.839826 1.534584 15
7.157903 5950 80.0 2.580293 1.160588 15
7.187554 5900 80.0 2.847962 1.43823 15
7.192771 5900 80.0 2.83673 1.544969 15
7.169751 5910 80.0 2.965816 1.363254 15
7.165628 5940 80.0 2.61139 1.177845 15
7.185131 5900 80.0 2.851647 1.463982 15
7.169356 5920 80.0 2.628967 1.268321 15
7.216381 5840 80.0 3.023044 1.437538 15
7.191884 5900 80.0 2.843569 1.431563 15
7.18485 5910 80.0 2.848005 1.368926 15
7.208236 5860 80.0 3.024419 1.3178 15
7.157152 5970 80.0 2.539639 1.12148 15
7.187003 5900 80.0 2.847612 1.478827 15
7.177895 5950 80.0 2.530677 1.230167 15
7.191373 5900 80.0 2.992551 1.280447 15
7.199295 5990 80.0 2.522352 1.066936 15
7.177458 5930 80.0 2.82621 1.384531 15
7.180586 5920 80.0 2.831726 1.472969 15
7.173717 5930 80.0 2.834316 1.417155 15
7.174318 5930 80.0 2.833848 1.449811 15
7.164815 5930 80.0 2.853665 1.333819 15
7.153556 5940 80.0 2.506155 1.335919 15
7.176149 5930 80.0 2.835043 1.409205 15
7.179124 5930 80.0 2.821655 1.510085 15
7.177365 5930 80.0 2.830184 1.451685 15
7.158265 5940 80.0 2.938148 1.350986 15
7.139999 5990 80.0 2.516857 1.087632 15
7.16486 5930 80.0 2.939289 1.330382 15
7.184749 5970 80.0 2.482546 1.146866 15
7.163062 5940 80.0 2.845033 1.313844 15
7.12014 6020 80.0 2.452494 0.976102 15
7.165004 5940 80.0 2.841544 1.259778 15
7.168736 5940 80.0 2.832659 1.323205 15
7.217721 6020 80.0 2.50928 0.887939 15
7.164379 5950 80.0 2.820557 1.342191 15
7.120553 6040 80.0 2.41294 0.973184 15
7.162673 5960 80.0 2.810926 1.381364 15
7.161957 5960 80.0 2.817036 1.350731 15
7.15545 5950 80.0 2.929315 1.294731 15
7.161323 5960 80.0 2.818585 1.310474 15
7.160713 5960 80.0 2.443052 1.276866 15
7.16204 5960 80.0 2.811434 1.37019 15
7.16241 5950 80.0 2.463917 1.338972 15
7.161532 5960 80.0 2.434594 1.302994 15
7.15966 5960 80.0 2.443173 1.284607 15
7.138546 6020 80.0 2.432412 0.984304 15
7.145492 5960 80.0 2.500656 1.224793 15
7.158453 5960 80.0 2.424142 1.365632 15
7.144971 5970 80.0 2.434993 1.256682 15
7.122165 6020 80.0 2.472086 0.985802 15
7.159412 6000 80.0 2.426694 1.145951 15
7.150378 5960 80.0 2.45364 1.217325 15
7.15347 5970 80.0 2.433846 1.210755 15
7.117047 6040 80.0 2.423728 1.011672 15
7.143825 5990 80.0 2.401155 1.182268 15
7.115168 6030 80.0 2.447537 0.966388 15
7.097832 6050 80.0 2.412037 0.942987 15
7.184504 6010 80.0 2.492936 0.975796 15
7.104244 6070 80.0 2.357755 0.910967 15
7.112908 6060 80.0 2.376389 0.933098 15
7.158807 5960 80.0 2.558334 1.223214 15
7.122766 6020 80.0 2.470028 1.059022 15
7.126846 6000 80.0 2.404913 1.160864 15
7.154305 5960 80.0 2.549917 1.179974 15
7.105062 6060 80.0 2.377039 0.904599 15
7.145679 5980 80.0 2.543247 1.053834 15
7.117108 6030 80.0 2.428344 1.007928 15
7.134255 6010 80.0 2.359277 1.104069 15
7.132859 6000 80.0 2.384289 1.144891 15
7.170931 6000 80.0 2.406526 1.146657 15
7.131549 6010 80.0 2.354377 1.082195 15
7.127291 6020 80.0 2.347923 1.077275 15
7.134934 6010 80.0 2.353121 1.09218 15
7.128104 6030 80.0 2.312478 1.128947 15
7.129665 6020 80.0 2.344415 1.097741 15
7.153056 6030 80.0 2.339478 1.137287 15
7.094383 6070 80.0 2.379639 0.851334 15
7.10422 6050 80.0 2.423887 0.882158 15
7.126908 6010 80.0 2.357974 1.151418 15
7.124844 6020 80.0 2.345357 1.162924 15
7.102899 6050 80.0 2.311892 1.032673 15
7.159486 6020 80.0 2.382625 1.024814 15
7.105725 6070 80.0 2.358457 0.939896 15
7.124049 6020 80.0 2.33376 1.120503 15
7.097295 6070 80.0 2.361019 0.923112 15
7.148465 6040 80.0 2.203923 1.288235 15
7.119868 6030 80.0 2.461699 0.917506 15
7.115038 6040 80.0 2.318157 1.094582 15
7.104947 6050 80.0 2.407243 0.898952 15
7.14547 6040 80.0 2.349059 1.051333 15
7.08556 6090 80.0 2.334344 0.811469 15
7.093775 6080 80.0 2.322945 0.836321 15
7.185916 6090 80.0 2.351458 0.821471 15
7.148291 6040 80.0 2.354328 1.041469 15
7.109304 6050 80.0 2.287541 1.02805 15
7.12314 6010 80.0 2.484574 1.031698 15
7.094423 6080 80.0 2.336753 0.885014 15
7.108702 6040 80.0 2.328238 1.005699 15
7.106097 6100 80.0 2.27224 0.868697 15
7.11654 6040 80.0 2.299914 1.072268 15
7.129952 6040 80.0 2.387249 1.069041 15
7.137737 6050 80.0 2.341178 0.977423 15
7.131906 6050 80.0 2.3451 1.034914 15
7.068135 6110 80.0 2.304501 0.711032 15
7.100588 6100 80.0 2.26446 0.862081 15
7.129921 6060 80.0 2.334926 0.981869 15
7.141224 6060 80.0 2.314307 0.951854 15
7.104119 6060 80.0 2.280562 1.001127 15
7.135514 6060 80.0 2.318806 0.983999 15
7.0871 6110 80.0 2.274392 0.820469 15
7.104377 6060 80.0 2.271739 1.101296 15
7.086312 6080 80.0 2.379119 0.824814 15
7.077589 6100 80.0 2.304554 0.759977 15
7.0947 6080 80.0 2.256754 0.961015 15
7.128314 6070 80.0 2.312634 0.896299 15
7.120381 6070 80.0 2.308381 0.931688 15
7.116308 6070 80.0 2.318141 0.955758 15
7.124578 6080 80.0 2.260621 0.901252 15
7.117592 6070 80.0 2.314519 0.978203 15
7.116177 6070 80.0 2.317193 0.956832 15
7.121598 6070 80.0 2.301267 0.997388 15
7.108842 6080 80.0 2.312549 0.855712 15
7.109953 6090 80.0 2.278891 0.933275 15
7.109079 6090 80.0 2.277861 0.975418 15
7.084862 6090 80.0 2.242909 0.921322 15
7.109116 6090 80.0 2.280721 0.960099 15
7.10632 6100 80.0 2.277931 0.894566 15
7.111477 6090 80.0 2.285978 0.971923 15
7.114234 6090 80.0 2.277496 0.944055 15
7.098606 6110 80.0 2.277741 0.840444 15
7.114238 6090 80.0 2.277463 0.944383 15
7.104748 6100 80.0 2.264056 0.867411 15
7.103472 6100 80.0 2.266149 0.869742 15
7.103633 6100 80.0 2.268123 0.860936 15
7.103481 6100 80.0 2.266111 0.870066 15
7.111937 6100 80.0 2.237589 0.914989 15
7.103639 6100 80.0 2.268076 0.861352 15
7.098636 6110 80.0 2.262926 0.841824 15
7.106423 6100 80.0 2.257592 0.900695 15
7.069438 6120 80.0 2.185413 0.81332 15
7.072635 6110 80.0 2.193619 0.80918 15
7.073193 6110 80.0 2.19511 0.845731 15
7.10671 6120 80.0 2.20503 0.909982 15
7.100918 6110 80.0 2.242018 0.907071 15
7.100868 6110 80.0 2.242967 0.880385 15
7.090194 6130 80.0 2.199284 0.838957 15
7.09869 6110 80.0 2.262684 0.843855 15
7.102821 6100 80.0 2.255512 0.867771 15
7.100578 6110 80.0 2.228153 0.86797 15
7.098707 6110 80.0 2.23436 0.84439 15
7.09269 6120 80.0 2.221937 0.85819 15
7.096749 6110 80.0 2.231217 0.918028 15
7.098947 6130 80.0 2.186197 0.84708 15
