8.212623 2360 80.0 1.565181 2.747834 4
7.945558 2450 80.0 1.550858 2.492996 4
8.220204 2380 80.0 1.549485 2.750051 4
8.220453 2380 80.0 1.551632 2.719538 4
8.18903 2380 80.0 1.541804 2.767882 4
8.195576 2400 80.0 1.535883 2.65027 4
7.832337 2470 80.0 1.144422 -0.554259 4
8.2162 2390 80.0 1.536189 2.716174 4
7.911182 2440 80.0 1.386736 -0.460942 4
7.971718 2440 80.0 1.132275 2.491964 4
8.010188 2430 80.0 1.574657 2.494993 4
8.161178 2380 80.0 1.630001 2.665073 4
7.967148 2440 80.0 1.135234 2.477067 4
7.841094 2490 80.0 1.366132 -0.596637 4
8.208573 2390 80.0 1.540684 2.721643 4
8.073465 2380 80.0 1.601543 2.631435 4
8.066911 2370 80.0 1.59929 2.694164 4
7.737298 2530 80.0 1.123895 -0.688694 4
8.182565 2400 80.0 1.540956 2.640826 4
8.1805 2390 80.0 1.543275 2.70208 4
8.10515 2420 80.0 1.606534 2.5472 4
7.905895 2470 80.0 1.269333 2.378331 4
8.179635 2390 80.0 1.543655 2.702684 4
8.182706 2400 80.0 1.540778 2.641891 4
8.170332 2410 80.0 1.530424 2.642087 4
8.173962 2410 80.0 1.523666 2.64598 4
7.926103 2460 80.0 1.132429 2.410146 4
7.857052 2480 80.0 1.276561 -0.519469 4
8.170432 2410 80.0 1.530297 2.642861 4
7.728579 2550 80.0 1.119036 -0.746993 4
8.174093 2410 80.0 1.5235 2.646985 4
8.056169 2400 80.0 1.587572 2.613844 4
7.924048 2460 80.0 1.132654 2.418661 4
8.150826 2420 80.0 1.524369 2.588518 4
8.165126 2420 80.0 1.522011 2.609541 4
8.0247 2390 80.0 1.159628 2.585893 4
8.114476 2430 80.0 1.604386 2.51618 4
8.157834 2420 80.0 1.530041 2.563474 4
8.144757 2430 80.0 1.516178 2.558825 4
8.110612 2420 80.0 1.606317 2.569765 4
7.988205 2410 80.0 1.154507 2.520457 4
8.128001 2440 80.0 1.511325 2.528507 4
8.014357 2410 80.0 1.581395 2.53291 4
7.772208 2540 80.0 1.114534 -0.689371 4
8.147811 2420 80.0 1.528081 2.568628 4
8.152525 2420 80.0 1.522195 2.605155 4
7.952653 2410 80.0 1.304907 -0.442631 4
7.962302 2430 80.0 1.146605 2.477385 4
7.976477 2460 80.0 1.567076 2.417428 4
8.111213 2450 80.0 1.506167 2.49714 4
7.913539 2490 80.0 1.538722 2.360822 4
8.058901 2460 80.0 1.585219 2.450129 4
8.097635 2450 80.0 1.515746 2.430538 4
7.987607 2440 80.0 1.561311 2.513077 4
7.770442 2550 80.0 1.339835 -0.670653 4
7.784784 2540 80.0 1.469206 -0.674668 4
8.075081 2450 80.0 1.579037 2.526204 4
7.941316 2490 80.0 1.537724 2.35809 4
8.004764 2460 80.0 1.57179 2.40873 4
8.105355 2450 80.0 1.512102 2.469178 4
7.972317 2490 80.0 1.555148 2.31703 4
8.060866 2460 80.0 1.584008 2.452092 4
7.872046 2480 80.0 1.494164 2.351867 4
7.744457 2570 80.0 1.099119 -0.683488 4
8.086529 2460 80.0 1.504904 2.43282 4
8.079766 2460 80.0 1.581692 2.465166 4
7.929898 2500 80.0 1.545829 2.288477 4
7.950939 2460 80.0 1.550274 2.456463 4
7.7087 2570 80.0 1.111469 -0.740322 4
7.955852 2460 80.0 1.554059 2.424628 4
7.868196 2510 80.0 1.247531 2.278676 4
7.85056 2480 80.0 1.280654 -0.537462 4
7.917846 2480 80.0 1.119606 2.36962 4
7.905664 2480 80.0 1.121073 2.382031 4
8.043368 2490 80.0 1.489385 2.333844 4
8.034707 2490 80.0 1.567719 2.363407 4
7.907404 2490 80.0 1.545795 2.324061 4
8.056135 2480 80.0 1.486827 2.398279 4
7.914378 2480 80.0 1.121556 2.362821 4
8.034831 2490 80.0 1.567573 2.364228 4
8.005152 2490 80.0 1.562195 2.367198 4
8.030643 2490 80.0 1.565859 2.357402 4
7.856531 2490 80.0 1.487009 2.35199 4
8.030467 2490 80.0 1.566263 2.350546 4
7.702207 2590 80.0 1.096774 -0.769422 4
7.879755 2490 80.0 1.123053 2.334392 4
8.034119 2490 80.0 1.567687 2.365236 4
8.034138 2490 80.0 1.567666 2.365349 4
7.863352 2510 80.0 1.109722 2.312425 4
7.844147 2520 80.0 1.11299 2.245902 4
7.955125 2520 80.0 1.554329 2.235283 4
7.975027 2520 80.0 1.557648 2.192893 4
7.82011 2530 80.0 1.464308 2.242221 4
7.944045 2520 80.0 1.548744 2.232644 4
7.795848 2540 80.0 1.342951 2.200143 4
7.810325 2530 80.0 1.464612 -0.590904 4
7.756975 2550 80.0 1.257565 -0.667336 4
7.812917 2530 80.0 1.463362 -0.587519 4
7.766695 2550 80.0 1.337674 -0.656184 4
7.747507 2590 80.0 1.083149 2.119629 4
7.739321 2560 80.0 1.105983 -0.680215 4
7.823009 2560 80.0 1.518382 2.137252 4
7.778426 2550 80.0 1.337088 -0.649003 4
7.760415 2550 80.0 1.259661 -0.689458 4
7.877956 2560 80.0 1.522494 2.1473 4
7.784525 2540 80.0 1.342191 -0.642659 4
7.792843 2580 80.0 1.49628 2.13083 4
7.669238 2620 80.0 1.230793 -0.778621 4
7.781252 2550 80.0 1.34078 -0.641873 4
7.711687 2600 80.0 1.4381 2.084969 4
7.959706 2530 80.0 1.548748 2.211059 4
7.756963 2560 80.0 1.461054 -0.709293 4
7.958205 2530 80.0 1.543316 2.251248 4
7.74523 2570 80.0 1.338548 -0.707874 4
7.754858 2560 80.0 1.329692 -0.659993 4
7.741045 2570 80.0 1.329194 -0.724153 4
7.644871 2650 80.0 1.418911 -0.814577 4
7.768149 2560 80.0 1.340277 2.148404 4
7.745065 2560 80.0 1.336482 -0.696501 4
7.718787 2580 80.0 1.100953 -0.758331 4
7.744222 2570 80.0 1.331548 -0.675718 4
7.902024 2550 80.0 1.536647 2.168671 4
7.859358 2560 80.0 1.512827 2.172553 4
7.746125 2570 80.0 1.452286 -0.708839 4
7.733646 2580 80.0 1.330067 -0.706356 4
7.716472 2590 80.0 1.445307 -0.745433 4
7.734858 2580 80.0 1.329552 -0.704585 4
7.727594 2580 80.0 1.321127 -0.68931 4
7.936638 2540 80.0 1.538009 2.204547 4
7.732157 2580 80.0 1.330445 -0.706164 4
7.71111 2590 80.0 1.315239 -0.731372 4
7.717202 2590 80.0 1.091969 -0.713233 4
7.728777 2580 80.0 1.238435 -0.689909 4
7.726149 2580 80.0 1.240998 -0.704082 4
7.706908 2590 80.0 1.239557 -0.718574 4
7.717917 2590 80.0 1.331069 -0.749472 4
7.686031 2610 80.0 1.313731 -0.765114 4
7.699822 2600 80.0 1.233566 -0.734259 4
7.718414 2590 80.0 1.318234 -0.713688 4
7.710533 2590 80.0 1.243294 -0.746104 4
7.70822 2590 80.0 1.238941 -0.716289 4
7.658273 2640 80.0 1.302138 1.987501 4
7.68135 2630 80.0 1.212646 2.009042 4
7.794873 2590 80.0 1.501912 2.072502 4
7.663212 2610 80.0 1.09323 -0.785148 4
7.686949 2610 80.0 1.31334 -0.795954 4
7.670046 2610 80.0 1.094355 -0.795921 4
7.76353 2600 80.0 1.495138 2.053283 4
7.665866 2620 80.0 1.23319 -0.791534 4
7.856884 2570 80.0 1.521208 2.109719 4
7.851867 2590 80.0 1.524522 2.022976 4
7.761633 2600 80.0 1.495307 2.063172 4
7.684494 2610 80.0 1.30821 -0.775262 4
7.841086 2590 80.0 1.518138 2.03407 4
7.844521 2590 80.0 1.516781 2.031425 4
7.662693 2620 80.0 1.230972 -0.798286 4
7.663538 2620 80.0 1.082641 -0.792444 4
7.657704 2620 80.0 1.087246 -0.787517 4
7.763726 2600 80.0 1.494917 2.05419 4
7.834627 2600 80.0 1.520235 1.996027 4
7.808704 2600 80.0 1.5117 2.011469 4
7.712059 2630 80.0 1.482869 1.977828 4
7.649337 2630 80.0 1.232277 -0.817556 4
7.626456 2640 80.0 1.08433 -0.843295 4
7.643641 2630 80.0 1.087728 -0.829606 4
7.830946 2600 80.0 1.518357 1.990855 4
7.808807 2600 80.0 1.511626 2.011961 4
7.635019 2640 80.0 1.078748 -0.84387 4
7.790231 2600 80.0 1.496283 2.062106 4
7.627389 2640 80.0 1.084138 -0.84381 4
7.707795 2630 80.0 1.477858 1.969885 4
7.736715 2620 80.0 1.484798 2.018471 4
7.682466 2650 80.0 1.062504 1.930044 4
7.676259 2640 80.0 1.980868 1.998913 4
7.566262 2690 80.0 1.282623 -0.904795 4
7.714097 2630 80.0 1.485696 1.9791 4
7.720899 2630 80.0 1.486243 1.948967 4
7.756784 2620 80.0 1.496802 1.988638 4
7.560673 2700 80.0 1.060018 -0.907341 4
7.722425 2630 80.0 1.48459 1.959625 4
7.700146 2640 80.0 1.483916 1.939269 4
7.70931 2630 80.0 1.480669 1.974868 4
7.707482 2630 80.0 1.483294 1.955113 4
7.702955 2640 80.0 1.482967 1.929306 4
7.688636 2640 80.0 1.47618 1.940388 4
7.77492 2620 80.0 1.499093 2.019866 4
7.694742 2640 80.0 1.473768 1.975292 4
7.680165 2650 80.0 1.466945 1.975383 4
7.626256 2660 80.0 1.291016 -0.860588 4
7.596667 2690 80.0 1.279954 1.877159 4
7.698334 2640 80.0 1.470887 1.980583 4
7.678404 2650 80.0 1.469527 1.955872 4
7.698359 2640 80.0 1.470855 1.980711 4
7.708403 2640 80.0 1.476522 1.970973 4
7.700252 2640 80.0 1.478784 1.975873 4
7.69981 2640 80.0 1.478428 1.980927 4
7.643356 2660 80.0 1.287362 1.927571 4
7.679126 2650 80.0 1.468315 1.966176 4
7.661899 2660 80.0 1.466709 1.894545 4
7.668906 2660 80.0 1.470751 1.865821 4
8.239593 2360 80.0 1.562945 2.78287 4
7.868129 2460 80.0 1.147574 -0.536864 4
8.220434 2380 80.0 1.551754 2.719367 4
8.206399 2380 80.0 1.552065 2.720395 4
7.856671 2450 80.0 1.151317 -0.545748 4
8.213806 2380 80.0 1.542821 2.776991 4
8.208235 2380 80.0 1.546306 2.726665 4
8.204061 2390 80.0 1.541775 2.693613 4
8.194592 2390 80.0 1.54117 2.721619 4
8.194618 2390 80.0 1.541137 2.721828 4
8.234127 2390 80.0 1.518051 2.757976 4
8.153378 2390 80.0 1.617579 2.659045 4
8.194695 2390 80.0 1.541036 2.72245 4
8.19472 2390 80.0 1.541002 2.722656 4
8.182547 2400 80.0 1.540975 2.640707 4
8.208658 2390 80.0 1.540665 2.722384 4
8.198383 2390 80.0 1.544659 2.64488 4
7.816048 2490 80.0 1.288094 -0.613669 4
8.177423 2410 80.0 1.532517 2.607605 4
8.176421 2400 80.0 1.533093 2.68631 4
8.170368 2410 80.0 1.53038 2.642359 4
8.044706 2450 80.0 1.582559 2.475413 4
8.169227 2410 80.0 1.526403 2.646523 4
8.176312 2410 80.0 1.533688 2.600684 4
8.170472 2410 80.0 1.530247 2.643169 4
8.134337 2420 80.0 1.527443 2.582181 4
8.17053 2410 80.0 1.530172 2.643627 4
8.150826 2420 80.0 1.524369 2.588518 4
8.149693 2420 80.0 1.526254 2.574271 4
7.875423 2490 80.0 1.362558 2.366211 4
8.141476 2420 80.0 1.524458 2.613847 4
8.157849 2420 80.0 1.530017 2.563619 4
8.075618 2450 80.0 1.588304 2.452115 4
7.74609 2550 80.0 1.111602 -0.707543 4
8.123441 2440 80.0 1.511475 2.505169 4
7.87022 2500 80.0 1.356835 2.343338 4
8.127077 2440 80.0 1.511841 2.528685 4
8.14517 2430 80.0 1.519892 2.5647 4
8.130683 2430 80.0 1.522453 2.546869 4
7.763025 2550 80.0 1.341414 -0.680394 4
8.146165 2430 80.0 1.514697 2.568099 4
7.978079 2460 80.0 1.567441 2.405809 4
8.119427 2440 80.0 1.516613 2.473593 4
8.111249 2450 80.0 1.506061 2.497414 4
8.123724 2440 80.0 1.511131 2.507176 4
7.768945 2550 80.0 1.106411 -0.648795 4
8.079323 2450 80.0 1.590012 2.459215 4
8.105199 2450 80.0 1.512288 2.468126 4
7.988387 2480 80.0 1.570709 2.329265 4
7.818983 2520 80.0 1.345818 -0.644505 4
8.072953 2450 80.0 1.580918 2.513674 4
7.801672 2520 80.0 1.350132 -0.639434 4
7.936779 2450 80.0 1.138908 2.40016 4
8.102303 2450 80.0 1.5002 2.54468 4
8.091522 2450 80.0 1.59176 2.462637 4
7.904211 2470 80.0 1.128696 2.387822 4
7.792031 2550 80.0 1.102802 2.189365 4
8.067331 2460 80.0 1.586744 2.41488 4
7.870271 2520 80.0 1.52499 2.285828 4
7.868241 2500 80.0 1.122302 2.280721 4
7.692997 2590 80.0 1.104473 -0.782983 4
8.085694 2460 80.0 1.505414 2.433197 4
8.061512 2470 80.0 1.57687 2.437889 4
8.055281 2470 80.0 1.576754 2.422576 4
8.057251 2470 80.0 1.575168 2.431232 4
7.99104 2490 80.0 1.568334 2.348329 4
7.91818 2520 80.0 1.533147 2.260468 4
8.055443 2470 80.0 1.577306 2.410372 4
8.056869 2480 80.0 1.498532 2.333697 4
8.023337 2500 80.0 1.565032 2.311658 4
7.966506 2500 80.0 1.547466 2.359092 4
7.735198 2580 80.0 1.329949 2.11391 4
7.991054 2490 80.0 1.568456 2.343663 4
7.914005 2520 80.0 1.537543 2.236662 4
7.997657 2490 80.0 1.571647 2.296068 4
7.674692 2610 80.0 1.233301 -0.776529 4
8.005088 2490 80.0 1.568245 2.347492 4
8.022013 2490 80.0 1.561293 2.370965 4
7.582909 2640 80.0 1.252994 -0.903778 4
8.024332 2490 80.0 1.564492 2.371461 4
7.721538 2600 80.0 1.319781 2.061227 4
8.033861 2490 80.0 1.568231 2.357862 4
8.015854 2500 80.0 1.558365 2.348715 4
7.991922 2490 80.0 1.569815 2.314296 4
8.0007 2510 80.0 1.555758 2.247532 4
7.992428 2510 80.0 1.554792 2.277203 4
8.029984 2490 80.0 1.56601 2.358656 4
8.002733 2500 80.0 1.557904 2.339399 4
8.015088 2500 80.0 1.560649 2.31599 4
7.992719 2510 80.0 1.554873 2.277637 4
7.768658 2580 80.0 1.083992 2.150802 4
7.940711 2510 80.0 1.550363 2.305828 4
8.013199 2500 80.0 1.557371 2.312844 4
7.944534 2520 80.0 1.552444 2.2392 4
7.68145 2610 80.0 1.309353 -0.778105 4
7.826208 2560 80.0 1.510377 2.157977 4
7.940027 2520 80.0 1.538212 2.298256 4
7.972033 2520 80.0 1.551903 2.248912 4
7.71241 2600 80.0 1.437865 2.083844 4
7.975086 2520 80.0 1.557319 2.193196 4
7.680216 2610 80.0 1.31158 -0.761712 4
7.597561 2660 80.0 1.077899 -0.898052 4
7.654841 2610 80.0 1.094099 -0.788839 4
7.679336 2630 80.0 1.074674 2.010648 4
7.70001 2620 80.0 1.080508 1.995676 4
7.816843 2530 80.0 1.466858 2.227679 4
7.696955 2600 80.0 1.236879 -0.773961 4
7.900455 2540 80.0 1.528864 2.24098 4
7.770758 2550 80.0 1.111129 -0.678372 4
7.649725 2640 80.0 1.419708 -0.809153 4
7.792025 2540 80.0 1.462286 2.239855 4
7.682858 2610 80.0 1.308573 -0.772211 4
7.95602 2530 80.0 1.545128 2.24101 4
7.920374 2540 80.0 1.540129 2.191848 4
7.886773 2540 80.0 1.525447 2.234681 4
7.931514 2540 80.0 1.5415 2.196412 4
7.923583 2550 80.0 1.535352 2.162413 4
7.945701 2540 80.0 1.541449 2.19681 4
7.940119 2550 80.0 1.533625 2.16963 4
7.925502 2550 80.0 1.534505 2.162814 4
7.837308 2570 80.0 1.512033 2.140527 4
7.623951 2650 80.0 1.221844 -0.829943 4
7.648546 2630 80.0 1.231295 -0.805332 4
7.899198 2550 80.0 1.529185 2.168444 4
7.885363 2570 80.0 1.529922 2.085026 4
7.845363 2580 80.0 1.51979 2.044723 4
7.85397 2560 80.0 1.51693 2.155849 4
7.676495 2630 80.0 1.306329 2.003272 4
7.894217 2560 80.0 1.53407 2.145622 4
7.612572 2660 80.0 1.074374 -0.891592 4
8.062509 2530 80.0 1.443086 2.165343 4
7.705139 2600 80.0 1.32202 -0.767782 4
7.892966 2560 80.0 1.535429 2.133197 4
7.636968 2640 80.0 1.082427 -0.834234 4
7.828427 2570 80.0 1.519721 2.107124 4
7.584004 2680 80.0 1.214154 -0.894105 4
7.620096 2660 80.0 1.414743 -0.84877 4
7.525584 2690 80.0 1.234415 -0.967131 4
7.821033 2580 80.0 1.513881 2.064623 4
7.864237 2580 80.0 1.522797 2.070868 4
7.686481 2600 80.0 1.315665 -0.775791 4
7.620041 2660 80.0 1.301238 -0.859673 4
7.842477 2580 80.0 1.509486 2.109203 4
7.734554 2620 80.0 1.487164 2.005695 4
7.89598 2560 80.0 1.531978 2.160226 4
7.728012 2610 80.0 1.485916 2.050506 4
7.794846 2590 80.0 1.513702 2.00635 4
7.765182 2600 80.0 1.499578 2.016539 4
7.541586 2700 80.0 1.066203 -0.966721 4
7.690823 2640 80.0 1.066941 1.958313 4
7.773046 2600 80.0 1.496564 2.049302 4
7.801891 2600 80.0 1.501541 2.051569 4
7.843928 2590 80.0 1.513877 2.074516 4
7.800033 2590 80.0 1.50436 2.108973 4
7.630736 2670 80.0 1.062532 1.88616 4
7.835349 2600 80.0 1.519899 1.995908 4
7.601254 2660 80.0 1.225511 -0.900665 4
7.563068 2690 80.0 1.284474 -0.915041 4
7.849928 2590 80.0 1.526682 2.005096 4
7.763174 2610 80.0 1.499735 2.018384 4
7.757673 2600 80.0 1.500572 2.030677 4
7.722176 2620 80.0 1.482608 2.021171 4
7.755002 2620 80.0 1.489206 1.987432 4
7.726418 2620 80.0 1.479427 2.026181 4
7.722861 2620 80.0 1.482195 2.021447 4
7.749422 2610 80.0 1.487521 2.055236 4
7.714418 2620 80.0 1.071615 2.032182 4
7.728949 2620 80.0 1.4861 2.031327 4
7.717326 2630 80.0 1.490079 1.928266 4
7.808161 2610 80.0 1.508224 1.971195 4
7.699994 2640 80.0 1.484082 1.938626 4
7.701031 2640 80.0 1.484397 1.928451 4
7.722335 2630 80.0 1.484688 1.959236 4
7.742996 2620 80.0 1.487039 1.967994 4
7.717431 2630 80.0 1.489967 1.928689 4
7.743024 2620 80.0 1.487006 1.968125 4
7.714653 2630 80.0 1.485922 1.974571 4
7.714216 2630 80.0 1.485565 1.979626 4
7.712824 2630 80.0 1.477903 1.979701 4
7.714244 2630 80.0 1.485532 1.979756 4
7.73768 2630 80.0 1.491193 1.94776 4
7.712862 2630 80.0 1.477861 1.979868 4
7.70294 2640 80.0 1.482986 1.929234 4
7.721233 2630 80.0 1.484806 1.965147 4
7.806747 2610 80.0 1.503853 2.014181 4
7.785813 2620 80.0 1.509434 1.914282 4
7.782861 2620 80.0 1.500376 1.970459 4
7.718727 2650 80.0 1.484731 1.880671 4
7.707903 2640 80.0 1.477572 1.960483 4
7.706497 2640 80.0 1.479104 1.950335 4
7.678004 2660 80.0 1.475237 1.903448 4
7.688536 2650 80.0 1.475958 1.930036 4
7.668416 2660 80.0 1.46847 1.927413 4
7.69162 2650 80.0 1.473291 1.940451 4
7.688584 2650 80.0 1.475904 1.930247 4
7.686137 2650 80.0 1.475713 1.9559 4
7.678254 2650 80.0 1.466494 1.941386 4
7.712554 2650 80.0 1.479126 1.923008 4
