2.150983 2720 80.0 -2.606379 5.961524 21
1.92695 2460 80.0 -2.594371 5.608675 21
2.148044 2720 80.0 -2.566745 5.961673 21
1.965315 2440 80.0 -2.584838 5.530765 21
1.994698 2490 80.0 -2.603786 5.587505 21
1.966398 2490 80.0 -2.550477 5.649446 21
1.958096 2490 80.0 -2.628098 5.66433 21
1.972647 2490 80.0 -2.565488 5.630441 21
1.874147 2380 80.0 -2.604589 5.502135 21
2.098164 2690 80.0 -2.579528 5.984327 21
2.514284 2990 80.0 -2.604846 5.977234 21
2.51064 2980 80.0 -2.552708 5.974854 21
1.826899 2320 80.0 -2.642696 5.411377 21
2.112996 2690 80.0 -2.596498 5.967592 21
1.969992 2550 80.0 -2.620224 5.793184 21
1.89734 2420 80.0 -2.592104 5.558626 21
2.101167 2680 80.0 -2.597857 5.960839 21
2.05433 2660 80.0 -2.621326 5.943768 21
1.907913 2420 80.0 -2.552825 5.569165 21
1.930016 2430 80.0 -2.577823 5.552658 21
1.74581 2230 80.0 -2.576209 5.356242 21
2.1661 2680 80.0 -2.566477 5.800962 21
1.896594 2410 80.0 -2.552478 5.556419 21
1.933819 2550 80.0 -2.594728 5.851761 21
2.019727 2620 80.0 -2.542298 5.920582 21
2.213749 2700 80.0 -2.552723 5.779896 21
1.928282 2520 80.0 -2.565442 5.804142 21
2.041569 2630 80.0 -2.601094 5.920415 21
1.973918 2590 80.0 -2.600238 5.885752 21
2.044967 2600 80.0 -2.542822 5.844832 21
2.133201 2630 80.0 -2.592458 5.715137 21
2.01403 2620 80.0 -2.624743 5.900351 21
2.112435 2620 80.0 -2.599703 5.725362 21
1.797869 2310 80.0 -2.581113 5.441208 21
1.902634 2520 80.0 -2.622649 5.826687 21
1.894658 2520 80.0 -2.615308 5.838613 21
2.044863 2520 80.0 -2.581001 5.636307 21
2.0253 2520 80.0 -2.556064 5.650598 21
1.902292 2450 80.0 -2.590647 5.638416 21
1.888193 2510 80.0 -2.583484 5.818549 21
1.814487 2370 80.0 -2.560701 5.547487 21
1.862364 2470 80.0 -2.62084 5.749581 21
1.850022 2470 80.0 -2.593941 5.784581 21
1.947877 2490 80.0 -2.620302 5.653072 21
1.737604 2270 80.0 -2.626418 5.409336 21
1.790814 2300 80.0 -2.580075 5.446824 21
1.847558 2460 80.0 -2.636402 5.746035 21
1.85098 2410 80.0 -2.602439 5.604823 21
1.902009 2460 80.0 -2.63502 5.679789 21
1.831051 2460 80.0 -2.596117 5.771211 21
1.819494 2400 80.0 -2.640555 5.6297 21
1.822516 2440 80.0 -2.627764 5.720946 21
1.920784 2420 80.0 -2.590115 5.548523 21
1.73409 2250 80.0 -2.573745 5.392099 21
1.824025 2450 80.0 -2.606103 5.766305 21
1.821552 2440 80.0 -2.603857 5.755371 21
1.802234 2370 80.0 -2.558719 5.579937 21
1.868404 2410 80.0 -2.582395 5.57706 21
1.720813 2220 80.0 -2.567956 5.350524 21
1.896268 2440 80.0 -2.575744 5.611665 21
1.781172 2320 80.0 -2.563314 5.492123 21
1.919714 2400 80.0 -2.545604 5.522299 21
1.875066 2410 80.0 -2.577971 5.573233 21
1.864042 2390 80.0 -2.552479 5.551071 21
1.818488 2440 80.0 -2.580078 5.742109 21
1.805118 2420 80.0 -2.559765 5.719093 21
1.847185 2390 80.0 -2.601998 5.567964 21
1.796215 2420 80.0 -2.561532 5.725317 21
1.842233 2380 80.0 -2.566326 5.549633 21
1.80495 2420 80.0 -2.560947 5.719286 21
1.8068 2410 80.0 -2.605754 5.67382 21
1.806225 2420 80.0 -2.601298 5.724972 21
1.875339 2380 80.0 -2.579447 5.515888 21
1.807717 2420 80.0 -2.593296 5.724805 21
1.685707 2210 80.0 -2.568482 5.335415 21
1.83645 2370 80.0 -2.59827 5.519772 21
1.805261 2420 80.0 -2.615364 5.718027 21
1.805238 2420 80.0 -2.61553 5.718052 21
1.833724 2360 80.0 -2.572889 5.513826 21
1.802369 2330 80.0 -2.546405 5.49544 21
1.796452 2390 80.0 -2.578137 5.652013 21
1.771592 2390 80.0 -2.64184 5.66214 21
1.788285 2320 80.0 -2.589936 5.472448 21
1.789574 2370 80.0 -2.579984 5.618731 21
1.780841 2320 80.0 -2.608571 5.461851 21
1.76266 2290 80.0 -2.579741 5.443549 21
1.786031 2280 80.0 -2.562032 5.426533 21
1.763371 2290 80.0 -2.585422 5.448295 21
1.758928 2270 80.0 -2.555948 5.421512 21
1.71528 2250 80.0 -2.575419 5.405924 21
1.724377 2240 80.0 -2.623165 5.372627 21
1.726779 2280 80.0 -2.540918 5.467107 21
1.781449 2300 80.0 -2.584429 5.451419 21
1.757615 2260 80.0 -2.547579 5.401321 21
1.723014 2320 80.0 -2.577954 5.551103 21
1.74376 2260 80.0 -2.577562 5.40071 21
1.688198 2260 80.0 -2.619485 5.434793 21
1.676455 2210 80.0 -2.623846 5.328191 21
1.733136 2260 80.0 -2.600066 5.40782 21
1.690173 2220 80.0 -2.588711 5.362648 21
1.759898 2380 80.0 -2.64298 5.654506 21
1.720989 2240 80.0 -2.580972 5.382416 21
1.74298 2360 80.0 -2.612249 5.636196 21
1.741794 2260 80.0 -2.593777 5.401485 21
1.73712 2250 80.0 -2.594654 5.39885 21
1.734817 2250 80.0 -2.56144 5.400043 21
1.652318 2190 80.0 -2.583424 5.322299 21
1.713616 2260 80.0 -2.647083 5.399391 21
1.741961 2260 80.0 -2.618732 5.388391 21
1.721848 2230 80.0 -2.546914 5.379223 21
1.709328 2230 80.0 -2.58219 5.373594 21
1.737205 2340 80.0 -2.587976 5.576069 21
1.73454 2310 80.0 -2.570003 5.530145 21
1.720425 2240 80.0 -2.585618 5.385882 21
1.73004 2250 80.0 -2.598706 5.393172 21
1.720544 2240 80.0 -2.583466 5.374375 21
1.728449 2250 80.0 -2.603317 5.385881 21
1.712552 2230 80.0 -2.565117 5.37475 21
1.741714 2350 80.0 -2.595414 5.610278 21
1.707579 2230 80.0 -2.596538 5.376696 21
1.716762 2230 80.0 -2.548033 5.367836 21
1.690718 2230 80.0 -2.626173 5.367184 21
1.704222 2240 80.0 -2.610203 5.368646 21
1.687689 2220 80.0 -2.627254 5.340801 21
1.720539 2230 80.0 -2.559992 5.361844 21
1.708934 2230 80.0 -2.586892 5.366885 21
1.712204 2230 80.0 -2.562435 5.363904 21
1.705702 2240 80.0 -2.637977 5.364725 21
1.69057 2230 80.0 -2.628219 5.351436 21
1.707759 2220 80.0 -2.575137 5.354092 21
1.686012 2200 80.0 -2.564803 5.338594 21
1.635674 2190 80.0 -2.654228 5.313515 21
1.64815 2210 80.0 -2.62495 5.337412 21
1.702825 2290 80.0 -2.645079 5.472143 21
1.678792 2190 80.0 -2.576271 5.307167 21
1.689059 2210 80.0 -2.566694 5.349846 21
1.670216 2190 80.0 -2.579034 5.30899 21
1.703429 2270 80.0 -2.600308 5.438864 21
1.67605 2190 80.0 -2.562408 5.3274 21
1.721316 2310 80.0 -2.570364 5.525771 21
1.720132 2320 80.0 -2.515427 5.578448 21
1.702794 2270 80.0 -2.595947 5.437805 21
1.672289 2190 80.0 -2.542151 5.330919 21
1.723435 2310 80.0 -2.519582 5.550607 21
1.705118 2310 80.0 -2.593631 5.535315 21
1.691383 2200 80.0 -2.541472 5.317624 21
1.689821 2200 80.0 -2.550938 5.320311 21
1.666749 2190 80.0 -2.592114 5.314266 21
1.692785 2260 80.0 -2.601903 5.429402 21
1.706008 2300 80.0 -2.53322 5.535214 21
1.697605 2300 80.0 -2.628652 5.510655 21
1.679093 2240 80.0 -2.594146 5.396649 21
1.664613 2190 80.0 -2.603696 5.312455 21
1.651341 2170 80.0 -2.598269 5.27928 21
1.668914 2190 80.0 -2.584723 5.30329 21
1.707774 2300 80.0 -2.519605 5.541705 21
1.66889 2270 80.0 -2.632368 5.462135 21
1.661426 2190 80.0 -2.613043 5.310344 21
1.67784 2260 80.0 -2.579553 5.445554 21
1.654726 2190 80.0 -2.603554 5.29842 21
1.65994 2220 80.0 -2.616674 5.383009 21
1.67658 2250 80.0 -2.629874 5.405979 21
1.6488 2210 80.0 -2.601104 5.357091 21
1.672777 2210 80.0 -2.562156 5.348511 21
1.596778 2130 80.0 -2.598619 5.230094 21
1.678584 2240 80.0 -2.606067 5.387909 21
1.659721 2230 80.0 -2.614129 5.380117 21
1.662754 2240 80.0 -2.604002 5.418805 21
1.577497 2100 80.0 -2.57594 5.203474 21
1.65626 2230 80.0 -2.631398 5.386022 21
1.642227 2210 80.0 -2.622854 5.365162 21
1.659514 2220 80.0 -2.587207 5.374419 21
1.644366 2200 80.0 -2.604128 5.347775 21
1.662773 2230 80.0 -2.589103 5.388001 21
1.658443 2210 80.0 -2.576925 5.352448 21
1.670917 2270 80.0 -2.616164 5.461722 21
1.659405 2220 80.0 -2.587985 5.374552 21
1.65938 2220 80.0 -2.588153 5.374578 21
1.625902 2160 80.0 -2.594254 5.284411 21
1.592382 2140 80.0 -2.609939 5.245052 21
1.658443 2220 80.0 -2.60167 5.365376 21
1.644168 2200 80.0 -2.60554 5.348026 21
1.65841 2220 80.0 -2.601903 5.365419 21
1.644035 2220 80.0 -2.643774 5.37855 21
1.647837 2210 80.0 -2.608863 5.361053 21
1.657917 2220 80.0 -2.609412 5.36857 21
1.631009 2180 80.0 -2.623801 5.300677 21
1.631072 2190 80.0 -2.617766 5.341887 21
1.645949 2200 80.0 -2.58957 5.345938 21
1.648695 2210 80.0 -2.602692 5.354861 21
1.969865 2450 80.0 -2.56775 5.55321 21
2.010432 2480 80.0 -2.587024 5.566685 21
2.08711 2680 80.0 -2.584385 5.978307 21
2.089918 2690 80.0 -2.619912 5.96363 21
1.902282 2380 80.0 -2.576627 5.491037 21
1.892859 2480 80.0 -2.637272 5.711079 21
2.057823 2660 80.0 -2.603219 5.933027 21
2.021685 2620 80.0 -2.527256 5.916888 21
2.100942 2680 80.0 -2.599492 5.961064 21
1.989581 2580 80.0 -2.584321 5.854641 21
2.10086 2680 80.0 -2.600078 5.95335 21
1.933819 2550 80.0 -2.594728 5.851761 21
1.986896 2590 80.0 -2.580265 5.877221 21
1.865588 2390 80.0 -2.572073 5.533726 21
1.993767 2590 80.0 -2.577468 5.868011 21
2.041543 2630 80.0 -2.601286 5.920447 21
1.884247 2490 80.0 -2.638854 5.7623 21
1.805296 2300 80.0 -2.573041 5.426836 21
1.947695 2560 80.0 -2.583684 5.855914 21
1.808982 2350 80.0 -2.622344 5.498918 21
1.979579 2590 80.0 -2.620821 5.885812 21
1.920123 2530 80.0 -2.60271 5.854075 21
1.943666 2550 80.0 -2.592192 5.842112 21
1.770958 2290 80.0 -2.60324 5.418925 21
1.885763 2520 80.0 -2.615782 5.840931 21
1.853631 2410 80.0 -2.544426 5.606894 21
1.838847 2470 80.0 -2.608469 5.78758 21
1.887156 2510 80.0 -2.581862 5.818104 21
1.910374 2530 80.0 -2.586396 5.836754 21
1.793033 2300 80.0 -2.564965 5.442377 21
1.865375 2460 80.0 -2.540668 5.756159 21
1.83126 2460 80.0 -2.594662 5.770979 21
1.828164 2410 80.0 -2.613464 5.64913 21
1.79923 2330 80.0 -2.623021 5.456265 21
1.850986 2460 80.0 -2.617873 5.737645 21
1.772642 2290 80.0 -2.558628 5.430584 21
1.97288 2490 80.0 -2.587365 5.616364 21
1.844313 2470 80.0 -2.580349 5.783358 21
1.83581 2450 80.0 -2.596643 5.760019 21
1.904241 2410 80.0 -2.546164 5.557005 21
1.742067 2280 80.0 -2.587018 5.433715 21
1.828046 2450 80.0 -2.628462 5.744027 21
1.750054 2310 80.0 -2.576998 5.494712 21
1.854007 2370 80.0 -2.564563 5.530639 21
1.702688 2230 80.0 -2.620439 5.355963 21
1.82619 2450 80.0 -2.603186 5.763556 21
1.81739 2430 80.0 -2.557954 5.741758 21
1.823932 2450 80.0 -2.637958 5.737967 21
1.806656 2420 80.0 -2.598143 5.724539 21
1.801725 2390 80.0 -2.588931 5.653752 21
1.781036 2370 80.0 -2.60316 5.591323 21
1.823781 2430 80.0 -2.628684 5.725809 21
1.818519 2440 80.0 -2.579863 5.74207 21
1.823783 2440 80.0 -2.594439 5.743839 21
1.799819 2390 80.0 -2.604687 5.634221 21
1.727601 2250 80.0 -2.558277 5.403179 21
1.803629 2390 80.0 -2.58665 5.656293 21
1.768735 2340 80.0 -2.565379 5.563639 21
1.820903 2410 80.0 -2.574948 5.67756 21
1.677772 2200 80.0 -2.56203 5.315007 21
1.809708 2410 80.0 -2.592091 5.682264 21
1.809839 2430 80.0 -2.62857 5.717808 21
1.632616 2140 80.0 -2.597628 5.224543 21
1.793749 2400 80.0 -2.584846 5.703204 21
1.70037 2240 80.0 -2.612407 5.38885 21
1.805564 2420 80.0 -2.606043 5.725274 21
1.78964 2420 80.0 -2.646015 5.713836 21
1.788691 2390 80.0 -2.615791 5.648205 21
1.793287 2420 80.0 -2.619103 5.70723 21
1.781535 2400 80.0 -2.600655 5.683098 21
1.806852 2420 80.0 -2.598782 5.723794 21
1.794599 2410 80.0 -2.639858 5.696631 21
1.791026 2400 80.0 -2.557484 5.696421 21
1.780402 2400 80.0 -2.60528 5.682961 21
1.716626 2260 80.0 -2.584969 5.427263 21
1.777983 2360 80.0 -2.61892 5.589587 21
1.772593 2400 80.0 -2.656369 5.693312 21
1.76292 2350 80.0 -2.587268 5.617418 21
1.695878 2210 80.0 -2.570812 5.34681 21
1.72604 2300 80.0 -2.61569 5.479095 21
1.773069 2370 80.0 -2.66495 5.615971 21
1.776617 2390 80.0 -2.608629 5.663469 21
1.672046 2220 80.0 -2.637598 5.345303 21
1.770911 2390 80.0 -2.640728 5.663199 21
1.692447 2220 80.0 -2.597199 5.344652 21
1.634116 2160 80.0 -2.577778 5.263813 21
1.67095 2190 80.0 -2.594542 5.306935 21
1.665873 2210 80.0 -2.613893 5.353186 21
1.678415 2230 80.0 -2.631755 5.362428 21
1.736636 2290 80.0 -2.655294 5.439671 21
1.698984 2230 80.0 -2.58285 5.364418 21
1.739833 2330 80.0 -2.577044 5.572587 21
1.759929 2290 80.0 -2.621449 5.423246 21
1.661313 2190 80.0 -2.602434 5.330507 21
1.724866 2250 80.0 -2.578771 5.396395 21
1.666623 2200 80.0 -2.627008 5.320283 21
1.746035 2360 80.0 -2.642552 5.621551 21
1.761179 2350 80.0 -2.51534 5.602902 21
1.739207 2330 80.0 -2.664809 5.536734 21
1.755847 2360 80.0 -2.626194 5.626591 21
1.757118 2370 80.0 -2.624202 5.647292 21
1.7497 2370 80.0 -2.63446 5.650829 21
1.757858 2370 80.0 -2.547459 5.656763 21
1.757785 2370 80.0 -2.639827 5.632376 21
1.703761 2290 80.0 -2.564568 5.497308 21
1.644125 2160 80.0 -2.56121 5.291237 21
1.662626 2190 80.0 -2.620706 5.310029 21
1.72814 2330 80.0 -2.572435 5.571925 21
1.751347 2350 80.0 -2.626275 5.607273 21
1.721224 2330 80.0 -2.594803 5.557533 21
1.713019 2300 80.0 -2.582004 5.499129 21
1.664489 2220 80.0 -2.63693 5.354505 21
1.735134 2330 80.0 -2.598042 5.577753 21
1.643765 2160 80.0 -2.531424 5.27236 21
1.749611 2430 80.0 -2.589297 5.625751 21
1.693459 2220 80.0 -2.567498 5.36575 21
1.736858 2330 80.0 -2.580767 5.576858 21
1.638007 2170 80.0 -2.595342 5.298296 21
1.725569 2300 80.0 -2.597634 5.496971 21
1.633461 2150 80.0 -2.574495 5.261016 21
1.631918 2160 80.0 -2.597095 5.276486 21
1.572444 2080 80.0 -2.564595 5.171299 21
1.719377 2300 80.0 -2.593526 5.497548 21
1.736607 2330 80.0 -2.538071 5.585779 21
1.686989 2210 80.0 -2.599285 5.335958 21
1.634135 2160 80.0 -2.58818 5.283719 21
1.703753 2310 80.0 -2.626613 5.517087 21
1.661584 2230 80.0 -2.608666 5.388483 21
1.720213 2320 80.0 -2.514793 5.578358 21
1.704943 2250 80.0 -2.597677 5.401629 21
1.69916 2270 80.0 -2.592824 5.452743 21
1.68724 2260 80.0 -2.626389 5.435842 21
1.586541 2110 80.0 -2.58428 5.199378 21
1.655583 2210 80.0 -2.59455 5.342371 21
1.685863 2250 80.0 -2.546259 5.430863 21
1.695303 2290 80.0 -2.582898 5.490714 21
1.708225 2300 80.0 -2.518989 5.552568 21
1.693398 2270 80.0 -2.600782 5.448833 21
1.625728 2180 80.0 -2.604218 5.308877 21
1.705391 2300 80.0 -2.535987 5.536351 21
1.63059 2170 80.0 -2.623554 5.265491 21
1.610639 2140 80.0 -2.619757 5.233409 21
1.715149 2310 80.0 -2.543496 5.55517 21
1.690945 2260 80.0 -2.586262 5.445986 21
1.678751 2240 80.0 -2.603999 5.410258 21
1.671289 2230 80.0 -2.612662 5.392468 21
1.683366 2260 80.0 -2.590505 5.444336 21
1.670529 2230 80.0 -2.585272 5.374226 21
1.671269 2230 80.0 -2.571027 5.383289 21
1.671894 2240 80.0 -2.603742 5.399897 21
1.653826 2200 80.0 -2.587518 5.343967 21
1.678578 2240 80.0 -2.60516 5.390481 21
1.672986 2240 80.0 -2.587148 5.39799 21
1.703541 2290 80.0 -2.514646 5.517809 21
1.672681 2240 80.0 -2.621647 5.395182 21
1.67547 2240 80.0 -2.622802 5.397557 21
1.676472 2250 80.0 -2.630676 5.406126 21
1.662762 2240 80.0 -2.617507 5.392877 21
1.672873 2240 80.0 -2.587943 5.398134 21
1.662729 2240 80.0 -2.617748 5.392925 21
1.658196 2220 80.0 -2.606473 5.370727 21
1.658256 2220 80.0 -2.607028 5.368119 21
1.658673 2220 80.0 -2.600056 5.365071 21
1.658221 2220 80.0 -2.607268 5.368164 21
1.658011 2230 80.0 -2.598442 5.412824 21
1.65863 2220 80.0 -2.600362 5.365129 21
1.662792 2230 80.0 -2.588968 5.38798 21
1.657901 2230 80.0 -2.629973 5.381413 21
1.681834 2280 80.0 -2.593027 5.490542 21
1.670001 2280 80.0 -2.642515 5.472445 21
1.663205 2250 80.0 -2.564292 5.452412 21
1.667196 2250 80.0 -2.601429 5.438295 21
1.64634 2220 80.0 -2.632993 5.375657 21
1.649663 2220 80.0 -2.616672 5.370011 21
1.636777 2210 80.0 -2.633956 5.36568 21
1.642859 2210 80.0 -2.590476 5.367348 21
1.628259 2190 80.0 -2.602469 5.34409 21
1.63183 2200 80.0 -2.607912 5.358809 21
1.642807 2210 80.0 -2.590871 5.367409 21
1.631589 2200 80.0 -2.599109 5.353673 21
1.647105 2200 80.0 -2.591086 5.347381 21
1.670614 2230 80.0 -2.554071 5.40642 21
