1.554959 8360 80.0 -0.965102 -0.49112 0
1.536461 8360 80.0 -0.703098 -0.373109 0
1.557459 8370 80.0 -1.00589 -0.53637 0
1.557044 8370 80.0 -1.001077 -0.532052 0
1.555164 8360 80.0 -0.96796 -0.495448 0
1.557046 8370 80.0 -0.984956 -0.522728 0
1.558417 8370 80.0 -1.002635 -0.545047 0
1.536333 8370 80.0 -0.744408 -0.385199 0
1.544611 8340 80.0 -0.763894 -0.383858 0
1.555574 8340 80.0 -0.905252 -0.474974 0
1.53762 8360 80.0 -0.734047 -0.373636 0
1.557066 8370 80.0 -1.001538 -0.532309 0
1.543326 8350 80.0 -0.773159 -0.397939 0
1.539812 8360 80.0 -0.758302 -0.387326 0
1.557463 8360 80.0 -0.968077 -0.513518 0
1.555566 8360 80.0 -0.957564 -0.496527 0
1.554772 8340 80.0 -0.908461 -0.459889 0
1.534941 8360 80.0 -0.68857 -0.360109 0
1.555501 8360 80.0 -0.957653 -0.497099 0
1.557475 8360 80.0 -0.968317 -0.513665 0
1.557477 8360 80.0 -0.968361 -0.513692 0
1.557897 8360 80.0 -0.973814 -0.525408 0
1.533994 8370 80.0 -0.70347 -0.370618 0
1.557485 8360 80.0 -0.968535 -0.513799 0
1.557908 8360 80.0 -0.974041 -0.525531 0
1.544055 8350 80.0 -0.797526 -0.406009 0
1.535444 8360 80.0 -0.696793 -0.363725 0
1.556479 8360 80.0 -0.971275 -0.505777 0
1.55471 8380 80.0 -0.995494 -0.530087 0
1.53723 8360 80.0 -0.727462 -0.375735 0
1.55541 8350 80.0 -0.946186 -0.482237 0
1.557501 8360 80.0 -0.968885 -0.514015 0
1.557372 8360 80.0 -0.967528 -0.522616 0
1.553516 8350 80.0 -0.917464 -0.474125 0
1.537321 8350 80.0 -0.687662 -0.364502 0
1.556875 8360 80.0 -0.976129 -0.498282 0
1.540697 8350 80.0 -0.730799 -0.386863 0
1.555905 8360 80.0 -0.977603 -0.49157 0
1.556663 8360 80.0 -0.973589 -0.506325 0
1.535492 8360 80.0 -0.697823 -0.364304 0
1.543626 8350 80.0 -0.790572 -0.401245 0
1.556332 8360 80.0 -0.984326 -0.496027 0
1.538905 8360 80.0 -0.742522 -0.386441 0
1.553551 8350 80.0 -0.932805 -0.466528 0
1.554607 8360 80.0 -0.944926 -0.498476 0
1.538246 8370 80.0 -0.775954 -0.399497 0
1.555674 8340 80.0 -0.907514 -0.476071 0
1.542039 8360 80.0 -0.782771 -0.403667 0
1.546675 8350 80.0 -0.828161 -0.424331 0
1.555574 8360 80.0 -0.974573 -0.498053 0
1.547468 8350 80.0 -0.840335 -0.424823 0
1.553693 8350 80.0 -0.934682 -0.465968 0
1.55494 8360 80.0 -0.950246 -0.501498 0
1.553981 8360 80.0 -0.952619 -0.492786 0
1.542149 8360 80.0 -0.785707 -0.411829 0
1.538529 8360 80.0 -0.739105 -0.388511 0
1.53741 8370 80.0 -0.749833 -0.397108 0
1.536566 8360 80.0 -0.70559 -0.375851 0
1.539689 8350 80.0 -0.727163 -0.383518 0
1.536455 8360 80.0 -0.70366 -0.374427 0
1.554438 8360 80.0 -0.943649 -0.498805 0
1.553395 8360 80.0 -0.944119 -0.490045 0
1.539939 8350 80.0 -0.742086 -0.385558 0
1.556053 8350 80.0 -0.940473 -0.485439 0
1.539289 8350 80.0 -0.720285 -0.378032 0
1.553406 8360 80.0 -0.944349 -0.490169 0
1.551744 8350 80.0 -0.905969 -0.458421 0
1.553054 8360 80.0 -0.939223 -0.485501 0
1.554797 8350 80.0 -0.937496 -0.484402 0
1.553223 8360 80.0 -0.942031 -0.486344 0
1.553224 8360 80.0 -0.942065 -0.486365 0
1.536154 8360 80.0 -0.697855 -0.373202 0
1.537396 8350 80.0 -0.689536 -0.366561 0
1.550438 8350 80.0 -0.886985 -0.437784 0
1.554949 8340 80.0 -0.912481 -0.453192 0
1.549099 8350 80.0 -0.87957 -0.434237 0
1.541241 8350 80.0 -0.752976 -0.384652 0
1.548116 8350 80.0 -0.849505 -0.42592 0
1.539067 8360 80.0 -0.747582 -0.388166 0
1.55481 8340 80.0 -0.910567 -0.460782 0
1.552617 8350 80.0 -0.919915 -0.458916 0
1.55109 8340 80.0 -0.869043 -0.435579 0
1.543882 8360 80.0 -0.813303 -0.423939 0
1.551744 8350 80.0 -0.893019 -0.459583 0
1.543024 8350 80.0 -0.782034 -0.396187 0
1.53903 8360 80.0 -0.748003 -0.397105 0
1.547196 8350 80.0 -0.836077 -0.424088 0
1.548517 8360 80.0 -0.887179 -0.45385 0
1.538635 8360 80.0 -0.740307 -0.391816 0
1.546782 8360 80.0 -0.874343 -0.444746 0
1.549309 8350 80.0 -0.85723 -0.43645 0
1.539049 8360 80.0 -0.74842 -0.397332 0
1.549842 8350 80.0 -0.878441 -0.449592 0
1.548472 8340 80.0 -0.826984 -0.418314 0
1.539641 8350 80.0 -0.727039 -0.373881 0
1.549459 8350 80.0 -0.872546 -0.437091 0
1.548472 8340 80.0 -0.82726 -0.417923 0
1.542255 8360 80.0 -0.800258 -0.406267 0
1.539388 8350 80.0 -0.722425 -0.372879 0
1.53919 8360 80.0 -0.750277 -0.389761 0
1.539627 8350 80.0 -0.726588 -0.374496 0
1.538193 8360 80.0 -0.74578 -0.380208 0
1.539077 8360 80.0 -0.74791 -0.389585 0
1.541929 8360 80.0 -0.782808 -0.412421 0
1.53921 8360 80.0 -0.750674 -0.389995 0
1.538284 8360 80.0 -0.734381 -0.388694 0
1.537735 8360 80.0 -0.738468 -0.381878 0
1.537319 8360 80.0 -0.73127 -0.378397 0
1.538657 8360 80.0 -0.742669 -0.391415 0
1.536856 8360 80.0 -0.723924 -0.372071 0
1.546256 8350 80.0 -0.836142 -0.414813 0
1.537743 8360 80.0 -0.738686 -0.382001 0
1.537746 8360 80.0 -0.738733 -0.382027 0
1.537813 8360 80.0 -0.739668 -0.375389 0
1.537337 8360 80.0 -0.731663 -0.378619 0
1.537816 8360 80.0 -0.739733 -0.375429 0
1.537584 8370 80.0 -0.754084 -0.40043 0
1.53835 8360 80.0 -0.748363 -0.382428 0
1.538233 8360 80.0 -0.746677 -0.380715 0
1.537523 8360 80.0 -0.734472 -0.380047 0
1.537009 8360 80.0 -0.727019 -0.373478 0
1.537824 8360 80.0 -0.739955 -0.375564 0
1.556847 8370 80.0 -0.983632 -0.531732 0
1.557072 8370 80.0 -1.001028 -0.531998 0
1.557437 8360 80.0 -0.967522 -0.513176 0
1.556664 8370 80.0 -0.982018 -0.539854 0
1.557629 8360 80.0 -0.969039 -0.522577 0
1.558633 8360 80.0 -0.998323 -0.522337 0
1.55745 8360 80.0 -0.967788 -0.51334 0
1.557452 8360 80.0 -0.967833 -0.513368 0
1.560848 8370 80.0 -1.028528 -0.542315 0
1.553707 8350 80.0 -0.918616 -0.465696 0
1.557458 8360 80.0 -0.967969 -0.513451 0
1.55746 8360 80.0 -0.968015 -0.513479 0
1.557462 8360 80.0 -0.96805 -0.513501 0
1.557102 8370 80.0 -1.001689 -0.532367 0
1.557886 8360 80.0 -0.973565 -0.525273 0
1.55469 8380 80.0 -0.995094 -0.529842 0
1.556663 8360 80.0 -0.972686 -0.514609 0
1.55748 8360 80.0 -0.968422 -0.51373 0
1.551868 8340 80.0 -0.865795 -0.4322 0
1.557417 8360 80.0 -0.967148 -0.521694 0
1.556369 8370 80.0 -0.993458 -0.52034 0
1.557487 8360 80.0 -0.968604 -0.513842 0
1.554508 8360 80.0 -0.943435 -0.497619 0
1.557492 8360 80.0 -0.968707 -0.513905 0
1.556479 8360 80.0 -0.971275 -0.505777 0
1.556309 8360 80.0 -0.968401 -0.49571 0
1.555346 8360 80.0 -0.955582 -0.496707 0
1.557503 8360 80.0 -0.968919 -0.514036 0
1.555772 8340 80.0 -0.909105 -0.467717 0
1.558069 8350 80.0 -0.967639 -0.503547 0
1.556749 8360 80.0 -0.973412 -0.497513 0
1.557515 8360 80.0 -0.969169 -0.51419 0
1.555542 8360 80.0 -0.973836 -0.497651 0
1.55759 8360 80.0 -0.970686 -0.51394 0
1.543734 8350 80.0 -0.780331 -0.402075 0
1.557711 8350 80.0 -0.961467 -0.49936 0
1.556263 8360 80.0 -0.984454 -0.496103 0
1.55809 8350 80.0 -0.96813 -0.495277 0
1.552194 8360 80.0 -0.926276 -0.477809 0
1.555562 8360 80.0 -0.9743 -0.497904 0
1.549996 8340 80.0 -0.837317 -0.432302 0
1.555461 8340 80.0 -0.904602 -0.474233 0
1.555272 8360 80.0 -0.970512 -0.496843 0
1.55383 8360 80.0 -0.948674 -0.48333 0
1.554465 8350 80.0 -0.916687 -0.483155 0
1.538392 8360 80.0 -0.735155 -0.38877 0
1.537045 8350 80.0 -0.671288 -0.36271 0
1.554771 8360 80.0 -0.947714 -0.498596 0
1.553381 8360 80.0 -0.943767 -0.489855 0
1.554651 8350 80.0 -0.919542 -0.483559 0
1.554886 8350 80.0 -0.938576 -0.476761 0
1.55004 8350 80.0 -0.865058 -0.442176 0
1.548037 8340 80.0 -0.806183 -0.413859 0
1.556403 8340 80.0 -0.918014 -0.466317 0
1.554436 8360 80.0 -0.943609 -0.498782 0
1.553824 8360 80.0 -0.949924 -0.491028 0
1.550357 8340 80.0 -0.842271 -0.425712 0
1.550001 8350 80.0 -0.865395 -0.442846 0
1.545657 8350 80.0 -0.810702 -0.415253 0
1.548819 8360 80.0 -0.890698 -0.458521 0
1.551721 8350 80.0 -0.89149 -0.450579 0
1.55559 8340 80.0 -0.921604 -0.458327 0
1.552096 8360 80.0 -0.925212 -0.476669 0
1.553136 8360 80.0 -0.940661 -0.485103 0
1.554734 8350 80.0 -0.936204 -0.474696 0
1.551077 8340 80.0 -0.867057 -0.4263 0
1.554493 8350 80.0 -0.933674 -0.474145 0
1.553156 8350 80.0 -0.927152 -0.460974 0
1.554895 8350 80.0 -0.939074 -0.477023 0
1.554932 8340 80.0 -0.912066 -0.452956 0
1.552488 8360 80.0 -0.930853 -0.482914 0
1.553462 8350 80.0 -0.932069 -0.466517 0
1.536291 8360 80.0 -0.700555 -0.374542 0
1.547272 8350 80.0 -0.836463 -0.429825 0
1.554132 8350 80.0 -0.927799 -0.470618 0
1.551161 8340 80.0 -0.869351 -0.435189 0
1.541724 8350 80.0 -0.76003 -0.390983 0
1.55046 8340 80.0 -0.845232 -0.436042 0
1.552588 8350 80.0 -0.919173 -0.458526 0
1.554986 8340 80.0 -0.913424 -0.453701 0
1.547372 8350 80.0 -0.837639 -0.432497 0
1.554108 8340 80.0 -0.900042 -0.461129 0
1.549531 8350 80.0 -0.873675 -0.437205 0
1.545703 8350 80.0 -0.812953 -0.416451 0
1.551207 8350 80.0 -0.884324 -0.452772 0
1.553779 8340 80.0 -0.880926 -0.452539 0
1.554853 8340 80.0 -0.911042 -0.461392 0
1.555867 8340 80.0 -0.912599 -0.460846 0
1.554093 8340 80.0 -0.886575 -0.454755 0
1.542888 8360 80.0 -0.809837 -0.412734 0
1.550755 8340 80.0 -0.849732 -0.425333 0
1.548653 8360 80.0 -0.889124 -0.454691 0
1.547641 8350 80.0 -0.843096 -0.419844 0
1.544964 8350 80.0 -0.813889 -0.407407 0
1.550112 8350 80.0 -0.881873 -0.444287 0
1.559881 8390 80.0 -1.058847 -0.582067 0
1.549804 8350 80.0 -0.87757 -0.449145 0
1.541854 8360 80.0 -0.781224 -0.41143 0
1.542616 8360 80.0 -0.806626 -0.411343 0
1.548077 8360 80.0 -0.878934 -0.450255 0
1.545478 8360 80.0 -0.852067 -0.425424 0
1.539005 8360 80.0 -0.746676 -0.381145 0
1.548509 8360 80.0 -0.887034 -0.453764 0
1.534559 8370 80.0 -0.726951 -0.375486 0
1.541128 8360 80.0 -0.783247 -0.402807 0
1.53915 8360 80.0 -0.749374 -0.389226 0
1.537106 8360 80.0 -0.727318 -0.36884 0
1.542018 8350 80.0 -0.765778 -0.392674 0
1.54583 8350 80.0 -0.827301 -0.417378 0
1.549413 8350 80.0 -0.870906 -0.444486 0
1.54189 8360 80.0 -0.782007 -0.41192 0
1.534886 8360 80.0 -0.690544 -0.359812 0
1.550035 8350 80.0 -0.88083 -0.451951 0
1.550055 8350 80.0 -0.88108 -0.443064 0
1.540913 8360 80.0 -0.778215 -0.401149 0
1.538293 8360 80.0 -0.747059 -0.381688 0
1.537459 8360 80.0 -0.733052 -0.379246 0
1.541737 8360 80.0 -0.791963 -0.402221 0
1.537762 8360 80.0 -0.738811 -0.374789 0
1.53759 8360 80.0 -0.73529 -0.380339 0
1.539071 8360 80.0 -0.7489 -0.397595 0
1.534514 8370 80.0 -0.727037 -0.375894 0
1.538305 8360 80.0 -0.74737 -0.381865 0
1.538632 8360 80.0 -0.742135 -0.391101 0
1.550468 8340 80.0 -0.846032 -0.429592 0
1.53827 8360 80.0 -0.734056 -0.388502 0
1.538405 8360 80.0 -0.737371 -0.38946 0
1.539201 8360 80.0 -0.750486 -0.389884 0
1.541841 8350 80.0 -0.764839 -0.391892 0
1.538643 8360 80.0 -0.742352 -0.391229 0
1.541845 8350 80.0 -0.764902 -0.391928 0
1.53832 8360 80.0 -0.747722 -0.382064 0
1.538205 8360 80.0 -0.746038 -0.380354 0
1.537791 8360 80.0 -0.739213 -0.375114 0
1.538207 8360 80.0 -0.746103 -0.38039 0
1.541194 8360 80.0 -0.784691 -0.396216 0
1.537795 8360 80.0 -0.739299 -0.375166 0
1.538656 8360 80.0 -0.742632 -0.391393 0
1.539167 8360 80.0 -0.749837 -0.390417 0
1.548365 8350 80.0 -0.854813 -0.435304 0
1.547548 8350 80.0 -0.842062 -0.427543 0
1.546976 8350 80.0 -0.83469 -0.428232 0
1.542703 8360 80.0 -0.808602 -0.40511 0
1.539229 8360 80.0 -0.751087 -0.39024 0
1.539107 8360 80.0 -0.748571 -0.389977 0
1.541153 8350 80.0 -0.752473 -0.39143 0
1.538675 8360 80.0 -0.743043 -0.391636 0
1.539673 8350 80.0 -0.727957 -0.382412 0
1.539122 8360 80.0 -0.749987 -0.398189 0
1.53868 8360 80.0 -0.743152 -0.3917 0
1.538511 8360 80.0 -0.738571 -0.389559 0
1.537199 8360 80.0 -0.73004 -0.37777 0
1.542015 8360 80.0 -0.79629 -0.405559 0
