-1.934315 520 80.0 1.677129 1.454445 7
-0.965102 630 80.0 1.454445 1.554959 7
-0.49112 580 80.0 1.554959 2.147495 7
-0.205089 640 80.0 0.361525 1.565181 7
-0.709001 560 80.0 1.016876 1.32086 7
-0.703098 610 80.0 1.32086 1.536461 7
-0.373109 500 80.0 1.536461 1.958537 7
-0.170616 510 80.0 0.362833 1.550858 7
-0.01382 930 80.0 0 2.488081 7
-1.00589 640 80.0 2.488081 1.557459 7
-0.53637 570 80.0 1.557459 2.206977 7
-0.209564 670 80.0 0.362784 1.549485 7
-1.001077 640 80.0 1.152988 1.557044 7
-0.532052 570 80.0 1.557044 2.203374 7
-0.208238 670 80.0 0.362663 1.551632 7
-1.934771 520 80.0 1.685016 1.452121 7
-0.96796 630 80.0 1.452121 1.555164 7
-0.495448 580 80.0 1.555164 2.15105 7
-0.205774 640 80.0 0.361618 1.541804 7
-0.984956 650 80.0 1.155234 1.557046 7
-0.522728 580 80.0 1.557046 2.203038 7
-0.212003 660 80.0 0.362713 1.535883 7
-0.43221 570 80.0 0.569195 1.058028 7
-0.538739 600 80.0 1.058028 1.517296 7
-1.355466 630 80.0 2.082386 2.815884 7
-0.0086 940 80.0 0 2.534306 7
-1.002635 650 80.0 2.534306 1.558417 7
-0.545047 570 80.0 1.558417 2.216639 7
-0.215748 660 80.0 0.363067 1.536189 7
-0.576681 540 80.0 0.756652 1.066299 7
-0.624956 600 80.0 1.066299 1.74447 7
-0.787678 540 80.0 1.049252 1.792688 7
-0.744408 600 80.0 1.792688 1.536333 7
-0.385199 510 80.0 1.536333 1.996833 7
-0.858108 550 80.0 1.228029 1.891832 7
-0.763894 620 80.0 1.891832 1.544611 7
-0.383858 550 80.0 1.544611 2.08426 7
-0.187803 530 80.0 0.361491 1.574657 7
-1.697489 540 80.0 1.630813 1.443788 7
-0.905252 640 80.0 1.443788 1.555574 7
-0.474974 570 80.0 1.555574 2.277689 7
-0.202068 620 80.0 0.360726 1.630001 7
-0.769262 540 80.0 1.010978 1.332311 7
-0.734047 600 80.0 1.332311 1.53762 7
-0.373636 520 80.0 1.53762 1.989788 7
-0.564943 530 80.0 0.74768 1.061757 7
-0.6225 590 80.0 1.061757 1.482432 7
-1.001538 640 80.0 1.153068 1.557066 7
-0.532309 570 80.0 1.557066 2.203666 7
-0.208353 670 80.0 0.362675 1.540684 7
-0.869957 550 80.0 1.249762 1.919335 7
-0.773159 620 80.0 1.919335 1.543326 7
-0.397939 540 80.0 1.543326 2.091322 7
-0.188487 530 80.0 0.361558 1.601543 7
-0.813921 550 80.0 1.15484 1.847015 7
-0.758302 610 80.0 1.847015 1.539812 7
-0.387326 530 80.0 1.539812 2.068381 7
-0.189448 510 80.0 0.360425 1.59929 7
-0.360569 570 80.0 0.493764 1.052567 7
-0.523165 580 80.0 1.052567 1.77713 7
-1.290291 640 80.0 1.953575 2.81911 7
-0.968077 650 80.0 1.149877 1.557463 7
-0.513518 580 80.0 1.557463 2.191461 7
-0.207127 660 80.0 0.356062 1.540956 7
-1.946303 520 80.0 1.704426 1.457296 7
-0.957564 640 80.0 1.457296 1.555566 7
-0.496527 580 80.0 1.555566 2.152109 7
-0.204753 650 80.0 0.361717 1.543275 7
-1.68452 530 80.0 1.578333 1.439725 7
-0.908461 630 80.0 1.439725 1.554772 7
-0.459889 580 80.0 1.554772 2.285268 7
-0.198396 620 80.0 0.360509 1.606534 7
-0.691111 540 80.0 0.910768 1.296169 7
-0.68857 600 80.0 1.296169 1.534941 7
-0.360109 500 80.0 1.534941 1.940086 7
-1.942804 520 80.0 1.701018 1.457333 7
-0.957653 640 80.0 1.457333 1.555501 7
-0.497099 580 80.0 1.555501 2.152899 7
-0.204136 650 80.0 0.361696 1.543655 7
-0.968317 650 80.0 1.149918 1.557475 7
-0.513665 580 80.0 1.557475 2.191628 7
-0.207191 660 80.0 0.356068 1.540778 7
-0.968361 650 80.0 1.149926 1.557477 7
-0.513692 580 80.0 1.557477 2.191659 7
-0.207203 660 80.0 0.356069 1.530424 7
-0.973814 650 80.0 1.15326 1.557897 7
-0.525408 570 80.0 1.557897 2.176131 7
-0.21174 650 80.0 0.362309 1.523666 7
-0.690985 560 80.0 1.001722 1.310295 7
-0.70347 600 80.0 1.310295 1.533994 7
-0.370618 500 80.0 1.533994 1.951131 7
-0.565894 540 80.0 0.736806 1.064898 7
-0.615962 600 80.0 1.064898 1.74528 7
-0.968535 650 80.0 1.149955 1.557485 7
-0.513799 580 80.0 1.557485 2.191781 7
-0.20725 660 80.0 0.356073 1.530297 7
-0.431505 560 80.0 0.567787 1.054988 7
-0.542288 590 80.0 1.054988 1.516548 7
-1.305748 650 80.0 1.924524 2.809354 7
-0.974041 650 80.0 1.153301 1.557908 7
-0.525531 570 80.0 1.557908 2.176279 7
-0.211792 650 80.0 0.362315 1.5235 7
-0.908098 540 80.0 1.271665 1.941177 7
-0.797526 610 80.0 1.941177 1.544055 7
-0.406009 540 80.0 1.544055 2.083827 7
-0.192303 530 80.0 0.359348 1.587572 7
-0.68105 560 80.0 0.994767 1.303759 7
-0.696793 600 80.0 1.303759 1.535444 7
-0.363725 500 80.0 1.535444 1.930769 7
-0.971275 640 80.0 1.147652 1.556479 7
-0.505777 580 80.0 1.556479 2.182326 7
-0.206545 650 80.0 0.361962 1.524369 7
-2.083483 520 80.0 1.75795 1.468512 7
-0.995494 640 80.0 1.468512 1.55471 7
-0.530087 570 80.0 1.55471 2.200316 7
-0.210365 660 80.0 0.362525 1.522011 7
-0.757864 540 80.0 1.030176 1.327526 7
-0.727462 600 80.0 1.327526 1.53723 7
-0.375735 510 80.0 1.53723 1.984115 7
-1.858504 520 80.0 1.637584 1.449451 7
-0.946186 630 80.0 1.449451 1.55541 7
-0.482237 580 80.0 1.55541 2.097083 7
-0.199943 640 80.0 0.361132 1.604386 7
-0.968885 650 80.0 1.150015 1.557501 7
-0.514015 580 80.0 1.557501 2.192028 7
-0.207343 660 80.0 0.356081 1.530041 7
-2.019 520 80.0 1.752563 1.46085 7
-0.967528 650 80.0 1.46085 1.557372 7
-0.522616 570 80.0 1.557372 2.17192 7
-0.209966 650 80.0 0.362227 1.516178 7
-1.708849 530 80.0 1.612945 1.442031 7
-0.917464 630 80.0 1.442031 1.553516 7
-0.474125 570 80.0 1.553516 2.274423 7
-0.196841 630 80.0 0.360633 1.606317 7
-0.696783 550 80.0 0.960256 1.303919 7
-0.687662 610 80.0 1.303919 1.537321 7
-0.364502 500 80.0 1.537321 1.947173 7
-2.014417 520 80.0 1.726681 1.45904 7
-0.976129 640 80.0 1.45904 1.556875 7
-0.498282 590 80.0 1.556875 2.18516 7
-0.208994 650 80.0 0.362112 1.511325 7
-0.79288 550 80.0 1.098648 1.829691 7
-0.730799 620 80.0 1.829691 1.540697 7
-0.386863 520 80.0 1.540697 2.022351 7
-0.188183 500 80.0 0.359389 1.581395 7
-0.543469 540 80.0 0.701429 1.062885 7
-0.60562 600 80.0 1.062885 1.744041 7
-1.952489 520 80.0 1.731677 1.458256 7
-0.977603 630 80.0 1.458256 1.555905 7
-0.49157 590 80.0 1.555905 2.156724 7
-0.206663 650 80.0 0.361834 1.528081 7
-1.943389 530 80.0 1.763309 1.461682 7
-0.973589 640 80.0 1.461682 1.556663 7
-0.506325 580 80.0 1.556663 2.164517 7
-0.208527 650 80.0 0.362019 1.522195 7
-0.580147 550 80.0 0.78331 1.069865 7
-0.633251 600 80.0 1.069865 1.747146 7
-0.708078 540 80.0 0.925286 1.303959 7
-0.697823 600 80.0 1.303959 1.535492 7
-0.364304 500 80.0 1.535492 1.931353 7
-0.908854 530 80.0 1.199497 1.933358 7
-0.790572 610 80.0 1.933358 1.543626 7
-0.401245 540 80.0 1.543626 2.095237 7
-0.187645 540 80.0 0.358979 1.567076 7
-0.984326 630 80.0 1.147174 1.556332 7
-0.496027 590 80.0 1.556332 2.161599 7
-0.206713 650 80.0 0.361884 1.506167 7
-0.796588 550 80.0 1.108641 1.833072 7
-0.742522 610 80.0 1.833072 1.538905 7
-0.386441 520 80.0 1.538905 2.022078 7
-0.184717 510 80.0 0.359543 1.538722 7
-1.825341 520 80.0 1.579515 1.1303 7
-0.932805 620 80.0 1.1303 1.553551 7
-0.466528 580 80.0 1.553551 2.295364 7
-0.197754 630 80.0 0.36073 1.585219 7
-1.866909 530 80.0 1.70533 1.454244 7
-0.944926 640 80.0 1.454244 1.554607 7
-0.498476 570 80.0 1.554607 2.125252 7
-0.205027 640 80.0 0.361498 1.515746 7
-0.845962 540 80.0 1.147565 1.62324 7
-0.775954 600 80.0 1.62324 1.538246 7
-0.399497 520 80.0 1.538246 2.038729 7
-0.187165 520 80.0 0.360641 1.561311 7
-0.583692 540 80.0 0.749366 1.069456 7
-0.630601 600 80.0 1.069456 1.745083 7
-0.578726 550 80.0 0.777979 1.067527 7
-0.642035 590 80.0 1.067527 1.746994 7
-1.459362 640 80.0 2.04651 2.789436 7
-1.700768 540 80.0 1.63972 1.444384 7
-0.907514 640 80.0 1.444384 1.555674 7
-0.476071 570 80.0 1.555674 2.279173 7
-0.202592 620 80.0 0.360768 1.579037 7
-0.905326 540 80.0 1.266096 1.93965 7
-0.782771 620 80.0 1.93965 1.542039 7
-0.403667 540 80.0 1.542039 2.117026 7
-0.195971 520 80.0 0.3593 1.537724 7
-0.991072 540 80.0 1.379116 2.041512 7
-0.828161 620 80.0 2.041512 1.546675 7
-0.424331 550 80.0 1.546675 2.157105 7
-0.191341 570 80.0 0.361358 1.57179 7
-1.9287 530 80.0 1.707644 1.461037 7
-0.974573 630 80.0 1.461037 1.555574 7
-0.498053 580 80.0 1.555574 2.135176 7
-0.204559 650 80.0 0.361735 1.512102 7
-1.033238 530 80.0 1.394791 1.831609 7
-0.840335 620 80.0 1.831609 1.547468 7
-0.424823 560 80.0 1.547468 2.186315 7
-0.198299 560 80.0 0.358775 1.555148 7
-1.82083 530 80.0 1.589557 1.133031 7
-0.934682 620 80.0 1.133031 1.553693 7
-0.465968 580 80.0 1.553693 2.295959 7
-0.198196 630 80.0 0.360782 1.584008 7
-0.616863 540 80.0 0.772275 1.074968 7
-0.637901 610 80.0 1.074968 1.748896 7
-0.584907 540 80.0 0.742008 1.069418 7
-0.629879 600 80.0 1.069418 1.744704 7
-2.021278 520 80.0 1.67083 1.143907 7
-0.950246 640 80.0 1.143907 1.55494 7
-0.501498 570 80.0 1.55494 2.128778 7
-0.206146 640 80.0 0.361522 1.504904 7
-1.85691 530 80.0 1.666962 1.455512 7
-0.952619 630 80.0 1.455512 1.553981 7
-0.492786 570 80.0 1.553981 2.101361 7
-0.203083 640 80.0 0.361294 1.581692 7
-0.910166 540 80.0 1.230342 1.953608 7
-0.785707 620 80.0 1.953608 1.542149 7
-0.411829 530 80.0 1.542149 2.100732 7
-0.188555 540 80.0 0.359211 1.545829 7
-0.787075 550 80.0 1.084436 1.81665 7
-0.739105 610 80.0 1.81665 1.538529 7
-0.388511 510 80.0 1.538529 2.001381 7
-0.182504 510 80.0 0.358887 1.550274 7
-0.453396 550 80.0 0.621504 1.059412 7
-0.570483 590 80.0 1.059412 1.475698 7
-1.390536 630 80.0 1.941056 2.795832 7
-0.823583 540 80.0 1.090783 1.825314 7
-0.749833 610 80.0 1.825314 1.53741 7
-0.397108 510 80.0 1.53741 2.01043 7
-0.186286 510 80.0 0.359774 1.554059 7
-0.713347 560 80.0 1.025589 1.321541 7
-0.70559 610 80.0 1.321541 1.536566 7
-0.375851 500 80.0 1.536566 1.975706 7
-0.533387 550 80.0 0.735915 1.062711 7
-0.614846 590 80.0 1.062711 1.742087 7
-0.765149 550 80.0 1.068098 1.341815 7
-0.727163 610 80.0 1.341815 1.539689 7
-0.383518 510 80.0 1.539689 1.992702 7
-0.710032 560 80.0 1.018378 1.321106 7
-0.70366 610 80.0 1.321106 1.536455 7
-0.374427 500 80.0 1.536455 1.973964 7
-1.864532 530 80.0 1.69424 1.457138 7
-0.943649 640 80.0 1.457138 1.554438 7
-0.498805 570 80.0 1.554438 2.12559 7
-0.203806 640 80.0 0.361411 1.489385 7
-1.789219 540 80.0 1.679609 1.45354 7
-0.944119 630 80.0 1.45354 1.553395 7
-0.490045 570 80.0 1.553395 2.09607 7
-0.200775 640 80.0 0.361128 1.567719 7
-0.789489 540 80.0 1.054891 1.785343 7
-0.742086 600 80.0 1.785343 1.539939 7
-0.385558 510 80.0 1.539939 1.97943 7
-0.180965 510 80.0 0.358593 1.545795 7
-1.993672 520 80.0 1.641634 1.141914 7
-0.940473 640 80.0 1.141914 1.556053 7
-0.485439 580 80.0 1.556053 2.140188 7
-0.206928 630 80.0 0.361354 1.486827 7
-0.753097 550 80.0 1.049974 1.340365 7
-0.720285 610 80.0 1.340365 1.539289 7
-0.378032 510 80.0 1.539289 1.987165 7
-1.789493 540 80.0 1.680503 1.453601 7
-0.944349 630 80.0 1.453601 1.553406 7
-0.490169 570 80.0 1.553406 2.096224 7
-0.200836 640 80.0 0.361132 1.567573 7
-1.590454 540 80.0 1.564778 1.43833 7
-0.905969 620 80.0 1.43833 1.551744 7
-0.458421 570 80.0 1.551744 2.248008 7
-0.197195 610 80.0 0.360244 1.562195 7
-1.837937 540 80.0 1.658288 1.13899 7
-0.939223 630 80.0 1.13899 1.553054 7
-0.485501 570 80.0 1.553054 2.091856 7
-0.202659 630 80.0 0.36109 1.565859 7
-0.604848 540 80.0 0.788398 1.071245 7
-0.629762 610 80.0 1.071245 1.747999 7
-1.836468 540 80.0 1.654255 1.138607 7
-0.937496 630 80.0 1.138607 1.554797 7
-0.484402 570 80.0 1.554797 2.090674 7
-0.202359 630 80.0 0.361048 1.566263 7
-0.530383 540 80.0 0.678351 1.061866 7
-0.609816 590 80.0 1.061866 1.739618 7
-2.142824 630 80.0 1.777496 2.788746 7
-0.674836 550 80.0 0.915308 1.301607 7
-0.686988 600 80.0 1.301607 1.490147 7
-1.783468 540 80.0 1.677405 1.452578 7
-0.942031 630 80.0 1.452578 1.553223 7
-0.486344 570 80.0 1.553223 2.093752 7
-0.20028 640 80.0 0.361116 1.567687 7
-1.783507 540 80.0 1.677529 1.452587 7
-0.942065 630 80.0 1.452587 1.553224 7
-0.486365 570 80.0 1.553224 2.093776 7
-0.200289 640 80.0 0.361117 1.567666 7
-0.713807 550 80.0 0.989399 1.314138 7
-0.697855 610 80.0 1.314138 1.536154 7
-0.373202 500 80.0 1.536154 1.970245 7
-0.683043 560 80.0 0.993065 1.317558 7
-0.689536 610 80.0 1.317558 1.537396 7
-0.366561 500 80.0 1.537396 1.947955 7
-1.101866 540 80.0 1.492689 2.225851 7
-0.886985 620 80.0 2.225851 1.550438 7
-0.437784 580 80.0 1.550438 2.24913 7
-0.193075 610 80.0 0.360002 1.554329 7
-1.779948 540 80.0 1.598309 1.134104 7
-0.912481 630 80.0 1.134104 1.554949 7
-0.453192 590 80.0 1.554949 2.287779 7
-0.199697 620 80.0 0.360608 1.557648 7
-0.650258 550 80.0 0.894708 1.287787 7
-0.67293 600 80.0 1.287787 1.488614 7
-1.063993 540 80.0 1.445217 2.135023 7
-0.87957 610 80.0 2.135023 1.549099 7
-0.434237 570 80.0 1.549099 2.190528 7
-0.194424 590 80.0 0.359663 1.548744 7
-0.629946 540 80.0 0.819067 1.071846 7
-0.656622 600 80.0 1.071846 1.749668 7
-0.622019 550 80.0 0.839096 1.074269 7
-0.657531 600 80.0 1.074269 1.747968 7
-0.534591 540 80.0 0.738599 1.062144 7
-0.611134 590 80.0 1.062144 1.479524 7
-0.616083 560 80.0 0.875638 1.074355 7
-0.658577 600 80.0 1.074355 1.748197 7
-0.573054 540 80.0 0.753945 1.063528 7
-0.632291 590 80.0 1.063528 1.745585 7
-0.689507 550 80.0 0.942247 1.306146 7
-0.697051 600 80.0 1.306146 1.491124 7
-0.520259 540 80.0 0.666443 1.060465 7
-0.601824 590 80.0 1.060465 1.740282 7
-0.826285 540 80.0 1.105808 1.82944 7
-0.752976 610 80.0 1.82944 1.541241 7
-0.384652 530 80.0 1.541241 2.029717 7
-0.175949 540 80.0 0.363054 1.518382 7
-0.58723 560 80.0 0.861333 1.069527 7
-0.654911 590 80.0 1.069527 1.744377 7
-0.536761 550 80.0 0.737399 1.063062 7
-0.616419 590 80.0 1.063062 1.742188 7
-1.009767 550 80.0 1.467571 2.090324 7
-0.849505 620 80.0 2.090324 1.548116 7
-0.42592 570 80.0 1.548116 2.195307 7
-0.196607 570 80.0 0.358933 1.522494 7
-0.573246 550 80.0 0.850955 1.06902 7
-0.627815 600 80.0 1.06902 1.483854 7
-0.804495 550 80.0 1.129565 1.824424 7
-0.747582 610 80.0 1.824424 1.539067 7
-0.388166 520 80.0 1.539067 2.025286 7
-0.18614 510 80.0 0.359729 1.49628 7
-0.561935 540 80.0 0.770978 1.067042 7
-0.627026 590 80.0 1.067042 1.481264 7
-0.614217 550 80.0 0.88802 1.073521 7
-0.663782 590 80.0 1.073521 1.484935 7
-0.616677 540 80.0 0.801224 1.070311 7
-0.648155 600 80.0 1.070311 1.748692 7
-1.730045 520 80.0 1.554949 1.43692 7
-0.910567 630 80.0 1.43692 1.55481 7
-0.460782 580 80.0 1.55481 2.285943 7
-0.199243 620 80.0 0.360568 1.548748 7
-0.569839 550 80.0 0.777645 1.066585 7
-0.637732 590 80.0 1.066585 1.746385 7
-1.453389 640 80.0 1.898975 2.783921 7
-1.665179 540 80.0 1.577976 1.44312 7
-0.919915 620 80.0 1.44312 1.552617 7
-0.458916 580 80.0 1.552617 2.261427 7
-0.197508 620 80.0 0.360497 1.543316 7
-0.590712 540 80.0 0.759807 1.067829 7
-0.634483 600 80.0 1.067829 1.747167 7
-0.566519 550 80.0 0.757224 1.068453 7
-0.62387 600 80.0 1.068453 1.745959 7
-0.566862 550 80.0 0.761584 1.068606 7
-0.625293 600 80.0 1.068606 1.746158 7
-0.623964 550 80.0 0.843285 1.074465 7
-0.65864 600 80.0 1.074465 1.748063 7
-0.625019 540 80.0 0.81868 1.071163 7
-0.652655 600 80.0 1.071163 1.749214 7
-0.540792 540 80.0 0.695508 1.062694 7
-0.613828 590 80.0 1.062694 1.741621 7
-0.546399 540 80.0 0.705923 1.063048 7
-0.605422 600 80.0 1.063048 1.743914 7
-0.580699 540 80.0 0.748827 1.066474 7
-0.636636 590 80.0 1.066474 1.74608 7
-1.085327 530 80.0 1.44636 2.135495 7
-0.869043 620 80.0 2.135495 1.55109 7
-0.435579 570 80.0 1.55109 2.211984 7
-0.192111 600 80.0 0.359644 1.536647 7
-0.964019 540 80.0 1.349233 2.006773 7
-0.813303 620 80.0 2.006773 1.543882 7
-0.423939 540 80.0 1.543882 2.125908 7
-0.194531 550 80.0 0.360715 1.512827 7
-0.583228 550 80.0 0.788689 1.070325 7
-0.63521 600 80.0 1.070325 1.74717 7
-0.599392 540 80.0 0.770474 1.068583 7
-0.637914 600 80.0 1.068583 1.747516 7
-0.57118 550 80.0 0.780445 1.066724 7
-0.638535 590 80.0 1.066724 1.746451 7
-1.454565 640 80.0 1.830545 2.781007 7
-0.604633 540 80.0 0.775065 1.068677 7
-0.639003 600 80.0 1.068677 1.747744 7
-0.588891 530 80.0 0.73494 1.06416 7
-0.636433 590 80.0 1.06416 1.745929 7
-1.601488 540 80.0 1.561823 1.974992 7
-0.893019 630 80.0 1.974992 1.551744 7
-0.459583 570 80.0 1.551744 2.267549 7
-0.197529 610 80.0 0.360237 1.538009 7
-0.592204 540 80.0 0.762826 1.067975 7
-0.635338 600 80.0 1.067975 1.747239 7
-0.566895 540 80.0 0.777027 1.06547 7
-0.629793 590 80.0 1.06547 1.482925 7
-0.572912 550 80.0 0.853514 1.069113 7
-0.62913 600 80.0 1.069113 1.662782 7
-0.582677 540 80.0 0.740174 1.066982 7
-0.640165 590 80.0 1.066982 1.746297 7
-0.569659 540 80.0 0.74388 1.065681 7
-0.621397 600 80.0 1.065681 1.745575 7
-0.540989 550 80.0 0.751567 1.063498 7
-0.619392 590 80.0 1.063498 1.742462 7
-0.590241 540 80.0 0.756286 1.067629 7
-0.643715 590 80.0 1.067629 1.746736 7
-0.576492 540 80.0 0.761039 1.063875 7
-0.634369 590 80.0 1.063875 1.74576 7
-0.575728 540 80.0 0.757094 1.065986 7
-0.622998 600 80.0 1.065986 1.745837 7
-0.581717 550 80.0 0.784107 1.070293 7
-0.634526 600 80.0 1.070293 1.745254 7
-0.560342 540 80.0 0.732792 1.064597 7
-0.625511 590 80.0 1.064597 1.742866 7
-0.54529 550 80.0 0.757461 1.063981 7
-0.622304 590 80.0 1.063981 1.74279 7
-0.631821 540 80.0 0.828426 1.071659 7
-0.655548 600 80.0 1.071659 1.749545 7
-0.664306 540 80.0 0.856062 1.288808 7
-0.662491 610 80.0 1.288808 1.488556 7
-0.865291 550 80.0 1.235357 1.901328 7
-0.782034 610 80.0 1.901328 1.543024 7
-0.396187 540 80.0 1.543024 2.087231 7
-0.188612 530 80.0 0.358419 1.501912 7
-0.490643 540 80.0 0.638864 1.057548 7
-0.575532 600 80.0 1.057548 1.738669 7
-1.405559 630 80.0 1.810812 2.789227 7
-0.569678 550 80.0 0.767329 1.068892 7
-0.626909 600 80.0 1.068892 1.746298 7
-0.515474 540 80.0 0.65748 1.059927 7
-0.60887 580 80.0 1.059927 1.738099 7
-1.421143 630 80.0 1.794672 2.781912 7
-0.80168 550 80.0 1.110227 1.837265 7
-0.748003 610 80.0 1.837265 1.53903 7
-0.397105 510 80.0 1.53903 2.007887 7
-0.177268 530 80.0 0.362528 1.495138 7
-0.542264 550 80.0 0.754193 1.06363 7
-0.620154 590 80.0 1.06363 1.742525 7
-1.004956 540 80.0 1.41005 2.048235 7
-0.836077 620 80.0 2.048235 1.547196 7
-0.424088 560 80.0 1.547196 2.181857 7
-0.189239 580 80.0 0.361552 1.521208 7
-1.118822 530 80.0 1.479482 1.960236 7
-0.887179 620 80.0 1.960236 1.548517 7
-0.45385 560 80.0 1.548517 2.228777 7
-0.192811 610 80.0 0.359953 1.524522 7
-0.790976 550 80.0 1.102832 1.821878 7
-0.740307 610 80.0 1.821878 1.538635 7
-0.391816 510 80.0 1.538635 2.002764 7
-0.179536 520 80.0 0.359074 1.495307 7
-0.549184 560 80.0 0.772255 1.067795 7
-0.619637 600 80.0 1.067795 1.745451 7
-1.050222 540 80.0 1.430288 1.881067 7
-0.874343 610 80.0 1.881067 1.546782 7
-0.444746 550 80.0 1.546782 2.185607 7
-0.19265 590 80.0 0.359372 1.518138 7
-1.090678 530 80.0 1.451904 1.893588 7
-0.85723 630 80.0 1.893588 1.549309 7
-0.43645 570 80.0 1.549309 2.212432 7
-0.195583 590 80.0 0.35967 1.516781 7
-0.53814 540 80.0 0.699348 1.062474 7
-0.613797 590 80.0 1.062474 1.741595 7
-1.420055 640 80.0 1.724578 2.78459 7
-0.545162 540 80.0 0.707505 1.063082 7
-0.606403 600 80.0 1.063082 1.743946 7
-1.422041 640 80.0 1.732489 2.783925 7
-0.511457 550 80.0 0.699491 1.060403 7
-0.611029 580 80.0 1.060403 1.738345 7
-1.426238 630 80.0 1.804258 2.780124 7
-0.802432 550 80.0 1.112219 1.837502 7
-0.74842 610 80.0 1.837502 1.539049 7
-0.397332 510 80.0 1.539049 2.008123 7
-0.177393 530 80.0 0.362552 1.494917 7
-1.08734 540 80.0 1.496336 1.950697 7
-0.878441 620 80.0 1.950697 1.549842 7
-0.449592 560 80.0 1.549842 2.202697 7
-0.190896 610 80.0 0.359839 1.520235 7
-0.988386 540 80.0 1.366649 1.781693 7
-0.826984 620 80.0 1.781693 1.548472 7
-0.418314 560 80.0 1.548472 2.155253 7
-0.18787 580 80.0 0.361396 1.5117 7
-0.780347 540 80.0 1.04613 1.781882 7
-0.727039 610 80.0 1.781882 1.539641 7
-0.373881 520 80.0 1.539641 1.991371 7
-0.176183 520 80.0 0.361686 1.482869 7
-0.537089 540 80.0 0.746768 1.061981 7
-0.611444 590 80.0 1.061981 1.479577 7
-1.41711 640 80.0 1.811956 2.778603 7
-0.501745 570 80.0 0.662759 1.065271 7
-0.581541 600 80.0 1.065271 1.479142 7
-1.436994 620 80.0 1.651882 3.806243 7
-0.522588 540 80.0 0.692859 1.060677 7
-0.592406 600 80.0 1.060677 1.74052 7
-1.073617 540 80.0 1.473411 1.896395 7
-0.872546 620 80.0 1.896395 1.549459 7
-0.437091 570 80.0 1.549459 2.234663 7
-0.192789 600 80.0 0.359815 1.518357 7
-0.991547 540 80.0 1.36718 1.780029 7
-0.82726 620 80.0 1.780029 1.548472 7
-0.417923 560 80.0 1.548472 2.156221 7
-0.187923 580 80.0 0.361402 1.511626 7
-0.539852 530 80.0 0.719159 1.060581 7
-0.589185 600 80.0 1.060581 1.48001 7
-1.440874 630 80.0 1.782681 3.793467 7
-0.90085 550 80.0 1.290385 1.94627 7
-0.800258 610 80.0 1.94627 1.542255 7
-0.406267 540 80.0 1.542255 2.102698 7
-0.190757 540 80.0 0.35964 1.496283 7
-0.515647 530 80.0 0.637286 1.056718 7
-0.603327 580 80.0 1.056718 1.737496 7
-0.771523 540 80.0 1.021479 1.781812 7
-0.722425 610 80.0 1.781812 1.539388 7
-0.372879 520 80.0 1.539388 1.987843 7
-0.181246 500 80.0 0.361185 1.477858 7
-0.809295 550 80.0 1.14253 1.841664 7
-0.750277 610 80.0 1.841664 1.53919 7
-0.389761 520 80.0 1.53919 2.026903 7
-0.183322 520 80.0 0.359887 1.484798 7
-0.760321 550 80.0 1.089566 1.802441 7
-0.726588 610 80.0 1.802441 1.539627 7
-0.374496 520 80.0 1.539627 2.008452 7
-0.686804 550 80.0 0.96719 1.29338 7
-0.704993 590 80.0 1.29338 1.489192 7
-0.168327 500 80.0 0.361454 1.980868 7
-0.550398 540 80.0 0.717269 1.063409 7
-0.608707 600 80.0 1.063409 1.7442 7
-0.777057 550 80.0 1.063471 1.817481 7
-0.74578 600 80.0 1.817481 1.538193 7
-0.380208 520 80.0 1.538193 1.996969 7
-0.172991 530 80.0 0.361795 1.485696 7
-0.802389 550 80.0 1.123686 1.837279 7
-0.74791 610 80.0 1.837279 1.539077 7
-0.389585 520 80.0 1.539077 2.024819 7
-0.181051 520 80.0 0.359448 1.486243 7
-0.90583 540 80.0 1.256224 1.931317 7
-0.782808 620 80.0 1.931317 1.541929 7
-0.412421 530 80.0 1.541929 2.097998 7
-0.185196 550 80.0 0.359281 1.496802 7
-0.577002 550 80.0 0.781566 1.069545 7
-0.631037 600 80.0 1.069545 1.744398 7
-0.810001 550 80.0 1.144435 1.841886 7
-0.750674 610 80.0 1.841886 1.53921 7
-0.389995 520 80.0 1.53921 2.027139 7
-0.183438 520 80.0 0.35991 1.48459 7
-0.781096 550 80.0 1.080267 1.801893 7
-0.734381 610 80.0 1.801893 1.538284 7
-0.388694 510 80.0 1.538284 1.998622 7
-0.177875 520 80.0 0.358834 1.483916 7
-0.762738 550 80.0 1.073535 1.800371 7
-0.738468 600 80.0 1.800371 1.537735 7
-0.381878 510 80.0 1.537735 1.990703 7
-0.181614 500 80.0 0.358048 1.480669 7
-0.752047 550 80.0 1.04483 1.337478 7
-0.73127 600 80.0 1.337478 1.537319 7
-0.378397 510 80.0 1.537319 1.985656 7
-0.175677 510 80.0 0.360767 1.483294 7
-0.792199 550 80.0 1.097157 1.606268 7
-0.742669 610 80.0 1.606268 1.538657 7
-0.391415 510 80.0 1.538657 2.003023 7
-0.178806 520 80.0 0.358962 1.482967 7
-0.738467 550 80.0 1.012273 1.335925 7
-0.723924 600 80.0 1.335925 1.536856 7
-0.372071 510 80.0 1.536856 1.979674 7
-0.177955 500 80.0 0.360394 1.47618 7
-0.975392 540 80.0 1.346805 1.763898 7
-0.836142 610 80.0 1.763898 1.546256 7
-0.414813 560 80.0 1.546256 2.150311 7
-0.185338 580 80.0 0.360979 1.499093 7
-0.763114 550 80.0 1.074494 1.800481 7
-0.738686 600 80.0 1.800481 1.537743 7
-0.382001 510 80.0 1.537743 1.990825 7
-0.18168 500 80.0 0.358063 1.473768 7
-0.763195 550 80.0 1.074701 1.800505 7
-0.738733 600 80.0 1.800505 1.537746 7
-0.382027 510 80.0 1.537746 1.990852 7
-0.181694 500 80.0 0.358066 1.466945 7
-0.599338 550 80.0 0.833087 1.069935 7
-0.646287 600 80.0 1.069935 1.748387 7
-0.644656 560 80.0 0.917909 1.29433 7
-0.676697 600 80.0 1.29433 1.488943 7
-0.782184 540 80.0 1.054626 1.801049 7
-0.739668 600 80.0 1.801049 1.537813 7
-0.375389 520 80.0 1.537813 1.992288 7
-0.182965 500 80.0 0.358261 1.470887 7
-0.752734 550 80.0 1.046557 1.33756 7
-0.731663 600 80.0 1.33756 1.537337 7
-0.378619 510 80.0 1.537337 1.985876 7
-0.1758 510 80.0 0.360793 1.469527 7
-0.7823 540 80.0 1.054912 1.801083 7
-0.739733 600 80.0 1.801083 1.537816 7
-0.375429 520 80.0 1.537816 1.992327 7
-0.182985 500 80.0 0.358266 1.470855 7
-0.830493 540 80.0 1.116751 1.844359 7
-0.754084 610 80.0 1.844359 1.537584 7
-0.40043 510 80.0 1.537584 2.029582 7
-0.184483 520 80.0 0.360129 1.476522 7
-0.796739 540 80.0 1.0675 1.807297 7
-0.748363 600 80.0 1.807297 1.53835 7
-0.382428 520 80.0 1.53835 1.999264 7
-0.173843 530 80.0 0.361832 1.478784 7
-0.778713 550 80.0 1.067592 1.817983 7
-0.746677 600 80.0 1.817983 1.538233 7
-0.380715 520 80.0 1.538233 1.997501 7
-0.173276 530 80.0 0.361851 1.478428 7
-0.685095 540 80.0 0.928667 1.299971 7
-0.686559 600 80.0 1.299971 1.488463 7
-0.757813 550 80.0 1.059657 1.80337 7
-0.734472 600 80.0 1.80337 1.537523 7
-0.380047 510 80.0 1.537523 1.987521 7
-0.181191 500 80.0 0.35792 1.468315 7
-0.743937 550 80.0 1.026647 1.336446 7
-0.727019 600 80.0 1.336446 1.537009 7
-0.373478 510 80.0 1.537009 1.98206 7
-0.178732 500 80.0 0.360618 1.466709 7
-0.782696 540 80.0 1.055884 1.801196 7
-0.739955 600 80.0 1.801196 1.537824 7
-0.375564 520 80.0 1.537824 1.992462 7
-0.183053 500 80.0 0.358281 1.470751 7
-2.088944 520 80.0 1.767242 1.469141 7
-0.983632 650 80.0 1.469141 1.556847 7
-0.531732 570 80.0 1.556847 2.182353 7
-0.211262 660 80.0 0.362544 1.562945 7
-0.51111 540 80.0 0.668619 1.057445 7
-0.597444 590 80.0 1.057445 1.738189 7
-1.419177 630 80.0 2.097418 2.806082 7
-1.001028 640 80.0 1.152977 1.557072 7
-0.531998 570 80.0 1.557072 2.203357 7
-0.208898 670 80.0 0.362662 1.551754 7
-0.967522 650 80.0 1.149783 1.557437 7
-0.513176 580 80.0 1.557437 2.191071 7
-0.206979 660 80.0 0.356049 1.552065 7
-0.4222 570 80.0 0.593537 1.0557 7
-0.548068 590 80.0 1.0557 1.515814 7
-1.375404 620 80.0 2.09433 2.819016 7
-2.081848 520 80.0 1.756323 1.46861 7
-0.982018 650 80.0 1.46861 1.556664 7
-0.539854 560 80.0 1.556664 2.162084 7
-0.209768 660 80.0 0.36248 1.542821 7
-0.969039 650 80.0 1.152554 1.557629 7
-0.522577 570 80.0 1.557629 2.172326 7
-0.211915 650 80.0 0.362245 1.546306 7
-0.022599 930 80.0 0 2.500827 7
-0.998323 640 80.0 2.500827 1.558633 7
-0.522337 580 80.0 1.558633 2.201874 7
-0.211649 660 80.0 0.356417 1.541775 7
-0.967788 650 80.0 1.149828 1.55745 7
-0.51334 580 80.0 1.55745 2.191258 7
-0.20705 660 80.0 0.356055 1.54117 7
-0.967833 650 80.0 1.149836 1.557452 7
-0.513368 580 80.0 1.557452 2.19129 7
-0.207062 660 80.0 0.356056 1.541137 7
-0.017023 950 80.0 0 1.48512 7
-1.028528 650 80.0 1.48512 1.560848 7
-0.542315 590 80.0 1.560848 2.256616 7
-0.217119 680 80.0 0.363896 1.518051 7
-0.255678 640 80.0 0.119486 2.537843 7
-1.768133 530 80.0 1.600782 1.443436 7
-0.918616 630 80.0 1.443436 1.553707 7
-0.465696 580 80.0 1.553707 2.316513 7
-0.201235 620 80.0 0.360814 1.617579 7
-0.967969 650 80.0 1.149859 1.557458 7
-0.513451 580 80.0 1.557458 2.191385 7
-0.207099 660 80.0 0.356059 1.541036 7
-0.968015 650 80.0 1.149867 1.55746 7
-0.513479 580 80.0 1.55746 2.191417 7
-0.207111 660 80.0 0.35606 1.541002 7
-0.96805 650 80.0 1.149873 1.557462 7
-0.513501 580 80.0 1.557462 2.191442 7
-0.20712 660 80.0 0.356061 1.540975 7
-1.001689 640 80.0 1.153093 1.557102 7
-0.532367 570 80.0 1.557102 2.203775 7
-0.209063 670 80.0 0.362679 1.540665 7
-0.973565 650 80.0 1.153215 1.557886 7
-0.525273 570 80.0 1.557886 2.175968 7
-0.211682 650 80.0 0.362303 1.544659 7
-0.476555 530 80.0 0.604253 1.052992 7
-0.571445 590 80.0 1.052992 1.737187 7
-1.360658 640 80.0 2.063309 2.812934 7
-2.083134 520 80.0 1.756328 1.468403 7
-0.995094 640 80.0 1.468403 1.55469 7
-0.529842 570 80.0 1.55469 2.200039 7
-0.210253 660 80.0 0.362514 1.532517 7
-2.007187 520 80.0 1.715986 1.458557 7
-0.972686 640 80.0 1.458557 1.556663 7
-0.514609 570 80.0 1.556663 2.144454 7
-0.208822 650 80.0 0.362072 1.533093 7
-0.968422 650 80.0 1.149936 1.55748 7
-0.51373 580 80.0 1.55748 2.191702 7
-0.207219 660 80.0 0.35607 1.53038 7
-1.091059 540 80.0 1.495322 2.18027 7
-0.865795 630 80.0 2.18027 1.551868 7
-0.4322 580 80.0 1.551868 2.261108 7
-0.195215 600 80.0 0.359914 1.582559 7
-2.013579 520 80.0 1.75121 1.460746 7
-0.967148 650 80.0 1.460746 1.557417 7
-0.521694 570 80.0 1.557417 2.170936 7
-0.210199 650 80.0 0.362241 1.526403 7
-2.09955 510 80.0 1.749093 1.463829 7
-0.993458 640 80.0 1.463829 1.556369 7
-0.52034 580 80.0 1.556369 2.198954 7
-0.209972 660 80.0 0.362471 1.533688 7
-0.968604 650 80.0 1.149967 1.557487 7
-0.513842 580 80.0 1.557487 2.19183 7
-0.207268 660 80.0 0.356074 1.530247 7
-1.859817 530 80.0 1.693767 1.456899 7
-0.943435 640 80.0 1.456899 1.554508 7
-0.497619 570 80.0 1.554508 2.12467 7
-0.204483 640 80.0 0.361434 1.527443 7
-0.968707 650 80.0 1.149984 1.557492 7
-0.513905 580 80.0 1.557492 2.191902 7
-0.207296 660 80.0 0.356077 1.530172 7
-0.971275 640 80.0 1.147652 1.556479 7
-0.505777 580 80.0 1.556479 2.182326 7
-0.206545 650 80.0 0.361962 1.524369 7
-0.968401 640 80.0 1.149524 1.556309 7
-0.49571 590 80.0 1.556309 2.1805 7
-0.206563 650 80.0 0.361871 1.526254 7
-0.688676 530 80.0 0.919489 1.076364 7
-0.682283 600 80.0 1.076364 1.491115 7
-1.880217 530 80.0 1.736797 1.456981 7
-0.955582 640 80.0 1.456981 1.555346 7
-0.496707 580 80.0 1.555346 2.151459 7
-0.203085 650 80.0 0.361688 1.524458 7
-0.968919 650 80.0 1.15002 1.557503 7
-0.514036 580 80.0 1.557503 2.192051 7
-0.207352 660 80.0 0.356082 1.530017 7
-1.698628 540 80.0 1.640256 1.44471 7
-0.909105 640 80.0 1.44471 1.555772 7
-0.467717 580 80.0 1.555772 2.299623 7
-0.202692 620 80.0 0.360793 1.588304 7
-0.49096 570 80.0 0.632439 1.064522 7
-0.588907 590 80.0 1.064522 1.477513 7
-2.00239 520 80.0 1.698532 1.460063 7
-0.967639 640 80.0 1.460063 1.558069 7
-0.503547 580 80.0 1.558069 2.160112 7
-0.209863 640 80.0 0.361898 1.511475 7
-0.679317 560 80.0 0.981378 1.298241 7
-0.695667 600 80.0 1.298241 1.489719 7
-2.011047 520 80.0 1.722874 1.458533 7
-0.973412 640 80.0 1.458533 1.556749 7
-0.497513 590 80.0 1.556749 2.183266 7
-0.208668 650 80.0 0.362089 1.511841 7
-0.969169 650 80.0 1.150063 1.557515 7
-0.51419 580 80.0 1.557515 2.192225 7
-0.207419 660 80.0 0.356088 1.519892 7
-1.943769 520 80.0 1.70485 1.456804 7
-0.973836 630 80.0 1.456804 1.555542 7
-0.497651 580 80.0 1.555542 2.153563 7
-0.204381 650 80.0 0.361719 1.522453 7
-0.555574 540 80.0 0.716022 1.064197 7
-0.612375 600 80.0 1.064197 1.744975 7
-0.970686 650 80.0 1.150238 1.55759 7
-0.51394 580 80.0 1.55759 2.192758 7
-0.210938 650 80.0 0.362283 1.514697 7
-0.91794 530 80.0 1.201066 1.922876 7
-0.780331 620 80.0 1.922876 1.543734 7
-0.402075 540 80.0 1.543734 2.097738 7
-0.188183 540 80.0 0.35911 1.567441 7
-1.995979 520 80.0 1.671238 1.458707 7
-0.961467 640 80.0 1.458707 1.557711 7
-0.49936 580 80.0 1.557711 2.155956 7
-0.208759 640 80.0 0.361819 1.516613 7
-0.984454 630 80.0 1.147187 1.556263 7
-0.496103 590 80.0 1.556263 2.161638 7
-0.206403 650 80.0 0.361886 1.506061 7
-2.002898 520 80.0 1.70041 1.46019 7
-0.96813 640 80.0 1.46019 1.55809 7
-0.495277 590 80.0 1.55809 2.179724 7
-0.209981 640 80.0 0.361909 1.511131 7
-0.58194 530 80.0 0.729994 1.06553 7
-0.620678 600 80.0 1.06553 1.74335 7
-1.785481 520 80.0 1.616992 1.444424 7
-0.926276 630 80.0 1.444424 1.552194 7
-0.477809 570 80.0 1.552194 2.083699 7
-0.200147 630 80.0 0.360821 1.590012 7
-1.94421 520 80.0 1.706609 1.456919 7
-0.9743 630 80.0 1.456919 1.555562 7
-0.497904 580 80.0 1.555562 2.134989 7
-0.204493 650 80.0 0.361729 1.512288 7
-1.030547 540 80.0 1.415454 1.842543 7
-0.837317 630 80.0 1.842543 1.549996 7
-0.432302 560 80.0 1.549996 2.195581 7
-0.19384 580 80.0 0.359123 1.570709 7
-0.612661 540 80.0 0.792993 1.06996 7
-0.645536 600 80.0 1.06996 1.748524 7
-1.69339 540 80.0 1.623931 1.443327 7
-0.904602 640 80.0 1.443327 1.555461 7
-0.474233 570 80.0 1.555461 2.275464 7
-0.201333 620 80.0 0.360726 1.580918 7
-0.549501 540 80.0 0.713066 1.061215 7
-0.619176 590 80.0 1.061215 1.744565 7
-0.721757 530 80.0 0.95135 1.30428 7
-0.70211 600 80.0 1.30428 1.491654 7
-1.937298 520 80.0 1.694697 1.452759 7
-0.970512 630 80.0 1.452759 1.555272 7
-0.496843 580 80.0 1.555272 2.152732 7
-0.2064 640 80.0 0.361673 1.5002 7
-1.869458 540 80.0 1.704463 1.140815 7
-0.948674 630 80.0 1.140815 1.55383 7
-0.48333 580 80.0 1.55383 2.117467 7
-0.202247 640 80.0 0.361251 1.59176 7
-0.681936 540 80.0 0.904058 1.292794 7
-0.685618 600 80.0 1.292794 1.490021 7
-0.646001 550 80.0 0.889247 1.293269 7
-0.671042 600 80.0 1.293269 1.664169 7
-1.81556 520 80.0 1.679623 1.137652 7
-0.916687 640 80.0 1.137652 1.554465 7
-0.483155 570 80.0 1.554465 2.088106 7
-0.200474 630 80.0 0.360946 1.586744 7
-0.781872 550 80.0 1.079345 1.815707 7
-0.735155 610 80.0 1.815707 1.538392 7
-0.38877 510 80.0 1.538392 1.999756 7
-0.181524 510 80.0 0.358752 1.52499 7
-0.671708 560 80.0 0.966316 1.316951 7
-0.671288 620 80.0 1.316951 1.537045 7
-0.36271 500 80.0 1.537045 1.943146 7
-0.494142 540 80.0 0.642552 1.057746 7
-0.586133 590 80.0 1.057746 1.738726 7
-2.015948 520 80.0 1.6673 1.14339 7
-0.947714 640 80.0 1.14339 1.554771 7
-0.498596 570 80.0 1.554771 2.126256 7
-0.206171 640 80.0 0.361524 1.505414 7
-1.788803 540 80.0 1.678245 1.453446 7
-0.943767 630 80.0 1.453446 1.553381 7
-0.489855 570 80.0 1.553381 2.095833 7
-0.200682 640 80.0 0.361121 1.57687 7
-1.9023 520 80.0 1.5998 1.137943 7
-0.919542 640 80.0 1.137943 1.554651 7
-0.483559 570 80.0 1.554651 2.089345 7
-0.201712 630 80.0 0.360994 1.576754 7
-1.837057 540 80.0 1.655823 1.138871 7
-0.938576 630 80.0 1.138871 1.554886 7
-0.476761 580 80.0 1.554886 2.09141 7
-0.202509 630 80.0 0.361078 1.575168 7
-1.106694 530 80.0 1.453849 2.167864 7
-0.865058 630 80.0 2.167864 1.55004 7
-0.442176 570 80.0 1.55004 2.222706 7
-0.191607 610 80.0 0.359876 1.568334 7
-0.971905 540 80.0 1.332246 2.024695 7
-0.806183 630 80.0 2.024695 1.548037 7
-0.413859 560 80.0 1.548037 2.16753 7
-0.19511 550 80.0 0.360804 1.533147 7
-1.776282 530 80.0 1.638699 1.446981 7
-0.918014 640 80.0 1.446981 1.556403 7
-0.466317 590 80.0 1.556403 2.106612 7
-0.201118 630 80.0 0.357864 1.577306 7
-1.864488 530 80.0 1.694082 1.457128 7
-0.943609 640 80.0 1.457128 1.554436 7
-0.498782 570 80.0 1.554436 2.125562 7
-0.203795 640 80.0 0.36141 1.498532 7
-1.846141 530 80.0 1.656847 1.454595 7
-0.949924 630 80.0 1.454595 1.553824 7
-0.491028 570 80.0 1.553824 2.099271 7
-0.202229 640 80.0 0.361258 1.565032 7
-1.043283 540 80.0 1.456633 2.107661 7
-0.842271 630 80.0 2.107661 1.550357 7
-0.425712 570 80.0 1.550357 2.200515 7
-0.194913 580 80.0 0.359291 1.547466 7
-0.603642 540 80.0 0.774183 1.071092 7
-0.629646 610 80.0 1.071092 1.747886 7
-1.10705 530 80.0 1.45143 2.168005 7
-0.865395 630 80.0 2.168005 1.550001 7
-0.442846 570 80.0 1.550001 2.223063 7
-0.191108 610 80.0 0.359863 1.568456 7
-0.956695 540 80.0 1.295636 1.99451 7
-0.810702 620 80.0 1.99451 1.545657 7
-0.415253 550 80.0 1.545657 2.141828 7
-0.193697 550 80.0 0.360734 1.537543 7
-1.130672 530 80.0 1.496972 1.984094 7
-0.890698 620 80.0 1.984094 1.548819 7
-0.458521 560 80.0 1.548819 2.233291 7
-0.193527 610 80.0 0.359983 1.571647 7
-0.529363 540 80.0 0.678949 1.061516 7
-0.608289 590 80.0 1.061516 1.74123 7
-1.415669 640 80.0 1.767527 2.787309 7
-1.598807 540 80.0 1.555825 1.439109 7
-0.89149 630 80.0 1.439109 1.551721 7
-0.450579 580 80.0 1.551721 2.266586 7
-0.193456 620 80.0 0.360239 1.568245 7
-1.75241 530 80.0 1.592865 1.443232 7
-0.921604 630 80.0 1.443232 1.55559 7
-0.458327 590 80.0 1.55559 2.316965 7
-0.201951 620 80.0 0.360771 1.561293 7
-0.32866 600 80.0 0.479885 1.054349 7
-0.512882 570 80.0 1.054349 1.508819 7
-1.286903 630 80.0 1.73238 2.804883 7
-1.767813 530 80.0 1.604532 1.448109 7
-0.925212 630 80.0 1.448109 1.552096 7
-0.476669 570 80.0 1.552096 2.299703 7
-0.199262 630 80.0 0.360829 1.564492 7
-0.65541 540 80.0 0.841826 1.076263 7
-0.657371 610 80.0 1.076263 1.751341 7
-1.847579 540 80.0 1.673267 1.13927 7
-0.940661 630 80.0 1.13927 1.553136 7
-0.485103 570 80.0 1.553136 2.092445 7
-0.199633 640 80.0 0.361115 1.568231 7
-1.786676 530 80.0 1.650082 1.450227 7
-0.936204 630 80.0 1.450227 1.554734 7
-0.474696 580 80.0 1.554734 2.10791 7
-0.202381 630 80.0 0.361034 1.558365 7
-1.078617 540 80.0 1.48452 1.908698 7
-0.867057 620 80.0 1.908698 1.551077 7
-0.4263 580 80.0 1.551077 2.212709 7
-0.191133 610 80.0 0.359785 1.569815 7
-1.90247 520 80.0 1.588877 1.135459 7
-0.933674 630 80.0 1.135459 1.554493 7
-0.474145 580 80.0 1.554493 2.106712 7
-0.203297 620 80.0 0.360905 1.555758 7
-1.740532 530 80.0 1.574905 1.440736 7
-0.927152 620 80.0 1.440736 1.553156 7
-0.460974 580 80.0 1.553156 2.308444 7
-0.199918 620 80.0 0.360671 1.554792 7
-1.834481 540 80.0 1.655533 1.138847 7
-0.939074 630 80.0 1.138847 1.554895 7
-0.477023 580 80.0 1.554895 2.110356 7
-0.202426 630 80.0 0.361053 1.56601 7
-1.779296 540 80.0 1.596675 1.134027 7
-0.912066 630 80.0 1.134027 1.554932 7
-0.452956 590 80.0 1.554932 2.28748 7
-0.199599 620 80.0 0.360601 1.557904 7
-1.783745 530 80.0 1.632533 1.446566 7
-0.930853 630 80.0 1.446566 1.552488 7
-0.482914 570 80.0 1.552488 2.087702 7
-0.200636 630 80.0 0.360879 1.560649 7
-1.743369 530 80.0 1.575592 1.442114 7
-0.932069 620 80.0 1.442114 1.553462 7
-0.466517 580 80.0 1.553462 2.313316 7
-0.200585 620 80.0 0.360673 1.554873 7
-0.719243 550 80.0 1.003375 1.317333 7
-0.700555 610 80.0 1.317333 1.536291 7
-0.374542 500 80.0 1.536291 1.972401 7
-1.004525 540 80.0 1.363515 2.05186 7
-0.836463 620 80.0 2.05186 1.547272 7
-0.429825 550 80.0 1.547272 2.145669 7
-0.190322 580 80.0 0.358748 1.550363 7
-1.813926 520 80.0 1.579019 1.445073 7
-0.927799 630 80.0 1.445073 1.554132 7
-0.470618 580 80.0 1.554132 2.121228 7
-0.203365 620 80.0 0.360847 1.557371 7
-1.065866 540 80.0 1.449742 2.15308 7
-0.869351 620 80.0 2.15308 1.551161 7
-0.435189 570 80.0 1.551161 2.212274 7
-0.191197 600 80.0 0.359675 1.552444 7
-0.556799 540 80.0 0.726838 1.064223 7
-0.623198 590 80.0 1.064223 1.742764 7
-0.823904 550 80.0 1.18221 1.846758 7
-0.76003 610 80.0 1.846758 1.541724 7
-0.390983 530 80.0 1.541724 2.052481 7
-0.184865 520 80.0 0.360162 1.510377 7
-1.048527 540 80.0 1.464708 2.039357 7
-0.845232 630 80.0 2.039357 1.55046 7
-0.436042 560 80.0 1.55046 2.184558 7
-0.19599 580 80.0 0.359316 1.538212 7
-1.663874 540 80.0 1.574984 1.442917 7
-0.919173 620 80.0 1.442917 1.552588 7
-0.458526 580 80.0 1.552588 2.260908 7
-0.197316 620 80.0 0.360483 1.551903 7
-0.59813 560 80.0 0.840351 1.073163 7
-0.661462 590 80.0 1.073163 1.746932 7
-1.778865 540 80.0 1.598487 1.13415 7
-0.913424 630 80.0 1.13415 1.554986 7
-0.453701 590 80.0 1.554986 2.287638 7
-0.199102 620 80.0 0.360589 1.557319 7
-0.553858 540 80.0 0.720824 1.063613 7
-0.608764 600 80.0 1.063613 1.744301 7
-0.508392 540 80.0 0.672951 1.057892 7
-0.600412 590 80.0 1.057892 1.738285 7
-1.402859 640 80.0 1.662455 2.782442 7
-0.456511 570 80.0 0.612663 1.058473 7
-0.565679 590 80.0 1.058473 1.476557 7
-1.376883 630 80.0 1.839736 2.793446 7
-0.654237 540 80.0 0.917153 1.075967 7
-0.665944 600 80.0 1.075967 1.663515 7
-0.683797 540 80.0 0.872568 1.309313 7
-0.685959 600 80.0 1.309313 1.489951 7
-0.654499 540 80.0 0.908918 1.076207 7
-0.656805 610 80.0 1.076207 1.488073 7
-0.560437 540 80.0 0.735692 1.062346 7
-0.625392 590 80.0 1.062346 1.745007 7
-1.009812 540 80.0 1.416222 1.802307 7
-0.837639 620 80.0 1.802307 1.547372 7
-0.432497 550 80.0 1.547372 2.147692 7
-0.194458 570 80.0 0.358768 1.528864 7
-0.570394 550 80.0 0.847802 1.068857 7
-0.627684 600 80.0 1.068857 1.662666 7
-0.586217 550 80.0 0.804467 1.068242 7
-0.635733 600 80.0 1.068242 1.747601 7
-0.608921 540 80.0 0.78868 1.069496 7
-0.64287 600 80.0 1.069496 1.748112 7
-0.566025 540 80.0 0.743519 1.065221 7
-0.618391 600 80.0 1.065221 1.743509 7
-1.484852 620 80.0 1.723816 2.775327 7
-1.728294 530 80.0 1.56076 1.129435 7
-0.900042 630 80.0 1.129435 1.554108 7
-0.461129 570 80.0 1.554108 2.255378 7
-0.196666 620 80.0 0.360429 1.545128 7
-1.074911 540 80.0 1.479894 2.158723 7
-0.873675 620 80.0 2.158723 1.549531 7
-0.437205 570 80.0 1.549531 2.235188 7
-0.192625 600 80.0 0.359787 1.540129 7
-0.975698 530 80.0 1.30021 2.00538 7
-0.812953 620 80.0 2.00538 1.545703 7
-0.416451 550 80.0 1.545703 2.124256 7
-0.190733 560 80.0 0.360707 1.525447 7
-1.58574 540 80.0 1.533293 1.437121 7
-0.884324 630 80.0 1.437121 1.551207 7
-0.452772 570 80.0 1.551207 2.259554 7
-0.195868 610 80.0 0.360167 1.5415 7
-1.607494 540 80.0 1.582695 1.977494 7
-0.880926 640 80.0 1.977494 1.553779 7
-0.452539 580 80.0 1.553779 2.270799 7
-0.198547 610 80.0 0.360351 1.535352 7
-1.681787 540 80.0 1.594127 1.444219 7
-0.911042 630 80.0 1.444219 1.554853 7
-0.461392 580 80.0 1.554853 2.286436 7
-0.199279 620 80.0 0.360576 1.541449 7
-1.756231 530 80.0 1.616515 1.448462 7
-0.912599 640 80.0 1.448462 1.555867 7
-0.460846 590 80.0 1.555867 2.322429 7
-0.202688 620 80.0 0.360877 1.533625 7
-1.674725 540 80.0 1.591477 1.131809 7
-0.886575 640 80.0 1.131809 1.554093 7
-0.454755 580 80.0 1.554093 2.27523 7
-0.200115 610 80.0 0.360374 1.534505 7
-0.913542 550 80.0 1.322491 1.985283 7
-0.809837 610 80.0 1.985283 1.542888 7
-0.412734 540 80.0 1.542888 2.110522 7
-0.189765 550 80.0 0.360062 1.512033 7
-0.54339 550 80.0 0.753552 1.063784 7
-0.621168 590 80.0 1.063784 1.742695 7
-0.537838 540 80.0 0.698805 1.06476 7
-0.604374 600 80.0 1.06476 1.741908 7
-1.464771 620 80.0 1.734057 2.775237 7
-1.055711 540 80.0 1.473791 2.043401 7
-0.849732 630 80.0 2.043401 1.550755 7
-0.425333 580 80.0 1.550755 2.225764 7
-0.196902 580 80.0 0.359364 1.529185 7
-1.1274 530 80.0 1.497928 1.965838 7
-0.889124 620 80.0 1.965838 1.548653 7
-0.454691 560 80.0 1.548653 2.230356 7
-0.192886 610 80.0 0.359999 1.529922 7
-1.019014 540 80.0 1.430709 2.053173 7
-0.843096 620 80.0 2.053173 1.547641 7
-0.419844 570 80.0 1.547641 2.206664 7
-0.195123 570 80.0 0.35882 1.51979 7
-0.942189 540 80.0 1.307424 1.983843 7
-0.813889 610 80.0 1.983843 1.544964 7
-0.407407 550 80.0 1.544964 2.132381 7
-0.190997 550 80.0 0.360247 1.51693 7
-0.640041 540 80.0 0.884185 1.074795 7
-0.660923 600 80.0 1.074795 1.485792 7
-1.112019 530 80.0 1.461818 1.95597 7
-0.881873 620 80.0 1.95597 1.550112 7
-0.444287 570 80.0 1.550112 2.224769 7
-0.191729 610 80.0 0.359902 1.53407 7
-0.549052 550 80.0 0.759466 1.064318 7
-0.613796 600 80.0 1.064318 1.744807 7
-1.599667 520 80.0 1.901043 2.658108 7
-1.058847 650 80.0 2.658108 1.559881 7
-0.582067 570 80.0 1.559881 2.258977 7
-0.222084 690 80.0 0.364957 1.443086 7
-0.257162 660 80.0 0.144522 2.057457 7
-0.597423 540 80.0 0.769397 1.068646 7
-0.638286 600 80.0 1.068646 1.747741 7
-1.085702 540 80.0 1.492767 1.949531 7
-0.87757 620 80.0 1.949531 1.549804 7
-0.449145 560 80.0 1.549804 2.20214 7
-0.190668 610 80.0 0.359825 1.535429 7
-0.551181 540 80.0 0.714352 1.063432 7
-0.619035 590 80.0 1.063432 1.740179 7
-1.474746 620 80.0 1.749038 2.77521 7
-0.902965 540 80.0 1.249002 1.93026 7
-0.781224 620 80.0 1.93026 1.541854 7
-0.41143 530 80.0 1.541854 2.097018 7
-0.184738 550 80.0 0.359204 1.519721 7
-0.55999 540 80.0 0.732093 1.064562 7
-0.625306 590 80.0 1.064562 1.742849 7
-0.582003 550 80.0 0.79935 1.068017 7
-0.646118 590 80.0 1.068017 1.747262 7
-1.464858 640 80.0 1.641803 2.770302 7
-0.384096 580 80.0 0.522678 1.05692 7
-0.535686 580 80.0 1.05692 1.512385 7
-1.34716 620 80.0 1.601222 2.793657 7
-0.925948 540 80.0 1.263624 1.95733 7
-0.806626 610 80.0 1.95733 1.542616 7
-0.411343 540 80.0 1.542616 2.125075 7
-0.187454 550 80.0 0.359605 1.513881 7
-1.0879 540 80.0 1.499704 1.950773 7
-0.878934 620 80.0 1.950773 1.548077 7
-0.450255 560 80.0 1.548077 2.221822 7
-0.194073 600 80.0 0.35988 1.522797 7
-0.535286 530 80.0 0.738138 1.058753 7
-0.605297 590 80.0 1.058753 1.480488 7
-0.590937 540 80.0 0.757695 1.067698 7
-0.644111 590 80.0 1.067698 1.746769 7
-1.007403 540 80.0 1.368573 1.83091 7
-0.852067 610 80.0 1.83091 1.545478 7
-0.425424 560 80.0 1.545478 2.16531 7
-0.192844 570 80.0 0.361533 1.509486 7
-0.801846 550 80.0 1.118264 1.829739 7
-0.746676 610 80.0 1.829739 1.539005 7
-0.381145 530 80.0 1.539005 2.04095 7
-0.180767 520 80.0 0.359281 1.487164 7
-1.11854 530 80.0 1.478892 1.960039 7
-0.887034 620 80.0 1.960039 1.548509 7
-0.453764 560 80.0 1.548509 2.228679 7
-0.192776 610 80.0 0.359951 1.531978 7
-0.721982 550 80.0 0.983146 1.323089 7
-0.726951 590 80.0 1.323089 1.534559 7
-0.375486 500 80.0 1.534559 1.957908 7
-0.17588 500 80.0 0.359984 1.485916 7
-0.864967 550 80.0 1.235679 1.901936 7
-0.783247 610 80.0 1.901936 1.541128 7
-0.402807 530 80.0 1.541128 2.069879 7
-0.184037 540 80.0 0.358368 1.513702 7
-0.807685 550 80.0 1.138181 1.841157 7
-0.749374 610 80.0 1.841157 1.53915 7
-0.389226 520 80.0 1.53915 2.026361 7
-0.183058 520 80.0 0.359834 1.499578 7
-0.515641 540 80.0 0.682741 1.058403 7
-0.603512 590 80.0 1.058403 1.738448 7
-1.403756 640 80.0 1.630186 2.778625 7
-0.742391 550 80.0 1.029631 1.330844 7
-0.727318 600 80.0 1.330844 1.537106 7
-0.36884 520 80.0 1.537106 1.999124 7
-0.837617 550 80.0 1.172979 1.888021 7
-0.765778 610 80.0 1.888021 1.542018 7
-0.392674 530 80.0 1.542018 2.039556 7
-0.184527 530 80.0 0.360861 1.496564 7
-0.982626 530 80.0 1.311959 1.74451 7
-0.827301 610 80.0 1.74451 1.54583 7
-0.417378 550 80.0 1.54583 2.125947 7
-0.190855 560 80.0 0.360841 1.501541 7
-1.065222 540 80.0 1.469051 1.923079 7
-0.870906 620 80.0 1.923079 1.549413 7
-0.444486 560 80.0 1.549413 2.195013 7
-0.195871 590 80.0 0.359797 1.513877 7
-0.904381 540 80.0 1.252573 1.930782 7
-0.782007 620 80.0 1.930782 1.54189 7
-0.41192 530 80.0 1.54189 2.097502 7
-0.184964 550 80.0 0.359242 1.50436 7
-0.679022 550 80.0 0.959914 1.301554 7
-0.690544 600 80.0 1.301554 1.534886 7
-0.359812 500 80.0 1.534886 1.939956 7
-1.091325 540 80.0 1.500414 1.954543 7
-0.88083 620 80.0 1.954543 1.550035 7
-0.451951 560 80.0 1.550035 2.204527 7
-0.191185 610 80.0 0.359858 1.519899 7
-0.530046 530 80.0 0.659738 1.058326 7
-0.60268 590 80.0 1.058326 1.740518 7
-0.536407 540 80.0 0.689457 1.062361 7
-0.602951 600 80.0 1.062361 1.743475 7
-1.10905 530 80.0 1.457379 1.921924 7
-0.88108 620 80.0 1.921924 1.550055 7
-0.443064 570 80.0 1.550055 2.223492 7
-0.19111 610 80.0 0.359903 1.526682 7
-0.854957 550 80.0 1.222259 1.878361 7
-0.778215 610 80.0 1.878361 1.540913 7
-0.401149 530 80.0 1.540913 2.066279 7
-0.182219 540 80.0 0.357998 1.499735 7
-0.794362 540 80.0 1.061511 1.806629 7
-0.747059 600 80.0 1.806629 1.538293 7
-0.381688 520 80.0 1.538293 1.998488 7
-0.173428 530 80.0 0.361749 1.500572 7
-0.755364 550 80.0 1.053413 1.802655 7
-0.733052 600 80.0 1.802655 1.537459 7
-0.379246 510 80.0 1.537459 1.986723 7
-0.180758 500 80.0 0.357825 1.482608 7
-0.895334 540 80.0 1.202579 1.932858 7
-0.791963 610 80.0 1.932858 1.541737 7
-0.402221 540 80.0 1.541737 2.112608 7
-0.190043 530 80.0 0.358879 1.489206 7
-0.768372 550 80.0 1.078819 1.801353 7
-0.738811 600 80.0 1.801353 1.537762 7
-0.374789 520 80.0 1.537762 2.007885 7
-0.179038 510 80.0 0.361466 1.479427 7
-0.758961 550 80.0 1.058331 1.803653 7
-0.73529 600 80.0 1.803653 1.53759 7
-0.380339 510 80.0 1.53759 1.988231 7
-0.177842 510 80.0 0.361297 1.482195 7
-0.803298 550 80.0 1.114519 1.837774 7
-0.7489 610 80.0 1.837774 1.539071 7
-0.397595 510 80.0 1.539071 2.008399 7
-0.177537 530 80.0 0.362581 1.487521 7
-0.737464 540 80.0 0.97376 1.322472 7
-0.727037 590 80.0 1.322472 1.534514 7
-0.375894 500 80.0 1.534514 1.957291 7
-0.794929 540 80.0 1.06294 1.806789 7
-0.74737 600 80.0 1.806789 1.538305 7
-0.381865 520 80.0 1.538305 1.998672 7
-0.173527 530 80.0 0.361768 1.4861 7
-0.791237 550 80.0 1.094733 1.606 7
-0.742135 610 80.0 1.606 1.538632 7
-0.391101 510 80.0 1.538632 2.002711 7
-0.178643 520 80.0 0.358929 1.490079 7
-1.044578 540 80.0 1.45846 2.038769 7
-0.846032 630 80.0 2.038769 1.550468 7
-0.429592 570 80.0 1.550468 2.202899 7
-0.195495 580 80.0 0.359386 1.508224 7
-0.780508 550 80.0 1.078781 1.801726 7
-0.734056 610 80.0 1.801726 1.53827 7
-0.388502 510 80.0 1.53827 1.998431 7
-0.177775 520 80.0 0.358814 1.484082 7
-0.785597 550 80.0 1.079302 1.78627 7
-0.737371 610 80.0 1.78627 1.538405 7
-0.38946 510 80.0 1.538405 1.999972 7
-0.178672 520 80.0 0.358918 1.484397 7
-0.809666 550 80.0 1.143531 1.841781 7
-0.750486 610 80.0 1.841781 1.539201 7
-0.389884 520 80.0 1.539201 2.027027 7
-0.183383 520 80.0 0.359899 1.484688 7
-0.846639 540 80.0 1.150685 1.850473 7
-0.764839 610 80.0 1.850473 1.541841 7
-0.391892 530 80.0 1.541841 2.05459 7
-0.18479 520 80.0 0.360182 1.487039 7
-0.791629 550 80.0 1.09572 1.606109 7
-0.742352 610 80.0 1.606109 1.538643 7
-0.391229 510 80.0 1.538643 2.002839 7
-0.178709 520 80.0 0.358942 1.489967 7
-0.846752 540 80.0 1.150974 1.850507 7
-0.764902 610 80.0 1.850507 1.541845 7
-0.391928 530 80.0 1.541845 2.037647 7
-0.184808 520 80.0 0.360186 1.487006 7
-0.795571 540 80.0 1.064558 1.806969 7
-0.747722 600 80.0 1.806969 1.53832 7
-0.382064 520 80.0 1.53832 1.998882 7
-0.173639 530 80.0 0.361791 1.485922 7
-0.777534 550 80.0 1.064657 1.817626 7
-0.746038 600 80.0 1.817626 1.538205 7
-0.380354 520 80.0 1.538205 1.997123 7
-0.173073 530 80.0 0.361811 1.485565 7
-0.781373 540 80.0 1.05264 1.800818 7
-0.739213 600 80.0 1.800818 1.537791 7
-0.375114 520 80.0 1.537791 1.992013 7
-0.182826 500 80.0 0.358231 1.477903 7
-0.777652 550 80.0 1.064951 1.817662 7
-0.746103 600 80.0 1.817662 1.538207 7
-0.38039 520 80.0 1.538207 1.997159 7
-0.173093 530 80.0 0.361815 1.485532 7
-0.8675 550 80.0 1.242301 1.902926 7
-0.784691 610 80.0 1.902926 1.541194 7
-0.396216 540 80.0 1.541194 2.088177 7
-0.184463 540 80.0 0.358446 1.491193 7
-0.781527 540 80.0 1.053015 1.800861 7
-0.739299 600 80.0 1.800861 1.537795 7
-0.375166 520 80.0 1.537795 1.992065 7
-0.182852 500 80.0 0.358237 1.477861 7
-0.792132 550 80.0 1.096989 1.60625 7
-0.742632 610 80.0 1.60625 1.538656 7
-0.391393 510 80.0 1.538656 2.003002 7
-0.178795 520 80.0 0.35896 1.482986 7
-0.804817 550 80.0 1.136864 1.840935 7
-0.749837 610 80.0 1.840935 1.539167 7
-0.390417 520 80.0 1.539167 2.026594 7
-0.182902 520 80.0 0.359922 1.484806 7
-1.039793 540 80.0 1.437715 1.861665 7
-0.854813 620 80.0 1.861665 1.548365 7
-0.435304 560 80.0 1.548365 2.180504 7
-0.195476 580 80.0 0.35928 1.503853 7
-1.015326 540 80.0 1.386893 1.833649 7
-0.842062 620 80.0 1.833649 1.547548 7
-0.427543 560 80.0 1.547548 2.168854 7
-0.19167 580 80.0 0.358836 1.509434 7
-1.002447 540 80.0 1.404964 2.047672 7
-0.83469 620 80.0 2.047672 1.546976 7
-0.428232 550 80.0 1.546976 2.161209 7
-0.189615 580 80.0 0.361539 1.500376 7
-0.929625 540 80.0 1.272281 1.958851 7
-0.808602 610 80.0 1.958851 1.542703 7
-0.40511 550 80.0 1.542703 2.144478 7
-0.188029 550 80.0 0.359702 1.484731 7
-0.810737 550 80.0 1.146424 1.842119 7
-0.751087 610 80.0 1.842119 1.539229 7
-0.39024 520 80.0 1.539229 2.027388 7
-0.183558 520 80.0 0.359935 1.477572 7
-0.803583 550 80.0 1.12686 1.83765 7
-0.748571 610 80.0 1.83765 1.539107 7
-0.389977 520 80.0 1.539107 2.025216 7
-0.181264 520 80.0 0.359491 1.479104 7
-0.826231 540 80.0 1.107116 1.842122 7
-0.752473 610 80.0 1.842122 1.541153 7
-0.39143 520 80.0 1.541153 2.028059 7
-0.179455 530 80.0 0.359872 1.475237 7
-0.792874 550 80.0 1.098859 1.606456 7
-0.743043 610 80.0 1.606456 1.538675 7
-0.391636 510 80.0 1.538675 2.003243 7
-0.17892 520 80.0 0.358986 1.475958 7
-0.766912 550 80.0 1.09263 1.342017 7
-0.727957 610 80.0 1.342017 1.539673 7
-0.382412 510 80.0 1.539673 1.976415 7
-0.179096 510 80.0 0.358342 1.46847 7
-0.805261 550 80.0 1.119726 1.838392 7
-0.749987 610 80.0 1.838392 1.539122 7
-0.398189 510 80.0 1.539122 2.009018 7
-0.177864 530 80.0 0.362645 1.473291 7
-0.793069 550 80.0 1.099351 1.60651 7
-0.743152 610 80.0 1.60651 1.53868 7
-0.3917 510 80.0 1.53868 2.003308 7
-0.178953 520 80.0 0.358992 1.475904 7
-0.786355 550 80.0 1.099423 1.605936 7
-0.738571 610 80.0 1.605936 1.538511 7
-0.389559 510 80.0 1.538511 2.001242 7
-0.180444 520 80.0 0.359216 1.475713 7
-0.75223 550 80.0 1.031288 1.337272 7
-0.73004 600 80.0 1.337272 1.537199 7
-0.37777 510 80.0 1.537199 1.98477 7
-0.179346 500 80.0 0.360755 1.466494 7
-0.906938 540 80.0 1.256379 1.915165 7
-0.79629 610 80.0 1.915165 1.542015 7
-0.405559 540 80.0 1.542015 2.098567 7
-0.188991 540 80.0 0.359332 1.479126 7
